ST,STATE,ST_ABBR,STCNTY,COUNTY,FIPS,LOCATION,AREA_SQMI,E_TOTPOP,M_TOTPOP,E_HU,M_HU,E_HH,M_HH,E_POV150,M_POV150,E_UNEMP,M_UNEMP,E_HBURD,M_HBURD,E_NOHSDP,M_NOHSDP,E_UNINSUR,M_UNINSUR,E_AGE65,M_AGE65,E_AGE17,M_AGE17,E_DISABL,M_DISABL,E_SNGPNT,M_SNGPNT,E_LIMENG,M_LIMENG,E_MINRTY,M_MINRTY,E_MUNIT,M_MUNIT,E_MOBILE,M_MOBILE,E_CROWD,M_CROWD,E_NOVEH,M_NOVEH,E_GROUPQ,M_GROUPQ,EP_POV150,MP_POV150,EP_UNEMP,MP_UNEMP,EP_HBURD,MP_HBURD,EP_NOHSDP,MP_NOHSDP,EP_UNINSUR,MP_UNINSUR,EP_AGE65,MP_AGE65,EP_AGE17,MP_AGE17,EP_DISABL,MP_DISABL,EP_SNGPNT,MP_SNGPNT,EP_LIMENG,MP_LIMENG,EP_MINRTY,MP_MINRTY,EP_MUNIT,MP_MUNIT,EP_MOBILE,MP_MOBILE,EP_CROWD,MP_CROWD,EP_NOVEH,MP_NOVEH,EP_GROUPQ,MP_GROUPQ,EPL_POV150,EPL_UNEMP,EPL_HBURD,EPL_NOHSDP,EPL_UNINSUR,SPL_THEME1,RPL_THEME1,EPL_AGE65,EPL_AGE17,EPL_DISABL,EPL_SNGPNT,EPL_LIMENG,SPL_THEME2,RPL_THEME2,EPL_MINRTY,SPL_THEME3,RPL_THEME3,EPL_MUNIT,EPL_MOBILE,EPL_CROWD,EPL_NOVEH,EPL_GROUPQ,SPL_THEME4,RPL_THEME4,SPL_THEMES,RPL_THEMES,F_POV150,F_UNEMP,F_HBURD,F_NOHSDP,F_UNINSUR,F_THEME1,F_AGE65,F_AGE17,F_DISABL,F_SNGPNT,F_LIMENG,F_THEME2,F_MINRTY,F_THEME3,F_MUNIT,F_MOBILE,F_CROWD,F_NOVEH,F_GROUPQ,F_THEME4,F_TOTAL,E_DAYPOP,E_NOINT,M_NOINT,E_AFAM,M_AFAM,E_HISP,M_HISP,E_ASIAN,M_ASIAN,E_AIAN,M_AIAN,E_NHPI,M_NHPI,E_TWOMORE,M_TWOMORE,E_OTHERRACE,M_OTHERRACE,EP_NOINT,MP_NOINT,EP_AFAM,MP_AFAM,EP_HISP,MP_HISP,EP_ASIAN,MP_ASIAN,EP_AIAN,MP_AIAN,EP_NHPI,MP_NHPI,EP_TWOMORE,MP_TWOMORE,EP_OTHERRACE,MP_OTHERRACE
39,Ohio,OH,39001,Adams County,39001770100,Census Tract 7701; Adams County; Ohio,110.720299874556,4648,392,2190,230,1690,195,2026,405,158,129,511,185,577,266,395,261,814,172,1033,195,1148,223,116,49,0,48,242,556,22,15,353,112,58,38,115,62,51,5,43.6,7.9,8.1,6.6,30.2,10.4,18.7,8.0,8.5,5.3,17.5,3.3,22.2,3.6,24.7,4.4,6.9,2.8,0.0,1.1,5.2,12.0,1.0,0.7,16.1,5.3,3.4,2.2,6.8,3.7,1.1,0.1,0.8702,0.7778,0.7327,0.8919,0.7471,4.0197,0.8917,0.4959,0.5336,0.9267,0.613,0.0,2.5692,0.6035,0.1585,0.1585,0.1585,0.3292,0.9365,0.8708,0.5879,0.6703,3.3947,0.9187,10.1421,0.8603,0,0,0,0,0,0,0,0,1,0,0,1,0,0,0,1,0,0,0,1,2,4134,315,105,17,13,44,51,45,55,3,5,0,12,133,81,0,12,18.6,6.2,0.4,0.3,0.9,1.1,1.0,1.2,0.1,0.1,0.0,0.7,2.9,1.7,0.0,0.7
39,Ohio,OH,39001,Adams County,39001770200,Census Tract 7702; Adams County; Ohio,85.976366329516,4751,465,2131,182,1816,186,1235,300,121,72,325,90,445,209,433,121,996,157,1094,226,1242,204,98,55,0,48,100,664,6,7,352,91,2,12,110,83,73,5,26.7,6.0,6.8,4.1,17.9,4.6,13.1,6.0,9.2,2.6,21.0,3.4,23.0,3.1,26.4,3.7,5.4,3.0,0.0,1.1,2.1,14.0,0.2,0.3,16.5,4.3,0.1,0.7,6.1,4.3,1.5,0.2,0.6557,0.7079,0.3073,0.7609,0.7813,3.2131,0.7159,0.7121,0.5862,0.953,0.5108,0.0,2.7621,0.7143,0.0374,0.0374,0.0374,0.261,0.9384,0.3819,0.5479,0.7146,2.8438,0.7752,8.8564,0.7079,0,0,0,0,0,0,0,0,1,0,0,1,0,0,0,1,0,0,0,1,2,4222,349,109,7,18,12,13,32,45,0,12,6,16,43,41,0,12,19.2,5.7,0.1,0.4,0.3,0.3,0.7,1.0,0.0,0.7,0.1,0.3,0.9,0.9,0.0,0.7
39,Ohio,OH,39001,Adams County,39001770301,Census Tract 7703.01; Adams County; Ohio,83.292776347678,3835,591,1544,168,1220,170,924,368,0,12,265,120,288,220,351,250,466,78,978,231,612,263,127,72,0,48,112,837,0,16,430,125,0,16,111,88,0,12,24.1,8.8,0.0,2.0,21.7,9.4,11.4,8.8,9.2,5.8,12.2,2.6,25.5,4.4,16.0,7.0,10.4,5.7,0.0,1.3,2.9,21.8,0.0,1.0,27.8,8.2,0.0,1.3,9.1,7.0,0.0,0.3,0.602,0.0,0.4616,0.7004,0.7813,2.5453,0.5235,0.2032,0.7378,0.6039,0.7914,0.0,2.3363,0.4552,0.0618,0.0618,0.0618,0.0,0.9816,0.0,0.6905,0.0,1.6721,0.2822,6.6155,0.3629,0,0,0,0,0,0,0,0,0,0,0,0,0,0,0,1,0,0,0,1,1,3938,349,138,35,53,34,54,0,12,0,12,0,12,7,15,36,63,28.6,10.4,0.9,1.4,0.9,1.4,0.0,0.9,0.0,0.9,0.0,0.9,0.2,0.4,0.9,1.7
39,Ohio,OH,39001,Adams County,39001770302,Census Tract 7703.02; Adams County; Ohio,66.960311939266,3533,522,1326,141,1100,147,797,376,82,81,235,124,238,101,137,118,494,101,1054,270,430,154,59,65,0,48,363,709,0,16,416,179,29,43,30,47,0,12,22.6,10.1,5.1,4.8,21.4,10.9,10.8,4.6,3.9,3.2,14.0,3.5,29.8,5.0,12.2,4.6,5.4,5.9,0.0,1.4,10.3,20.0,0.0,1.2,31.4,12.5,2.6,3.9,2.7,4.3,0.0,0.3,0.5712,0.5892,0.4521,0.6782,0.3224,2.6131,0.541,0.2885,0.9081,0.3659,0.5108,0.0,2.0733,0.3098,0.3665,0.3665,0.3665,0.0,0.9892,0.8029,0.2752,0.0,2.0673,0.4432,7.1202,0.4422,0,0,0,0,0,0,0,1,0,0,0,1,0,0,0,1,0,0,0,1,2,1337,156,101,16,22,83,69,31,49,35,41,0,12,198,123,0,12,14.2,9.3,0.5,0.6,2.3,1.9,0.9,1.4,1.0,1.2,0.0,1.0,5.6,3.3,0.0,1.0
39,Ohio,OH,39001,Adams County,39001770400,Census Tract 7704; Adams County; Ohio,37.253246065408,4241,381,2170,223,1759,209,985,336,105,92,534,178,393,102,381,227,966,146,1017,215,1078,170,119,88,0,48,118,543,82,62,394,179,29,40,305,124,222,7,25.0,8.2,6.6,5.4,30.4,9.5,13.0,3.5,9.4,5.5,22.8,3.2,24.0,4.1,26.7,4.2,6.7,4.9,0.0,1.2,2.8,12.8,3.8,2.8,18.2,7.9,1.6,2.3,17.3,6.5,5.2,0.5,0.6246,0.6965,0.7368,0.7555,0.7928,3.6062,0.8038,0.7857,0.6582,0.9556,0.5975,0.0,2.997,0.8216,0.0587,0.0587,0.0587,0.5067,0.9479,0.6794,0.8708,0.9109,3.9157,0.9863,10.5776,0.9,0,0,0,0,0,0,0,0,1,0,0,1,0,0,0,1,0,0,1,2,3,5570,304,136,16,22,50,61,0,12,0,12,0,12,52,61,0,12,17.3,7.2,0.4,0.5,1.2,1.4,0.0,0.8,0.0,0.8,0.0,0.8,1.2,1.4,0.0,0.8
39,Ohio,OH,39001,Adams County,39001770500,Census Tract 7705; Adams County; Ohio,152.442430256888,3185,469,1693,185,1242,178,1217,405,11,6,309,130,457,127,219,127,706,185,725,277,1016,245,50,58,5,47,101,657,0,16,591,134,20,27,37,36,12,3,38.2,11.4,1.1,0.6,24.9,9.8,20.7,5.0,6.9,3.9,22.2,5.6,22.8,7.4,31.9,5.8,4.0,4.6,0.2,1.5,3.2,20.6,0.0,0.9,34.9,7.4,1.6,2.2,3.0,3.0,0.4,0.1,0.8166,0.0803,0.5752,0.9201,0.6274,3.0196,0.6673,0.7575,0.5761,0.9864,0.3743,0.4556,3.1499,0.8727,0.0751,0.0751,0.0751,0.0,0.9933,0.6794,0.3051,0.5374,2.5152,0.6406,8.7598,0.6959,0,0,0,1,0,1,0,0,1,0,0,1,0,0,0,1,0,0,0,1,3,951,263,119,6,9,26,46,0,12,0,12,0,12,69,73,0,12,21.2,8.8,0.2,0.3,0.8,1.4,0.0,1.1,0.0,1.1,0.0,1.1,2.2,2.3,0.0,1.1
39,Ohio,OH,39001,Adams County,39001770600,Census Tract 7706; Adams County; Ohio,47.22622443182,3316,405,1662,181,1348,159,1588,372,166,130,369,126,425,156,410,210,571,175,664,166,755,209,136,90,0,48,119,563,0,16,375,106,0,16,83,51,0,12,48.2,9.6,11.6,7.1,27.4,8.8,18.1,6.4,12.4,5.9,17.2,4.6,20.0,5.0,22.8,5.2,10.1,6.6,0.0,1.6,3.6,17.0,0.0,1.0,22.6,5.9,0.0,1.2,6.2,3.7,0.0,0.4,0.8981,0.8775,0.6635,0.8814,0.8962,4.2167,0.9308,0.4765,0.3836,0.8902,0.7813,0.0,2.5316,0.5784,0.0885,0.0885,0.0885,0.0,0.9692,0.0,0.5546,0.0,1.5238,0.2371,8.3606,0.6419,0,0,0,0,0,0,0,0,0,0,0,0,0,0,0,1,0,0,0,1,1,2740,319,101,0,12,54,57,19,28,0,12,0,12,46,40,0,12,23.7,6.9,0.0,1.0,1.6,1.7,0.6,0.8,0.0,1.0,0.0,1.0,1.4,1.2,0.0,1.0
39,Ohio,OH,39003,Allen County,39003010100,Census Tract 101; Allen County; Ohio,7.911123029746,3890,265,1661,167,1558,171,266,182,94,82,227,96,31,21,93,81,952,189,883,176,445,121,101,87,51,72,378,406,77,52,6,12,0,16,28,27,303,13,7.4,5.0,5.2,4.5,14.6,5.9,1.3,0.8,2.4,2.1,24.5,4.6,22.7,4.0,11.7,3.1,6.4,5.5,1.4,2.0,9.7,10.4,4.7,3.1,0.4,0.7,0.0,1.0,1.8,1.7,7.8,0.6,0.1317,0.5971,0.1762,0.0488,0.1568,1.1106,0.1248,0.8481,0.5669,0.3291,0.58,0.7717,3.0958,0.8543,0.3478,0.3478,0.3478,0.5476,0.5625,0.0,0.1933,0.9436,2.247,0.5219,6.8012,0.3949,0,0,0,0,0,0,0,0,0,0,0,0,0,0,0,0,0,0,1,1,1,5567,211,149,39,44,67,84,138,118,0,12,0,12,61,68,73,82,13.5,8.8,1.0,1.1,1.7,2.2,3.5,3.0,0.0,0.9,0.0,0.9,1.6,1.8,1.9,2.1
39,Ohio,OH,39003,Allen County,39003010200,Census Tract 102; Allen County; Ohio,69.83098494249,4072,383,1615,149,1536,148,251,88,26,19,146,62,171,76,314,189,655,97,861,147,351,84,32,25,9,48,293,540,0,16,71,38,20,24,17,14,57,2,6.3,2.1,1.1,0.8,9.5,3.9,5.9,2.4,7.8,4.6,16.1,2.3,21.1,2.9,8.7,2.1,2.0,1.6,0.2,1.3,7.2,13.2,0.0,1.0,4.4,2.4,1.3,1.6,1.1,0.9,1.4,0.1,0.0952,0.0803,0.04,0.3741,0.701,1.2906,0.167,0.4071,0.4569,0.1476,0.159,0.4556,1.6262,0.119,0.2435,0.2435,0.2435,0.0,0.7721,0.6181,0.1194,0.7029,2.2125,0.5067,5.3728,0.1756,0,0,0,0,0,0,0,0,0,0,0,0,0,0,0,0,0,0,0,0,0,1981,187,69,0,12,204,161,5,8,0,12,0,12,80,72,4,6,12.2,4.2,0.0,0.9,5.0,3.9,0.1,0.2,0.0,0.9,0.0,0.9,2.0,1.7,0.1,0.1
39,Ohio,OH,39003,Allen County,39003010300,Census Tract 103; Allen County; Ohio,28.896312291872,1681,236,648,76,607,79,184,120,8,9,79,45,22,18,234,139,302,71,332,55,205,81,12,19,0,48,31,332,0,16,22,20,20,17,18,25,0,12,10.9,7.0,0.8,0.9,13.0,7.2,2.0,1.7,14.0,8.0,18.0,4.2,19.8,3.7,12.2,4.6,2.0,3.1,0.0,3.1,1.8,19.7,0.0,2.5,3.4,3.0,3.2,2.8,3.0,4.1,0.0,0.7,0.2374,0.0578,0.1248,0.0881,0.928,1.4361,0.2079,0.5317,0.3713,0.3659,0.159,0.0,1.4279,0.074,0.0282,0.0282,0.0282,0.0,0.7448,0.8571,0.3051,0.0,1.907,0.3784,4.7992,0.1235,0,0,0,0,1,1,0,0,0,0,0,0,0,0,0,0,0,0,0,0,1,2647,40,26,0,12,0,12,0,12,0,12,0,12,26,28,5,9,6.6,4.3,0.0,2.1,0.0,2.1,0.0,2.1,0.0,2.1,0.0,2.1,1.5,1.6,0.3,0.5
39,Ohio,OH,39003,Allen County,39003010600,Census Tract 106; Allen County; Ohio,56.622942474416,4906,280,2032,178,1875,174,808,245,67,46,279,92,265,165,249,161,861,146,1412,224,817,194,142,73,0,48,274,411,0,16,180,158,9,17,135,151,53,3,16.6,5.0,3.2,2.3,14.9,4.7,8.2,5.0,5.1,3.3,17.5,3.1,28.8,3.9,16.8,3.9,7.6,3.8,0.0,1.0,5.6,8.4,0.0,0.8,8.9,7.5,0.5,0.9,7.2,7.7,1.1,0.1,0.4116,0.3711,0.1857,0.526,0.4611,1.9555,0.3511,0.4959,0.8808,0.656,0.661,0.0,2.6937,0.6749,0.1776,0.1776,0.1776,0.0,0.859,0.4413,0.6111,0.6703,2.5817,0.6702,7.4085,0.4914,0,0,0,0,0,0,0,0,0,0,0,0,0,0,0,0,0,0,0,0,0,3592,232,150,44,38,54,47,12,18,1,2,0,12,132,88,31,49,12.4,7.5,0.9,0.8,1.1,1.0,0.2,0.4,0.0,0.1,0.0,0.7,2.7,1.8,0.6,1.0
39,Ohio,OH,39003,Allen County,39003010801,Census Tract 108.01; Allen County; Ohio,4.556191631674,4466,359,2005,187,1836,193,454,171,83,45,339,155,187,105,198,95,1094,175,959,161,799,197,103,47,5,47,373,532,42,64,4,7,26,32,31,25,0,12,10.2,3.8,4.1,2.2,18.5,8.2,5.8,3.2,4.5,2.1,24.5,3.3,21.5,2.9,18.0,4.1,5.6,2.5,0.1,1.1,8.4,11.9,2.1,3.2,0.2,0.4,1.4,1.7,1.7,1.4,0.0,0.3,0.2123,0.4867,0.3324,0.3662,0.3875,1.7851,0.3041,0.8481,0.4848,0.7122,0.5241,0.4245,2.9937,0.8181,0.2977,0.2977,0.2977,0.4111,0.5527,0.6384,0.1848,0.0,1.787,0.3311,6.8635,0.4076,0,0,0,0,0,0,0,0,0,0,0,0,0,0,0,0,0,0,0,0,0,3645,250,126,217,150,31,31,18,18,0,12,0,12,107,63,0,12,13.6,6.3,4.9,3.4,0.7,0.7,0.4,0.4,0.0,0.8,0.0,0.8,2.4,1.4,0.0,0.8
39,Ohio,OH,39003,Allen County,39003010802,Census Tract 108.02; Allen County; Ohio,9.070898147856,3607,422,1427,136,1330,123,367,217,47,54,206,105,125,79,315,346,739,134,958,238,399,163,137,103,55,64,967,629,12,23,15,24,11,21,36,42,0,12,10.2,5.9,2.8,3.2,15.5,7.8,5.4,3.4,8.7,9.4,20.5,3.9,26.6,4.4,11.1,4.4,10.3,7.7,1.6,1.8,26.8,17.2,0.8,1.6,1.1,1.7,0.8,1.6,2.7,3.1,0.0,0.3,0.2123,0.3133,0.2083,0.3339,0.7566,1.8244,0.313,0.6909,0.7984,0.2882,0.7873,0.7971,3.3619,0.9213,0.675,0.675,0.675,0.3111,0.6378,0.5117,0.2752,0.0,1.7358,0.3108,7.5971,0.5165,0,0,0,0,0,0,0,0,0,0,0,0,0,0,0,0,0,0,0,0,0,1525,104,67,386,358,118,145,161,152,0,12,0,12,290,211,12,20,7.8,5.0,10.7,9.9,3.3,3.9,4.5,4.3,0.0,1.0,0.0,1.0,8.0,5.8,0.3,0.6
39,Ohio,OH,39003,Allen County,39003010900,Census Tract 109; Allen County; Ohio,2.823501377476,4531,489,2132,236,2026,227,619,267,245,112,531,147,73,57,109,79,894,168,592,176,598,152,133,65,4,47,1083,659,283,74,108,58,40,64,167,87,450,22,15.4,6.4,9.3,4.2,26.2,6.6,2.8,2.1,2.4,1.8,19.7,3.3,13.1,3.7,13.2,3.2,6.6,3.1,0.1,1.1,23.9,14.3,13.3,3.1,5.1,2.6,2.0,3.2,8.2,4.3,9.9,1.2,0.3751,0.8257,0.6241,0.1386,0.1568,2.1203,0.4035,0.6468,0.0802,0.4307,0.5902,0.4245,2.1724,0.3641,0.6427,0.6427,0.6427,0.753,0.7851,0.7346,0.6552,0.9543,3.8822,0.9841,8.8176,0.7044,0,0,0,0,0,0,0,0,0,0,0,0,0,0,0,0,0,0,1,1,1,9143,231,128,659,185,195,124,0,12,6,10,0,12,192,137,31,46,11.4,5.8,14.5,3.9,4.3,2.7,0.0,0.8,0.1,0.2,0.0,0.8,4.2,2.9,0.7,1.0
39,Ohio,OH,39003,Allen County,39003011000,Census Tract 110; Allen County; Ohio,5.216212537268,5248,428,2649,248,2486,241,1181,453,320,198,673,234,256,129,414,238,917,164,1153,285,523,194,291,132,59,91,1510,671,420,218,0,17,37,41,104,78,178,5,24.5,9.2,11.4,6.7,27.1,9.0,7.0,3.5,8.1,4.6,17.5,3.3,22.0,4.6,10.2,3.9,11.7,5.2,1.2,1.8,28.8,12.6,15.9,8.1,0.0,1.3,1.4,1.6,4.2,3.1,3.4,0.3,0.6135,0.8721,0.6549,0.4486,0.7226,3.3117,0.7403,0.4959,0.5171,0.2275,0.8311,0.7403,2.8119,0.7371,0.6944,0.6944,0.6944,0.7952,0.0,0.6384,0.4114,0.8494,2.6944,0.7178,9.5124,0.7949,0,0,0,0,0,0,0,0,0,0,0,0,0,0,0,0,0,0,0,0,0,6133,241,155,974,316,256,198,83,97,13,22,0,17,174,134,10,44,9.7,6.0,18.6,6.0,4.9,3.7,1.6,1.9,0.2,0.4,0.0,0.7,3.3,2.6,0.2,0.9
39,Ohio,OH,39003,Allen County,39003011200,Census Tract 112; Allen County; Ohio,5.72148337516,2799,255,708,161,574,137,322,159,15,17,146,105,364,112,112,80,415,94,278,68,297,93,11,18,0,48,866,363,0,16,145,105,8,17,49,52,1463,89,24.4,11.2,2.3,2.7,25.4,17.3,15.7,4.5,8.4,5.7,14.8,3.4,9.9,2.0,22.2,6.3,1.9,3.1,0.0,1.7,30.9,12.7,0.0,2.3,20.5,12.1,1.4,2.9,8.5,8.7,52.3,5.7,0.6116,0.2384,0.5962,0.8339,0.7417,3.0218,0.6692,0.3335,0.0428,0.875,0.1517,0.0,1.403,0.0676,0.7134,0.7134,0.7134,0.0,0.9603,0.6384,0.6679,0.9914,3.258,0.8902,8.3962,0.6483,0,0,0,0,0,0,0,0,0,0,0,0,0,0,0,1,0,0,1,2,2,4865,135,66,623,63,212,136,0,12,0,12,0,12,31,23,0,12,23.5,9.5,22.3,2.8,7.6,4.7,0.0,1.2,0.0,1.2,0.0,1.2,1.1,0.8,0.0,1.2
39,Ohio,OH,39003,Allen County,39003011301,Census Tract 113.01; Allen County; Ohio,10.530023551994,4162,368,1957,268,1915,280,768,342,67,59,220,95,159,75,406,258,1021,205,805,185,632,180,44,48,38,77,398,522,26,34,423,256,9,20,87,62,100,8,19.2,8.4,3.1,2.8,11.5,4.7,5.4,2.6,9.8,6.1,24.5,5.1,19.3,4.2,15.2,4.2,2.3,2.5,1.0,2.0,9.6,12.5,1.3,1.7,21.6,11.5,0.5,1.0,4.5,3.2,2.4,0.3,0.4875,0.3537,0.0844,0.3339,0.8124,2.0719,0.3892,0.8481,0.3377,0.5592,0.1902,0.707,2.6422,0.6486,0.3424,0.3424,0.3424,0.359,0.9663,0.4413,0.4365,0.7885,2.9916,0.826,8.0481,0.5924,0,0,0,0,0,0,0,0,0,0,0,0,0,0,0,1,0,0,0,1,1,7965,177,124,34,40,109,98,7,15,0,12,0,12,248,157,0,12,9.2,6.3,0.8,1.0,2.6,2.3,0.2,0.4,0.0,0.8,0.0,0.8,6.0,3.7,0.0,0.8
39,Ohio,OH,39003,Allen County,39003011302,Census Tract 113.02; Allen County; Ohio,15.328610019268,2867,380,899,101,865,102,98,60,121,120,71,51,44,43,68,55,384,73,787,179,280,130,116,92,0,48,218,524,20,28,11,19,85,84,7,13,53,5,3.5,2.1,7.5,6.6,8.2,5.8,2.6,2.6,2.4,2.0,13.4,3.0,27.5,4.3,9.8,3.8,13.4,10.5,0.0,1.7,7.6,18.2,2.2,3.1,1.2,2.1,9.8,9.6,0.8,1.5,1.8,0.3,0.0336,0.7479,0.0238,0.1243,0.1568,1.0864,0.119,0.2568,0.837,0.2056,0.8695,0.0,2.1689,0.3603,0.2609,0.2609,0.2609,0.4216,0.6451,0.9902,0.0873,0.7445,2.8887,0.7914,6.4049,0.3248,0,0,0,0,0,0,0,0,0,0,0,0,0,0,0,0,1,0,0,1,1,2211,44,33,14,30,0,12,73,72,0,12,0,12,131,128,0,12,5.1,3.8,0.5,1.1,0.0,1.2,2.5,2.5,0.0,1.2,0.0,1.2,4.6,4.4,0.0,1.2
39,Ohio,OH,39003,Allen County,39003011400,Census Tract 114; Allen County; Ohio,35.7188365628,3118,21,1205,128,1130,103,208,80,17,21,221,95,118,75,167,108,576,121,868,203,512,145,68,43,21,60,184,124,0,16,19,21,20,19,70,55,0,12,6.7,2.6,1.2,1.5,19.6,8.2,5.7,3.5,5.4,3.5,18.5,3.9,27.8,6.5,16.4,4.7,6.0,3.8,0.7,2.1,5.9,4.0,0.0,1.3,1.6,1.8,1.7,1.7,6.2,4.6,0.0,0.4,0.1092,0.0898,0.3781,0.357,0.4916,1.4257,0.206,0.5698,0.8472,0.6296,0.5517,0.6367,3.235,0.8956,0.1883,0.1883,0.1883,0.0,0.6749,0.6917,0.5546,0.0,1.9212,0.3863,6.7702,0.3892,0,0,0,0,0,0,0,0,0,0,0,0,0,0,0,0,0,0,0,0,0,2249,123,60,27,43,18,26,0,12,0,12,0,12,139,100,0,12,10.9,5.2,0.9,1.4,0.6,0.8,0.0,1.1,0.0,1.1,0.0,1.1,4.5,3.2,0.0,1.1
39,Ohio,OH,39003,Allen County,39003011500,Census Tract 115; Allen County; Ohio,35.990169357198,2772,19,1125,88,1087,83,187,121,90,67,179,74,173,83,167,74,516,61,474,94,462,215,14,22,0,48,111,74,0,16,27,24,9,19,16,19,0,12,6.7,4.4,6.0,4.3,16.5,6.7,8.2,3.8,6.0,2.7,18.6,2.2,17.1,3.4,16.7,7.8,1.3,2.0,0.0,1.9,4.0,2.7,0.0,1.4,2.4,2.2,0.8,1.7,1.5,1.7,0.0,0.4,0.1092,0.6559,0.2505,0.526,0.5459,2.0875,0.3949,0.5767,0.2096,0.6493,0.1022,0.0,1.5378,0.099,0.1046,0.1046,0.1046,0.0,0.7143,0.5117,0.1597,0.0,1.3857,0.1984,5.1156,0.1527,0,0,0,0,0,0,0,0,0,0,0,0,0,0,0,0,0,0,0,0,0,1329,170,69,24,28,6,8,20,30,0,12,0,12,61,49,0,12,15.6,5.9,0.9,1.0,0.2,0.3,0.7,1.1,0.0,1.3,0.0,1.3,2.2,1.8,0.0,1.3
39,Ohio,OH,39003,Allen County,39003011600,Census Tract 116; Allen County; Ohio,32.228342822018,2685,288,1187,157,1046,160,479,175,55,46,193,85,141,76,120,62,665,167,631,217,665,221,30,25,0,48,201,400,180,99,169,71,8,18,44,28,54,2,18.2,6.3,5.1,3.9,18.5,7.6,7.3,3.6,4.6,2.3,24.8,6.7,23.5,7.2,25.3,7.2,2.9,2.3,0.0,1.8,7.5,14.9,15.1,8.1,14.2,5.5,0.8,1.7,4.2,2.6,2.0,0.2,0.4611,0.5892,0.3324,0.4715,0.3996,2.2538,0.44,0.858,0.6224,0.9359,0.2473,0.0,2.6636,0.661,0.2562,0.2562,0.2562,0.781,0.9225,0.5117,0.4114,0.7584,3.385,0.9168,8.5586,0.6698,0,0,0,0,0,0,0,0,1,0,0,1,0,0,0,1,0,0,0,1,2,6035,61,48,48,43,70,48,0,12,11,16,0,12,64,78,8,14,5.8,4.3,1.8,1.6,2.6,1.8,0.0,1.3,0.4,0.6,0.0,1.3,2.4,2.9,0.3,0.5
39,Ohio,OH,39003,Allen County,39003011800,Census Tract 118; Allen County; Ohio,3.762507619108,2314,345,1081,99,937,107,164,58,41,34,102,44,71,73,102,62,485,110,504,181,457,257,27,38,0,48,192,516,90,37,5,7,2,13,2,5,32,4,7.2,2.3,3.2,2.8,10.9,4.5,4.4,4.7,4.5,2.9,21.0,5.2,21.8,5.4,20.0,9.7,2.9,4.0,0.0,2.2,8.3,22.3,8.3,3.3,0.5,0.7,0.2,1.4,0.2,0.5,1.4,0.3,0.125,0.3711,0.0657,0.2581,0.3875,1.2074,0.1483,0.7121,0.5025,0.8074,0.2473,0.0,2.2693,0.4178,0.2933,0.2933,0.2933,0.6581,0.5717,0.3905,0.0413,0.7029,2.3645,0.5762,6.1345,0.2797,0,0,0,0,0,0,0,0,0,0,0,0,0,0,0,0,0,0,0,0,0,3274,64,46,48,32,90,80,17,28,0,12,0,12,32,34,5,10,6.8,5.0,2.1,1.5,3.9,3.7,0.7,1.2,0.0,1.5,0.0,1.5,1.4,1.5,0.2,0.4
39,Ohio,OH,39003,Allen County,39003011900,Census Tract 119; Allen County; Ohio,8.068149168738,2957,339,1481,139,1337,147,318,170,61,62,207,91,130,80,171,143,704,117,590,152,545,128,97,71,0,48,386,515,92,65,228,84,7,16,138,71,94,3,11.1,5.8,4.0,3.9,15.5,6.6,5.8,3.5,6.0,4.9,23.8,4.4,20.0,3.7,19.0,4.7,7.2,5.3,0.0,1.7,13.1,17.4,6.2,4.4,15.4,5.8,0.5,1.2,10.3,5.0,3.2,0.4,0.2437,0.4756,0.2083,0.3662,0.5459,1.8397,0.3175,0.8269,0.3836,0.7639,0.6337,0.0,2.6081,0.626,0.4477,0.4477,0.4477,0.5937,0.9305,0.4413,0.7289,0.8405,3.5349,0.9419,8.4304,0.6527,0,0,0,0,0,0,0,0,0,0,0,0,0,0,0,1,0,0,0,1,1,4637,176,76,84,42,188,148,98,82,0,12,0,12,16,27,0,12,13.2,5.2,2.8,1.4,6.4,5.1,3.3,2.8,0.0,1.2,0.0,1.2,0.5,0.9,0.0,1.2
39,Ohio,OH,39003,Allen County,39003012000,Census Tract 120; Allen County; Ohio,2.683615850672,2543,307,1031,105,1008,105,153,89,31,25,208,80,26,19,103,74,631,111,590,183,187,63,53,44,8,48,232,437,0,16,0,12,0,16,15,21,1,1,6.0,3.4,2.4,2.0,20.6,7.6,1.5,1.1,4.1,2.9,24.8,5.0,23.2,5.2,7.4,2.5,5.3,4.3,0.3,2.0,9.1,17.1,0.0,1.6,0.0,3.3,0.0,1.6,1.5,2.0,0.0,0.0,0.0844,0.2514,0.4213,0.058,0.3478,1.1629,0.1394,0.858,0.6005,0.0847,0.5022,0.4968,2.5422,0.5854,0.3221,0.3221,0.3221,0.0,0.0,0.0,0.1597,0.0,0.1597,0.0178,4.1869,0.0695,0,0,0,0,0,0,0,0,0,0,0,0,0,0,0,0,0,0,0,0,0,2004,45,27,49,36,68,63,52,58,0,12,15,23,48,43,0,12,4.5,2.6,1.9,1.4,2.7,2.4,2.0,2.3,0.0,1.4,0.6,0.9,1.9,1.7,0.0,1.4
39,Ohio,OH,39003,Allen County,39003012100,Census Tract 121; Allen County; Ohio,13.591582295202,3394,382,1332,144,1271,134,152,95,37,35,142,73,45,26,172,149,595,91,798,201,395,124,71,57,0,48,609,539,0,16,5,7,34,35,26,26,6,3,4.5,2.8,2.1,2.0,11.2,5.6,1.9,1.1,5.1,4.4,17.5,2.9,23.5,5.0,11.6,3.3,5.6,4.4,0.0,1.5,17.9,15.8,0.0,1.2,0.4,0.5,2.7,2.7,2.0,1.9,0.2,0.1,0.0536,0.2086,0.074,0.0808,0.4611,0.8781,0.0787,0.4959,0.6224,0.3234,0.5241,0.0,1.9658,0.2559,0.5558,0.5558,0.5558,0.0,0.5625,0.814,0.2127,0.4356,2.0248,0.4276,5.4245,0.181,0,0,0,0,0,0,0,0,0,0,0,0,0,0,0,0,0,0,0,0,0,2511,71,50,354,194,78,90,80,70,31,44,0,12,66,74,0,12,5.6,3.9,10.4,5.6,2.3,2.6,2.4,2.0,0.9,1.3,0.0,1.0,1.9,2.1,0.0,1.0
39,Ohio,OH,39003,Allen County,39003012200,Census Tract 122; Allen County; Ohio,0.7554278681,3528,541,1641,150,1582,166,1244,518,281,203,388,151,185,119,200,149,594,150,920,274,615,244,167,103,0,48,1171,635,202,121,0,12,32,48,206,108,6,4,35.7,13.8,15.4,10.1,24.5,9.2,8.0,4.9,5.7,4.0,16.8,4.9,26.1,4.7,17.4,5.9,10.5,6.4,0.0,1.4,33.2,17.3,12.3,7.3,0.0,2.1,2.0,3.0,13.0,6.6,0.2,0.1,0.7861,0.94,0.5597,0.5133,0.5176,3.3167,0.741,0.4486,0.7736,0.6836,0.7933,0.0,2.6991,0.679,0.7321,0.7321,0.7321,0.7352,0.0,0.7346,0.7981,0.4356,2.7035,0.7219,9.4514,0.7876,0,1,0,0,0,1,0,0,0,0,0,0,0,0,0,0,0,0,0,0,1,1225,254,90,497,231,29,34,22,35,0,12,0,12,623,478,0,12,16.1,5.6,14.1,6.3,0.8,1.0,0.6,1.0,0.0,1.0,0.0,1.0,17.7,12.1,0.0,1.0
39,Ohio,OH,39003,Allen County,39003012300,Census Tract 123; Allen County; Ohio,0.780688205348,3774,585,1828,262,1730,276,1504,390,117,81,776,238,215,119,355,215,535,161,969,270,802,283,146,100,0,48,1102,819,0,16,0,12,0,16,230,183,14,3,39.9,8.3,7.0,4.9,44.9,11.7,8.4,4.4,9.4,5.4,14.2,4.3,25.7,5.2,21.3,6.6,8.4,5.6,0.0,1.3,29.2,21.2,0.0,0.9,0.0,1.9,0.0,0.9,13.3,10.0,0.4,0.0,0.8366,0.7222,0.941,0.5428,0.7928,3.8354,0.853,0.2993,0.7511,0.8448,0.7051,0.0,2.6003,0.6213,0.6975,0.6975,0.6975,0.0,0.0,0.0,0.8063,0.5374,1.3437,0.187,8.4769,0.6584,0,0,1,0,0,1,0,0,0,0,0,0,0,0,0,0,0,0,0,0,1,2388,318,194,357,209,580,310,0,12,0,12,0,12,99,88,66,85,18.4,10.1,9.5,5.5,15.4,7.9,0.0,0.9,0.0,0.9,0.0,0.9,2.6,2.5,1.7,2.3
39,Ohio,OH,39003,Allen County,39003012400,Census Tract 124; Allen County; Ohio,0.761788126346,2146,428,1111,140,952,169,762,334,21,27,322,121,152,77,181,114,268,80,509,185,440,147,81,50,0,48,577,569,63,50,0,12,68,76,101,72,0,12,36.7,14.5,2.1,2.6,33.8,11.2,10.6,5.6,8.6,5.5,12.5,3.9,23.7,6.4,20.9,6.9,8.5,5.0,0.0,2.4,26.9,26.0,5.7,4.4,0.0,3.1,7.1,7.9,10.6,7.1,0.0,0.6,0.7972,0.2086,0.8054,0.6671,0.7521,3.2304,0.721,0.2166,0.6354,0.8328,0.7102,0.0,2.395,0.4937,0.676,0.676,0.676,0.5781,0.0,0.9708,0.74,0.0,2.2889,0.5425,8.5903,0.6746,0,0,0,0,0,0,0,0,0,0,0,0,0,0,0,0,1,0,0,1,1,2112,117,50,261,125,132,155,0,12,2,9,0,12,179,134,3,5,12.3,4.9,12.2,6.2,6.2,7.0,0.0,1.6,0.1,0.4,0.0,1.6,8.3,5.8,0.1,0.2
39,Ohio,OH,39003,Allen County,39003012600,Census Tract 126; Allen County; Ohio,0.795040388892,1827,319,704,98,634,117,711,257,44,42,108,59,55,30,44,42,232,81,551,190,294,112,128,65,0,48,398,443,9,18,30,27,0,16,20,25,87,4,40.9,12.7,5.0,4.6,17.0,8.8,5.1,3.0,2.5,2.4,12.7,4.0,30.2,8.2,16.9,6.7,20.2,9.6,0.0,2.8,21.8,23.9,1.3,2.6,4.3,3.7,0.0,2.5,3.2,3.6,4.8,0.9,0.8454,0.58,0.2714,0.3098,0.1692,2.1758,0.4184,0.2257,0.9188,0.6598,0.9578,0.0,2.7621,0.7143,0.6141,0.6141,0.6141,0.359,0.7695,0.0,0.3248,0.9008,2.3541,0.5698,7.9061,0.5683,0,0,0,0,0,0,0,1,0,1,0,2,0,0,0,0,0,0,1,1,3,3609,85,49,107,96,48,53,0,12,0,12,0,12,243,152,0,12,13.4,7.5,5.9,5.3,2.6,3.0,0.0,1.9,0.0,1.9,0.0,1.9,13.3,7.8,0.0,1.9
39,Ohio,OH,39003,Allen County,39003012700,Census Tract 127; Allen County; Ohio,0.35766365719,1556,325,680,120,600,131,737,222,107,86,233,89,280,115,222,135,191,92,374,174,307,97,173,112,16,53,489,446,0,16,0,12,6,16,89,58,0,12,47.4,10.3,16.0,10.4,38.8,12.2,28.0,10.8,14.3,8.4,12.3,6.4,24.0,8.1,19.7,6.4,28.9,17.6,1.1,3.5,31.4,27.9,0.0,2.4,0.0,5.0,1.0,2.7,14.8,9.3,0.0,0.8,0.8921,0.9483,0.8797,0.9746,0.9318,4.6265,0.9889,0.2074,0.6582,0.794,0.9883,0.7254,3.3733,0.9244,0.7181,0.7181,0.7181,0.0,0.0,0.5676,0.8333,0.0,1.4009,0.2016,10.1188,0.8581,0,1,0,1,1,3,0,0,0,1,0,1,0,0,0,0,0,0,0,0,4,894,87,61,384,121,36,57,0,12,0,12,0,12,62,65,7,11,14.5,10.0,24.7,8.1,2.3,3.6,0.0,2.2,0.0,2.2,0.0,2.2,4.0,4.1,0.4,0.7
39,Ohio,OH,39003,Allen County,39003012900,Census Tract 129; Allen County; Ohio,0.318299786086,1520,340,722,101,578,100,893,326,102,78,240,94,128,70,95,63,229,104,483,252,250,98,82,64,15,52,666,375,16,28,0,12,3,13,122,80,28,4,62.1,18.4,16.5,11.1,41.5,14.6,15.1,7.2,6.4,4.5,15.1,7.1,31.8,11.1,16.8,6.3,14.2,10.8,1.1,3.7,43.8,22.6,2.2,3.9,0.0,4.7,0.5,2.2,21.1,12.2,1.8,0.5,0.9673,0.953,0.914,0.8196,0.5849,4.2388,0.934,0.3472,0.9477,0.656,0.886,0.7254,3.5623,0.9584,0.8003,0.8003,0.8003,0.4216,0.0,0.4413,0.9111,0.7445,2.5185,0.6429,11.1199,0.9387,1,1,1,0,0,3,0,1,0,0,0,1,0,0,0,0,0,1,0,1,5,3404,105,66,483,315,114,111,32,50,0,12,0,12,24,28,13,20,18.2,10.3,31.8,14.8,7.5,7.3,2.1,3.2,0.0,2.3,0.0,2.3,1.6,1.8,0.9,1.3
39,Ohio,OH,39003,Allen County,39003013000,Census Tract 130; Allen County; Ohio,1.007269075232,4386,440,2012,207,1886,204,1368,440,79,61,612,193,269,133,252,174,735,156,928,264,649,218,164,101,0,48,1896,578,151,110,162,73,24,29,139,72,127,6,32.1,9.8,3.4,2.7,32.4,9.6,9.3,4.4,5.9,4.0,16.8,3.5,21.2,5.1,15.1,5.1,8.7,5.3,0.0,1.2,43.2,12.4,7.5,5.4,8.1,3.7,1.3,1.5,7.4,3.7,2.9,0.3,0.7429,0.3975,0.78,0.5951,0.537,3.0525,0.6775,0.4486,0.4654,0.5528,0.7194,0.0,2.1862,0.3721,0.7974,0.7974,0.7974,0.6343,0.8467,0.6181,0.6203,0.8224,3.5418,0.9441,9.5779,0.8029,0,0,0,0,0,0,0,0,0,0,0,0,0,0,0,0,0,0,0,0,0,3228,260,89,1217,450,305,191,0,12,30,29,0,12,344,203,0,12,13.8,4.7,27.7,8.9,7.0,4.3,0.0,0.8,0.7,0.7,0.0,0.8,7.8,4.6,0.0,0.8
39,Ohio,OH,39003,Allen County,39003013100,Census Tract 131; Allen County; Ohio,0.58332097109,3007,417,1070,95,1070,95,485,228,60,65,151,71,107,84,79,53,357,129,878,245,397,164,88,72,0,48,533,636,13,23,0,12,26,31,54,36,6,2,16.2,7.3,4.0,4.3,14.1,6.5,5.7,4.6,2.6,1.8,11.9,5.2,29.2,5.5,13.2,5.1,8.2,6.7,0.0,1.8,17.7,21.0,1.2,2.1,0.0,3.2,2.4,2.9,5.0,3.3,0.2,0.1,0.3951,0.4756,0.1581,0.357,0.1812,1.567,0.2429,0.1925,0.8928,0.4307,0.6946,0.0,2.2106,0.3816,0.5514,0.5514,0.5514,0.3483,0.0,0.7787,0.4702,0.4356,2.0328,0.4321,6.3618,0.3171,0,0,0,0,0,0,0,0,0,0,0,0,0,0,0,0,0,0,0,0,0,1355,77,47,451,309,10,16,0,12,0,12,0,12,72,60,0,12,7.2,4.2,15.0,10.1,0.3,0.5,0.0,1.2,0.0,1.2,0.0,1.2,2.4,2.1,0.0,1.2
39,Ohio,OH,39003,Allen County,39003013200,Census Tract 132; Allen County; Ohio,0.403621764352,1947,374,721,74,633,70,638,281,6,10,124,59,91,50,270,148,201,39,638,240,178,60,67,50,0,48,571,496,43,47,16,25,0,16,28,24,6,3,33.0,13.0,0.6,1.0,19.6,9.1,8.2,3.9,13.9,6.6,10.3,2.7,32.8,6.9,9.1,3.0,10.5,7.8,0.0,2.7,29.3,24.8,5.9,6.5,2.2,3.5,0.0,2.5,4.4,3.8,0.3,0.1,0.755,0.0422,0.3781,0.526,0.9257,2.627,0.5479,0.1325,0.9566,0.1644,0.7933,0.0,2.0468,0.2946,0.6991,0.6991,0.6991,0.5848,0.707,0.0,0.4289,0.4924,2.2131,0.507,7.586,0.5146,0,0,0,0,1,1,0,1,0,0,0,1,0,0,0,0,0,0,0,0,2,668,46,27,212,99,92,119,0,12,0,12,0,12,267,214,0,12,7.3,4.2,10.9,5.2,4.7,6.0,0.0,1.8,0.0,1.8,0.0,1.8,13.7,10.1,0.0,1.8
39,Ohio,OH,39003,Allen County,39003013300,Census Tract 133; Allen County; Ohio,0.339459720094,1428,243,552,71,440,79,477,196,97,75,74,50,86,66,149,94,309,105,291,103,360,98,49,41,0,48,619,276,25,29,0,12,3,12,43,44,96,5,35.4,13.1,15.2,9.2,16.8,11.0,9.0,7.2,11.0,6.4,21.6,7.4,20.4,6.7,26.7,6.3,11.1,9.1,0.0,3.7,43.3,17.9,4.5,5.2,0.0,6.1,0.7,2.7,9.8,9.9,6.7,1.2,0.7836,0.9359,0.2635,0.5755,0.8566,3.4151,0.7603,0.7384,0.4134,0.9556,0.8137,0.0,2.9211,0.7854,0.7987,0.7987,0.7987,0.5397,0.0,0.4873,0.7133,0.9328,2.6731,0.7089,9.808,0.8279,0,1,0,0,0,1,0,0,1,0,0,1,0,0,0,0,0,0,1,1,3,1231,32,44,482,267,31,46,0,12,0,12,0,12,106,103,0,12,7.3,10.0,33.8,14.5,2.2,3.3,0.0,2.4,0.0,2.4,0.0,2.4,7.4,7.4,0.0,2.4
39,Ohio,OH,39003,Allen County,39003013400,Census Tract 134; Allen County; Ohio,0.800469755216,2266,402,1004,142,853,111,1214,303,79,53,258,91,254,94,174,90,268,48,727,220,546,184,49,43,0,48,724,480,256,70,0,12,71,46,204,77,22,5,55.4,8.8,10.1,6.2,30.2,9.9,18.2,7.0,7.7,3.7,11.8,2.8,32.1,6.0,24.1,6.7,5.7,5.0,0.0,2.2,32.0,20.4,25.5,6.0,0.0,3.4,8.3,5.3,23.9,8.7,1.0,0.1,0.9378,0.8448,0.7327,0.884,0.6915,4.0908,0.9079,0.1877,0.9512,0.9169,0.5317,0.0,2.5875,0.6143,0.7226,0.7226,0.7226,0.8902,0.0,0.9813,0.9308,0.6595,3.4618,0.9311,10.8627,0.9235,1,0,0,0,0,1,0,1,1,0,0,2,0,0,0,0,1,1,0,2,5,2134,223,69,438,200,108,92,0,12,5,10,0,12,173,137,0,12,26.1,7.6,19.3,7.7,4.8,3.9,0.0,1.5,0.2,0.4,0.0,1.5,7.6,5.4,0.0,1.5
39,Ohio,OH,39003,Allen County,39003013600,Census Tract 136; Allen County; Ohio,0.586539517362,1015,232,516,63,380,86,313,162,66,69,103,53,128,64,165,98,174,66,198,109,220,99,19,33,0,48,434,265,0,16,23,24,19,28,83,60,0,12,32.0,14.7,14.9,14.1,27.1,12.5,18.6,11.1,16.3,7.8,17.1,7.0,19.5,8.9,21.7,9.7,5.0,8.6,0.0,5.1,42.8,24.2,0.0,3.1,4.5,4.7,5.0,7.3,21.8,13.8,0.0,1.2,0.7414,0.9314,0.6549,0.8909,0.9549,4.1735,0.9225,0.4677,0.3535,0.8613,0.4762,0.0,2.1587,0.3546,0.7952,0.7952,0.7952,0.0,0.7743,0.9381,0.9162,0.0,2.6286,0.6911,9.756,0.821,0,1,0,0,1,2,0,0,0,0,0,0,0,0,0,0,1,1,0,2,4,1137,71,36,291,156,30,41,0,12,0,12,0,12,113,95,0,12,18.7,8.9,28.7,11.6,3.0,4.1,0.0,3.4,0.0,3.4,0.0,3.4,11.1,8.3,0.0,3.4
39,Ohio,OH,39003,Allen County,39003013700,Census Tract 137; Allen County; Ohio,0.527748151924,1135,276,509,73,424,70,582,183,56,43,131,69,76,43,50,31,115,53,342,171,323,113,41,31,0,48,570,300,9,16,0,12,20,21,57,40,0,12,51.3,10.2,11.8,8.6,30.9,15.5,12.7,6.7,4.4,2.8,10.1,5.5,30.1,9.1,28.5,10.4,9.7,7.1,0.0,4.7,50.2,23.4,1.8,3.1,0.0,6.6,4.7,4.9,13.4,9.5,0.0,1.1,0.9162,0.8816,0.7486,0.7454,0.3758,3.6676,0.8165,0.1262,0.9172,0.9708,0.7679,0.0,2.7821,0.7235,0.8263,0.8263,0.8263,0.3917,0.0,0.9283,0.8089,0.0,2.1289,0.4743,9.4049,0.7832,1,0,0,0,0,1,0,1,1,0,0,2,0,0,0,0,1,0,0,1,4,826,44,29,444,224,63,51,0,12,0,12,0,12,63,64,0,12,10.4,7.0,39.1,13.2,5.6,4.0,0.0,3.0,0.0,3.0,0.0,3.0,5.6,5.1,0.0,3.0
39,Ohio,OH,39003,Allen County,39003013800,Census Tract 138; Allen County; Ohio,2.55205313858,2503,392,1525,159,1021,149,1017,347,165,182,334,135,342,161,121,89,397,118,852,201,464,141,278,132,0,48,1586,522,32,44,22,36,0,16,111,71,0,12,41.0,12.5,15.2,14.5,32.7,12.3,21.0,10.5,4.8,3.4,15.9,5.1,34.0,5.3,18.5,5.9,27.2,12.3,0.0,2.1,63.4,18.3,2.1,2.9,1.4,2.3,0.0,1.6,10.9,6.9,0.0,0.5,0.8461,0.9359,0.7886,0.9233,0.4243,3.9182,0.8727,0.3922,0.9673,0.7369,0.9857,0.0,3.0821,0.8479,0.8779,0.8779,0.8779,0.4111,0.6597,0.0,0.7495,0.0,1.8203,0.3444,9.6985,0.8156,0,1,0,1,0,2,0,1,0,1,0,2,0,0,0,0,0,0,0,0,4,2550,146,80,1202,336,27,39,0,12,0,12,0,12,357,263,0,12,14.3,7.7,48.0,12.4,1.1,1.6,0.0,1.4,0.0,1.4,0.0,1.4,14.3,9.9,0.0,1.4
39,Ohio,OH,39003,Allen County,39003013900,Census Tract 139; Allen County; Ohio,26.846317622544,3261,263,1590,223,1502,225,940,365,135,69,302,108,304,174,105,81,680,191,755,219,708,239,64,46,0,48,203,388,171,133,46,31,0,16,174,91,12,2,28.9,11.0,8.4,4.3,20.1,6.5,14.2,7.8,3.2,2.5,20.9,5.5,23.2,5.9,21.7,7.0,4.2,3.0,0.0,1.6,6.2,11.9,10.8,8.2,2.9,2.0,0.0,1.1,11.6,5.9,0.4,0.1,0.6925,0.7876,0.3971,0.7942,0.2491,2.9205,0.633,0.7093,0.6005,0.8613,0.394,0.0,2.5651,0.6006,0.201,0.201,0.201,0.7057,0.7317,0.0,0.7705,0.5374,2.7453,0.7375,8.4319,0.653,0,0,0,0,0,0,0,0,0,0,0,0,0,0,0,0,0,0,0,0,0,3228,351,213,73,55,0,12,16,24,0,12,0,12,114,69,0,12,23.4,12.3,2.2,1.7,0.0,1.1,0.5,0.7,0.0,1.1,0.0,1.1,3.5,2.2,0.0,1.1
39,Ohio,OH,39003,Allen County,39003014000,Census Tract 140; Allen County; Ohio,15.52444133977,3383,261,1375,124,1320,110,482,198,78,51,160,79,126,81,92,53,847,163,839,128,531,122,53,56,0,48,203,374,49,40,0,12,0,16,80,54,112,3,14.7,5.9,4.9,3.3,12.1,5.9,5.3,3.4,2.8,1.7,25.0,4.9,24.8,3.2,16.2,3.8,4.0,4.2,0.0,1.6,6.0,11.0,3.6,2.9,0.0,2.5,0.0,1.2,6.1,3.9,3.3,0.3,0.3548,0.5711,0.1006,0.3253,0.1996,1.5514,0.24,0.8678,0.7004,0.6144,0.3743,0.0,2.5569,0.594,0.1928,0.1928,0.1928,0.5013,0.0,0.0,0.5479,0.8456,1.8948,0.373,6.1959,0.2902,0,0,0,0,0,0,0,0,0,0,0,0,0,0,0,0,0,0,0,0,0,2954,219,93,61,60,86,73,0,12,0,12,0,12,56,75,0,12,16.6,7.0,1.8,1.8,2.5,2.2,0.0,1.0,0.0,1.0,0.0,1.0,1.7,2.2,0.0,1.0
39,Ohio,OH,39003,Allen County,39003014100,Census Tract 141; Allen County; Ohio,1.053439538494,1393,240,957,98,706,109,718,211,77,75,310,108,290,93,129,93,215,82,187,117,364,101,27,30,21,54,525,312,363,81,4,5,19,25,337,95,147,21,51.5,12.3,12.4,11.1,43.9,13.7,29.2,8.8,9.3,6.3,15.4,5.8,13.4,6.9,26.1,7.6,3.8,4.2,1.5,3.9,37.7,21.4,38.0,7.5,0.4,0.6,2.7,3.5,47.7,11.3,10.6,2.4,0.9181,0.8924,0.9337,0.9784,0.7871,4.5097,0.9759,0.3643,0.0853,0.947,0.3502,0.7854,2.5322,0.579,0.7619,0.7619,0.7619,0.9486,0.5625,0.814,0.9914,0.9559,4.2724,0.9968,12.0762,0.9848,1,0,1,1,0,3,0,0,1,0,0,1,0,0,1,0,0,1,1,3,7,7880,232,93,330,135,93,71,9,14,0,12,0,12,93,66,0,12,32.9,12.2,23.7,9.1,6.7,4.9,0.6,0.9,0.0,2.5,0.0,2.5,6.7,4.3,0.0,2.5
39,Ohio,OH,39005,Ashland County,39005970101,Census Tract 9701.01; Ashland County; Ohio,22.53450925177,2486,112,1065,140,982,143,463,272,0,12,238,156,322,204,262,231,579,265,330,115,336,165,29,26,0,48,169,217,0,16,29,33,0,16,76,109,0,12,18.6,10.9,0.0,2.8,24.2,15.5,16.1,10.3,10.5,9.3,23.3,10.4,13.3,4.6,13.5,6.5,2.9,2.6,0.0,2.0,6.8,8.7,0.0,1.5,2.7,3.1,0.0,1.6,7.7,10.8,0.0,0.5,0.4729,0.0,0.5486,0.8408,0.8385,2.7008,0.5724,0.806,0.0828,0.4478,0.2473,0.0,1.5839,0.1095,0.2264,0.2264,0.2264,0.0,0.7241,0.0,0.634,0.0,1.3581,0.1917,5.8692,0.2419,0,0,0,0,0,0,0,0,0,0,0,0,0,0,0,0,0,0,0,0,0,2168,173,122,48,75,33,50,33,42,0,12,0,12,55,50,0,12,17.6,11.8,1.9,3.0,1.3,2.0,1.3,1.7,0.0,1.4,0.0,1.4,2.2,2.0,0.0,1.4
39,Ohio,OH,39005,Ashland County,39005970102,Census Tract 9701.02; Ashland County; Ohio,63.375334791962,6098,550,2409,307,2250,282,1304,459,241,154,350,135,324,147,679,426,1045,262,1606,308,1022,233,71,51,88,143,98,773,0,24,167,76,17,31,176,93,0,17,21.7,7.4,8.6,5.2,15.6,5.7,8.1,3.9,11.1,7.4,17.1,4.0,26.3,4.3,16.8,3.9,3.2,2.2,1.6,2.5,1.6,12.7,0.0,1.0,6.9,3.0,0.8,1.4,7.8,4.5,0.0,0.3,0.5497,0.7975,0.213,0.5206,0.8607,2.9415,0.6406,0.4677,0.7828,0.656,0.2841,0.7971,2.9877,0.8146,0.0222,0.0222,0.0222,0.0,0.8257,0.5117,0.6394,0.0,1.9768,0.4086,7.9282,0.573,0,0,0,0,0,0,0,0,0,0,0,0,0,0,0,0,0,0,0,0,0,3109,316,121,0,17,18,25,2,4,0,17,0,17,78,83,0,17,14.0,5.6,0.0,0.6,0.3,0.4,0.0,0.1,0.0,0.6,0.0,0.6,1.3,1.4,0.0,0.6
39,Ohio,OH,39005,Ashland County,39005970200,Census Tract 9702; Ashland County; Ohio,89.403093394488,6394,753,2330,231,2242,234,1315,742,120,124,270,110,522,203,1137,739,962,204,1931,579,665,191,56,63,202,218,271,1082,30,18,162,80,64,73,71,58,12,3,20.6,11.3,4.1,4.1,12.0,4.7,13.0,5.2,17.8,10.4,15.0,3.8,30.2,6.8,10.4,3.0,2.5,2.8,3.4,3.7,4.2,16.9,1.3,0.8,7.0,3.5,2.9,3.2,3.2,2.6,0.2,0.0,0.5198,0.4867,0.0965,0.7555,0.9667,2.8252,0.6086,0.3431,0.9188,0.2396,0.2114,0.9119,2.6248,0.6381,0.1141,0.1141,0.1141,0.359,0.8276,0.8349,0.3248,0.4356,2.7819,0.7533,8.346,0.6387,0,0,0,0,1,1,0,1,0,0,1,2,0,0,0,0,0,0,0,0,3,1982,395,133,3,4,3,6,55,73,0,17,0,17,210,100,0,17,17.6,6.4,0.0,0.1,0.0,0.1,0.9,1.1,0.0,0.5,0.0,0.5,3.3,1.7,0.0,0.5
39,Ohio,OH,39005,Ashland County,39005970300,Census Tract 9703; Ashland County; Ohio,11.093179187828,3769,376,1889,200,1807,193,932,304,9,13,347,130,368,141,348,175,645,153,763,213,687,192,71,54,0,48,272,532,0,16,30,30,13,22,129,77,23,4,24.9,7.7,0.5,0.7,19.2,6.9,13.3,4.7,9.2,4.4,17.1,4.3,20.2,4.4,18.2,4.9,3.9,3.0,0.0,1.3,7.2,14.1,0.0,0.8,1.6,1.5,0.7,1.2,7.1,4.4,0.6,0.1,0.6217,0.033,0.3641,0.7689,0.7813,2.569,0.5302,0.4677,0.397,0.7204,0.3638,0.0,1.9489,0.2467,0.2435,0.2435,0.2435,0.0,0.6749,0.4873,0.6048,0.6059,2.3729,0.5803,7.1343,0.4444,0,0,0,0,0,0,0,0,0,0,0,0,0,0,0,0,0,0,0,0,0,3216,278,110,166,171,26,31,0,12,0,12,0,12,80,79,0,12,15.4,6.1,4.4,4.4,0.7,0.8,0.0,0.9,0.0,0.9,0.0,0.9,2.1,2.1,0.0,0.9
39,Ohio,OH,39005,Ashland County,39005970400,Census Tract 9704; Ashland County; Ohio,8.141433258848,3291,453,1470,180,1263,152,835,391,62,81,207,108,344,134,223,123,522,96,875,270,353,106,84,75,6,47,16,642,12,23,295,122,51,59,83,56,0,12,25.4,11.4,3.7,4.7,16.4,8.3,16.3,5.6,6.8,3.5,15.9,3.1,26.6,6.1,10.7,3.2,6.7,5.9,0.2,1.5,0.5,19.5,0.8,1.6,20.1,7.0,4.0,4.6,6.6,4.4,0.0,0.4,0.6322,0.4429,0.2451,0.8469,0.6211,2.7882,0.5997,0.3922,0.7984,0.2615,0.5975,0.4556,2.5052,0.5597,0.0022,0.0022,0.0022,0.3111,0.9581,0.8952,0.5765,0.0,2.7409,0.7359,8.0365,0.5898,0,0,0,0,0,0,0,0,0,0,0,0,0,0,0,1,0,0,0,1,1,4189,105,54,0,12,0,12,0,12,0,12,0,12,16,18,0,12,8.3,4.0,0.0,1.1,0.0,1.1,0.0,1.1,0.0,1.1,0.0,1.1,0.5,0.6,0.0,1.1
39,Ohio,OH,39005,Ashland County,39005970500,Census Tract 9705; Ashland County; Ohio,0.570466477204,3238,444,1554,188,1275,164,814,261,75,65,413,137,302,136,71,45,538,125,776,285,508,144,60,66,0,48,432,616,217,81,0,12,67,42,230,108,168,9,26.4,7.6,4.6,3.9,32.4,9.9,15.3,6.7,2.3,1.5,16.6,4.2,24.0,6.5,16.3,5.2,4.7,5.1,0.0,1.6,13.3,18.9,13.9,4.9,0.0,2.2,5.2,3.2,18.0,7.7,5.2,0.8,0.6496,0.5451,0.78,0.8269,0.1492,2.9508,0.6454,0.4379,0.6582,0.6223,0.4476,0.0,2.166,0.3584,0.4547,0.4547,0.4547,0.7632,0.0,0.9444,0.8787,0.9109,3.4972,0.9375,9.0687,0.7356,0,0,0,0,0,0,0,0,0,0,0,0,0,0,0,0,1,0,1,2,2,4296,279,110,42,42,133,105,23,25,0,12,0,12,234,134,0,12,21.9,7.5,1.3,1.3,4.1,3.3,0.7,0.8,0.0,1.1,0.0,1.1,7.2,4.0,0.0,1.1
39,Ohio,OH,39005,Ashland County,39005970600,Census Tract 9706; Ashland County; Ohio,10.931990483174,4598,371,1648,101,1513,131,487,285,156,98,261,97,109,59,317,152,716,86,722,151,597,183,50,47,5,47,363,540,27,37,8,12,21,33,36,29,999,54,13.5,7.8,6.0,3.6,17.3,6.2,4.3,2.2,6.9,3.1,15.6,2.1,15.7,2.7,13.0,3.6,3.3,3.1,0.1,1.0,7.9,11.7,1.6,2.2,0.5,0.7,1.4,2.2,2.4,1.9,21.7,2.1,0.3193,0.6559,0.2819,0.2508,0.6274,2.1353,0.4073,0.3763,0.1525,0.4129,0.2943,0.4245,1.6605,0.1302,0.2771,0.2771,0.2771,0.3787,0.5717,0.6384,0.2514,0.9778,2.818,0.766,6.8909,0.4114,0,0,0,0,0,0,0,0,0,0,0,0,0,0,0,0,0,0,1,1,1,6327,169,87,12,14,204,127,38,32,13,17,0,12,96,63,0,12,11.2,5.6,0.3,0.3,4.4,2.8,0.8,0.7,0.3,0.4,0.0,0.8,2.1,1.4,0.0,0.8
39,Ohio,OH,39005,Ashland County,39005970700,Census Tract 9707; Ashland County; Ohio,17.738580710664,5454,631,2305,222,2156,217,1410,541,31,38,600,203,164,95,181,142,1384,229,1355,379,1021,213,35,53,0,68,305,895,149,89,98,92,43,60,172,107,110,8,26.3,9.6,1.3,1.5,27.8,9.0,4.3,2.5,3.4,2.6,25.4,4.1,24.8,4.9,19.1,4.1,1.6,2.5,0.0,1.4,5.6,16.4,6.5,3.8,4.3,4.0,2.0,2.8,8.0,4.8,2.0,0.3,0.6477,0.1013,0.6733,0.2508,0.2745,1.9476,0.3486,0.8811,0.7004,0.768,0.1238,0.0,2.4733,0.5413,0.1776,0.1776,0.1776,0.6013,0.7695,0.7346,0.6479,0.7584,3.5117,0.9397,8.1102,0.6019,0,0,0,0,0,0,0,0,0,0,0,0,0,0,0,0,0,0,0,0,0,5245,344,121,46,85,77,106,50,57,1,3,0,17,131,110,0,17,16.0,5.1,0.8,1.5,1.4,2.0,0.9,1.1,0.0,0.1,0.0,0.6,2.4,2.0,0.0,0.6
39,Ohio,OH,39005,Ashland County,39005970800,Census Tract 9708; Ashland County; Ohio,13.950989589024,3795,387,1781,170,1623,157,568,191,51,49,363,113,144,72,165,87,930,157,735,165,523,150,53,36,5,49,232,560,301,115,0,12,0,16,143,66,216,4,16.0,5.1,2.5,2.6,22.4,6.6,5.0,2.5,4.6,2.4,24.5,4.2,19.4,3.3,14.6,4.4,3.3,2.2,0.1,1.4,6.1,14.7,16.9,6.3,0.0,1.9,0.0,1.0,8.8,4.0,5.7,0.6,0.391,0.2657,0.486,0.3041,0.3996,1.8464,0.3206,0.8481,0.3453,0.5236,0.2943,0.4245,2.4358,0.5162,0.1972,0.1972,0.1972,0.8111,0.0,0.0,0.6813,0.9201,2.4125,0.5965,6.8919,0.4117,0,0,0,0,0,0,0,0,0,0,0,0,0,0,0,0,0,0,1,1,1,7144,214,81,58,58,0,12,70,66,0,12,0,12,76,75,28,43,13.2,4.9,1.5,1.6,0.0,0.9,1.8,1.7,0.0,0.9,0.0,0.9,2.0,2.0,0.7,1.1
39,Ohio,OH,39005,Ashland County,39005970900,Census Tract 9709; Ashland County; Ohio,86.065196430554,4567,443,1914,177,1784,173,780,326,54,33,368,112,342,159,425,256,991,204,935,178,577,145,40,28,6,45,161,637,3,13,71,25,31,40,135,88,0,12,17.1,7.0,2.5,1.5,20.6,6.0,10.5,4.8,9.3,5.2,21.7,4.0,20.5,3.2,12.6,3.3,2.2,1.6,0.1,1.0,3.5,13.9,0.2,0.7,3.7,1.3,1.7,2.2,7.6,4.7,0.0,0.3,0.4268,0.2657,0.4213,0.6627,0.7871,2.5636,0.5276,0.7413,0.4214,0.3897,0.1762,0.4245,2.1531,0.3511,0.0847,0.0847,0.0847,0.261,0.7533,0.6917,0.6279,0.0,2.3339,0.5654,7.1353,0.4448,0,0,0,0,0,0,0,0,0,0,0,0,0,0,0,0,0,0,0,0,0,2712,218,114,0,12,32,54,37,55,6,13,6,11,36,31,44,79,12.2,5.9,0.0,0.8,0.7,1.2,0.8,1.2,0.1,0.3,0.1,0.2,0.8,0.7,1.0,1.7
39,Ohio,OH,39005,Ashland County,39005971000,Census Tract 9710; Ashland County; Ohio,62.73727382372,4940,406,2444,198,2130,184,809,227,66,47,374,126,384,107,210,81,1119,189,825,173,700,159,31,32,2,47,329,573,3,12,153,122,64,51,68,44,22,3,16.5,4.4,2.6,1.8,17.6,5.7,10.1,2.8,4.3,1.6,22.7,3.5,16.7,2.8,14.2,3.0,1.5,1.5,0.0,1.0,6.7,11.6,0.1,0.5,6.3,4.9,3.0,2.4,3.2,2.1,0.4,0.1,0.4078,0.2822,0.2943,0.6443,0.3659,1.9945,0.3648,0.7819,0.1925,0.4919,0.1156,0.0,1.5819,0.1092,0.2229,0.2229,0.2229,0.2556,0.8127,0.8429,0.3248,0.5374,2.7734,0.7492,6.5727,0.3565,0,0,0,0,0,0,0,0,0,0,0,0,0,0,0,0,0,0,0,0,0,3498,392,114,29,30,194,136,0,12,7,12,0,12,99,82,0,12,18.4,4.8,0.6,0.6,3.9,2.7,0.0,0.7,0.1,0.2,0.0,0.7,2.0,1.6,0.0,0.7
39,Ohio,OH,39005,Ashland County,39005971100,Census Tract 9711; Ashland County; Ohio,36.443580518858,3892,445,1682,178,1453,179,864,291,91,59,226,113,294,91,218,120,866,167,928,252,617,187,75,62,0,48,204,612,132,116,75,59,26,25,90,86,174,9,23.4,7.3,5.0,3.1,15.6,7.5,10.8,3.4,5.8,3.0,22.3,3.9,23.8,4.8,16.3,4.1,5.2,4.2,0.0,1.3,5.2,15.7,7.8,6.8,4.5,3.4,1.8,1.7,6.2,5.6,4.5,0.6,0.5887,0.58,0.213,0.6782,0.5294,2.5893,0.5349,0.7613,0.6439,0.6223,0.4921,0.0,2.5196,0.5683,0.1585,0.1585,0.1585,0.6444,0.7743,0.7079,0.5546,0.8922,3.5734,0.9495,8.8408,0.706,0,0,0,0,0,0,0,0,0,0,0,0,0,0,0,0,0,0,0,0,0,3604,205,110,4,5,163,124,12,22,0,12,0,12,25,30,0,12,14.1,6.6,0.1,0.1,4.2,3.1,0.3,0.6,0.0,0.9,0.0,0.9,0.6,0.8,0.0,0.9
39,Ohio,OH,39007,Ashtabula County,39007000101,Census Tract 1.01; Ashtabula County; Ohio,11.114017884972,4453,359,1672,233,1490,219,898,275,172,104,555,158,531,156,267,115,862,181,452,109,614,158,89,75,17,56,1202,509,213,99,120,64,0,16,250,114,1714,55,32.5,9.0,13.0,7.5,37.2,9.1,14.6,4.4,9.7,3.7,19.4,3.5,10.2,2.0,22.2,5.8,6.0,5.0,0.4,1.3,27.0,11.2,12.7,5.7,7.2,3.9,0.0,1.1,16.8,7.3,38.5,3.3,0.748,0.9076,0.8559,0.8066,0.8067,4.1248,0.9152,0.6287,0.0447,0.875,0.5517,0.5412,2.6413,0.6483,0.6776,0.6776,0.6776,0.7422,0.8314,0.0,0.8644,0.9873,3.4253,0.9248,10.869,0.9241,0,1,0,0,0,1,0,0,0,0,0,0,0,0,0,0,0,0,1,1,2,5155,322,95,790,122,251,122,0,12,5,9,6,10,150,87,0,12,21.6,6.2,17.7,2.9,5.6,2.7,0.0,0.8,0.1,0.2,0.1,0.2,3.4,2.0,0.0,0.8
39,Ohio,OH,39007,Ashtabula County,39007000102,Census Tract 1.02; Ashtabula County; Ohio,2.14061126432,3034,451,1595,194,1335,190,1028,368,193,138,348,136,388,208,237,153,588,97,568,136,614,148,71,48,0,48,120,632,42,32,51,54,8,17,29,20,0,12,34.0,11.0,13.1,8.1,26.1,9.5,16.2,8.5,7.8,4.3,19.4,4.2,18.7,2.9,20.2,5.6,5.3,3.5,0.0,1.7,4.0,20.8,2.6,2.0,3.2,3.4,0.6,1.3,2.2,1.5,0.0,0.4,0.7702,0.9089,0.6203,0.8437,0.701,3.8441,0.8543,0.6287,0.2964,0.8134,0.5022,0.0,2.2407,0.3981,0.1046,0.1046,0.1046,0.446,0.7413,0.4632,0.2324,0.0,1.8829,0.3689,8.0723,0.5965,0,1,0,0,0,1,0,0,0,0,0,0,0,0,0,0,0,0,0,0,1,1966,227,88,15,23,0,12,71,83,5,8,0,12,29,22,0,12,17.0,6.8,0.5,0.7,0.0,1.1,2.3,2.7,0.2,0.3,0.0,1.1,1.0,0.8,0.0,1.1
39,Ohio,OH,39007,Ashtabula County,39007000103,Census Tract 1.03; Ashtabula County; Ohio,1.38530694886,3572,401,1709,206,1351,156,1440,473,277,176,405,141,179,84,294,155,370,118,1014,210,763,320,163,117,9,51,282,630,56,46,0,12,0,16,140,98,31,5,40.7,12.5,13.5,7.6,30.0,9.8,8.1,3.7,8.3,4.1,10.4,3.4,28.4,4.0,21.5,7.5,12.1,8.5,0.3,1.5,7.9,17.6,3.3,2.7,0.0,2.0,0.0,1.2,10.4,6.8,0.9,0.1,0.842,0.9133,0.7267,0.5206,0.7363,3.7389,0.833,0.1373,0.8678,0.8534,0.8397,0.4968,3.195,0.8844,0.2771,0.2771,0.2771,0.4844,0.0,0.0,0.7311,0.6458,1.8613,0.361,9.0723,0.7362,0,1,0,0,0,1,0,0,0,0,0,0,0,0,0,0,0,0,0,0,1,2912,77,40,0,12,23,27,0,12,0,12,0,12,259,242,0,12,5.7,3.0,0.0,1.0,0.6,0.8,0.0,1.0,0.0,1.0,0.0,1.0,7.3,6.9,0.0,1.0
39,Ohio,OH,39007,Ashtabula County,39007000200,Census Tract 2; Ashtabula County; Ohio,17.986695647394,4334,332,2164,185,1734,179,877,310,135,76,343,123,281,122,118,69,1207,211,730,136,607,141,96,59,13,50,382,509,0,16,113,75,6,15,14,22,138,4,21.0,7.2,6.4,3.5,19.8,6.8,8.4,3.5,2.8,1.6,27.8,4.5,16.8,3.0,14.4,3.2,5.5,3.4,0.3,1.2,8.8,11.7,0.0,0.7,5.2,3.3,0.3,0.9,0.8,1.3,3.2,0.3,0.5297,0.6835,0.3863,0.5428,0.1996,2.3419,0.4657,0.9337,0.1972,0.5119,0.5171,0.4968,2.6567,0.6571,0.312,0.312,0.312,0.0,0.7895,0.4041,0.0873,0.8405,2.1214,0.4717,7.432,0.4943,0,0,0,0,0,0,1,0,0,0,0,1,0,0,0,0,0,0,0,0,1,3031,183,71,101,83,149,151,19,22,4,7,0,12,109,135,0,12,10.6,4.1,2.3,1.9,3.4,3.5,0.4,0.5,0.1,0.2,0.0,0.8,2.5,3.2,0.0,0.8
39,Ohio,OH,39007,Ashtabula County,39007000300,Census Tract 3; Ashtabula County; Ohio,14.50696218325,2169,265,911,102,849,103,662,262,51,37,251,89,118,49,110,63,457,78,572,146,471,154,45,34,1,46,197,379,0,16,112,36,23,25,81,46,27,9,31.0,11.7,5.2,3.9,29.6,9.8,7.8,3.1,5.1,2.9,21.1,3.7,26.4,4.6,21.8,5.6,5.3,4.0,0.0,2.2,9.1,17.4,0.0,1.8,12.3,3.9,2.7,2.9,9.5,5.3,1.2,0.4,0.7258,0.5971,0.7146,0.5003,0.4611,2.9989,0.6597,0.7191,0.7882,0.8645,0.5022,0.0,2.874,0.7651,0.3221,0.3221,0.3221,0.0,0.9025,0.814,0.7013,0.6814,3.0992,0.8568,9.2942,0.7651,0,0,0,0,0,0,0,0,0,0,0,0,0,0,0,1,0,0,0,1,1,4691,134,60,21,22,117,77,21,35,0,12,0,12,38,30,0,12,15.8,6.6,1.0,1.0,5.4,3.5,1.0,1.6,0.0,1.6,0.0,1.6,1.8,1.4,0.0,1.6
39,Ohio,OH,39007,Ashtabula County,39007000400,Census Tract 4; Ashtabula County; Ohio,1.690209381648,1517,213,797,98,687,107,575,149,8,11,217,77,224,73,171,73,426,96,306,125,356,103,18,30,29,55,190,298,93,55,0,12,12,20,75,43,48,11,39.2,8.4,1.4,1.9,31.6,10.1,19.7,5.5,11.6,4.9,28.1,6.9,20.2,6.7,24.2,6.6,2.6,4.3,2.1,3.9,12.5,19.6,11.7,6.7,0.0,4.3,1.7,2.9,10.9,5.5,3.2,0.6,0.8277,0.1117,0.7644,0.9074,0.8753,3.4865,0.7768,0.9379,0.397,0.9191,0.2187,0.8427,3.3154,0.913,0.4315,0.4315,0.4315,0.7244,0.0,0.6917,0.7495,0.8405,3.0061,0.8317,10.2395,0.8702,0,0,0,1,0,1,1,0,1,0,0,2,0,0,0,0,0,0,0,0,3,1276,142,61,0,12,158,118,0,12,0,12,0,12,32,36,0,12,20.7,7.9,0.0,2.3,10.4,7.5,0.0,2.3,0.0,2.3,0.0,2.3,2.1,2.3,0.0,2.3
39,Ohio,OH,39007,Ashtabula County,39007000500,Census Tract 5; Ashtabula County; Ohio,1.785469239292,4130,361,1905,174,1863,162,1367,373,95,58,623,181,267,133,129,87,813,162,1055,172,811,297,279,135,0,48,779,545,53,37,156,61,4,16,183,77,0,12,33.1,8.6,4.8,2.9,33.4,9.3,9.7,4.6,3.1,2.2,19.7,3.3,25.5,3.0,19.6,6.7,15.0,7.1,0.0,1.2,18.9,13.1,2.8,1.9,8.2,3.1,0.2,0.9,9.8,4.2,0.0,0.3,0.7575,0.5603,0.7994,0.6192,0.2371,2.9735,0.6524,0.6468,0.7378,0.7893,0.9006,0.0,3.0745,0.8448,0.5745,0.5745,0.5745,0.4622,0.8495,0.3905,0.7133,0.0,2.4155,0.6,9.038,0.734,0,0,0,0,0,0,0,0,0,1,0,1,0,0,0,0,0,0,0,0,1,3679,267,96,380,247,153,124,0,12,0,12,0,12,222,162,24,27,14.3,5.3,9.2,5.8,3.7,2.9,0.0,0.8,0.0,0.8,0.0,0.8,5.4,3.8,0.6,0.7
39,Ohio,OH,39007,Ashtabula County,39007000601,Census Tract 6.01; Ashtabula County; Ohio,1.141797436786,3063,466,1386,184,1159,171,1599,515,213,126,458,158,435,165,297,203,589,210,803,246,623,182,173,94,6,48,1120,566,100,95,0,12,0,16,77,59,162,7,55.2,15.4,15.7,7.3,39.5,12.3,21.9,6.9,10.2,6.5,19.2,7.6,26.2,6.6,21.5,4.8,14.9,7.8,0.2,1.7,36.6,17.6,7.2,6.8,0.0,2.5,0.0,1.4,6.6,5.0,5.3,0.8,0.9365,0.9448,0.8895,0.9318,0.8258,4.5284,0.9784,0.6129,0.779,0.8534,0.899,0.4556,3.5999,0.9657,0.7543,0.7543,0.7543,0.6241,0.0,0.0,0.5765,0.9138,2.1144,0.4683,10.997,0.9311,1,1,0,1,0,3,0,0,0,0,0,0,0,0,0,0,0,0,1,1,4,4185,122,74,372,253,469,286,65,97,0,12,0,12,214,126,0,12,10.5,6.1,12.1,7.6,15.3,8.4,2.1,3.2,0.0,1.1,0.0,1.1,7.0,4.5,0.0,1.1
39,Ohio,OH,39007,Ashtabula County,39007000602,Census Tract 6.02; Ashtabula County; Ohio,1.220913211504,3649,263,1825,175,1766,173,969,293,156,118,433,166,159,90,191,152,1073,225,615,141,565,192,194,124,18,50,329,436,119,106,16,23,0,16,153,115,0,12,26.6,7.8,8.1,5.8,24.5,9.1,5.6,3.2,5.2,4.1,29.4,5.8,16.9,3.8,15.5,5.4,11.0,6.9,0.5,1.4,9.0,11.9,6.5,5.8,0.9,1.3,0.0,0.9,8.7,6.3,0.0,0.3,0.6531,0.7778,0.5597,0.3497,0.4706,2.8109,0.6054,0.9528,0.2026,0.5773,0.8086,0.5796,3.1209,0.8597,0.3177,0.3177,0.3177,0.6013,0.6187,0.0,0.6775,0.0,1.8975,0.3743,8.147,0.607,0,0,0,0,0,0,1,0,0,0,0,1,0,0,0,0,0,0,0,0,1,1798,208,93,65,86,72,105,0,12,0,12,0,12,57,70,135,175,11.8,5.1,1.8,2.4,2.0,2.9,0.0,1.0,0.0,1.0,0.0,1.0,1.6,1.9,3.7,4.8
39,Ohio,OH,39007,Ashtabula County,39007000603,Census Tract 6.03; Ashtabula County; Ohio,13.766596926374,3722,397,2132,187,1450,164,769,293,86,55,447,142,160,71,119,101,906,150,995,185,675,168,119,69,30,69,784,529,183,109,102,67,18,24,46,38,96,1,21.3,7.8,5.5,3.4,30.8,9.2,6.1,2.7,3.3,2.7,24.3,4.1,26.7,3.6,18.6,4.3,8.2,4.7,0.9,2.0,21.1,14.0,8.6,5.1,4.8,3.1,1.2,1.6,3.2,2.6,2.6,0.3,0.5376,0.621,0.7448,0.3897,0.2634,2.5565,0.526,0.8421,0.8022,0.7407,0.6946,0.6855,3.7651,0.9832,0.6046,0.6046,0.6046,0.6641,0.7797,0.6038,0.3248,0.8012,3.1736,0.873,10.0998,0.8562,0,0,0,0,0,0,0,0,0,0,0,0,0,0,0,0,0,0,0,0,0,5092,207,83,118,101,404,181,0,12,0,12,0,12,252,142,10,16,14.3,5.5,3.2,2.7,10.9,4.5,0.0,0.9,0.0,0.9,0.0,0.9,6.8,3.8,0.3,0.4
39,Ohio,OH,39007,Ashtabula County,39007000701,Census Tract 7.01; Ashtabula County; Ohio,1.980787816338,2788,470,1340,169,1136,172,1329,430,236,176,424,125,420,173,280,224,501,131,534,186,727,160,85,80,68,85,1071,583,256,98,0,12,52,74,239,103,23,4,47.7,13.2,18.0,10.3,37.3,9.4,21.1,7.2,10.0,7.3,18.0,5.0,19.2,6.4,26.1,5.1,7.5,7.0,2.6,3.2,38.4,19.9,19.1,6.9,0.0,2.6,4.6,6.5,21.0,8.4,0.8,0.0,0.8937,0.9622,0.8578,0.9249,0.8197,4.4583,0.9679,0.5317,0.3313,0.947,0.6546,0.877,3.3416,0.9171,0.7676,0.7676,0.7676,0.8333,0.0,0.9251,0.9102,0.6344,3.303,0.899,11.8705,0.9771,0,1,0,1,0,2,0,0,1,0,0,1,0,0,0,0,1,1,0,2,5,2870,273,117,434,163,428,238,14,24,0,12,0,12,195,103,0,12,24.0,9.3,15.6,4.9,15.4,7.7,0.5,0.8,0.0,1.2,0.0,1.2,7.0,3.9,0.0,1.2
39,Ohio,OH,39007,Ashtabula County,39007000702,Census Tract 7.02; Ashtabula County; Ohio,18.962160728682,2694,343,1188,158,1050,162,334,222,175,126,66,41,204,143,31,28,626,127,486,143,586,212,29,34,52,83,411,487,0,16,35,59,0,16,68,67,0,12,12.4,8.1,14.5,8.9,6.3,3.8,10.3,7.0,1.2,1.1,23.2,5.3,18.0,4.7,21.8,7.3,2.7,3.2,2.0,3.2,15.3,18.0,0.0,1.3,2.9,4.8,0.0,1.5,6.5,6.1,0.0,0.4,0.2818,0.9263,0.0098,0.6544,0.0511,1.9234,0.3416,0.8031,0.2565,0.8645,0.2298,0.8348,2.9887,0.8152,0.5013,0.5013,0.5013,0.0,0.7317,0.0,0.5695,0.0,1.3012,0.1749,6.7146,0.3819,0,1,0,0,0,1,0,0,0,0,0,0,0,0,0,0,0,0,0,0,1,1783,94,75,0,12,188,168,29,42,17,26,0,12,177,133,0,12,9.0,6.7,0.0,1.3,7.0,6.1,1.1,1.5,0.6,1.0,0.0,1.3,6.6,4.8,0.0,1.3
39,Ohio,OH,39007,Ashtabula County,39007000703,Census Tract 7.03; Ashtabula County; Ohio,1.772317060764,3269,314,1613,159,1409,165,1426,379,215,111,530,137,592,198,600,291,532,179,750,193,915,258,232,90,27,54,1021,506,228,128,107,74,0,16,114,57,0,12,43.6,10.8,14.9,7.7,37.6,8.7,25.9,6.7,18.4,8.7,16.3,4.9,22.9,5.7,28.0,6.7,16.5,6.1,0.9,1.8,31.2,15.2,14.1,7.8,6.6,4.7,0.0,1.1,8.1,4.0,0.0,0.4,0.8702,0.9314,0.8654,0.9613,0.9705,4.5988,0.9863,0.4195,0.5808,0.9667,0.9229,0.6855,3.5754,0.96,0.715,0.715,0.715,0.7663,0.82,0.0,0.6505,0.0,2.2368,0.5184,11.126,0.9394,0,1,0,1,1,3,0,0,1,1,0,2,0,0,0,0,0,0,0,0,5,3636,164,65,275,120,390,111,0,12,3,5,0,12,286,163,67,86,11.6,4.7,8.4,3.8,11.9,3.6,0.0,1.1,0.1,0.2,0.0,1.1,8.7,5.1,2.0,2.6
39,Ohio,OH,39007,Ashtabula County,39007000704,Census Tract 7.04; Ashtabula County; Ohio,9.495796062918,4184,455,1966,234,1765,223,1815,507,318,177,499,164,811,279,462,224,788,135,829,190,990,337,107,74,34,66,771,580,170,107,0,12,12,21,366,158,73,11,43.8,11.3,17.4,8.8,28.3,8.6,27.0,7.4,11.2,5.0,18.8,2.9,19.8,4.1,23.9,7.0,6.1,4.1,0.8,1.6,18.4,13.7,8.6,5.3,0.0,1.8,0.7,1.2,20.7,7.5,1.7,0.2,0.8715,0.9587,0.6857,0.9692,0.8664,4.3515,0.9508,0.5888,0.3713,0.9121,0.5584,0.6636,3.0942,0.8537,0.565,0.565,0.565,0.6641,0.0,0.4873,0.9092,0.7381,2.7987,0.7587,10.8094,0.9171,0,1,0,1,0,2,0,0,1,0,0,1,0,0,0,0,0,1,0,1,4,3147,276,139,209,181,478,261,69,55,5,7,0,12,10,13,0,12,15.6,7.0,5.0,4.1,11.4,5.9,1.6,1.3,0.1,0.2,0.0,0.8,0.2,0.3,0.0,0.8
39,Ohio,OH,39007,Ashtabula County,39007000801,Census Tract 8.01; Ashtabula County; Ohio,5.249219625044,1631,291,1443,208,703,139,424,146,37,27,176,64,129,80,197,81,336,85,303,102,349,87,27,21,0,48,187,390,84,40,101,40,13,21,57,28,0,12,26.0,7.7,4.5,3.3,25.0,7.6,10.6,5.9,12.1,4.6,20.6,4.5,18.6,4.9,21.4,4.3,3.8,2.9,0.0,3.1,11.5,23.8,5.8,2.6,7.0,2.7,1.8,3.0,8.1,3.7,0.0,0.7,0.6423,0.534,0.5784,0.6671,0.8896,3.3114,0.74,0.6969,0.2892,0.8493,0.3502,0.0,2.1856,0.3717,0.402,0.402,0.402,0.5806,0.8276,0.7079,0.6505,0.0,2.7666,0.746,8.6656,0.6848,0,0,0,0,0,0,0,0,0,0,0,0,0,0,0,0,0,0,0,0,0,878,165,71,23,40,58,39,43,47,0,12,0,12,63,39,0,12,23.5,8.0,1.4,2.4,3.6,2.2,2.6,2.9,0.0,2.1,0.0,2.1,3.9,2.3,0.0,2.1
39,Ohio,OH,39007,Ashtabula County,39007000802,Census Tract 8.02; Ashtabula County; Ohio,8.04289462302,4697,459,2129,182,1932,180,1143,341,211,131,362,150,410,190,307,215,870,203,882,245,921,249,177,126,12,50,478,672,173,110,208,131,0,16,144,104,85,7,24.7,6.9,7.8,4.6,18.7,7.6,13.3,5.8,6.6,4.5,18.5,4.8,18.8,4.5,19.9,5.8,9.2,6.5,0.3,1.1,10.2,14.3,8.1,5.1,9.8,5.9,0.0,0.8,7.5,5.3,1.8,0.2,0.6169,0.7616,0.339,0.7689,0.6001,3.0865,0.686,0.5698,0.3015,0.8032,0.7448,0.4968,2.9161,0.7832,0.363,0.363,0.363,0.6533,0.8743,0.0,0.6238,0.7445,2.8959,0.7952,9.2615,0.7594,0,0,0,0,0,0,0,0,0,0,0,0,0,0,0,0,0,0,0,0,0,5096,241,129,39,58,206,153,18,30,0,12,0,12,215,131,0,12,12.5,6.5,0.8,1.3,4.4,3.3,0.4,0.6,0.0,0.7,0.0,0.7,4.6,2.8,0.0,0.7
39,Ohio,OH,39007,Ashtabula County,39007000900,Census Tract 9; Ashtabula County; Ohio,16.718103086012,4455,410,2086,244,1886,243,1465,374,67,60,703,210,367,149,347,216,1079,171,750,147,630,159,51,33,18,49,907,571,104,83,261,140,36,42,99,99,285,7,34.7,8.2,3.2,2.9,37.3,10.0,11.0,4.1,8.2,5.0,24.2,3.8,16.8,2.9,14.9,3.1,2.7,1.7,0.4,1.1,20.4,12.7,5.0,3.9,12.5,6.5,1.9,2.2,5.2,5.0,6.4,0.6,0.7775,0.3711,0.8578,0.6855,0.7306,3.4225,0.7619,0.8399,0.1972,0.5408,0.2298,0.5412,2.3489,0.4625,0.5964,0.5964,0.5964,0.5578,0.9048,0.7219,0.4844,0.929,3.5979,0.9527,9.9657,0.8425,0,0,0,0,0,0,0,0,0,0,0,0,0,0,0,1,0,0,1,2,2,4254,138,59,261,173,486,250,0,12,16,19,0,12,144,63,0,12,7.3,3.1,5.9,3.8,10.9,5.5,0.0,0.8,0.4,0.4,0.0,0.8,3.2,1.4,0.0,0.8
39,Ohio,OH,39007,Ashtabula County,39007001001,Census Tract 10.01; Ashtabula County; Ohio,67.698413094014,5302,491,2622,240,2230,217,906,260,57,44,632,161,326,112,220,101,946,183,1073,192,708,164,102,57,15,67,359,715,6,18,119,75,32,38,49,38,201,19,17.1,4.6,2.2,1.7,28.3,6.7,8.4,2.6,4.1,1.9,17.8,3.2,20.2,2.6,13.4,2.8,4.6,2.5,0.3,1.3,6.8,13.5,0.2,0.7,4.5,2.9,1.4,1.7,2.2,1.7,3.8,0.1,0.4268,0.2238,0.6857,0.5428,0.3478,2.2269,0.4333,0.5178,0.397,0.4418,0.4381,0.4968,2.2915,0.4302,0.2264,0.2264,0.2264,0.261,0.7743,0.6384,0.2324,0.8656,2.7717,0.7476,7.5165,0.5025,0,0,0,0,0,0,0,0,0,0,0,0,0,0,0,0,0,0,0,0,0,3089,281,109,115,111,82,68,5,16,1,4,0,17,148,111,8,12,12.6,4.9,2.2,2.1,1.5,1.3,0.1,0.3,0.0,0.1,0.0,0.7,2.8,2.1,0.2,0.2
39,Ohio,OH,39007,Ashtabula County,39007001002,Census Tract 10.02; Ashtabula County; Ohio,37.268739180362,3575,390,1553,191,1423,194,455,198,115,103,242,92,119,64,172,105,973,234,505,111,506,133,64,53,0,48,172,559,20,20,158,75,0,16,108,76,138,7,13.2,5.5,7.6,6.6,17.0,6.0,4.1,2.3,5.0,2.9,27.2,5.4,14.1,3.2,14.6,3.8,4.5,3.7,0.0,1.4,4.8,15.6,1.3,1.3,10.2,5.0,0.0,1.1,7.6,5.2,3.9,0.5,0.3113,0.7527,0.2714,0.2359,0.4487,2.02,0.3705,0.9214,0.1056,0.5236,0.4286,0.0,1.9792,0.2632,0.1439,0.1439,0.1439,0.359,0.8771,0.0,0.6279,0.87,2.734,0.7333,6.8771,0.4095,0,0,0,0,0,0,1,0,0,0,0,1,0,0,0,0,0,0,0,0,1,3890,108,54,13,29,131,94,0,12,0,12,0,12,28,24,0,12,7.6,3.7,0.4,0.8,3.7,2.7,0.0,1.0,0.0,1.0,0.0,1.0,0.8,0.7,0.0,1.0
39,Ohio,OH,39007,Ashtabula County,39007001101,Census Tract 11.01; Ashtabula County; Ohio,38.845308704758,1853,260,806,88,727,90,483,178,103,73,185,67,122,59,165,117,332,93,459,136,301,96,36,29,0,48,173,358,5,13,124,48,5,14,28,20,0,12,26.5,9.1,12.5,7.8,25.4,8.7,9.4,4.4,8.9,6.0,17.9,4.8,24.8,5.1,16.2,5.0,5.0,3.9,0.0,2.7,9.3,19.3,0.6,1.6,15.4,6.1,0.7,1.9,3.9,2.6,0.0,0.6,0.6506,0.8946,0.5962,0.5999,0.7661,3.5074,0.7822,0.5231,0.7004,0.6144,0.4762,0.0,2.3141,0.441,0.331,0.331,0.331,0.2886,0.9305,0.4873,0.3892,0.0,2.0956,0.4584,8.2481,0.6232,0,0,0,0,0,0,0,0,0,0,0,0,0,0,0,1,0,0,0,1,1,715,155,64,0,12,58,94,0,12,0,12,0,12,115,78,0,12,21.3,8.4,0.0,1.9,3.1,5.0,0.0,1.9,0.0,1.9,0.0,1.9,6.2,4.1,0.0,1.9
39,Ohio,OH,39007,Ashtabula County,39007001102,Census Tract 11.02; Ashtabula County; Ohio,43.469550041728,5965,374,2865,373,2583,345,1298,408,74,75,597,209,421,172,279,216,1336,290,1153,264,1144,345,106,84,3,66,359,560,111,89,167,165,29,47,160,122,177,15,22.3,6.9,2.3,2.3,23.1,7.5,10.1,4.1,4.8,3.6,22.4,4.8,19.3,4.8,19.6,5.6,4.1,3.2,0.1,1.2,6.0,9.4,3.9,3.1,5.8,5.4,1.1,1.8,6.2,4.6,3.0,0.2,0.5659,0.2384,0.5111,0.6443,0.4243,2.384,0.4778,0.7663,0.3377,0.7893,0.3844,0.4245,2.7022,0.6819,0.1928,0.1928,0.1928,0.5133,0.8022,0.587,0.5546,0.8291,3.2862,0.8952,8.5652,0.6711,0,0,0,0,0,0,0,0,0,0,0,0,0,0,0,0,0,0,0,0,0,7937,413,187,34,11,273,179,0,17,0,17,30,56,22,25,0,17,16.0,6.7,0.6,0.2,4.6,3.0,0.0,0.6,0.0,0.6,0.5,0.9,0.4,0.4,0.0,0.6
39,Ohio,OH,39007,Ashtabula County,39007001201,Census Tract 12.01; Ashtabula County; Ohio,64.047947642082,3642,446,1476,142,1335,211,590,322,45,62,300,124,347,157,432,305,550,117,691,151,368,139,0,16,0,48,476,585,0,16,120,105,22,34,18,29,0,12,16.2,8.6,2.3,3.2,22.5,8.6,12.7,5.7,11.9,8.4,15.1,2.9,19.0,3.2,10.1,3.4,0.0,1.2,0.0,1.4,13.1,16.0,0.0,1.1,8.1,7.3,1.6,2.5,1.3,2.2,0.0,0.3,0.3951,0.2384,0.4902,0.7454,0.8842,2.7533,0.5898,0.3472,0.3183,0.2222,0.0,0.0,0.8877,0.0168,0.4477,0.4477,0.4477,0.0,0.8467,0.6794,0.1349,0.0,1.661,0.2784,5.7497,0.2219,0,0,0,0,0,0,0,0,0,0,0,0,0,0,0,0,0,0,0,0,0,1394,123,76,0,12,0,12,0,12,15,22,0,12,406,314,55,92,9.2,5.4,0.0,1.0,0.0,1.0,0.0,1.0,0.4,0.6,0.0,1.0,11.1,7.9,1.5,2.5
39,Ohio,OH,39007,Ashtabula County,39007001202,Census Tract 12.02; Ashtabula County; Ohio,67.5878307785,3881,658,1527,208,1386,226,1285,522,156,98,250,121,121,82,297,212,615,119,878,279,427,137,16,28,0,48,54,931,0,16,146,98,14,27,59,50,0,12,33.1,12.2,8.4,5.5,18.0,8.2,4.4,3.1,7.7,6.0,15.8,4.3,22.6,5.0,11.0,4.0,1.2,2.0,0.0,1.4,1.4,24.0,0.0,1.0,9.6,6.2,1.0,1.9,4.3,3.7,0.0,0.3,0.7575,0.7876,0.3114,0.2581,0.6915,2.8061,0.6032,0.3865,0.5609,0.2815,0.0937,0.0,1.3226,0.0565,0.0159,0.0159,0.0159,0.0,0.8717,0.5676,0.4184,0.0,1.8577,0.3584,6.0023,0.2597,0,0,0,0,0,0,0,0,0,0,0,0,0,0,0,0,0,0,0,0,0,1406,234,116,0,12,0,12,0,12,0,12,0,12,54,37,0,12,16.9,8.7,0.0,0.9,0.0,0.9,0.0,0.9,0.0,0.9,0.0,0.9,1.4,1.0,0.0,0.9
39,Ohio,OH,39007,Ashtabula County,39007001301,Census Tract 13.01; Ashtabula County; Ohio,72.164081181278,3425,694,1850,237,1334,244,749,238,101,73,233,97,435,150,877,597,800,165,881,480,368,104,58,55,9,48,78,976,24,31,290,97,44,53,68,57,98,2,22.7,5.4,6.7,4.8,17.5,6.5,18.4,6.0,26.4,14.9,23.4,5.2,25.7,10.7,11.1,3.7,4.3,4.0,0.3,1.5,2.3,28.5,1.3,1.7,15.7,5.1,3.3,3.9,5.1,4.5,2.9,0.6,0.5744,0.7032,0.2905,0.8868,0.9911,3.446,0.767,0.8107,0.7511,0.2882,0.407,0.4968,2.7538,0.7089,0.0438,0.0438,0.0438,0.359,0.9327,0.8651,0.4787,0.8224,3.4579,0.9305,9.7015,0.8165,0,0,0,0,1,1,0,0,0,0,0,0,0,0,0,1,0,0,0,1,2,2246,295,116,10,23,0,12,17,27,0,12,0,12,51,52,0,12,22.1,8.1,0.3,0.7,0.0,1.0,0.5,0.8,0.0,1.0,0.0,1.0,1.5,1.5,0.0,1.0
39,Ohio,OH,39007,Ashtabula County,39007001303,Census Tract 13.03; Ashtabula County; Ohio,64.689046074758,3137,824,1208,232,966,236,1030,742,41,42,202,97,175,106,389,422,323,131,1011,409,271,119,18,25,11,49,98,1167,3,13,64,40,77,58,42,49,0,12,33.0,22.1,3.1,3.5,20.9,8.6,9.8,5.9,12.4,12.6,10.3,4.9,32.2,7.0,8.6,4.5,1.9,2.5,0.4,1.7,3.1,37.2,0.2,1.1,5.3,3.6,8.0,5.7,4.3,5.1,0.0,0.4,0.755,0.3537,0.4314,0.6252,0.8962,3.0615,0.6806,0.1325,0.9521,0.1415,0.1517,0.5412,1.919,0.2308,0.0685,0.0685,0.0685,0.261,0.7908,0.9771,0.4184,0.0,2.4473,0.6133,7.4963,0.5,0,0,0,0,0,0,0,1,0,0,0,1,0,0,0,0,1,0,0,1,2,2516,150,84,62,104,30,49,0,12,0,12,0,12,6,11,0,12,15.5,9.3,2.0,3.3,1.0,1.6,0.0,1.1,0.0,1.1,0.0,1.1,0.2,0.4,0.0,1.1
39,Ohio,OH,39007,Ashtabula County,39007001304,Census Tract 13.04; Ashtabula County; Ohio,9.418799602078,1107,377,1558,143,328,138,612,412,21,26,66,105,38,49,246,184,151,66,487,355,67,42,0,16,38,53,16,533,0,16,1179,175,13,18,11,12,0,12,55.3,32.1,6.2,7.2,20.1,30.9,6.2,6.9,22.2,15.4,13.6,6.7,44.0,24.9,6.1,3.9,0.0,4.9,4.4,5.9,1.4,48.1,0.0,1.0,75.7,8.9,4.0,5.2,3.4,3.9,0.0,1.1,0.9372,0.6698,0.3971,0.3966,0.9854,3.3861,0.7533,0.2695,0.9968,0.0463,0.0,0.9388,2.2514,0.4051,0.0159,0.0159,0.0159,0.0,1.0,0.8952,0.3438,0.0,2.239,0.5194,7.8924,0.5654,1,0,0,0,1,2,0,1,0,0,1,2,0,0,0,1,0,0,0,1,5,593,40,38,0,12,14,26,0,12,2,8,0,12,0,12,0,12,12.2,11.8,0.0,3.1,1.3,2.4,0.0,3.1,0.2,0.7,0.0,3.1,0.0,3.1,0.0,3.1
39,Ohio,OH,39007,Ashtabula County,39007001401,Census Tract 14.01; Ashtabula County; Ohio,48.89915034354,3484,367,888,138,817,155,1503,649,14,21,140,71,726,196,1558,494,265,90,1377,275,346,186,6,15,114,92,41,519,11,16,10,15,163,82,366,88,0,12,43.1,18.1,1.0,1.5,17.1,8.1,46.4,10.1,44.7,15.1,7.6,2.6,39.5,7.1,9.9,4.7,0.7,1.8,3.6,2.9,1.2,14.9,1.2,1.8,1.1,1.6,19.9,9.3,44.8,9.1,0.0,0.3,0.8639,0.0714,0.2765,0.9971,0.9968,3.2057,0.7133,0.0571,0.9914,0.2104,0.0546,0.9182,2.2317,0.394,0.0114,0.0114,0.0114,0.3483,0.6378,0.9997,0.9889,0.0,2.9747,0.8213,8.4235,0.6521,0,0,0,1,1,2,0,1,0,0,1,2,0,0,0,0,1,1,0,2,6,3696,464,97,0,12,0,12,0,12,0,12,0,12,41,50,0,12,56.8,9.9,0.0,1.0,0.0,1.0,0.0,1.0,0.0,1.0,0.0,1.0,1.2,1.4,0.0,1.0
39,Ohio,OH,39007,Ashtabula County,39007001402,Census Tract 14.02; Ashtabula County; Ohio,59.545979789186,4934,500,2077,284,1855,284,1277,302,88,57,539,206,690,302,698,223,864,229,1172,180,613,149,86,42,0,48,184,737,31,27,285,102,43,33,230,118,49,2,26.5,5.6,3.8,2.5,29.1,10.2,20.9,7.4,14.3,4.1,17.5,3.9,23.8,3.1,12.5,2.8,4.6,2.2,0.0,1.0,3.7,14.9,1.5,1.3,13.7,4.6,2.3,1.7,12.4,6.6,1.0,0.1,0.6506,0.4524,0.7054,0.9217,0.9318,3.6619,0.8152,0.4959,0.6439,0.3846,0.4381,0.0,1.9625,0.2546,0.0932,0.0932,0.0932,0.3717,0.9187,0.7698,0.7883,0.6595,3.508,0.9387,9.2256,0.754,0,0,0,1,1,2,0,0,0,0,0,0,0,0,0,1,0,0,0,1,3,3324,377,130,48,59,7,15,0,12,12,20,0,12,117,85,0,12,20.3,7.3,1.0,1.2,0.1,0.3,0.0,0.7,0.2,0.4,0.0,0.7,2.4,1.9,0.0,0.7
39,Ohio,OH,39009,Athens County,39009972600,Census Tract 9726; Athens County; Ohio,33.942713694622,3680,329,1761,200,1458,176,1173,269,62,27,389,93,447,122,254,78,688,136,861,122,886,159,90,47,0,48,114,459,6,13,329,91,7,16,123,57,0,12,32.0,6.7,4.2,1.7,26.7,5.5,17.2,3.9,6.9,2.1,18.7,2.9,23.4,3.4,24.1,3.4,6.2,3.1,0.0,1.4,3.1,12.5,0.3,0.7,18.7,4.4,0.5,1.1,8.4,3.5,0.0,0.3,0.7414,0.4975,0.6425,0.8643,0.6274,3.3731,0.7505,0.5821,0.6138,0.9169,0.5657,0.0,2.6785,0.6679,0.0685,0.0685,0.0685,0.2683,0.9514,0.4413,0.6635,0.0,2.3245,0.561,8.4446,0.6543,0,0,0,0,0,0,0,0,1,0,0,1,0,0,0,1,0,0,0,1,2,2582,413,105,12,15,19,20,5,9,24,25,0,12,45,40,9,12,28.3,6.1,0.3,0.4,0.5,0.6,0.1,0.2,0.7,0.7,0.0,0.9,1.2,1.1,0.2,0.3
39,Ohio,OH,39009,Athens County,39009972700,Census Tract 9727; Athens County; Ohio,24.10013355667,3572,444,1796,219,1440,219,947,335,69,36,335,109,182,78,131,80,552,134,770,182,903,347,97,52,7,47,249,631,9,20,259,101,27,40,50,33,0,12,26.5,8.8,4.2,2.5,23.3,6.7,7.1,3.4,3.7,2.3,15.5,3.8,21.6,4.9,25.3,7.5,6.7,3.5,0.2,1.4,7.0,17.6,0.5,1.1,14.4,5.5,1.9,2.8,3.5,2.3,0.0,0.3,0.6506,0.4975,0.5171,0.4569,0.3021,2.4242,0.4863,0.371,0.4918,0.9359,0.5975,0.4556,2.8518,0.7543,0.234,0.234,0.234,0.2819,0.9235,0.7219,0.3537,0.0,2.281,0.5406,7.791,0.5479,0,0,0,0,0,0,0,0,1,0,0,1,0,0,0,1,0,0,0,1,2,2435,276,93,40,49,72,88,0,12,3,6,0,12,134,82,0,12,19.2,6.3,1.1,1.4,2.0,2.5,0.0,1.0,0.1,0.2,0.0,1.0,3.8,2.3,0.0,1.0
39,Ohio,OH,39009,Athens County,39009972800,Census Tract 9728; Athens County; Ohio,28.834937904054,4124,308,1613,178,1295,171,1704,412,235,109,455,156,560,211,195,94,457,88,756,135,792,203,16,20,4,47,383,463,228,105,317,98,56,61,209,119,768,38,51.2,11.5,14.7,6.6,35.1,11.1,22.2,7.3,5.0,2.4,11.1,2.2,18.3,3.1,20.3,4.7,1.2,1.5,0.1,1.2,9.3,11.2,14.2,6.3,19.7,6.0,4.3,4.7,16.1,8.0,18.6,1.7,0.9146,0.9286,0.8241,0.9341,0.4487,4.0501,0.8984,0.1617,0.272,0.8156,0.0937,0.4245,1.7675,0.1657,0.331,0.331,0.331,0.7689,0.9562,0.9111,0.8556,0.9734,4.4652,0.9997,10.6138,0.9041,1,1,0,1,0,3,0,0,0,0,0,0,0,0,0,1,1,0,1,3,6,5204,114,68,152,65,83,65,2,6,0,12,0,12,136,89,10,19,8.8,5.3,3.7,1.6,2.0,1.6,0.0,0.1,0.0,0.8,0.0,0.8,3.3,2.2,0.2,0.4
39,Ohio,OH,39009,Athens County,39009972900,Census Tract 9729; Athens County; Ohio,16.29345613725,5935,707,3293,460,2891,446,2269,556,121,86,885,254,253,162,418,186,1211,325,445,142,1536,487,62,55,134,164,1037,924,429,165,271,108,51,48,255,132,177,6,39.2,8.3,3.8,2.8,30.6,7.4,5.5,3.4,7.2,3.1,20.4,4.8,7.5,2.5,26.5,7.4,2.1,1.9,2.3,2.8,17.5,15.4,13.1,4.7,8.2,3.5,1.7,1.6,8.8,4.6,3.0,0.4,0.8277,0.4524,0.74,0.3405,0.6557,3.0163,0.6657,0.6855,0.0295,0.954,0.1673,0.8548,2.6911,0.6737,0.5469,0.5469,0.5469,0.7505,0.8495,0.6917,0.6813,0.8291,3.8021,0.9778,10.0564,0.8527,0,0,0,0,0,0,0,0,1,0,0,1,0,0,0,0,0,0,0,0,1,5648,382,168,281,145,94,78,460,283,0,17,0,17,202,138,0,17,13.2,6.3,4.7,2.3,1.6,1.3,7.8,4.5,0.0,0.6,0.0,0.6,3.4,2.4,0.0,0.6
39,Ohio,OH,39009,Athens County,39009973000,Census Tract 9730; Athens County; Ohio,1.36657134931,3485,426,1712,198,1468,194,1326,349,51,45,464,154,24,26,241,144,422,130,544,154,459,138,53,42,92,102,560,567,14,24,35,51,39,54,53,51,6,4,38.2,8.9,2.7,2.3,31.6,9.6,1.1,1.2,6.9,3.9,12.1,4.0,15.6,3.6,13.2,3.6,3.6,2.8,2.8,3.1,16.1,16.2,0.8,1.4,2.0,2.9,2.7,3.7,3.6,3.3,0.2,0.1,0.8166,0.2968,0.7644,0.0384,0.6274,2.5436,0.5229,0.1988,0.1481,0.4307,0.3292,0.8884,1.9952,0.2695,0.5178,0.5178,0.5178,0.3111,0.6978,0.814,0.3638,0.4356,2.6223,0.687,7.6789,0.5292,0,0,0,0,0,0,0,0,0,0,0,0,0,0,0,0,0,0,0,0,0,2234,125,74,35,60,140,112,218,155,0,12,0,12,167,112,0,12,8.5,4.9,1.0,1.7,4.0,3.1,6.3,4.2,0.0,1.0,0.0,1.0,4.8,3.2,0.0,1.0
39,Ohio,OH,39009,Athens County,39009973101,Census Tract 9731.01; Athens County; Ohio,0.523375546774,3817,391,1039,206,862,226,1322,327,253,103,543,215,203,210,189,96,35,27,34,46,629,228,0,16,23,52,612,550,305,128,0,12,7,17,142,70,1999,93,71.6,9.6,12.0,4.8,63.0,18.7,30.6,24.8,5.0,2.6,0.9,0.7,0.9,1.2,16.7,5.6,0.0,1.9,0.6,1.4,16.0,14.3,29.3,10.9,0.0,3.3,0.8,2.0,16.5,9.7,52.4,5.9,0.9857,0.8841,0.9956,0.9822,0.4487,4.2963,0.9425,0.0051,0.007,0.6493,0.0,0.6088,1.2702,0.0483,0.5155,0.5155,0.5155,0.9143,0.0,0.5117,0.86,0.9918,3.2778,0.8937,9.3598,0.7759,1,0,1,1,0,3,0,0,0,0,0,0,0,0,1,0,0,0,1,2,5,15407,233,188,178,74,107,62,93,85,23,32,9,21,202,103,0,12,27.0,16.7,4.7,2.0,2.8,1.6,2.4,2.2,0.6,0.8,0.2,0.5,5.3,2.7,0.0,0.9
39,Ohio,OH,39009,Athens County,39009973200,Census Tract 9732; Athens County; Ohio,18.376785694952,4161,486,2310,295,1989,303,1189,390,127,77,592,186,94,71,82,57,1048,379,560,154,736,288,29,40,60,72,635,725,278,111,562,285,7,16,23,27,72,5,28.9,8.9,6.8,4.0,29.8,8.2,3.2,2.4,2.0,1.5,25.2,7.7,13.5,4.0,18.2,7.0,1.5,2.0,1.5,1.8,15.3,17.3,12.1,4.5,24.3,10.6,0.4,0.8,1.2,1.2,1.7,0.2,0.6925,0.7079,0.7206,0.1671,0.1209,2.409,0.4819,0.8744,0.0881,0.7204,0.1156,0.7854,2.5839,0.6124,0.5013,0.5013,0.5013,0.7324,0.9743,0.4206,0.1276,0.7381,2.993,0.827,8.4872,0.66,0,0,0,0,0,0,0,0,0,0,0,0,0,0,0,1,0,0,0,1,1,4926,491,266,99,69,182,142,211,169,0,12,0,12,130,97,13,22,24.7,11.7,2.4,1.7,4.4,3.5,5.1,4.0,0.0,0.8,0.0,0.8,3.1,2.3,0.3,0.5
39,Ohio,OH,39009,Athens County,39009973300,Census Tract 9733; Athens County; Ohio,21.478465455286,3927,484,1922,174,1696,163,724,243,92,54,369,139,102,73,152,70,524,78,814,249,334,117,50,41,0,48,714,683,229,98,46,41,10,20,55,59,0,12,18.4,5.8,4.2,2.6,21.8,7.9,3.8,2.7,3.9,2.0,13.3,2.6,20.7,4.5,8.5,3.0,2.9,2.4,0.0,1.3,18.2,17.2,11.9,5.0,2.4,2.1,0.6,1.2,3.2,3.5,0.0,0.3,0.4656,0.4975,0.4657,0.2102,0.3224,1.9614,0.354,0.2505,0.4315,0.1371,0.2473,0.0,1.0664,0.027,0.5615,0.5615,0.5615,0.7289,0.7143,0.4632,0.3248,0.0,2.2312,0.5165,5.8205,0.2356,0,0,0,0,0,0,0,0,0,0,0,0,0,0,0,0,0,0,0,0,0,1675,138,80,181,143,71,52,281,139,0,12,10,17,170,129,1,2,8.1,4.6,4.6,3.6,1.8,1.3,7.2,3.4,0.0,0.9,0.3,0.4,4.3,3.3,0.0,0.1
39,Ohio,OH,39009,Athens County,39009973400,Census Tract 9734; Athens County; Ohio,29.109365692084,3555,334,1629,165,1536,164,1507,287,59,62,435,133,249,99,372,166,723,132,685,155,695,162,95,59,0,48,186,481,96,48,292,105,17,27,148,58,0,12,42.7,7.1,3.8,3.8,28.3,8.1,9.3,3.4,10.5,4.5,20.3,3.3,19.3,3.6,19.5,4.2,6.1,3.8,0.0,1.4,5.2,13.5,5.9,2.9,17.9,6.2,1.1,1.8,9.6,3.6,0.0,0.3,0.8607,0.4524,0.6857,0.5951,0.8385,3.4324,0.7654,0.6804,0.3377,0.7855,0.5584,0.0,2.362,0.4733,0.1585,0.1585,0.1585,0.5848,0.946,0.587,0.706,0.0,2.8238,0.7683,8.7767,0.6984,0,0,0,0,0,0,0,0,0,0,0,0,0,0,0,1,0,0,0,1,1,4360,239,85,62,49,42,39,1,3,2,3,0,12,64,37,15,26,15.6,5.3,1.7,1.4,1.2,1.1,0.0,0.1,0.1,0.1,0.0,1.0,1.8,1.0,0.4,0.7
39,Ohio,OH,39009,Athens County,39009973500,Census Tract 9735; Athens County; Ohio,106.68701737844,3230,345,1735,205,1476,202,998,319,31,25,248,128,223,104,121,64,621,157,589,179,418,123,95,71,0,48,225,541,0,16,538,165,0,16,30,27,3,2,30.9,9.3,2.0,1.6,16.8,8.4,9.1,4.0,3.7,2.0,19.2,5.3,18.2,4.5,12.9,3.8,6.4,4.7,0.0,1.5,7.0,16.7,0.0,0.9,31.0,8.6,0.0,1.1,2.0,1.9,0.1,0.1,0.7248,0.194,0.2635,0.5821,0.3021,2.0665,0.3863,0.6129,0.267,0.4059,0.58,0.0,1.8658,0.207,0.234,0.234,0.234,0.0,0.9879,0.0,0.2127,0.3694,1.57,0.2511,5.7363,0.2206,0,0,0,0,0,0,0,0,0,0,0,0,0,0,0,1,0,0,0,1,1,1318,341,169,98,108,0,12,0,12,0,12,0,12,61,49,66,97,23.1,9.8,3.0,3.5,0.0,1.1,0.0,1.1,0.0,1.1,0.0,1.1,1.9,1.5,2.0,3.0
39,Ohio,OH,39009,Athens County,39009973600,Census Tract 9736; Athens County; Ohio,68.82855218091,4145,438,1914,205,1640,197,538,191,25,19,424,166,177,74,185,92,916,183,651,134,764,235,35,34,0,48,103,623,0,16,400,111,28,44,79,54,57,11,13.1,4.5,1.2,0.9,25.9,9.6,5.3,2.4,4.5,2.3,22.1,4.4,15.7,2.9,18.7,5.0,2.1,2.1,0.0,1.2,2.5,15.0,0.0,0.8,20.9,5.7,1.7,2.7,4.8,3.4,1.4,0.2,0.3078,0.0898,0.6111,0.3253,0.3875,1.7215,0.2848,0.7546,0.1525,0.7477,0.1673,0.0,1.8221,0.1905,0.0514,0.0514,0.0514,0.0,0.9632,0.6917,0.4568,0.7029,2.8146,0.7644,6.4096,0.3267,0,0,0,0,0,0,0,0,0,0,0,0,0,0,0,1,0,0,0,1,1,2245,286,146,0,12,5,8,31,54,0,12,0,12,67,43,0,12,17.4,8.3,0.0,0.8,0.1,0.2,0.7,1.3,0.0,0.8,0.0,0.8,1.6,1.1,0.0,0.8
39,Ohio,OH,39009,Athens County,39009973700,Census Tract 9737; Athens County; Ohio,94.054724807338,4240,471,1926,148,1626,167,913,252,74,59,460,140,264,91,319,186,698,147,1135,253,575,150,164,97,0,48,264,684,0,16,361,123,10,19,54,50,29,4,21.7,5.5,3.8,2.9,28.3,8.1,9.3,3.2,7.6,4.4,16.5,3.5,26.8,4.3,13.6,3.8,10.0,5.9,0.0,1.2,6.2,16.1,0.0,0.8,18.7,6.4,0.6,1.2,3.3,2.9,0.7,0.1,0.5497,0.4524,0.6857,0.5951,0.6855,2.9684,0.6508,0.4306,0.805,0.4532,0.7781,0.0,2.4669,0.5375,0.201,0.201,0.201,0.0,0.9514,0.4632,0.3346,0.6243,2.3735,0.5806,8.0098,0.5876,0,0,0,0,0,0,0,0,0,0,0,0,0,0,0,1,0,0,0,1,1,1527,249,108,55,60,44,71,0,12,0,12,0,12,165,98,0,12,15.3,6.3,1.3,1.4,1.0,1.7,0.0,0.8,0.0,0.8,0.0,0.8,3.9,2.3,0.0,0.8
39,Ohio,OH,39009,Athens County,39009973800,Census Tract 9738; Athens County; Ohio,59.30869964678,4652,443,2057,220,1812,207,626,255,4,5,461,173,160,121,631,296,753,198,1119,286,748,200,110,92,0,48,107,620,5,5,228,96,22,35,101,107,15,2,13.5,5.3,0.2,0.2,25.4,9.1,4.8,3.6,13.6,6.3,16.2,4.3,24.1,4.9,16.2,4.0,6.1,5.0,0.0,1.1,2.3,13.3,0.2,0.2,11.1,4.9,1.2,1.9,5.6,5.7,0.3,0.0,0.3193,0.0244,0.5962,0.2888,0.9219,2.1506,0.4108,0.4138,0.6655,0.6144,0.5584,0.0,2.2521,0.4054,0.0438,0.0438,0.0438,0.261,0.8892,0.6038,0.5175,0.4924,2.7639,0.7448,7.2104,0.4514,0,0,0,0,1,1,0,0,0,0,0,0,0,0,0,0,0,0,0,0,1,3504,310,144,9,14,75,69,0,12,6,12,0,12,17,25,0,12,17.1,7.2,0.2,0.3,1.6,1.5,0.0,0.7,0.1,0.3,0.0,0.7,0.4,0.5,0.0,0.7
39,Ohio,OH,39009,Athens County,39009973901,Census Tract 9739.01; Athens County; Ohio,0.451394550914,5360,394,641,133,491,108,1105,343,377,140,460,127,0,17,118,90,0,17,26,31,614,222,0,24,26,74,752,553,470,109,0,17,3,18,39,32,4179,233,93.6,9.6,14.5,5.4,93.7,15.6,0.0,21.1,2.2,1.6,0.0,0.6,0.5,0.6,11.5,4.2,0.0,4.9,0.5,1.4,14.0,10.3,73.3,7.6,0.0,5.3,0.6,3.7,7.9,6.4,78.0,7.2,0.9994,0.9263,0.9997,0.0,0.1396,3.065,0.6822,0.0,0.0054,0.3158,0.0,0.5796,0.9008,0.0171,0.4699,0.4699,0.4699,0.9914,0.0,0.4632,0.6444,0.9949,3.0939,0.8559,7.5296,0.5041,1,1,1,0,0,3,0,0,0,0,0,0,0,0,1,0,0,0,1,2,5,8774,39,30,214,80,246,94,53,38,11,16,0,17,228,107,0,17,7.9,6.3,4.0,1.5,4.6,1.8,1.0,0.7,0.2,0.3,0.0,0.6,4.3,1.9,0.0,0.6
39,Ohio,OH,39009,Athens County,39009973902,Census Tract 9739.02; Athens County; Ohio,0.28760351878,3393,482,1072,121,902,133,2243,456,126,87,469,127,48,75,208,89,122,87,118,89,395,137,14,22,43,80,528,665,429,109,0,12,23,25,158,56,617,33,80.7,8.9,6.6,4.4,52.0,11.8,6.8,9.3,6.1,2.3,3.6,2.5,3.5,2.5,11.6,3.7,1.6,2.4,1.3,2.4,15.6,19.5,40.1,9.1,0.0,3.2,2.6,2.7,17.5,5.9,18.2,2.8,0.9959,0.6965,0.9771,0.4344,0.5547,3.6586,0.814,0.0159,0.0149,0.3234,0.1238,0.7565,1.2345,0.0438,0.5073,0.5073,0.5073,0.9533,0.0,0.8029,0.8727,0.9724,3.6013,0.9533,9.0017,0.7289,1,0,1,0,0,2,0,0,0,0,0,0,0,0,1,0,0,0,1,2,4,3665,171,79,91,65,51,34,245,155,0,12,0,12,141,88,0,12,19.0,8.2,2.7,2.0,1.5,1.0,7.2,4.5,0.0,1.0,0.0,1.0,4.2,2.4,0.0,1.0
39,Ohio,OH,39011,Auglaize County,39011040100,Census Tract 401; Auglaize County; Ohio,80.729844785248,3840,411,1582,118,1436,124,236,69,149,105,141,47,231,70,171,68,629,107,943,195,475,134,28,34,3,45,125,570,0,16,171,105,19,15,6,7,0,12,6.3,1.7,7.4,4.9,9.8,3.2,9.1,2.6,4.5,1.7,16.4,2.9,24.6,3.3,12.4,3.2,2.0,2.4,0.1,1.2,3.3,14.8,0.0,1.0,10.8,6.3,1.4,1.0,0.4,0.5,0.0,0.3,0.0952,0.7438,0.0448,0.5821,0.3875,1.8534,0.3225,0.4255,0.6877,0.3802,0.159,0.4245,2.0769,0.3111,0.0793,0.0793,0.0793,0.0,0.8841,0.6384,0.0476,0.0,1.5701,0.2514,5.5797,0.1987,0,0,0,0,0,0,0,0,0,0,0,0,0,0,0,0,0,0,0,0,0,1771,103,34,17,23,48,54,9,14,0,12,0,12,42,30,9,17,7.2,2.3,0.4,0.6,1.3,1.4,0.2,0.4,0.0,0.9,0.0,0.9,1.1,0.8,0.2,0.4
39,Ohio,OH,39011,Auglaize County,39011040200,Census Tract 402; Auglaize County; Ohio,35.189094580148,4544,348,2035,178,1915,175,761,217,147,67,413,113,201,88,237,157,1165,184,918,146,494,115,128,57,0,48,411,510,28,17,79,41,62,45,73,36,139,17,17.3,4.7,6.2,2.7,21.6,5.6,6.1,2.6,5.4,3.5,25.6,3.5,20.2,2.5,11.2,2.4,6.7,2.9,0.0,1.1,9.0,11.2,1.3,0.8,3.9,2.0,3.2,2.3,3.8,1.8,3.1,0.3,0.4338,0.6698,0.459,0.3897,0.4916,2.4439,0.4927,0.8865,0.397,0.2964,0.5975,0.0,2.1774,0.3667,0.3177,0.3177,0.3177,0.359,0.7594,0.8571,0.38,0.8358,3.1913,0.8768,8.1303,0.6041,0,0,0,0,0,0,0,0,0,0,0,0,0,0,0,0,0,0,0,0,0,2499,241,91,227,157,117,103,0,12,1,4,0,12,66,53,0,12,12.6,4.4,5.0,3.5,2.6,2.3,0.0,0.8,0.0,0.1,0.0,0.8,1.5,1.2,0.0,0.8
39,Ohio,OH,39011,Auglaize County,39011040300,Census Tract 403; Auglaize County; Ohio,2.850333149864,3371,482,1610,177,1512,178,633,234,44,45,250,92,181,71,260,111,462,118,849,199,506,171,157,84,0,48,211,673,49,38,192,100,46,38,16,20,0,12,19.0,6.4,2.4,2.5,16.5,5.8,8.0,3.4,7.7,3.4,13.7,3.7,25.2,3.2,15.0,5.2,10.4,5.4,0.0,1.5,6.3,19.9,3.0,2.3,11.9,6.4,3.0,2.5,1.1,1.3,0.0,0.4,0.484,0.2514,0.2505,0.5133,0.6915,2.1907,0.4248,0.2752,0.7248,0.5462,0.7914,0.0,2.3376,0.4556,0.208,0.208,0.208,0.4724,0.8975,0.8429,0.1194,0.0,2.3322,0.5641,7.0685,0.4343,0,0,0,0,0,0,0,0,0,0,0,0,0,0,0,0,0,0,0,0,0,3742,233,106,0,12,117,115,0,12,4,8,0,12,90,65,0,12,15.4,6.9,0.0,1.0,3.5,3.3,0.0,1.0,0.1,0.2,0.0,1.0,2.7,1.9,0.0,1.0
39,Ohio,OH,39011,Auglaize County,39011040400,Census Tract 404; Auglaize County; Ohio,4.159547888768,6666,383,3089,191,2885,202,1235,424,127,113,520,178,375,207,202,106,1450,205,1333,176,860,249,183,119,0,68,696,581,358,142,210,120,0,24,222,119,127,7,18.9,6.4,3.7,3.1,18.0,6.0,7.7,4.3,3.1,1.6,21.8,3.1,20.0,2.3,13.2,3.9,6.4,4.1,0.0,1.1,10.4,8.7,11.6,4.5,6.8,3.9,0.0,0.8,7.7,4.0,1.9,0.2,0.4805,0.4429,0.3114,0.4933,0.2371,1.9652,0.3552,0.7445,0.3836,0.4307,0.58,0.0,2.1388,0.3451,0.3694,0.3694,0.3694,0.7216,0.8232,0.0,0.634,0.7524,2.9312,0.8048,7.4046,0.4898,0,0,0,0,0,0,0,0,0,0,0,0,0,0,0,0,0,0,0,0,0,5842,301,165,46,47,385,216,0,17,0,17,0,17,265,210,0,17,10.4,5.5,0.7,0.7,5.8,3.2,0.0,0.5,0.0,0.5,0.0,0.5,4.0,3.1,0.0,0.5
39,Ohio,OH,39011,Auglaize County,39011040500,Census Tract 405; Auglaize County; Ohio,111.268873982258,5176,439,1957,181,1923,182,542,217,50,35,227,98,141,70,97,84,987,146,1437,258,579,183,145,68,0,68,121,620,0,24,0,17,43,46,83,81,2,2,10.6,4.1,1.9,1.3,11.8,5.0,4.1,2.0,1.9,1.6,19.1,2.8,27.8,3.5,11.2,3.3,7.6,3.5,0.0,1.4,2.3,12.0,0.0,1.2,0.0,1.8,2.2,2.4,4.3,4.1,0.0,0.0,0.2279,0.1787,0.0924,0.2359,0.1104,0.8453,0.0714,0.6062,0.8472,0.2964,0.661,0.0,2.4108,0.5048,0.0438,0.0438,0.0438,0.0,0.0,0.7575,0.4184,0.0,1.1759,0.14,4.4758,0.0946,0,0,0,0,0,0,0,0,0,0,0,0,0,0,0,0,0,0,0,0,0,4541,234,111,30,36,12,18,5,10,4,8,0,17,68,57,2,3,12.2,5.3,0.6,0.7,0.2,0.3,0.1,0.2,0.1,0.2,0.0,0.7,1.3,1.1,0.0,0.1
39,Ohio,OH,39011,Auglaize County,39011040600,Census Tract 406; Auglaize County; Ohio,25.29517330095,4078,341,1660,168,1630,153,676,250,37,29,232,89,223,105,378,140,569,92,1036,185,627,174,84,53,0,48,141,480,17,24,0,12,3,14,39,30,50,4,16.8,6.0,1.6,1.3,14.2,5.3,8.5,4.0,9.4,3.5,14.0,2.3,25.4,3.5,15.6,4.3,5.1,3.2,0.0,1.3,3.5,11.8,1.0,1.4,0.0,2.1,0.2,0.9,2.4,1.9,1.2,0.1,0.418,0.1346,0.161,0.5482,0.7928,2.0546,0.3822,0.2885,0.7327,0.5833,0.4841,0.0,2.0886,0.3162,0.0847,0.0847,0.0847,0.3292,0.0,0.3905,0.2514,0.6814,1.6525,0.2759,5.8804,0.2448,0,0,0,0,0,0,0,0,0,0,0,0,0,0,0,0,0,0,0,0,0,3852,272,119,22,31,30,42,14,26,3,6,0,12,71,44,1,5,16.7,6.9,0.5,0.7,0.7,1.0,0.3,0.6,0.1,0.1,0.0,0.9,1.7,1.1,0.0,0.1
39,Ohio,OH,39011,Auglaize County,39011040900,Census Tract 409; Auglaize County; Ohio,18.454844322394,3722,19,1556,159,1498,148,258,110,16,18,155,69,95,54,100,63,575,101,1010,196,242,80,45,35,31,56,154,98,0,16,0,12,0,16,63,48,1,3,7.0,3.0,0.8,0.9,10.3,4.5,3.9,2.2,2.7,1.7,15.4,2.7,27.1,5.3,6.5,2.2,3.0,2.3,0.9,1.7,4.1,2.6,0.0,1.0,0.0,2.2,0.0,1.1,4.2,3.1,0.0,0.1,0.1181,0.0578,0.0537,0.2191,0.1888,0.6375,0.039,0.3643,0.8205,0.0549,0.2619,0.6855,2.1871,0.3727,0.1097,0.1097,0.1097,0.0,0.0,0.0,0.4114,0.0,0.4114,0.0283,3.3457,0.0229,0,0,0,0,0,0,0,0,0,0,0,0,0,0,0,0,0,0,0,0,0,6453,258,110,35,42,36,40,56,47,0,12,0,12,15,29,12,19,17.2,6.4,0.9,1.1,1.0,1.1,1.5,1.3,0.0,0.9,0.0,0.9,0.4,0.8,0.3,0.5
39,Ohio,OH,39011,Auglaize County,39011041000,Census Tract 410; Auglaize County; Ohio,20.305225029926,3971,27,1459,121,1373,121,119,68,13,13,82,42,178,98,62,50,721,114,1142,152,386,137,31,20,46,77,45,57,26,23,0,12,13,17,55,47,93,2,3.1,1.8,0.6,0.7,6.0,3.0,7.3,3.8,1.6,1.3,18.2,2.8,28.8,3.8,10.0,3.5,2.2,1.4,1.2,2.1,1.1,1.4,1.7,1.6,0.0,2.4,0.9,1.2,4.0,3.4,2.3,0.0,0.0248,0.0422,0.0079,0.4715,0.0825,0.6289,0.0371,0.5466,0.8808,0.2174,0.1762,0.7403,2.5613,0.5965,0.0105,0.0105,0.0105,0.387,0.0,0.5384,0.3981,0.7815,2.105,0.4635,5.3057,0.1705,0,0,0,0,0,0,0,0,0,0,0,0,0,0,0,0,0,0,0,0,0,6800,119,52,4,22,31,39,0,12,0,12,0,12,0,12,10,16,8.7,3.5,0.1,0.6,0.8,1.0,0.0,0.9,0.0,0.9,0.0,0.9,0.0,0.9,0.3,0.4
39,Ohio,OH,39011,Auglaize County,39011041100,Census Tract 411; Auglaize County; Ohio,91.586496343468,3902,423,1588,114,1476,129,460,150,74,62,198,48,147,46,153,89,692,108,913,169,396,97,18,20,0,48,77,593,0,16,26,20,8,16,4,6,0,12,11.8,3.6,3.5,2.8,13.4,3.0,5.4,1.7,3.9,2.3,17.7,2.9,23.4,2.8,10.2,2.4,1.2,1.4,0.0,1.3,2.0,15.2,0.0,1.0,1.6,1.3,0.5,1.1,0.3,0.4,0.0,0.3,0.2656,0.4156,0.1371,0.3339,0.3224,1.4746,0.2184,0.5117,0.6138,0.2275,0.0937,0.0,1.4467,0.0768,0.0333,0.0333,0.0333,0.0,0.6749,0.4413,0.0438,0.0,1.16,0.1365,4.1146,0.0644,0,0,0,0,0,0,0,0,0,0,0,0,0,0,0,0,0,0,0,0,0,2708,149,62,18,22,6,8,6,13,7,8,0,12,32,20,8,10,10.1,4.0,0.5,0.6,0.2,0.2,0.2,0.3,0.2,0.2,0.0,0.9,0.8,0.5,0.2,0.2
39,Ohio,OH,39011,Auglaize County,39011041201,Census Tract 412.01; Auglaize County; Ohio,8.558336932,1773,236,981,115,928,117,342,127,28,25,341,90,87,46,100,49,635,108,264,79,352,101,46,28,6,47,80,328,70,39,19,18,0,16,75,43,64,3,20.1,6.9,3.5,3.0,36.7,8.5,6.4,3.4,5.9,2.6,35.8,5.5,14.9,3.5,20.6,5.6,5.0,3.0,0.3,2.7,4.5,18.5,7.1,3.9,1.9,1.8,0.0,1.7,8.1,4.3,3.6,0.5,0.5087,0.4156,0.8489,0.4112,0.537,2.7214,0.5794,0.9883,0.1259,0.8258,0.4762,0.4968,2.913,0.7816,0.1297,0.1297,0.1297,0.6213,0.693,0.0,0.6505,0.8545,2.8193,0.7667,8.5834,0.6737,0,0,0,0,0,0,1,0,0,0,0,1,0,0,0,0,0,0,0,0,1,907,186,63,0,12,18,20,16,25,0,12,0,12,46,47,0,12,20.0,6.3,0.0,2.0,1.0,1.1,0.9,1.4,0.0,2.0,0.0,2.0,2.6,2.6,0.0,2.0
39,Ohio,OH,39011,Auglaize County,39011041202,Census Tract 412.02; Auglaize County; Ohio,2.990092807416,5220,398,2444,211,2282,195,379,155,21,34,338,135,215,121,158,104,826,125,1134,226,678,228,124,92,0,68,350,554,170,116,68,78,91,98,50,41,45,2,7.3,2.9,0.7,1.1,14.8,5.8,6.1,3.3,3.1,2.0,15.8,2.8,21.7,3.9,13.1,4.4,5.5,4.0,0.0,1.4,6.7,10.6,6.9,4.7,2.8,3.1,4.0,4.3,2.2,1.8,0.9,0.1,0.1276,0.0502,0.1829,0.3897,0.2371,0.9875,0.0965,0.3865,0.4965,0.4199,0.5171,0.0,1.82,0.1892,0.2229,0.2229,0.2229,0.6146,0.7263,0.8952,0.2324,0.6458,3.1143,0.8613,6.1447,0.281,0,0,0,0,0,0,0,0,0,0,0,0,0,0,0,0,0,0,0,0,0,4580,245,111,0,17,49,66,46,50,0,17,0,17,255,144,0,17,10.7,4.6,0.0,0.7,0.9,1.3,0.9,1.0,0.0,0.7,0.0,0.7,4.9,2.7,0.0,0.7
39,Ohio,OH,39013,Belmont County,39013010100,Census Tract 101; Belmont County; Ohio,19.698863035884,4011,342,2108,212,1837,190,851,233,83,52,216,71,211,98,258,94,720,101,691,173,781,172,57,41,6,45,448,454,25,20,75,60,33,35,166,62,86,2,21.8,5.6,4.0,2.5,11.8,3.7,6.9,3.1,6.6,2.5,18.0,3.0,17.2,3.7,19.9,4.2,3.1,2.2,0.2,1.2,11.2,11.3,1.1,0.9,3.6,2.8,1.8,1.9,9.0,3.4,2.1,0.2,0.5535,0.4756,0.0924,0.4423,0.6001,2.1639,0.4143,0.5317,0.2153,0.8032,0.2733,0.4556,2.2791,0.4244,0.3944,0.3944,0.3944,0.3378,0.7502,0.7079,0.6873,0.7644,3.2476,0.8886,8.085,0.5981,0,0,0,0,0,0,0,0,0,0,0,0,0,0,0,0,0,0,0,0,0,3452,290,109,137,83,119,88,0,12,0,12,0,12,167,128,25,33,15.8,6.1,3.4,2.1,3.0,2.1,0.0,0.9,0.0,0.9,0.0,0.9,4.2,3.1,0.6,0.8
39,Ohio,OH,39013,Belmont County,39013010200,Census Tract 102; Belmont County; Ohio,10.122950807966,3126,365,1842,158,1369,141,704,228,139,96,334,108,153,105,244,135,636,101,545,136,527,136,49,41,0,48,395,492,113,61,88,49,0,16,80,47,2,3,22.6,6.8,9.1,5.8,24.4,7.5,6.5,4.4,7.8,4.3,20.3,3.8,17.4,3.6,16.9,4.5,3.6,3.0,0.0,1.6,12.6,15.7,6.1,3.3,4.8,2.5,0.0,1.2,5.8,3.4,0.1,0.1,0.5712,0.8178,0.5559,0.4157,0.701,3.0616,0.681,0.6804,0.2248,0.6598,0.3292,0.0,1.8942,0.2184,0.4337,0.4337,0.4337,0.5905,0.7797,0.0,0.5292,0.3694,2.2688,0.5368,7.6583,0.5267,0,0,0,0,0,0,0,0,0,0,0,0,0,0,0,0,0,0,0,0,0,1936,300,85,126,87,37,49,0,12,6,9,0,12,226,139,0,12,21.9,5.8,4.0,2.7,1.2,1.5,0.0,1.1,0.2,0.3,0.0,1.1,7.2,4.2,0.0,1.1
39,Ohio,OH,39013,Belmont County,39013010300,Census Tract 103; Belmont County; Ohio,19.922365514522,3527,198,1544,152,1414,122,321,196,28,39,112,71,175,117,141,105,892,151,617,152,659,152,11,14,2,46,85,292,0,16,13,18,0,16,20,29,52,4,9.2,5.6,1.7,2.4,7.9,5.0,6.3,4.2,4.0,3.0,25.3,4.0,17.5,4.0,18.9,4.4,0.8,1.0,0.1,1.4,2.4,8.3,0.0,1.0,0.8,1.1,0.0,1.1,1.4,2.1,1.5,0.1,0.1853,0.1492,0.0206,0.4042,0.3377,1.097,0.1216,0.8773,0.2305,0.7566,0.0625,0.4245,2.3514,0.4644,0.0479,0.0479,0.0479,0.0,0.6095,0.0,0.1476,0.7146,1.4717,0.221,4.968,0.1368,0,0,0,0,0,0,0,0,0,0,0,0,0,0,0,0,0,0,0,0,0,1308,233,94,80,119,2,4,0,12,0,12,3,12,0,12,0,12,16.5,6.7,2.3,3.4,0.1,0.1,0.0,1.0,0.0,1.0,0.1,0.3,0.0,1.0,0.0,1.0
39,Ohio,OH,39013,Belmont County,39013010600,Census Tract 106; Belmont County; Ohio,54.883013579922,4030,614,1921,152,1396,160,1336,607,54,37,186,72,116,60,300,140,487,116,1080,389,582,206,55,50,0,48,171,837,82,60,190,87,7,16,92,58,7,2,33.3,14.3,2.8,2.1,13.3,4.9,4.4,2.1,7.4,3.1,12.1,3.7,26.8,6.9,14.4,4.7,3.9,3.6,0.0,1.3,4.2,20.8,4.3,3.1,9.9,4.3,0.5,1.1,6.6,4.1,0.2,0.0,0.7601,0.3133,0.1337,0.2581,0.6744,2.1396,0.4083,0.1988,0.805,0.5119,0.3638,0.0,1.8795,0.213,0.1141,0.1141,0.1141,0.5314,0.8756,0.4413,0.5765,0.4356,2.8604,0.7819,6.9936,0.4216,0,0,0,0,0,0,0,0,0,0,0,0,0,0,0,0,0,0,0,0,0,1507,237,79,12,11,0,12,8,11,0,12,0,12,151,97,0,12,17.0,5.2,0.3,0.3,0.0,0.9,0.2,0.3,0.0,0.9,0.0,0.9,3.7,2.2,0.0,0.9
39,Ohio,OH,39013,Belmont County,39013010700,Census Tract 107; Belmont County; Ohio,70.037432137482,2525,352,1230,140,964,137,296,123,91,74,156,72,147,61,224,124,555,135,542,134,243,75,87,64,0,48,79,499,34,52,137,64,3,13,9,14,55,5,11.8,4.6,7.0,5.2,16.2,7.1,8.6,3.6,8.9,5.1,22.0,5.1,21.5,3.9,9.7,2.8,9.0,6.5,0.0,2.0,3.1,19.8,2.8,4.2,11.1,5.5,0.3,1.3,0.9,1.5,2.2,0.4,0.2656,0.7222,0.2371,0.552,0.7661,2.543,0.5225,0.7505,0.4848,0.2003,0.7349,0.0,2.1705,0.3622,0.0685,0.0685,0.0685,0.4622,0.8892,0.4041,0.0975,0.773,2.626,0.6895,7.408,0.4911,0,0,0,0,0,0,0,0,0,0,0,0,0,0,0,0,0,0,0,0,0,4110,60,33,6,13,36,40,13,20,0,12,0,12,24,33,0,12,6.2,3.6,0.2,0.5,1.4,1.6,0.5,0.8,0.0,1.4,0.0,1.4,1.0,1.3,0.0,1.4
39,Ohio,OH,39013,Belmont County,39013010802,Census Tract 108.02; Belmont County; Ohio,5.517738121964,2095,233,1068,119,903,118,581,158,41,24,110,55,127,48,188,86,422,85,391,97,475,133,38,27,0,48,11,328,25,24,130,58,24,19,32,21,9,2,27.7,6.9,4.5,2.6,12.2,5.9,8.7,3.0,9.0,3.9,20.1,3.4,18.7,3.8,22.7,5.7,4.2,2.9,0.0,2.4,0.5,15.7,2.3,2.2,12.2,5.1,2.6,2.1,3.5,2.3,0.4,0.1,0.6728,0.534,0.1032,0.5574,0.7721,2.6395,0.5514,0.6687,0.2964,0.8877,0.394,0.0,2.2468,0.4022,0.0022,0.0022,0.0022,0.426,0.9006,0.8029,0.3537,0.5374,3.0206,0.8384,7.9091,0.5702,0,0,0,0,0,0,0,0,0,0,0,0,0,0,0,1,0,0,0,1,1,952,141,49,2,4,2,4,0,12,0,12,0,12,7,8,0,12,15.6,5.3,0.1,0.2,0.1,0.2,0.0,1.7,0.0,1.7,0.0,1.7,0.3,0.4,0.0,1.7
39,Ohio,OH,39013,Belmont County,39013010901,Census Tract 109.01; Belmont County; Ohio,39.339595712954,1633,239,657,125,536,78,346,224,17,33,77,49,96,51,19,27,335,69,414,155,196,92,5,14,0,48,34,340,0,16,63,44,5,14,11,19,129,11,22.6,14.2,2.3,4.4,14.4,8.9,8.4,4.7,1.2,1.8,20.5,4.4,25.4,6.7,12.5,6.0,0.9,2.6,0.0,3.0,2.1,20.8,0.0,2.4,9.6,6.5,0.9,2.6,2.1,3.4,7.9,1.3,0.5712,0.2384,0.1679,0.5428,0.0511,1.5714,0.2441,0.6909,0.7327,0.3846,0.0705,0.0,1.8787,0.2124,0.0374,0.0374,0.0374,0.0,0.8717,0.5384,0.2248,0.9448,2.5797,0.6692,6.0672,0.2692,0,0,0,0,0,0,0,0,0,0,0,0,0,0,0,0,0,0,1,1,1,1053,63,33,23,39,11,24,0,12,0,12,0,12,0,12,0,12,11.8,6.2,1.4,2.4,0.7,1.5,0.0,2.1,0.0,2.1,0.0,2.1,0.0,2.1,0.0,2.1
39,Ohio,OH,39013,Belmont County,39013010902,Census Tract 109.02; Belmont County; Ohio,26.108711836662,5032,156,2270,274,1939,207,1273,367,41,51,429,156,384,126,131,158,911,177,1220,193,665,181,161,93,0,68,415,276,80,83,101,68,0,24,145,100,112,5,25.7,7.4,1.7,2.1,22.1,7.7,11.1,3.8,2.6,3.2,18.1,3.5,24.2,3.7,13.4,3.6,8.3,4.7,0.0,1.4,8.2,5.5,3.5,3.6,4.4,3.1,0.0,1.2,7.5,5.1,2.2,0.1,0.6373,0.1492,0.4768,0.6906,0.1812,2.1351,0.407,0.539,0.669,0.4418,0.7006,0.0,2.3504,0.4638,0.2892,0.2892,0.2892,0.4943,0.7721,0.0,0.6238,0.773,2.6632,0.7038,7.4379,0.4949,0,0,0,0,0,0,0,0,0,0,0,0,0,0,0,0,0,0,0,0,0,4883,421,154,0,17,52,65,121,105,0,17,15,21,227,135,0,17,21.7,7.1,0.0,0.7,1.0,1.3,2.4,2.1,0.0,0.7,0.3,0.4,4.5,2.7,0.0,0.7
39,Ohio,OH,39013,Belmont County,39013011000,Census Tract 110; Belmont County; Ohio,130.69543626603,4403,397,2306,207,1769,180,963,323,79,54,212,70,384,141,486,234,883,172,932,196,728,185,56,32,27,53,60,558,20,17,312,167,7,9,220,141,0,12,21.9,7.1,4.2,2.9,12.0,3.8,12.7,4.7,11.0,5.2,20.1,3.9,21.2,3.9,16.5,4.1,3.2,1.8,0.7,1.3,1.4,12.7,0.9,0.7,13.5,6.8,0.4,0.5,12.4,7.5,0.0,0.3,0.556,0.4975,0.0965,0.7454,0.8566,2.752,0.5886,0.6687,0.4654,0.6334,0.2841,0.6367,2.6883,0.6724,0.0159,0.0159,0.0159,0.3181,0.9159,0.4206,0.7883,0.0,2.4429,0.6114,7.8991,0.567,0,0,0,0,0,0,0,0,0,0,0,0,0,0,0,1,0,0,0,1,1,2765,512,156,14,22,11,19,0,12,0,12,0,12,35,28,0,12,28.9,7.6,0.3,0.5,0.2,0.4,0.0,0.8,0.0,0.8,0.0,0.8,0.8,0.6,0.0,0.8
39,Ohio,OH,39013,Belmont County,39013011200,Census Tract 112; Belmont County; Ohio,65.342897842596,3067,541,1504,148,1220,148,525,255,99,87,186,76,81,46,426,178,703,110,527,272,541,129,10,20,0,48,111,762,10,20,292,110,0,16,44,38,0,12,17.1,7.7,7.0,6.0,15.2,6.0,3.4,2.0,13.9,4.6,22.9,4.9,17.2,6.5,17.6,5.1,0.8,1.6,0.0,1.6,3.6,24.8,0.7,1.3,19.4,7.1,0.0,1.3,3.6,3.1,0.0,0.4,0.4268,0.7222,0.1971,0.1836,0.9257,2.4554,0.4946,0.7885,0.2153,0.6947,0.0625,0.0,1.761,0.1644,0.0885,0.0885,0.0885,0.2994,0.9546,0.0,0.3638,0.0,1.6178,0.2638,5.9227,0.2489,0,0,0,0,1,1,0,0,0,0,0,0,0,0,0,1,0,0,0,1,2,1398,282,93,0,12,44,54,0,12,6,9,0,12,61,78,0,12,23.1,7.7,0.0,1.1,1.4,1.7,0.0,1.1,0.2,0.3,0.0,1.1,2.0,2.5,0.0,1.1
39,Ohio,OH,39013,Belmont County,39013011300,Census Tract 113; Belmont County; Ohio,2.627389746922,3850,303,1868,211,1601,191,585,270,24,21,249,113,189,118,72,51,759,153,707,172,397,142,66,67,0,48,42,430,52,52,71,48,10,20,94,56,83,2,15.5,7.1,1.3,1.1,15.6,6.8,6.6,4.3,1.9,1.4,19.7,4.5,18.4,4.0,10.5,3.8,4.1,4.2,0.0,1.3,1.1,11.2,2.8,2.8,3.8,2.6,0.6,1.2,5.9,3.3,2.2,0.2,0.3786,0.1013,0.213,0.4236,0.1104,1.2269,0.1517,0.6468,0.279,0.2453,0.3844,0.0,1.5555,0.1029,0.0105,0.0105,0.0105,0.4622,0.7565,0.4632,0.5349,0.773,2.9898,0.8254,5.7827,0.2283,0,0,0,0,0,0,0,0,0,0,0,0,0,0,0,0,0,0,0,0,0,2670,282,102,0,12,0,12,15,26,0,12,0,12,27,25,0,12,17.6,6.4,0.0,0.9,0.0,0.9,0.4,0.7,0.0,0.9,0.0,0.9,0.7,0.7,0.0,0.9
39,Ohio,OH,39013,Belmont County,39013011400,Census Tract 114; Belmont County; Ohio,24.186587585999998,4302,27,1953,183,1772,151,1024,381,106,58,243,99,362,176,137,92,1154,271,643,211,843,217,102,70,0,48,156,111,45,41,253,196,0,16,48,45,51,2,24.1,9.0,5.6,3.2,13.7,5.5,10.9,5.3,3.2,2.2,26.8,6.3,14.9,4.9,19.8,5.1,5.8,3.9,0.0,1.2,3.6,2.6,2.3,2.1,13.0,9.7,0.0,0.9,2.7,2.5,1.2,0.0,0.602,0.6276,0.1457,0.6823,0.2491,2.3067,0.4565,0.9153,0.1259,0.7978,0.54,0.0,2.379,0.4848,0.0885,0.0885,0.0885,0.426,0.9114,0.0,0.2752,0.6814,2.294,0.5454,7.0682,0.4337,0,0,0,0,0,0,1,0,0,0,0,1,0,0,0,1,0,0,0,1,2,2577,521,212,38,58,12,22,7,11,0,12,0,12,99,85,0,12,29.4,10.7,0.9,1.4,0.3,0.5,0.2,0.3,0.0,0.8,0.0,0.8,2.3,2.0,0.0,0.8
39,Ohio,OH,39013,Belmont County,39013011500,Census Tract 115; Belmont County; Ohio,0.927315845276,1572,213,901,143,696,146,347,160,83,72,272,147,60,44,73,56,334,134,282,107,312,114,67,45,0,48,167,311,65,60,0,12,5,14,59,32,0,12,22.1,9.7,11.7,9.2,39.1,19.5,5.3,3.7,4.6,3.4,21.2,7.4,17.9,6.5,19.8,6.7,9.6,6.1,0.0,3.3,10.6,19.7,7.2,6.6,0.0,3.8,0.7,2.0,8.5,4.8,0.0,0.8,0.5611,0.8797,0.8854,0.3253,0.3996,3.0511,0.6762,0.7213,0.2495,0.7978,0.7654,0.0,2.534,0.5803,0.3748,0.3748,0.3748,0.6241,0.0,0.4873,0.6679,0.0,1.7793,0.3286,7.7392,0.5403,0,0,0,0,0,0,0,0,0,0,0,0,0,0,0,0,0,0,0,0,0,1390,109,49,57,57,0,12,0,12,0,12,0,12,96,86,14,21,15.7,7.4,3.6,3.5,0.0,2.2,0.0,2.2,0.0,2.2,0.0,2.2,6.1,5.5,0.9,1.4
39,Ohio,OH,39013,Belmont County,39013011600,Census Tract 116; Belmont County; Ohio,0.317249202544,1090,184,542,75,394,63,576,151,71,59,57,41,79,52,60,39,183,92,252,116,211,103,42,37,0,48,98,271,94,44,17,22,0,16,96,50,72,10,54.2,10.7,14.4,10.9,14.5,10.1,10.4,6.8,5.5,3.4,16.8,7.9,23.1,9.6,19.4,8.9,10.7,9.2,0.0,4.8,9.0,24.8,17.4,7.8,3.1,4.1,0.0,4.1,24.4,10.7,6.6,1.4,0.9295,0.9251,0.1721,0.6582,0.5005,3.1854,0.7102,0.4486,0.5948,0.782,0.8006,0.0,2.626,0.639,0.3177,0.3177,0.3177,0.8146,0.7371,0.0,0.9346,0.9309,3.4172,0.9219,9.5463,0.7997,1,1,0,0,0,2,0,0,0,0,0,0,0,0,0,0,0,1,1,2,4,1068,93,41,12,15,11,33,17,22,0,12,0,12,58,58,0,12,23.6,9.2,1.1,1.4,1.0,3.1,1.6,2.0,0.0,3.2,0.0,3.2,5.3,5.4,0.0,3.2
39,Ohio,OH,39013,Belmont County,39013011700,Census Tract 117; Belmont County; Ohio,0.5022607867,1216,184,671,106,412,102,528,172,14,16,105,58,44,30,165,96,104,49,357,114,149,83,46,47,0,48,338,253,12,23,0,12,8,15,30,24,0,12,43.4,12.5,2.3,2.6,25.5,12.6,6.8,4.6,13.6,7.5,8.6,4.0,29.4,7.7,12.3,6.8,11.2,11.1,0.0,4.5,27.8,20.4,1.8,3.4,0.0,5.1,1.9,3.6,7.3,5.8,0.0,1.0,0.8661,0.2384,0.5994,0.4344,0.9219,3.0602,0.6794,0.0812,0.8963,0.3745,0.8162,0.0,2.1682,0.3597,0.6848,0.6848,0.6848,0.3917,0.0,0.7219,0.6159,0.0,1.7295,0.3086,7.6427,0.5238,0,0,0,0,1,1,0,0,0,0,0,0,0,0,0,0,0,0,0,0,1,1243,90,81,199,120,0,12,0,12,0,12,0,12,139,87,0,12,21.8,15.8,16.4,8.8,0.0,2.8,0.0,2.8,0.0,2.8,0.0,2.8,11.4,7.3,0.0,2.8
39,Ohio,OH,39013,Belmont County,39013011900,Census Tract 119; Belmont County; Ohio,0.782696707952,3001,418,1492,203,1214,209,957,370,434,321,395,175,80,55,471,273,554,159,568,176,252,93,16,24,0,48,705,600,16,29,0,12,6,15,86,70,0,12,31.9,11.5,25.1,16.9,32.5,13.3,4.0,2.9,15.7,8.8,18.5,5.2,18.9,4.9,8.4,3.2,1.3,2.0,0.0,1.7,23.5,19.7,1.1,1.9,0.0,2.3,0.5,1.2,7.1,6.0,0.0,0.4,0.7398,0.986,0.7832,0.2283,0.9476,3.6849,0.8213,0.5698,0.3107,0.1311,0.1022,0.0,1.1138,0.0311,0.6351,0.6351,0.6351,0.3378,0.0,0.4413,0.6048,0.0,1.3839,0.1971,6.8177,0.399,0,1,0,0,1,2,0,0,0,0,0,0,0,0,0,0,0,0,0,0,2,1795,207,96,237,162,0,12,0,12,0,12,0,12,468,283,0,12,17.1,7.2,7.9,5.7,0.0,1.2,0.0,1.2,0.0,1.2,0.0,1.2,15.6,9.1,0.0,1.2
39,Ohio,OH,39013,Belmont County,39013012000,Census Tract 120; Belmont County; Ohio,2.109909977688,2048,412,1069,120,796,146,892,271,74,53,202,84,186,99,34,34,315,86,515,240,570,256,149,82,26,55,206,579,29,36,0,12,0,16,71,58,0,12,47.0,11.6,7.9,5.4,25.4,9.5,14.0,7.5,1.7,1.7,15.4,4.9,25.1,8.4,27.8,9.7,18.7,9.7,1.3,2.7,10.1,28.2,2.7,3.4,0.0,3.2,0.0,2.0,8.9,7.0,0.0,0.6,0.8899,0.7667,0.5962,0.7888,0.092,3.1336,0.6965,0.3643,0.7188,0.9651,0.9432,0.7565,3.7479,0.9813,0.3592,0.3592,0.3592,0.4533,0.0,0.0,0.6848,0.0,1.1381,0.1337,8.3788,0.6457,0,0,0,0,0,0,0,0,1,1,0,2,0,0,0,0,0,0,0,0,2,2149,110,66,15,19,12,20,47,73,7,12,0,12,125,137,0,12,13.8,7.3,0.7,1.0,0.6,1.0,2.3,3.5,0.3,0.6,0.0,1.7,6.1,6.6,0.0,1.7
39,Ohio,OH,39013,Belmont County,39013012100,Census Tract 121; Belmont County; Ohio,0.706615694954,1346,190,862,126,786,124,589,123,149,85,133,72,161,80,73,51,397,101,204,71,411,136,111,49,0,48,345,263,371,97,12,17,29,33,299,81,73,2,46.3,6.7,27.3,12.8,16.9,8.8,14.6,7.1,5.7,4.1,29.5,5.8,15.2,4.4,32.3,10.5,14.1,5.8,0.0,3.6,25.6,19.2,43.0,9.3,1.4,2.0,3.7,4.2,38.0,9.1,5.4,0.8,0.8854,0.9892,0.2676,0.8066,0.5176,3.4664,0.773,0.9562,0.1344,0.9873,0.8835,0.0,2.9614,0.806,0.6642,0.6642,0.6642,0.9584,0.6597,0.8841,0.9806,0.9157,4.3985,0.9984,11.4905,0.9603,0,1,0,0,0,1,1,0,1,0,0,2,0,0,1,0,0,1,1,3,6,2415,200,65,51,41,104,80,110,84,12,17,20,26,45,49,3,5,25.4,8.8,3.8,3.0,7.7,5.9,8.2,6.0,0.9,1.3,1.5,1.9,3.3,3.5,0.2,0.4
39,Ohio,OH,39013,Belmont County,39013012201,Census Tract 122.01; Belmont County; Ohio,25.894593953236,1702,320,800,108,662,105,254,160,0,12,66,41,103,59,59,51,450,113,218,121,367,141,11,21,0,48,23,446,0,16,71,48,0,16,23,23,22,3,14.9,9.0,0.0,4.1,10.0,6.0,7.7,4.2,3.5,2.9,26.4,6.2,12.8,5.6,21.6,6.9,1.7,3.2,0.0,2.9,1.4,26.2,0.0,2.0,8.9,6.0,0.0,2.4,3.5,3.4,1.3,0.3,0.3618,0.0,0.0495,0.4933,0.2856,1.1902,0.1457,0.909,0.0751,0.8566,0.1337,0.0,1.9744,0.2603,0.0159,0.0159,0.0159,0.0,0.859,0.0,0.3537,0.6934,1.9061,0.3771,5.0866,0.1498,0,0,0,0,0,0,1,0,0,0,0,1,0,0,0,0,0,0,0,0,1,1067,106,43,6,9,10,17,7,14,0,12,0,12,0,12,0,12,16.0,5.7,0.4,0.5,0.6,1.0,0.4,0.8,0.0,2.0,0.0,2.0,0.0,2.0,0.0,2.0
39,Ohio,OH,39013,Belmont County,39013012202,Census Tract 122.02; Belmont County; Ohio,10.57539555632,4500,394,787,130,731,135,191,96,51,43,80,48,665,143,181,103,535,141,399,192,239,89,8,17,5,47,1039,560,7,16,0,12,0,16,16,24,2689,48,10.5,4.8,6.6,5.5,10.9,6.3,17.3,3.6,10.0,5.3,11.9,3.0,8.9,3.7,13.2,5.4,1.1,2.3,0.1,1.1,23.1,12.3,0.9,2.0,0.0,4.3,0.0,2.2,2.2,3.3,59.8,5.3,0.225,0.6965,0.0657,0.8665,0.8197,2.6734,0.5644,0.1925,0.0368,0.4307,0.0829,0.4245,1.1674,0.0362,0.6294,0.6294,0.6294,0.3181,0.0,0.0,0.2324,0.9927,1.5432,0.2444,6.0134,0.2619,0,0,0,0,0,0,0,0,0,0,0,0,0,0,0,0,0,0,1,1,1,6371,93,72,861,129,108,66,0,12,9,15,0,12,56,39,5,10,12.7,9.8,19.1,3.3,2.4,1.4,0.0,0.8,0.2,0.3,0.0,0.8,1.2,0.9,0.1,0.2
39,Ohio,OH,39013,Belmont County,39013012300,Census Tract 123; Belmont County; Ohio,8.04083669936,4196,449,2038,185,1708,175,600,334,45,42,257,90,121,77,232,114,1101,136,725,305,418,153,52,46,0,48,354,660,258,113,19,22,40,48,99,69,196,3,15.0,8.2,2.0,1.8,15.0,5.0,4.0,2.6,5.8,2.9,26.2,4.0,17.3,6.1,10.5,3.8,3.1,2.7,0.0,1.2,8.4,15.7,12.6,5.4,0.9,1.1,2.3,2.8,5.8,3.9,4.7,0.5,0.3643,0.194,0.1908,0.2283,0.5294,1.5068,0.2273,0.902,0.2194,0.2453,0.2733,0.0,1.64,0.1235,0.2977,0.2977,0.2977,0.7403,0.6187,0.7698,0.5292,0.8976,3.5556,0.9476,7.0001,0.4225,0,0,0,0,0,0,1,0,0,0,0,1,0,0,0,0,0,0,0,0,1,4328,171,88,8,19,114,90,51,37,0,12,0,12,181,199,0,12,10.0,4.9,0.2,0.5,2.7,2.2,1.2,0.9,0.0,0.8,0.0,0.8,4.3,4.7,0.0,0.8
39,Ohio,OH,39013,Belmont County,39013012400,Census Tract 124; Belmont County; Ohio,13.786525581104,4282,554,2203,235,1855,248,530,330,105,85,516,207,240,122,140,123,1611,397,584,183,592,208,80,74,46,69,267,771,143,122,117,106,0,16,62,69,115,8,12.7,7.7,5.9,4.4,27.8,10.5,6.8,3.4,3.4,2.9,37.6,8.6,13.6,3.4,14.2,5.0,4.3,3.9,1.1,1.7,6.2,18.0,6.5,5.5,5.3,4.8,0.0,0.9,3.3,3.8,2.7,0.4,0.2955,0.6492,0.6733,0.4344,0.2745,2.3269,0.461,0.9914,0.0904,0.4919,0.407,0.7254,2.7061,0.6854,0.201,0.201,0.201,0.6013,0.7908,0.0,0.3346,0.8085,2.5352,0.6498,7.7692,0.5451,0,0,0,0,0,0,1,0,0,0,0,1,0,0,0,0,0,0,0,0,1,8817,157,96,112,110,91,96,7,11,0,12,0,12,57,44,0,12,8.5,4.9,2.6,2.5,2.1,2.2,0.2,0.3,0.0,0.8,0.0,0.8,1.3,1.1,0.0,0.8
39,Ohio,OH,39015,Brown County,39015951201,Census Tract 9512.01; Brown County; Ohio,49.968164850612,4334,206,1923,204,1654,143,494,199,39,46,213,89,316,141,200,113,759,156,915,148,659,179,97,68,0,48,87,291,7,16,238,97,8,16,108,75,0,12,11.5,4.6,1.7,1.9,12.9,5.3,10.1,4.3,4.6,2.6,17.5,3.5,21.1,3.4,15.2,4.1,5.9,4.1,0.0,1.1,2.0,6.7,0.4,0.8,12.4,5.2,0.5,1.0,6.5,4.5,0.0,0.3,0.2561,0.1492,0.1222,0.6443,0.3996,1.5714,0.2441,0.4959,0.4569,0.5592,0.5463,0.0,2.0583,0.301,0.0333,0.0333,0.0333,0.2743,0.9038,0.4413,0.5695,0.0,2.1889,0.4975,5.8519,0.2387,0,0,0,0,0,0,0,0,0,0,0,0,0,0,0,1,0,0,0,1,1,2896,240,100,40,33,0,12,0,12,0,12,0,12,47,42,0,12,14.5,5.6,0.9,0.8,0.0,0.8,0.0,0.8,0.0,0.8,0.0,0.8,1.1,1.0,0.0,0.8
39,Ohio,OH,39015,Brown County,39015951202,Census Tract 9512.02; Brown County; Ohio,52.668178839325996,5099,551,2053,185,1783,205,957,393,130,72,398,142,353,152,296,153,752,143,1127,262,608,152,91,66,0,68,202,788,26,28,476,145,19,29,17,27,0,17,19.2,7.6,4.8,2.7,22.3,7.5,10.0,4.8,5.8,3.0,14.7,2.9,22.1,4.3,11.9,3.5,5.1,3.7,0.0,1.4,4.0,15.4,1.2,1.4,23.2,7.0,1.1,1.6,1.0,1.5,0.0,0.3,0.4875,0.5603,0.4813,0.6389,0.5294,2.6974,0.5717,0.3282,0.5247,0.345,0.4841,0.0,1.682,0.1368,0.1046,0.1046,0.1046,0.3483,0.9711,0.587,0.1067,0.0,2.0131,0.4216,6.4971,0.3413,0,0,0,0,0,0,0,0,0,0,0,0,0,0,0,1,0,0,0,1,1,2405,218,92,49,46,0,17,62,71,0,17,0,17,91,46,0,17,12.2,4.9,1.0,0.9,0.0,0.7,1.2,1.4,0.0,0.7,0.0,0.7,1.8,1.0,0.0,0.7
39,Ohio,OH,39015,Brown County,39015951301,Census Tract 9513.01; Brown County; Ohio,19.703839890664,5113,504,2104,223,1993,234,1500,687,141,102,541,221,559,247,144,114,564,141,1534,363,802,246,111,105,0,68,118,709,128,92,125,107,84,91,39,42,18,4,29.3,13.1,6.0,4.0,27.1,10.6,16.6,6.9,2.8,2.2,11.0,2.9,30.0,5.9,15.7,5.2,5.6,5.2,0.0,1.5,2.3,13.9,6.1,4.3,5.9,5.1,4.3,4.5,2.0,2.1,0.4,0.1,0.6991,0.6559,0.6549,0.8513,0.1996,3.0608,0.6797,0.1588,0.9138,0.5874,0.5241,0.0,2.1841,0.3711,0.0438,0.0438,0.0438,0.5905,0.8051,0.9111,0.2127,0.5374,3.0568,0.8451,8.3455,0.6381,0,0,0,0,0,0,0,1,0,0,0,1,0,0,0,0,1,0,0,1,2,6409,234,121,64,72,16,30,0,17,0,17,0,17,38,37,0,17,11.7,5.6,1.3,1.4,0.3,0.6,0.0,0.7,0.0,0.7,0.0,0.7,0.7,0.7,0.0,0.7
39,Ohio,OH,39015,Brown County,39015951302,Census Tract 9513.02; Brown County; Ohio,17.212009011534,2707,379,1219,196,1195,197,586,286,76,66,249,143,152,87,222,128,487,153,553,138,536,231,52,69,0,48,8,535,0,16,179,94,12,26,88,86,57,2,22.1,10.3,6.5,5.2,20.8,11.5,8.1,4.3,8.4,4.7,18.0,4.9,20.4,4.3,20.2,7.6,4.4,5.7,0.0,1.9,0.3,19.8,0.0,1.3,14.7,8.0,1.0,2.2,7.4,7.0,2.1,0.3,0.5611,0.6917,0.4283,0.5206,0.7417,2.9434,0.641,0.5317,0.4134,0.8134,0.4184,0.0,2.1769,0.3657,0.0013,0.0013,0.0013,0.0,0.9254,0.5676,0.6203,0.7644,2.8777,0.7883,7.9993,0.5863,0,0,0,0,0,0,0,0,0,0,0,0,0,0,0,1,0,0,0,1,1,1324,403,186,0,12,0,12,6,13,2,4,0,12,0,12,0,12,33.7,12.8,0.0,1.3,0.0,1.3,0.2,0.5,0.1,0.1,0.0,1.3,0.0,1.3,0.0,1.3
39,Ohio,OH,39015,Brown County,39015951400,Census Tract 9514; Brown County; Ohio,56.291401706342,4735,592,1758,164,1612,150,1205,311,33,28,390,116,268,88,209,105,632,92,1324,355,501,128,121,59,0,48,158,827,18,13,281,85,37,36,74,53,15,2,25.5,5.8,1.7,1.4,24.2,6.8,9.1,2.9,4.4,2.2,13.3,2.8,28.0,4.7,10.6,2.9,7.6,3.6,0.0,1.1,3.3,17.5,1.0,0.7,16.0,4.6,2.3,2.2,4.6,3.2,0.3,0.0,0.635,0.1492,0.5486,0.5821,0.3758,2.2907,0.4521,0.2505,0.8535,0.2542,0.661,0.0,2.0192,0.2813,0.0793,0.0793,0.0793,0.3292,0.9352,0.7698,0.4419,0.4924,2.9685,0.8187,7.3577,0.4775,0,0,0,0,0,0,0,0,0,0,0,0,0,0,0,1,0,0,0,1,1,2546,196,76,6,8,83,111,0,12,0,12,0,12,69,48,0,12,12.2,4.5,0.1,0.2,1.8,2.3,0.0,0.7,0.0,0.7,0.0,0.7,1.5,1.0,0.0,0.7
39,Ohio,OH,39015,Brown County,39015951500,Census Tract 9515; Brown County; Ohio,97.659964587602,5285,439,2638,224,2104,237,856,398,107,86,371,140,425,148,428,199,1109,247,1179,199,1100,237,170,114,0,68,242,620,2,43,361,131,0,24,2,3,0,17,16.2,7.4,4.7,3.7,17.6,6.4,11.1,3.8,8.1,3.7,21.0,4.2,22.3,3.3,20.8,4.0,8.0,5.3,0.0,1.4,4.6,11.7,0.1,1.6,13.7,4.7,0.0,1.1,0.1,0.2,0.0,0.3,0.3951,0.553,0.2943,0.6906,0.7226,2.6556,0.5565,0.7121,0.539,0.8305,0.6851,0.0,2.7667,0.7175,0.1335,0.1335,0.1335,0.2556,0.9187,0.0,0.04,0.0,1.2143,0.1505,6.7701,0.3889,0,0,0,0,0,0,0,0,0,0,0,0,0,0,0,1,0,0,0,1,1,3070,256,119,42,38,63,108,0,17,2,4,0,17,133,76,2,7,12.2,5.8,0.8,0.7,1.2,2.0,0.0,0.7,0.0,0.1,0.0,0.7,2.5,1.4,0.0,0.1
39,Ohio,OH,39015,Brown County,39015951600,Census Tract 9516; Brown County; Ohio,58.674010507304,3275,398,1638,182,1322,188,1126,330,63,49,368,102,294,104,239,116,844,226,645,158,699,212,30,27,0,48,312,538,49,24,440,107,100,90,86,47,159,4,36.5,9.6,4.5,3.5,27.8,6.6,11.7,4.2,7.7,3.6,25.8,6.4,19.7,4.1,22.4,6.0,2.3,2.0,0.0,1.6,9.5,16.4,3.0,1.4,26.9,6.2,7.5,6.7,6.5,3.5,4.9,0.6,0.7953,0.534,0.6733,0.7093,0.6915,3.4034,0.7568,0.8906,0.3653,0.8804,0.1902,0.0,2.3265,0.4492,0.337,0.337,0.337,0.4724,0.98,0.974,0.5695,0.9036,3.8995,0.9851,9.9664,0.8429,0,0,0,0,0,0,0,0,0,0,0,0,0,0,0,1,1,0,1,3,3,1798,335,116,8,18,268,152,0,12,0,12,0,12,36,27,0,12,25.3,7.6,0.2,0.6,8.2,4.3,0.0,1.1,0.0,1.1,0.0,1.1,1.1,0.8,0.0,1.1
39,Ohio,OH,39015,Brown County,39015951700,Census Tract 9517; Brown County; Ohio,29.203686549664,2404,114,1232,118,997,88,725,172,78,49,228,69,178,73,93,60,404,79,667,119,397,99,126,77,3,47,250,180,82,42,107,61,7,14,88,61,0,12,30.2,7.0,7.2,4.6,22.9,6.6,11.4,4.6,3.9,2.5,16.8,3.5,27.7,4.6,16.5,4.0,12.6,7.6,0.1,2.1,10.4,7.5,6.7,3.3,8.7,4.7,0.7,1.4,8.8,5.8,0.0,0.5,0.715,0.7337,0.5041,0.7004,0.3224,2.9756,0.6527,0.4486,0.844,0.6334,0.8511,0.4245,3.2016,0.8863,0.3694,0.3694,0.3694,0.6092,0.8568,0.4873,0.6813,0.0,2.6346,0.6952,9.1812,0.7479,0,0,0,0,0,0,0,0,0,0,0,0,0,0,0,0,0,0,0,0,0,1881,160,60,42,47,5,7,5,12,0,12,0,12,198,95,0,12,16.0,5.8,1.7,2.0,0.2,0.3,0.2,0.5,0.0,1.4,0.0,1.4,8.2,4.0,0.0,1.4
39,Ohio,OH,39015,Brown County,39015951800,Census Tract 9518; Brown County; Ohio,30.096420397106,4843,492,2383,324,2221,299,1644,499,76,62,678,228,573,247,352,324,1397,286,794,245,971,302,100,95,3,47,320,705,17,29,161,138,0,16,381,185,338,10,36.4,10.3,4.2,3.4,30.5,9.4,15.4,6.5,7.8,7.1,28.8,5.8,16.4,4.3,21.5,6.1,4.5,4.2,0.1,1.0,6.6,14.5,0.7,1.2,6.8,5.5,0.0,0.7,17.2,7.9,7.0,0.7,0.794,0.4975,0.7381,0.8291,0.701,3.5597,0.7933,0.9467,0.1763,0.8534,0.4286,0.4245,2.8295,0.7444,0.22,0.22,0.22,0.2994,0.8232,0.0,0.8702,0.9375,2.9303,0.8038,9.5395,0.7984,0,0,0,0,0,0,1,0,0,0,0,1,0,0,0,0,0,0,1,1,2,5478,721,266,140,82,110,118,42,46,5,8,0,12,23,22,0,12,32.5,9.9,2.9,1.7,2.3,2.5,0.9,1.0,0.1,0.2,0.0,0.7,0.5,0.5,0.0,0.7
39,Ohio,OH,39015,Brown County,39015951900,Census Tract 9519; Brown County; Ohio,78.065597741406,5920,544,2426,257,2077,214,1490,597,130,73,367,137,701,286,623,304,1131,232,1236,244,1076,274,99,79,15,70,99,763,0,24,526,173,38,44,112,117,2,2,25.2,9.8,4.6,2.5,17.7,6.3,17.4,6.1,10.5,4.6,19.1,3.7,20.9,3.4,18.2,4.0,4.8,3.8,0.3,1.2,1.7,12.9,0.0,1.0,21.7,6.3,1.8,2.1,5.4,5.4,0.0,0.0,0.6281,0.5451,0.3006,0.8687,0.8385,3.181,0.7086,0.6062,0.4426,0.7204,0.4565,0.4968,2.7225,0.6949,0.0254,0.0254,0.0254,0.0,0.967,0.7079,0.4994,0.0,2.1743,0.4911,8.1032,0.6003,0,0,0,0,0,0,0,0,0,0,0,0,0,0,0,1,0,0,0,1,1,2714,342,120,3,5,0,17,0,17,0,17,0,17,96,83,0,17,16.5,5.2,0.1,0.1,0.0,0.6,0.0,0.6,0.0,0.6,0.0,0.6,1.6,1.4,0.0,0.6
39,Ohio,OH,39017,Butler County,39017000100,Census Tract 1; Butler County; Ohio,0.821859419914,4847,747,2083,189,1923,212,783,329,118,75,435,139,187,92,322,150,668,154,1328,426,540,199,150,92,91,95,782,1023,160,81,0,12,26,32,60,49,0,12,16.2,6.3,4.7,2.9,22.6,6.8,6.0,2.9,6.6,3.2,13.8,3.5,27.4,5.4,11.1,4.1,7.8,4.7,2.0,2.1,16.1,21.0,7.7,3.8,0.0,1.7,1.4,1.7,3.1,2.6,0.0,0.2,0.3951,0.553,0.494,0.3811,0.6001,2.4233,0.4857,0.2809,0.832,0.2882,0.6749,0.8348,2.9108,0.7803,0.5178,0.5178,0.5178,0.6406,0.0,0.6384,0.3143,0.0,1.5933,0.2578,7.4452,0.4956,0,0,0,0,0,0,0,0,0,0,0,0,0,0,0,0,0,0,0,0,0,2284,99,57,255,136,111,109,0,12,0,12,0,12,416,289,0,12,5.1,3.0,5.3,2.8,2.3,2.4,0.0,0.7,0.0,0.7,0.0,0.7,8.6,5.6,0.0,0.7
39,Ohio,OH,39017,Butler County,39017000200,Census Tract 2; Butler County; Ohio,1.392865281612,4241,504,1899,182,1796,189,1618,373,103,71,627,203,395,153,301,153,512,148,1210,248,612,217,211,118,119,114,1298,689,108,66,0,12,49,41,134,72,0,12,38.4,7.6,5.2,3.6,34.9,10.7,14.5,5.3,7.1,3.6,12.1,3.6,28.5,4.1,14.4,4.9,11.7,6.5,3.0,2.8,30.6,15.8,5.7,3.4,0.0,1.8,2.7,2.3,7.5,4.1,0.0,0.3,0.8204,0.5971,0.8213,0.805,0.6452,3.689,0.8219,0.1988,0.8719,0.5119,0.8311,0.8976,3.3113,0.9121,0.7105,0.7105,0.7105,0.5781,0.0,0.814,0.6238,0.0,2.0159,0.4232,9.7267,0.8187,0,0,0,0,0,0,0,0,0,0,0,0,0,0,0,0,0,0,0,0,0,1756,276,164,90,85,458,329,0,12,0,12,134,150,616,293,0,12,15.4,8.5,2.1,2.0,10.8,7.3,0.0,0.8,0.0,0.8,3.2,3.6,14.5,6.8,0.0,0.8
39,Ohio,OH,39017,Butler County,39017000300,Census Tract 3; Butler County; Ohio,1.042363044318,3329,639,1481,180,1188,193,1853,537,181,147,330,118,488,238,550,242,343,74,911,303,538,194,164,100,257,224,2493,666,118,64,31,36,57,42,245,97,5,10,55.7,12.1,12.5,9.5,27.8,8.8,24.3,9.4,16.5,7.0,10.3,3.0,27.4,5.7,16.2,5.7,13.8,8.1,8.1,6.9,74.9,13.9,8.0,4.2,2.1,2.4,4.8,3.4,20.6,7.7,0.2,0.3,0.94,0.8946,0.6733,0.9496,0.9572,4.4147,0.9616,0.1325,0.832,0.6144,0.8759,0.9816,3.4364,0.9375,0.9172,0.9172,0.9172,0.6502,0.7019,0.9317,0.9083,0.4356,3.6277,0.9575,12.396,0.9927,1,0,0,1,1,3,0,0,0,0,1,1,1,1,0,0,1,1,0,2,7,4809,199,98,1337,257,1010,581,25,39,0,12,0,12,121,87,0,12,16.8,7.8,40.2,8.2,30.3,12.9,0.8,1.1,0.0,1.0,0.0,1.0,3.6,2.5,0.0,1.0
39,Ohio,OH,39017,Butler County,39017000400,Census Tract 4; Butler County; Ohio,0.914660580022,4472,609,1441,277,1288,303,2605,477,348,204,327,140,1004,307,1652,216,219,116,913,191,691,377,38,54,971,459,2139,1165,0,16,0,12,22,50,230,97,873,44,71.2,5.5,26.6,18.2,25.4,9.1,30.0,12.8,45.1,8.4,4.9,2.6,20.4,4.6,18.9,9.6,3.0,4.1,22.0,10.0,47.8,25.2,0.0,1.1,0.0,2.4,1.7,3.9,17.9,8.7,19.5,2.8,0.9848,0.9873,0.5962,0.981,0.9975,4.5468,0.9806,0.025,0.4134,0.7566,0.2619,1.0,2.4569,0.534,0.8171,0.8171,0.8171,0.0,0.0,0.6917,0.8775,0.9746,2.5438,0.654,10.3646,0.8797,1,1,0,1,1,4,0,0,0,0,1,1,0,0,0,0,0,0,1,1,6,4746,142,82,819,148,1209,509,25,24,3,5,0,12,83,108,0,12,11.0,6.8,18.3,4.0,27.0,13.5,0.6,0.5,0.1,0.1,0.0,0.8,1.9,2.3,0.0,0.8
39,Ohio,OH,39017,Butler County,39017000500,Census Tract 5; Butler County; Ohio,0.81474664887,4562,625,1771,131,1651,150,1471,414,411,241,435,159,539,174,901,302,664,145,1009,422,864,234,142,103,209,139,1770,762,151,68,6,9,37,37,135,100,87,2,32.9,8.0,18.8,9.3,26.3,9.3,18.0,5.2,20.1,5.9,14.6,3.5,22.1,6.8,19.3,6.3,8.6,6.2,4.7,3.1,38.8,15.8,8.5,3.8,0.3,0.5,2.2,2.2,8.2,5.7,1.9,0.3,0.7537,0.9686,0.6283,0.8798,0.9784,4.2088,0.9279,0.3212,0.5247,0.7775,0.7156,0.9458,3.2848,0.907,0.7724,0.7724,0.7724,0.661,0.5565,0.7575,0.6552,0.7524,3.3826,0.9159,11.6486,0.9673,0,1,0,0,1,2,0,0,0,0,1,1,0,0,0,0,0,0,0,0,3,2203,266,95,519,307,1132,428,0,12,0,12,0,12,103,80,16,25,16.1,5.6,11.4,6.6,24.8,7.3,0.0,0.8,0.0,0.8,0.0,0.8,2.3,1.8,0.4,0.5
39,Ohio,OH,39017,Butler County,39017000600,Census Tract 6; Butler County; Ohio,0.86104413969,4695,607,2207,253,1828,264,1907,516,32,32,669,252,699,267,444,165,553,183,1209,300,1010,302,143,81,14,51,950,823,101,61,0,12,12,21,399,216,65,7,40.7,9.7,1.6,1.5,36.6,12.7,24.2,8.2,9.5,3.4,11.8,3.8,25.8,4.9,21.5,5.6,7.8,4.3,0.3,1.2,20.2,17.3,4.6,2.7,0.0,1.6,0.7,1.1,21.8,10.0,1.4,0.2,0.842,0.1346,0.8463,0.9493,0.7982,3.5704,0.7959,0.1877,0.7562,0.8534,0.6749,0.4968,2.969,0.8086,0.5923,0.5923,0.5923,0.5441,0.0,0.4873,0.9162,0.7029,2.6505,0.6987,9.7822,0.8241,0,0,0,1,0,1,0,0,0,0,0,0,0,0,0,0,0,1,0,1,2,4055,373,218,270,287,367,204,0,12,0,12,0,12,269,199,44,75,20.4,10.3,5.8,5.8,7.8,4.6,0.0,0.7,0.0,0.7,0.0,0.7,5.7,4.0,0.9,1.6
39,Ohio,OH,39017,Butler County,39017001001,Census Tract 10.01; Butler County; Ohio,2.72151909791,5926,685,2549,232,2444,259,1004,542,132,106,646,245,483,218,76,75,1971,299,1318,430,831,186,188,148,23,75,569,988,257,152,0,17,0,24,226,164,94,3,17.2,9.1,6.0,4.9,26.4,9.6,11.1,4.9,1.3,1.3,33.3,5.9,22.2,5.8,14.2,3.6,7.7,6.0,0.4,1.4,9.6,16.6,10.1,5.9,0.0,1.4,0.0,1.0,9.2,6.6,1.6,0.2,0.4307,0.6559,0.6327,0.6906,0.0593,2.4692,0.4987,0.9813,0.5336,0.4919,0.667,0.5412,3.215,0.8898,0.3424,0.3424,0.3424,0.6933,0.0,0.0,0.6937,0.727,2.114,0.4679,8.1406,0.6063,0,0,0,0,0,0,1,0,0,0,0,1,0,0,0,0,0,0,0,0,1,4320,238,139,222,179,62,99,63,80,0,17,0,17,222,125,0,17,9.7,5.4,3.7,3.0,1.0,1.6,1.1,1.4,0.0,0.6,0.0,0.6,3.7,2.2,0.0,0.6
39,Ohio,OH,39017,Butler County,39017001002,Census Tract 10.02; Butler County; Ohio,1.871892380462,4797,691,2391,165,2131,200,710,319,75,54,619,203,212,121,158,115,1113,241,980,270,1062,237,81,88,0,48,380,927,477,186,0,12,51,65,252,128,29,6,14.8,6.3,3.4,2.3,29.0,9.1,6.0,3.4,3.3,2.4,23.2,5.8,20.4,3.7,22.1,5.7,3.8,4.1,0.0,1.1,7.9,19.3,19.9,7.7,0.0,1.5,2.4,3.0,11.8,5.8,0.6,0.1,0.358,0.3975,0.7035,0.3811,0.2634,2.1035,0.3984,0.8031,0.4134,0.8737,0.3502,0.0,2.4404,0.5216,0.2771,0.2771,0.2771,0.8451,0.0,0.7787,0.774,0.6059,3.0037,0.8311,7.8247,0.553,0,0,0,0,0,0,0,0,0,0,0,0,0,0,0,0,0,0,0,0,0,6818,412,170,249,161,95,111,0,12,0,12,13,26,23,37,0,12,19.3,7.6,5.2,3.3,2.0,2.2,0.0,0.7,0.0,0.7,0.3,0.5,0.5,0.8,0.0,0.7
39,Ohio,OH,39017,Butler County,39017001100,Census Tract 11; Butler County; Ohio,0.661600448876,4079,568,2053,240,1975,247,1258,343,72,53,562,197,435,196,429,184,434,67,701,199,1161,290,174,92,0,48,370,815,210,102,0,12,0,16,174,80,4,7,30.8,7.2,3.6,2.7,28.5,9.3,15.1,6.2,10.5,4.4,10.6,2.0,17.2,3.5,28.5,6.4,8.8,4.5,0.0,1.2,9.1,19.9,10.2,4.8,0.0,1.7,0.0,0.8,8.8,4.1,0.1,0.2,0.7239,0.4308,0.6914,0.8196,0.8385,3.5042,0.7819,0.1462,0.2153,0.9708,0.7254,0.0,2.0577,0.3006,0.3221,0.3221,0.3221,0.6959,0.0,0.0,0.6813,0.3694,1.7466,0.3165,7.6306,0.5213,0,0,0,0,0,0,0,0,1,0,0,1,0,0,0,0,0,0,0,0,1,1543,321,118,123,116,118,86,0,12,0,12,0,12,129,84,0,12,16.3,5.6,3.0,2.8,2.9,2.1,0.0,0.9,0.0,0.9,0.0,0.9,3.2,2.1,0.0,0.9
39,Ohio,OH,39017,Butler County,39017001300,Census Tract 13; Butler County; Ohio,1.7333381333539999,4600,648,1810,122,1668,158,1048,412,163,107,378,148,245,140,208,247,827,151,1254,389,680,228,91,60,0,48,763,800,70,57,0,12,0,16,14,18,89,2,23.2,8.5,7.2,4.1,22.7,8.6,8.3,4.3,4.6,5.3,18.0,3.9,27.3,5.7,15.1,3.8,5.4,3.6,0.0,1.2,16.6,17.2,3.9,3.1,0.0,1.9,0.0,1.0,0.8,1.1,1.9,0.3,0.5862,0.7337,0.4962,0.5365,0.3996,2.7522,0.5892,0.5317,0.8282,0.5528,0.5108,0.0,2.4235,0.5121,0.5254,0.5254,0.5254,0.5133,0.0,0.0,0.0873,0.7524,1.353,0.1898,7.0541,0.4311,0,0,0,0,0,0,0,0,0,0,0,0,0,0,0,0,0,0,0,0,0,2115,258,125,302,247,138,173,0,12,0,12,0,12,323,327,0,12,15.5,7.1,6.6,5.4,3.0,3.8,0.0,0.8,0.0,0.8,0.0,0.8,7.0,6.4,0.0,0.8
39,Ohio,OH,39017,Butler County,39017010102,Census Tract 101.02; Butler County; Ohio,3.158902779448,2752,468,1301,218,1130,199,525,263,95,74,245,129,68,49,149,103,516,70,649,180,307,116,64,55,21,51,690,624,8,17,126,74,22,26,100,69,77,10,19.6,9.2,8.0,5.7,21.7,10.8,3.6,2.6,5.6,3.8,18.8,3.0,23.6,3.9,11.5,3.7,5.6,4.8,0.8,2.0,25.1,22.3,0.6,1.3,9.7,5.5,2.0,2.3,8.8,5.8,2.8,0.6,0.4976,0.773,0.4616,0.1966,0.5075,2.4363,0.4895,0.5888,0.6287,0.3158,0.5241,0.6636,2.721,0.6937,0.6573,0.6573,0.6573,0.2886,0.8724,0.7346,0.6813,0.8161,3.393,0.9181,9.2076,0.7524,0,0,0,0,0,0,0,0,0,0,0,0,0,0,0,0,0,0,0,0,0,2639,112,82,81,79,125,115,287,177,0,12,0,12,189,187,8,13,9.9,6.8,2.9,2.7,4.5,4.4,10.4,6.0,0.0,1.3,0.0,1.3,6.9,6.4,0.3,0.5
39,Ohio,OH,39017,Butler County,39017010103,Census Tract 101.03; Butler County; Ohio,6.541064793274,5536,754,2637,269,2390,268,1797,519,63,54,697,229,21,20,172,119,1019,400,889,281,453,143,100,84,37,74,867,1055,574,223,0,17,0,24,83,75,50,2,32.8,8.3,2.3,2.0,29.2,9.0,0.7,0.7,3.1,2.1,18.4,6.8,16.1,4.4,8.3,3.0,4.2,3.5,0.7,1.4,15.7,18.9,21.7,8.2,0.0,1.3,0.0,1.0,3.5,3.1,0.9,0.1,0.7518,0.2384,0.7079,0.0216,0.2371,1.9568,0.3514,0.5621,0.1658,0.1257,0.394,0.6367,1.8843,0.2146,0.5101,0.5101,0.5101,0.8635,0.0,0.0,0.3537,0.6458,1.863,0.3622,6.2142,0.2937,0,0,0,0,0,0,0,0,0,0,0,0,0,0,0,0,0,0,0,0,0,4206,406,170,255,187,80,101,396,236,0,17,0,17,119,87,17,31,17.0,6.6,4.6,3.3,1.4,1.8,7.2,4.2,0.0,0.6,0.0,0.6,2.1,1.6,0.3,0.6
39,Ohio,OH,39017,Butler County,39017010104,Census Tract 101.04; Butler County; Ohio,0.39886460161,4334,230,28,31,18,25,50,73,194,76,18,32,0,12,97,75,0,12,44,39,47,37,18,27,42,61,1059,375,10,20,0,12,0,16,0,12,4284,220,100.0,0.0,12.4,4.4,100.0,100.0,0.0,57.1,2.2,1.7,0.0,0.8,1.0,0.9,1.1,0.8,100.0,56.7,1.0,1.4,24.4,8.6,35.7,59.5,0.0,58.2,0.0,88.9,0.0,72.5,98.8,7.3,0.9997,0.8924,1.0,0.0,0.1396,3.0317,0.6721,0.0,0.0076,0.0,1.0,0.707,1.7146,0.1498,0.6481,0.6481,0.6481,0.9419,0.0,0.0,0.0,0.9978,1.9397,0.3933,7.3341,0.4749,1,0,1,0,0,2,0,0,0,1,0,1,0,0,1,0,0,0,1,2,5,16198,0,12,383,165,251,118,227,105,0,12,0,12,74,67,124,64,0.0,72.5,8.8,3.8,5.8,2.7,5.2,2.4,0.0,0.8,0.0,0.8,1.7,1.6,2.9,1.5
39,Ohio,OH,39017,Butler County,39017010105,Census Tract 101.05; Butler County; Ohio,0.627004165268,3924,878,1689,330,1299,329,2138,817,551,580,614,249,0,12,50,79,140,155,65,49,47,44,0,16,18,50,1103,1119,367,179,0,12,79,105,18,29,493,28,62.3,17.7,32.4,26.2,47.3,15.0,0.0,2.9,1.3,2.2,3.6,3.9,1.7,1.3,1.2,1.2,0.0,1.2,0.5,1.3,28.1,27.8,21.7,9.7,0.0,2.0,6.1,7.9,1.4,2.3,12.6,2.9,0.9683,0.9959,0.9565,0.0,0.0593,2.98,0.6537,0.0159,0.0095,0.0003,0.0,0.5796,0.6053,0.0067,0.6893,0.6893,0.6893,0.8635,0.0,0.9616,0.1476,0.9635,2.9362,0.807,7.2108,0.4524,1,1,1,0,0,3,0,0,0,0,0,0,0,0,0,0,1,0,1,2,5,5151,131,136,230,173,21,30,266,193,0,12,0,12,577,625,9,14,10.1,10.2,5.9,4.6,0.5,0.8,6.8,4.9,0.0,0.9,0.0,0.9,14.7,14.4,0.2,0.3
39,Ohio,OH,39017,Butler County,39017010106,Census Tract 101.06; Butler County; Ohio,0.367378369612,3165,591,1448,177,1071,189,2549,584,46,74,559,219,8,12,60,91,115,70,188,27,157,108,0,16,0,48,701,860,532,239,0,12,16,28,157,96,131,8,84.0,10.1,3.7,5.9,52.2,18.3,1.7,2.7,1.9,2.9,3.6,2.3,5.9,1.5,5.0,3.5,0.0,1.5,0.0,1.6,22.1,26.9,36.8,15.9,0.0,2.4,1.5,2.6,14.7,8.7,4.1,0.8,0.9981,0.4429,0.9787,0.0694,0.1104,2.5995,0.5378,0.0159,0.0222,0.027,0.0,0.0,0.0651,0.0003,0.6183,0.6183,0.6183,0.9463,0.0,0.6606,0.8314,0.877,3.3153,0.9032,6.5982,0.36,1,0,1,0,0,2,0,0,0,0,0,0,0,0,1,0,0,0,0,1,3,2087,17,27,100,88,107,92,365,228,8,12,0,12,95,73,26,31,1.6,2.6,3.2,2.9,3.4,3.0,11.5,7.7,0.3,0.4,0.0,1.1,3.0,2.3,0.8,1.0
39,Ohio,OH,39017,Butler County,39017010201,Census Tract 102.01; Butler County; Ohio,0.64387720877,1663,79,7,6,7,6,0,12,50,40,0,24,0,12,39,59,14,12,4,10,26,31,0,16,69,78,292,170,0,16,0,12,0,16,0,12,1649,85,0.0,85.7,9.2,6.9,0.0,100.0,0.0,72.5,2.4,3.6,0.8,0.7,0.2,0.6,1.6,1.9,0.0,100.0,4.1,4.7,17.6,10.2,0.0,100.0,0.0,100.0,0.0,100.0,0.0,100.0,99.2,2.0,0.0,0.8222,0.0,0.0,0.1568,0.979,0.0933,0.0038,0.0038,0.0006,0.0,0.9325,0.9407,0.0197,0.5491,0.5491,0.5491,0.0,0.0,0.0,0.0,0.9981,0.9981,0.1063,3.4669,0.0302,0,0,0,0,0,0,0,0,0,0,1,1,0,0,0,0,0,0,1,1,2,5232,3,6,72,47,58,34,93,64,0,12,0,12,35,30,34,32,42.9,57.1,4.3,2.8,3.5,2.1,5.6,3.9,0.0,2.1,0.0,2.1,2.1,1.8,2.0,1.9
39,Ohio,OH,39017,Butler County,39017010202,Census Tract 102.02; Butler County; Ohio,61.499752820788,5329,568,2245,228,2104,237,1431,447,79,53,521,195,188,95,261,140,1034,157,998,149,563,181,97,80,43,78,726,749,183,114,12,13,0,24,74,79,10,7,26.9,7.9,3.2,2.1,24.8,8.8,5.9,2.9,4.9,2.6,19.4,2.8,18.7,3.0,10.6,3.4,4.6,3.8,0.9,1.5,13.6,14.0,8.2,5.0,0.5,0.6,0.0,1.1,3.5,3.6,0.2,0.1,0.6579,0.3711,0.5717,0.3741,0.4376,2.4124,0.4825,0.6287,0.2964,0.2542,0.4381,0.6855,2.3029,0.4371,0.4607,0.4607,0.4607,0.6552,0.5717,0.0,0.3537,0.4356,2.0162,0.4238,7.1922,0.4502,0,0,0,0,0,0,0,0,0,0,0,0,0,0,0,0,0,0,0,0,0,2059,450,151,70,61,37,58,496,386,1,2,0,17,93,63,29,44,21.4,6.2,1.3,1.2,0.7,1.1,9.3,6.8,0.0,0.1,0.0,0.7,1.7,1.2,0.5,0.8
39,Ohio,OH,39017,Butler County,39017010203,Census Tract 102.03; Butler County; Ohio,36.77325409766,5365,19,1895,176,1769,154,345,255,79,89,279,125,132,79,207,145,792,180,1545,301,503,162,195,160,0,68,364,525,0,24,109,100,17,33,101,113,0,17,6.5,4.8,2.7,3.0,15.8,6.9,3.7,2.1,3.9,2.7,14.8,3.3,28.8,5.6,9.4,3.0,11.0,9.0,0.0,1.4,6.8,9.8,0.0,1.3,5.8,5.2,1.0,1.9,5.7,6.4,0.0,0.3,0.1028,0.2968,0.2206,0.2039,0.3224,1.1465,0.134,0.3335,0.8808,0.1787,0.8086,0.0,2.2016,0.3778,0.2264,0.2264,0.2264,0.0,0.8022,0.5676,0.5241,0.0,1.8939,0.3724,5.4684,0.1857,0,0,0,0,0,0,0,0,0,0,0,0,0,0,0,0,0,0,0,0,0,2333,129,70,0,17,0,17,0,17,0,17,0,17,364,523,0,17,7.3,3.7,0.0,0.6,0.0,0.6,0.0,0.6,0.0,0.6,0.0,0.6,6.8,9.7,0.0,0.6
39,Ohio,OH,39017,Butler County,39017010301,Census Tract 103.01; Butler County; Ohio,36.659351691048,4582,18,1876,160,1780,149,426,176,59,47,373,169,317,153,367,209,878,205,874,137,981,333,87,47,18,54,211,106,0,16,217,161,7,16,40,42,0,12,9.4,3.9,2.7,2.1,21.0,9.3,9.4,4.6,8.0,4.6,19.2,4.5,19.1,3.0,21.4,7.3,4.9,2.6,0.4,1.2,4.6,2.3,0.0,0.9,11.6,8.0,0.4,0.9,2.2,2.3,0.0,0.3,0.1898,0.2968,0.4365,0.5999,0.7166,2.2396,0.4365,0.6129,0.3256,0.8493,0.4644,0.5412,2.7934,0.7292,0.1335,0.1335,0.1335,0.0,0.8946,0.4206,0.2324,0.0,1.5476,0.2463,6.7141,0.3816,0,0,0,0,0,0,0,0,0,0,0,0,0,0,0,0,0,0,0,0,0,1639,251,135,0,12,76,44,0,12,0,12,0,12,135,85,0,12,14.1,7.7,0.0,0.8,1.7,1.0,0.0,0.8,0.0,0.8,0.0,0.8,2.9,1.9,0.0,0.8
39,Ohio,OH,39017,Butler County,39017010302,Census Tract 103.02; Butler County; Ohio,36.603927521152,3533,21,1318,142,1250,125,530,222,38,36,210,86,228,103,102,71,612,136,703,120,379,197,46,35,13,50,157,105,0,16,0,12,0,16,8,12,83,2,15.4,6.5,2.1,2.0,16.8,6.7,9.9,4.1,3.0,2.1,17.3,3.9,19.9,3.4,11.0,5.7,3.7,2.8,0.4,1.4,4.4,3.0,0.0,1.2,0.0,2.6,0.0,1.3,0.6,1.0,2.3,0.1,0.3751,0.2086,0.2635,0.6319,0.2291,1.7082,0.2816,0.4845,0.3751,0.2815,0.34,0.5412,2.0223,0.2832,0.1249,0.1249,0.1249,0.0,0.0,0.0,0.0616,0.7815,0.8431,0.0803,4.6985,0.113,0,0,0,0,0,0,0,0,0,0,0,0,0,0,0,0,0,0,0,0,0,1685,74,46,26,35,39,64,10,19,0,12,0,12,63,57,19,22,5.9,3.6,0.7,1.0,1.1,1.8,0.3,0.5,0.0,1.0,0.0,1.0,1.8,1.6,0.5,0.6
39,Ohio,OH,39017,Butler County,39017010500,Census Tract 105; Butler County; Ohio,1.012906550534,2586,368,969,133,892,136,837,280,223,91,279,107,357,129,286,121,303,84,698,152,387,100,123,57,0,48,362,523,0,16,30,27,38,43,48,30,0,12,32.4,9.8,18.4,6.6,31.3,11.0,22.1,7.0,11.1,4.7,11.7,3.1,27.0,3.9,15.0,3.3,13.7,6.0,0.0,2.0,14.0,20.1,0.0,1.7,3.1,2.7,4.3,4.8,5.4,3.3,0.0,0.5,0.7471,0.9657,0.7552,0.9331,0.8607,4.2618,0.9362,0.1836,0.8158,0.5462,0.8733,0.0,2.4189,0.5092,0.4699,0.4699,0.4699,0.0,0.7371,0.9111,0.4994,0.0,2.1476,0.48,9.2982,0.7663,0,1,0,1,0,2,0,0,0,0,0,0,0,0,0,0,1,0,0,1,3,664,157,53,135,99,77,63,3,4,2,4,0,12,145,95,0,12,17.6,5.5,5.2,3.9,3.0,2.5,0.1,0.2,0.1,0.1,0.0,1.3,5.6,3.6,0.0,1.3
39,Ohio,OH,39017,Butler County,39017010600,Census Tract 106; Butler County; Ohio,17.564146390798,3302,425,1230,139,1160,128,602,269,71,43,232,86,342,104,42,47,609,126,657,164,802,203,58,51,0,48,102,618,0,16,92,49,47,49,49,36,7,3,18.4,7.8,4.2,2.9,20.0,7.1,15.6,5.1,1.3,1.5,18.4,4.9,19.9,3.8,24.3,6.3,5.0,4.4,0.0,1.5,3.1,18.7,0.0,1.3,7.5,4.0,4.1,4.2,4.2,3.0,0.2,0.1,0.4656,0.4975,0.3937,0.8323,0.0593,2.2484,0.4384,0.5621,0.3751,0.9207,0.4762,0.0,2.3341,0.4546,0.0685,0.0685,0.0685,0.0,0.8394,0.9006,0.4114,0.4356,2.587,0.6711,7.238,0.4584,0,0,0,0,0,0,0,0,1,0,0,1,0,0,0,0,1,0,0,1,2,3180,91,45,0,12,65,79,0,12,0,12,0,12,37,35,0,12,7.8,3.9,0.0,1.1,2.0,2.5,0.0,1.1,0.0,1.1,0.0,1.1,1.1,1.1,0.0,1.1
39,Ohio,OH,39017,Butler County,39017010800,Census Tract 108; Butler County; Ohio,28.914652522974,6653,426,2455,235,2324,230,831,478,81,63,508,270,328,143,269,130,1271,245,1771,382,925,293,52,60,0,68,410,696,39,61,66,67,24,42,15,25,4,2,12.5,7.1,2.7,2.0,21.9,11.4,7.7,3.3,4.0,2.0,19.1,3.8,26.6,4.8,13.9,4.3,2.2,2.6,0.0,1.1,6.2,10.5,1.6,2.5,2.7,2.7,1.0,1.8,0.6,1.0,0.1,0.0,0.2847,0.2968,0.4702,0.4933,0.3377,1.8827,0.3302,0.6062,0.7984,0.4754,0.1762,0.0,2.0562,0.299,0.201,0.201,0.201,0.3787,0.7241,0.5676,0.0616,0.3694,2.1014,0.4616,6.2413,0.2978,0,0,0,0,0,0,0,0,0,0,0,0,0,0,0,0,0,0,0,0,0,6200,397,244,0,17,32,35,109,144,9,15,0,17,253,320,7,12,17.1,9.4,0.0,0.5,0.5,0.5,1.6,2.2,0.1,0.2,0.0,0.5,3.8,4.8,0.1,0.2
39,Ohio,OH,39017,Butler County,39017010901,Census Tract 109.01; Butler County; Ohio,2.111009210082,4428,423,2285,236,2090,233,1002,358,118,65,494,137,152,85,162,105,1181,254,882,118,734,237,47,50,29,62,1112,581,313,120,166,90,64,65,124,69,22,11,22.7,7.8,5.8,2.9,23.6,6.0,4.6,2.7,3.7,2.3,26.7,4.8,19.9,2.1,16.6,4.9,2.2,2.4,0.7,1.5,25.1,12.9,13.7,5.1,7.3,3.9,3.1,3.1,5.9,3.3,0.5,0.2,0.5744,0.6432,0.5295,0.2724,0.3021,2.3216,0.4597,0.9144,0.3751,0.6407,0.1762,0.6367,2.7431,0.7038,0.6573,0.6573,0.6573,0.76,0.834,0.8502,0.5349,0.5742,3.5533,0.947,9.2753,0.7616,0,0,0,0,0,0,1,0,0,0,0,1,0,0,0,0,0,0,0,0,1,3374,413,173,782,416,168,256,0,12,0,12,0,12,144,84,18,24,19.8,7.2,17.7,8.8,3.8,5.8,0.0,0.8,0.0,0.8,0.0,0.8,3.3,1.8,0.4,0.5
39,Ohio,OH,39017,Butler County,39017010903,Census Tract 109.03; Butler County; Ohio,2.228205066754,6467,879,2413,352,2294,358,866,530,197,215,420,247,173,108,625,649,943,346,1568,380,791,244,309,207,221,244,1587,1173,355,183,0,17,21,36,0,17,0,17,13.4,8.0,5.6,5.6,18.3,10.4,4.1,2.6,9.7,9.8,14.6,5.1,24.2,4.2,12.2,3.8,13.5,8.8,3.6,4.0,24.5,17.8,14.7,7.3,0.0,1.4,0.9,1.6,0.0,1.5,0.0,0.3,0.3164,0.6276,0.3248,0.2359,0.8067,2.3114,0.4578,0.3212,0.669,0.3659,0.8702,0.9182,3.1445,0.8714,0.6493,0.6493,0.6493,0.7762,0.0,0.5384,0.0,0.0,1.3146,0.1784,7.4198,0.4924,0,0,0,0,0,0,0,0,0,0,1,1,0,0,0,0,0,0,0,0,1,4714,96,79,478,228,108,144,611,679,0,17,0,17,314,276,76,121,4.2,3.5,7.4,3.6,1.7,2.3,9.4,10.1,0.0,0.5,0.0,0.5,4.9,4.0,1.2,1.9
39,Ohio,OH,39017,Butler County,39017010904,Census Tract 109.04; Butler County; Ohio,1.191365211546,3893,576,1617,238,1572,225,309,144,59,39,182,74,238,73,282,262,777,178,793,154,387,121,125,110,98,109,671,816,57,49,42,66,21,31,50,38,59,3,8.1,3.6,2.7,2.1,11.6,4.4,8.2,3.1,7.4,6.7,20.0,5.8,20.4,4.0,10.1,3.7,8.0,6.9,2.7,3.0,17.2,20.8,3.5,3.0,2.6,4.1,1.3,2.0,3.2,2.4,1.5,0.2,0.1495,0.2968,0.0863,0.526,0.6744,1.733,0.2892,0.663,0.4134,0.2222,0.6851,0.8827,2.8664,0.7616,0.5412,0.5412,0.5412,0.4943,0.7197,0.6181,0.3248,0.7146,2.8715,0.7863,8.0121,0.5883,0,0,0,0,0,0,0,0,0,0,0,0,0,0,0,0,0,0,0,0,0,3346,205,87,533,375,42,50,29,49,1,2,0,12,66,52,0,12,13.0,5.8,13.7,9.0,1.1,1.3,0.7,1.3,0.0,0.1,0.0,0.9,1.7,1.4,0.0,0.9
39,Ohio,OH,39017,Butler County,39017010906,Census Tract 109.06; Butler County; Ohio,3.276785125476,7357,866,3017,265,2963,272,1389,581,146,110,1033,309,614,279,577,203,947,203,1943,475,836,249,336,155,302,186,4268,1097,594,217,333,127,45,48,186,134,211,2,19.5,7.8,3.9,3.1,34.9,9.9,13.8,6.1,8.1,2.9,12.9,3.2,26.4,4.3,11.7,3.8,11.3,5.1,4.5,2.7,58.0,13.3,19.7,7.0,11.0,4.2,1.5,1.6,6.3,4.4,2.9,0.3,0.4948,0.4644,0.8213,0.7834,0.7226,3.2865,0.733,0.2302,0.7882,0.3291,0.8187,0.9413,3.1075,0.8565,0.8554,0.8554,0.8554,0.8406,0.887,0.6606,0.5603,0.8224,3.7709,0.9743,11.0203,0.9321,0,0,0,0,0,0,0,0,0,0,1,1,0,0,0,0,0,0,0,0,1,10111,205,168,1577,382,1780,505,306,216,0,17,0,17,255,195,350,494,6.9,5.5,21.4,5.4,24.2,6.1,4.2,3.0,0.0,0.5,0.0,0.5,3.5,2.7,4.8,6.4
39,Ohio,OH,39017,Butler County,39017010907,Census Tract 109.07; Butler County; Ohio,1.044251083098,2894,617,1262,217,1229,223,321,285,143,170,361,164,162,119,157,137,591,175,551,160,234,90,78,123,132,111,537,835,33,40,0,12,29,40,95,79,0,12,11.2,9.7,7.7,7.7,29.4,12.2,7.7,5.9,5.4,4.6,20.4,4.0,19.0,4.6,8.1,3.3,6.4,9.9,4.8,3.9,18.6,28.6,2.6,3.1,0.0,2.7,2.4,3.2,7.7,6.2,0.0,0.4,0.2475,0.7571,0.7105,0.4933,0.4916,2.7,0.5721,0.6855,0.3183,0.1162,0.58,0.9474,2.6474,0.6514,0.5669,0.5669,0.5669,0.446,0.0,0.7787,0.634,0.0,1.8587,0.359,7.773,0.5463,0,0,0,0,0,0,0,0,0,0,1,1,0,0,0,0,0,0,0,0,1,1393,54,35,65,49,255,286,68,73,0,12,0,12,90,79,59,98,4.4,2.9,2.2,1.7,8.8,9.6,2.3,2.5,0.0,1.2,0.0,1.2,3.1,2.6,2.0,3.2
39,Ohio,OH,39017,Butler County,39017010909,Census Tract 109.09; Butler County; Ohio,4.402644271702,5262,771,2604,335,2395,308,1221,337,390,386,880,308,247,139,753,468,677,140,1385,416,458,171,188,166,443,319,3476,875,1321,322,19,30,46,62,221,139,196,7,24.0,5.5,14.8,13.3,36.7,12.0,7.0,3.8,14.8,8.0,12.9,3.2,26.3,5.6,9.0,3.7,7.8,6.9,9.1,6.4,66.1,13.5,50.7,10.5,0.7,1.2,1.9,2.6,9.2,6.1,3.7,0.6,0.6001,0.9295,0.8489,0.4486,0.9375,3.7646,0.8381,0.2302,0.7828,0.1593,0.6749,0.986,2.8332,0.7463,0.889,0.889,0.889,0.974,0.6003,0.7219,0.6937,0.8599,3.8498,0.9819,11.3366,0.9514,0,1,0,0,1,2,0,0,0,0,1,1,0,0,1,0,0,0,0,1,4,14784,289,158,1805,581,587,309,679,665,7,12,0,17,395,326,3,6,12.1,6.7,34.3,10.9,11.2,5.9,12.9,11.6,0.1,0.2,0.0,0.7,7.5,6.4,0.1,0.1
39,Ohio,OH,39017,Butler County,39017010910,Census Tract 109.10; Butler County; Ohio,1.995891354374,4747,535,1960,164,1812,139,398,155,43,35,407,117,190,103,384,392,973,138,1029,166,450,103,68,42,208,177,1126,769,354,98,0,12,17,23,105,51,0,12,8.5,3.1,1.7,1.4,22.5,6.2,5.9,3.1,8.1,7.6,20.5,2.9,21.7,3.0,9.5,2.4,3.7,2.3,4.7,4.0,23.7,16.0,18.0,4.8,0.0,1.8,0.9,1.3,5.8,2.7,0.0,0.3,0.1622,0.1492,0.4902,0.3741,0.7226,1.8983,0.3349,0.6909,0.4965,0.1872,0.34,0.9458,2.6604,0.6594,0.6386,0.6386,0.6386,0.821,0.0,0.5384,0.5292,0.0,1.8886,0.3708,7.0859,0.4362,0,0,0,0,0,0,0,0,0,0,1,1,0,0,0,0,0,0,0,0,1,2877,215,79,614,189,122,83,350,371,0,12,0,12,27,28,13,21,11.9,4.4,12.9,3.7,2.6,1.8,7.4,7.6,0.0,0.7,0.0,0.7,0.6,0.6,0.3,0.4
39,Ohio,OH,39017,Butler County,39017010911,Census Tract 109.11; Butler County; Ohio,3.694304245216,3946,356,1567,118,1467,101,574,296,75,61,290,111,329,126,196,116,746,92,723,144,401,171,91,57,152,113,964,523,24,26,0,12,0,16,28,35,13,9,14.8,7.5,3.3,2.7,19.8,7.4,11.8,4.3,5.0,2.8,18.9,2.4,18.3,2.7,10.2,4.2,6.2,3.9,4.0,3.0,24.4,13.1,1.5,1.7,0.0,2.2,0.0,1.1,1.9,2.4,0.3,0.2,0.358,0.386,0.3863,0.7131,0.4487,2.2921,0.4527,0.5973,0.272,0.2275,0.5657,0.9296,2.5921,0.6162,0.6481,0.6481,0.6481,0.3717,0.0,0.0,0.2029,0.4924,1.067,0.1165,6.5993,0.3603,0,0,0,0,0,0,0,0,0,0,1,1,0,0,0,0,0,0,0,0,1,1141,156,75,293,174,32,40,374,226,6,10,0,12,259,194,0,12,10.6,5.2,7.4,4.4,0.8,1.0,9.5,5.6,0.2,0.2,0.0,0.9,6.6,4.7,0.0,0.9
39,Ohio,OH,39017,Butler County,39017010912,Census Tract 109.12; Butler County; Ohio,0.98993077882,2283,570,964,119,866,159,301,191,68,58,167,90,33,34,16,20,393,159,527,392,367,151,20,35,0,48,796,643,28,30,0,12,0,16,0,12,56,8,13.2,7.7,5.6,4.9,19.3,9.8,2.1,2.2,0.7,0.9,17.2,8.0,23.1,12.9,16.1,7.6,2.3,4.0,0.0,2.2,34.9,26.8,2.9,3.1,0.0,3.6,0.0,1.8,0.0,4.0,2.5,0.7,0.3113,0.6276,0.367,0.0938,0.0235,1.4232,0.2051,0.4765,0.5948,0.6087,0.1902,0.0,1.8702,0.2092,0.7441,0.7441,0.7441,0.4695,0.0,0.0,0.0,0.7949,1.2644,0.166,5.3019,0.1698,0,0,0,0,0,0,0,0,0,0,0,0,0,0,0,0,0,0,0,0,0,5135,24,31,402,200,5,8,35,45,0,12,0,12,320,387,34,55,2.8,3.6,17.6,7.5,0.2,0.4,1.5,2.0,0.0,1.5,0.0,1.5,14.0,14.8,1.5,2.5
39,Ohio,OH,39017,Butler County,39017010913,Census Tract 109.13; Butler County; Ohio,1.241480865044,2987,343,1652,148,1550,170,401,232,70,67,529,217,74,67,329,225,258,142,504,181,233,141,133,103,140,153,1551,444,589,212,0,12,0,16,0,12,0,12,13.4,7.6,3.2,3.1,34.1,13.5,3.3,2.9,11.0,7.3,8.6,4.6,16.9,5.4,7.8,4.6,8.6,6.6,5.2,5.6,51.9,13.6,35.7,12.4,0.0,2.1,0.0,1.0,0.0,2.2,0.0,0.4,0.3164,0.3711,0.8089,0.176,0.8566,2.529,0.5187,0.0812,0.2026,0.1012,0.7156,0.9556,2.0562,0.299,0.8329,0.8329,0.8329,0.9419,0.0,0.0,0.0,0.0,0.9419,0.0987,6.36,0.3168,0,0,0,0,0,0,0,0,0,0,1,1,0,0,1,0,0,0,0,1,2,8306,19,31,1208,239,171,150,120,112,0,12,0,12,24,23,28,47,1.2,2.0,40.4,7.1,5.7,4.8,4.0,3.7,0.0,1.2,0.0,1.2,0.8,0.8,0.9,1.6
39,Ohio,OH,39017,Butler County,39017011003,Census Tract 110.03; Butler County; Ohio,2.347702091346,7270,885,2448,268,2431,269,1049,927,211,242,516,302,406,211,469,214,1010,162,1692,515,422,153,225,240,118,117,1990,1292,99,56,0,17,0,24,80,67,83,2,14.6,12.8,5.4,6.1,21.2,12.2,8.4,4.1,6.5,2.7,13.9,2.6,23.3,5.4,5.9,2.3,9.3,9.8,1.7,1.7,27.4,17.5,4.0,2.2,0.0,1.4,0.0,1.0,3.3,2.9,1.1,0.1,0.3494,0.6143,0.4451,0.5428,0.5947,2.5463,0.5241,0.2841,0.6068,0.0422,0.7495,0.8094,2.492,0.5533,0.6804,0.6804,0.6804,0.5184,0.0,0.0,0.3346,0.6703,1.5233,0.2368,7.242,0.4597,0,0,0,0,0,0,0,0,0,0,0,0,0,0,0,0,0,0,0,0,0,2688,133,85,436,174,92,90,1230,745,0,17,0,17,213,159,19,30,5.5,3.6,6.0,2.4,1.3,1.2,16.9,9.9,0.0,0.5,0.0,0.5,2.9,2.2,0.3,0.4
39,Ohio,OH,39017,Butler County,39017011004,Census Tract 110.04; Butler County; Ohio,5.71377291822,6738,858,2844,311,2717,326,2342,462,145,105,1012,314,396,228,257,241,830,224,1673,359,620,225,459,242,93,117,2543,1154,781,287,207,190,94,59,97,80,185,4,35.9,5.2,4.0,2.9,37.2,10.7,9.7,5.3,3.9,3.8,12.3,3.4,24.8,3.4,9.5,3.4,16.9,8.7,1.5,1.9,37.7,16.4,27.5,9.6,7.3,6.3,3.4,2.1,3.6,2.9,2.7,0.3,0.788,0.4756,0.8559,0.6192,0.3224,3.0611,0.68,0.2074,0.7004,0.1872,0.9267,0.7854,2.8071,0.7346,0.7619,0.7619,0.7619,0.9044,0.834,0.8708,0.3638,0.8085,3.7815,0.9762,10.4116,0.8848,0,0,0,0,0,0,0,0,0,1,0,1,0,0,1,0,0,0,0,1,2,10424,210,153,1333,379,528,371,154,102,9,14,0,17,519,432,0,17,7.7,5.5,19.8,5.6,7.8,5.4,2.3,1.5,0.1,0.2,0.0,0.5,7.7,6.2,0.0,0.5
39,Ohio,OH,39017,Butler County,39017011005,Census Tract 110.05; Butler County; Ohio,5.998926233708,6584,588,2681,330,2669,331,322,176,200,144,578,337,413,283,208,166,1401,392,1195,235,715,201,82,77,111,200,1500,880,0,24,0,17,0,24,19,31,174,5,5.0,2.7,5.5,4.0,21.7,12.3,8.4,5.9,3.2,2.5,21.3,5.9,18.2,3.1,11.0,3.1,3.1,2.9,1.8,3.3,22.8,13.2,0.0,0.9,0.0,1.3,0.0,0.9,0.7,1.2,2.6,0.2,0.0644,0.621,0.4616,0.5428,0.2491,1.9389,0.3451,0.7251,0.267,0.2815,0.2733,0.8183,2.3652,0.4759,0.6252,0.6252,0.6252,0.0,0.0,0.0,0.0762,0.8012,0.8774,0.086,5.8067,0.2317,0,0,0,0,0,0,0,0,0,0,0,0,0,0,0,0,0,0,0,0,0,4556,55,52,583,534,393,523,320,326,0,17,0,17,5,8,199,158,2.1,1.9,8.9,7.8,6.0,7.9,4.9,5.0,0.0,0.5,0.0,0.5,0.1,0.1,3.0,2.4
39,Ohio,OH,39017,Butler County,39017011006,Census Tract 110.06; Butler County; Ohio,3.28811606087,5433,626,1960,228,1960,228,125,104,58,80,277,167,106,69,184,125,963,247,1124,217,492,215,0,24,256,221,1072,862,0,24,26,44,0,24,19,31,0,17,2.3,1.9,2.0,2.7,14.1,8.4,2.6,1.7,3.4,2.2,17.7,5.0,20.7,2.9,9.1,4.1,0.0,1.2,4.9,4.2,19.7,15.7,0.0,1.2,1.3,2.2,0.0,1.2,1.0,1.5,0.0,0.3,0.0152,0.194,0.1581,0.1243,0.2745,0.7661,0.0581,0.5117,0.4315,0.1644,0.0,0.9493,2.0569,0.3,0.5866,0.5866,0.5866,0.0,0.6505,0.0,0.1067,0.0,0.7572,0.0673,4.1668,0.0676,0,0,0,0,0,0,0,0,0,0,1,1,0,0,0,0,0,0,0,0,1,3545,38,36,550,180,0,17,429,328,0,17,0,17,93,102,0,17,1.9,1.9,10.1,3.3,0.0,0.6,7.9,5.7,0.0,0.6,0.0,0.6,1.7,1.9,0.0,0.6
39,Ohio,OH,39017,Butler County,39017011109,Census Tract 111.09; Butler County; Ohio,3.67740147186,4663,542,1919,203,1806,220,642,267,56,49,444,170,207,107,376,208,712,142,1127,259,418,147,109,72,148,93,1115,711,67,84,0,12,45,40,59,80,0,12,13.8,5.5,2.2,1.9,24.6,8.9,7.1,3.5,8.1,4.2,15.3,3.1,24.2,3.8,9.0,3.1,6.1,3.9,3.4,2.1,23.9,15.0,3.5,4.4,0.0,1.8,2.5,2.2,3.3,4.4,0.0,0.3,0.3281,0.2238,0.5635,0.4569,0.7226,2.2949,0.4533,0.3576,0.669,0.1593,0.5584,0.9119,2.6562,0.6568,0.6427,0.6427,0.6427,0.4943,0.0,0.7902,0.3346,0.0,1.6191,0.2644,7.2129,0.453,0,0,0,0,0,0,0,0,0,0,1,1,0,0,0,0,0,0,0,0,1,8924,76,48,609,256,216,161,228,192,0,12,0,12,62,74,0,12,4.2,2.6,13.1,5.3,4.6,3.4,4.9,3.9,0.0,0.7,0.0,0.7,1.3,1.6,0.0,0.7
39,Ohio,OH,39017,Butler County,39017011110,Census Tract 111.10; Butler County; Ohio,2.62449938735,6159,1184,2268,302,2217,301,370,212,67,96,180,70,109,51,81,58,1103,171,1628,674,495,111,138,155,59,78,1030,1599,22,37,0,17,22,37,29,35,13,3,6.0,3.2,2.1,3.1,8.1,3.0,2.6,1.3,1.3,0.9,17.9,4.7,26.4,6.4,8.0,2.5,6.2,6.9,1.0,1.3,16.7,25.8,1.0,1.6,0.0,1.5,1.0,1.7,1.3,1.6,0.2,0.0,0.0844,0.2086,0.0216,0.1243,0.0593,0.4982,0.0213,0.5231,0.7882,0.1104,0.5657,0.707,2.6944,0.6752,0.5285,0.5285,0.5285,0.3292,0.0,0.5676,0.1349,0.4356,1.4673,0.2203,5.1884,0.1594,0,0,0,0,0,0,0,0,0,0,0,0,0,0,0,0,0,0,0,0,0,2596,73,38,132,129,420,461,290,237,8,12,0,17,157,133,23,35,3.3,1.8,2.1,2.2,6.8,7.1,4.7,3.8,0.1,0.2,0.0,0.6,2.5,2.3,0.4,0.5
39,Ohio,OH,39017,Butler County,39017011111,Census Tract 111.11; Butler County; Ohio,3.029591042016,6085,515,2312,165,2219,188,521,264,157,82,387,140,248,168,142,110,1305,285,1173,231,689,218,16,31,187,144,954,786,63,64,70,82,0,24,36,42,75,2,8.7,4.3,5.0,2.4,17.4,6.1,5.7,3.6,2.4,1.8,21.4,4.5,19.3,3.0,11.5,3.6,0.7,1.4,3.3,2.5,15.7,12.8,2.7,2.8,3.0,3.5,0.0,1.1,1.6,1.9,1.2,0.1,0.1695,0.58,0.2854,0.357,0.1568,1.5487,0.2387,0.7299,0.3377,0.3158,0.0546,0.9071,2.3451,0.4594,0.5101,0.5101,0.5101,0.4533,0.734,0.0,0.1724,0.6814,2.0411,0.4356,6.445,0.3327,0,0,0,0,0,0,0,0,0,0,1,1,0,0,0,0,0,0,0,0,1,5667,90,52,247,209,167,177,300,202,0,17,0,17,240,242,0,17,4.1,2.3,4.1,3.5,2.7,2.9,4.9,3.4,0.0,0.6,0.0,0.6,3.9,3.9,0.0,0.6
39,Ohio,OH,39017,Butler County,39017011112,Census Tract 111.12; Butler County; Ohio,2.638657361588,6732,641,2071,199,2071,199,355,250,188,119,160,88,163,98,87,51,878,177,1779,234,372,136,50,46,33,75,1749,817,0,24,0,17,0,24,13,16,81,2,5.3,3.7,5.8,3.3,7.7,4.2,3.7,2.2,1.3,0.8,13.0,2.5,26.4,2.8,5.6,2.0,2.4,2.2,0.5,1.2,26.0,11.9,0.0,1.2,0.0,1.7,0.0,1.2,0.6,0.8,1.2,0.1,0.0705,0.6432,0.0184,0.2039,0.0593,0.9953,0.0981,0.2368,0.7882,0.0371,0.201,0.5796,1.8427,0.2006,0.6674,0.6674,0.6674,0.0,0.0,0.0,0.0616,0.6814,0.743,0.0641,4.2484,0.074,0,0,0,0,0,0,0,0,0,0,0,0,0,0,0,0,0,0,0,0,0,2615,21,19,740,321,42,59,715,280,0,17,0,17,252,157,0,17,1.0,0.9,11.0,4.5,0.6,0.9,10.6,3.9,0.0,0.5,0.0,0.5,3.7,2.3,0.0,0.5
39,Ohio,OH,39017,Butler County,39017011118,Census Tract 111.18; Butler County; Ohio,2.960895001972,3571,356,1432,154,1350,179,463,304,60,52,230,102,112,72,77,85,900,249,767,116,342,177,13,23,0,48,499,536,161,69,0,12,0,16,94,58,138,2,13.5,8.7,3.7,3.1,17.0,7.2,4.3,2.8,2.2,2.4,25.2,5.9,21.5,3.0,10.0,4.9,1.0,1.7,0.0,1.4,14.0,14.9,11.3,4.7,0.0,2.4,0.0,1.2,7.0,4.2,3.9,0.4,0.3193,0.4429,0.2714,0.2508,0.1396,1.424,0.2054,0.8744,0.4848,0.2174,0.0759,0.0,1.6525,0.126,0.4699,0.4699,0.4699,0.7159,0.0,0.0,0.5994,0.87,2.1853,0.4952,5.7317,0.2194,0,0,0,0,0,0,0,0,0,0,0,0,0,0,0,0,0,0,0,0,0,1738,91,54,106,101,45,62,340,312,0,12,0,12,8,11,0,12,6.7,4.0,3.0,2.7,1.3,1.7,9.5,8.5,0.0,1.0,0.0,1.0,0.2,0.3,0.0,1.0
39,Ohio,OH,39017,Butler County,39017011120,Census Tract 111.20; Butler County; Ohio,4.748593980314,8390,777,3076,249,2883,292,854,390,21,27,336,131,327,269,439,364,982,161,2118,314,585,169,95,74,180,182,1439,1093,392,170,0,17,55,61,40,44,0,17,10.2,4.6,0.4,0.6,11.7,4.4,5.8,4.6,5.2,4.2,11.7,1.9,25.2,3.0,7.0,2.0,3.3,2.5,2.3,2.3,17.2,12.9,12.7,5.4,0.0,1.1,1.9,2.1,1.4,1.5,0.0,0.2,0.2123,0.0289,0.0895,0.3662,0.4706,1.1675,0.1403,0.1836,0.7248,0.0724,0.2943,0.8548,2.1299,0.341,0.5412,0.5412,0.5412,0.7422,0.0,0.7219,0.1476,0.0,1.6117,0.2629,5.4503,0.1841,0,0,0,0,0,0,0,0,0,0,0,0,0,0,0,0,0,0,0,0,0,14754,102,63,274,237,538,412,171,137,0,17,0,17,419,277,37,59,3.5,2.2,3.3,2.8,6.4,4.8,2.0,1.6,0.0,0.4,0.0,0.4,5.0,3.2,0.4,0.7
39,Ohio,OH,39017,Butler County,39017011122,Census Tract 111.22; Butler County; Ohio,1.978702093334,5778,525,2170,145,2154,151,990,496,132,94,542,169,414,231,526,342,917,268,1642,201,387,117,83,69,345,219,2400,701,402,149,0,17,20,36,50,50,0,17,17.2,8.5,4.6,3.1,25.2,7.6,10.8,5.4,9.1,5.5,15.9,4.2,28.4,2.6,6.7,2.0,3.9,3.2,6.6,4.1,41.5,11.5,18.5,6.8,0.0,1.6,0.9,1.7,2.3,2.3,0.0,0.3,0.4307,0.5451,0.5889,0.6782,0.7782,3.0211,0.6686,0.3922,0.8678,0.0622,0.3638,0.9715,2.6575,0.6581,0.7882,0.7882,0.7882,0.826,0.0,0.5384,0.2429,0.0,1.6073,0.261,8.0741,0.5971,0,0,0,0,0,0,0,0,0,0,1,1,0,0,0,0,0,0,0,0,1,3226,50,50,877,262,52,84,1284,401,0,17,0,17,165,168,22,37,2.3,2.3,15.2,4.8,0.9,1.5,22.2,6.1,0.0,0.6,0.0,0.6,2.9,2.9,0.4,0.6
39,Ohio,OH,39017,Butler County,39017011123,Census Tract 111.23; Butler County; Ohio,7.529242669014,5069,603,2634,384,2527,382,1655,582,57,61,935,281,529,273,658,258,492,133,1450,409,594,177,295,136,372,224,2628,762,828,402,324,88,91,82,52,41,0,17,32.9,10.9,2.0,2.1,37.0,9.6,16.4,7.6,13.0,5.2,9.7,2.8,28.6,6.4,11.7,3.3,11.6,5.1,7.9,4.7,51.8,13.7,31.4,14.6,12.3,3.6,3.6,3.2,2.1,1.6,0.0,0.3,0.7537,0.194,0.8533,0.8488,0.9108,3.5606,0.7937,0.1138,0.876,0.3291,0.8289,0.9807,3.1285,0.8629,0.8323,0.8323,0.8323,0.9257,0.9025,0.8822,0.2248,0.0,2.9352,0.8067,10.4566,0.8892,0,0,0,0,1,1,0,0,0,0,1,1,0,0,1,1,0,0,0,2,4,36642,334,235,1111,429,1065,417,256,147,39,59,0,17,154,93,3,7,13.2,8.6,21.9,7.4,21.0,7.9,5.1,3.1,0.8,1.2,0.0,0.7,3.0,1.8,0.1,0.1
39,Ohio,OH,39017,Butler County,39017011125,Census Tract 111.25; Butler County; Ohio,2.060269615752,3728,512,1490,172,1316,148,253,120,41,34,168,76,159,97,67,47,652,135,838,271,304,112,30,29,83,73,991,698,59,44,0,12,36,43,24,30,0,12,6.8,3.1,2.1,1.7,12.8,5.6,6.2,3.8,1.8,1.3,17.5,3.8,22.5,4.9,8.2,3.0,2.3,2.2,2.4,2.1,26.6,18.4,4.0,2.9,0.0,2.3,2.7,3.3,1.8,2.3,0.0,0.3,0.113,0.2086,0.1197,0.3966,0.1022,0.9401,0.0883,0.4959,0.5526,0.1215,0.1902,0.8646,2.2248,0.3895,0.6722,0.6722,0.6722,0.5184,0.0,0.814,0.1933,0.0,1.5257,0.2381,5.3628,0.1749,0,0,0,0,0,0,0,0,0,0,0,0,0,0,0,0,0,0,0,0,0,2988,100,50,334,293,24,26,476,116,0,12,0,12,157,144,0,12,7.6,3.9,9.0,7.4,0.6,0.7,12.8,3.3,0.0,0.9,0.0,0.9,4.2,3.8,0.0,0.9
39,Ohio,OH,39017,Butler County,39017011126,Census Tract 111.26; Butler County; Ohio,1.851540171838,5593,779,2321,334,2231,335,707,353,196,141,490,168,163,126,793,368,857,499,1055,258,515,221,135,110,204,145,1598,1065,723,176,0,17,48,40,69,73,0,17,12.6,6.1,6.1,4.1,22.0,6.8,4.5,3.6,14.2,5.9,15.3,7.8,18.9,4.2,9.2,3.8,6.1,4.8,3.9,2.7,28.6,18.6,31.2,6.1,0.0,1.5,2.2,1.8,3.1,3.3,0.0,0.3,0.2897,0.6648,0.4743,0.267,0.9308,2.6266,0.5476,0.3576,0.3107,0.1711,0.5584,0.9249,2.3227,0.4467,0.6921,0.6921,0.6921,0.9248,0.0,0.7575,0.3143,0.0,1.9966,0.4137,7.638,0.5229,0,0,0,0,1,1,0,0,0,0,1,1,0,0,1,0,0,0,0,1,3,4106,155,113,672,215,139,122,623,251,0,17,0,17,164,116,0,17,6.9,4.9,12.0,3.5,2.5,2.1,11.1,4.7,0.0,0.6,0.0,0.6,2.9,2.1,0.0,0.6
39,Ohio,OH,39017,Butler County,39017011127,Census Tract 111.27; Butler County; Ohio,1.327441069916,4610,562,1724,248,1704,249,122,85,167,201,228,91,162,84,143,124,621,103,1203,214,464,316,67,54,52,59,1133,780,216,78,0,12,0,16,35,30,0,12,2.7,1.8,6.4,6.9,13.4,5.0,5.3,2.8,3.1,2.7,13.5,2.6,26.1,3.9,10.1,6.3,3.9,3.1,1.2,1.4,24.6,16.7,12.5,4.2,0.0,2.0,0.0,0.9,2.1,1.8,0.0,0.3,0.0206,0.6835,0.1371,0.3253,0.2371,1.4036,0.2013,0.2616,0.7736,0.2222,0.3638,0.7403,2.3615,0.4727,0.6512,0.6512,0.6512,0.7387,0.0,0.0,0.2248,0.0,0.9635,0.1006,5.3798,0.1768,0,0,0,0,0,0,0,0,0,0,0,0,0,0,0,0,0,0,0,0,0,1957,66,42,594,365,166,108,337,165,0,12,0,12,36,45,0,12,3.9,2.5,12.9,7.4,3.6,2.4,7.3,3.7,0.0,0.8,0.0,0.8,0.8,1.0,0.0,0.8
39,Ohio,OH,39017,Butler County,39017011128,Census Tract 111.28; Butler County; Ohio,1.58458577412,3011,360,1116,105,1116,105,209,132,33,30,109,49,94,72,31,32,508,83,764,184,221,97,72,42,10,49,453,511,109,56,12,23,0,16,8,13,0,12,6.9,4.3,2.1,1.9,9.8,4.3,4.6,3.5,1.0,1.1,16.9,3.0,25.4,4.3,7.3,3.4,6.4,3.7,0.3,1.7,15.0,16.9,9.7,4.9,1.1,2.1,0.0,1.4,0.7,1.2,0.0,0.4,0.1152,0.2086,0.0448,0.2724,0.0394,0.6804,0.0448,0.4575,0.7327,0.0812,0.58,0.4968,2.3482,0.4622,0.4943,0.4943,0.4943,0.6844,0.6378,0.0,0.0762,0.0,1.3984,0.201,4.9213,0.1324,0,0,0,0,0,0,0,0,0,0,0,0,0,0,0,0,0,0,0,0,0,2619,8,13,71,53,150,146,184,118,0,12,0,12,48,37,0,12,0.7,1.2,2.4,1.8,5.0,4.8,6.1,3.7,0.0,1.2,0.0,1.2,1.6,1.2,0.0,1.2
39,Ohio,OH,39017,Butler County,39017011129,Census Tract 111.29; Butler County; Ohio,1.833826584282,4883,1007,1869,283,1825,298,361,278,165,124,317,161,102,78,100,61,717,95,1438,480,385,250,267,154,0,48,1088,1424,0,16,0,12,0,16,8,12,0,12,7.4,5.5,6.3,4.0,17.4,8.4,3.1,2.3,2.0,1.4,14.7,3.4,29.4,4.2,7.9,5.2,14.7,8.1,0.0,1.1,22.3,28.8,0.0,0.9,0.0,1.9,0.0,0.9,0.4,0.6,0.0,0.2,0.1317,0.6781,0.2854,0.1579,0.1209,1.374,0.1902,0.3282,0.8963,0.106,0.8952,0.0,2.2257,0.3905,0.6205,0.6205,0.6205,0.0,0.0,0.0,0.0476,0.0,0.0476,0.0076,4.2678,0.0765,0,0,0,0,0,0,0,0,0,0,0,0,0,0,0,0,0,0,0,0,0,4119,36,44,392,102,161,103,371,217,0,12,0,12,155,107,9,15,2.0,2.5,8.0,2.7,3.3,2.1,7.6,4.7,0.0,0.7,0.0,0.7,3.2,2.2,0.2,0.3
39,Ohio,OH,39017,Butler County,39017011130,Census Tract 111.30; Butler County; Ohio,1.864195437092,4825,372,2000,202,1857,168,782,416,0,12,272,125,270,191,307,222,782,145,1304,387,490,280,124,98,220,188,1611,702,219,99,307,135,198,142,14,23,0,12,16.2,8.5,0.0,1.5,14.6,6.6,8.3,5.8,6.4,4.7,16.2,3.0,27.0,7.3,10.2,5.8,6.7,5.2,5.0,4.2,33.4,14.3,11.0,4.8,15.4,7.2,10.7,7.6,0.8,1.2,0.0,0.2,0.3951,0.0,0.1762,0.5365,0.5849,1.6927,0.2784,0.4138,0.8158,0.2275,0.5975,0.9521,3.0067,0.8257,0.733,0.733,0.733,0.7089,0.9305,0.9933,0.0873,0.0,2.72,0.727,8.1524,0.6079,0,0,0,0,0,0,0,0,0,0,1,1,0,0,0,1,1,0,0,2,3,2020,43,48,84,89,920,533,231,115,0,12,43,89,333,278,0,12,2.3,2.6,1.7,1.9,19.1,11.2,4.8,2.3,0.0,0.7,0.9,1.9,6.9,5.8,0.0,0.7
39,Ohio,OH,39017,Butler County,39017011131,Census Tract 111.31; Butler County; Ohio,3.653828786454,3358,321,1283,94,1272,93,77,58,9,15,159,81,33,30,56,55,554,79,739,147,284,95,4,13,59,78,626,423,341,76,0,12,4,15,7,12,0,12,2.3,1.7,0.5,0.8,12.5,6.3,1.4,1.3,1.7,1.6,16.5,2.3,22.0,3.2,8.5,2.8,0.3,1.0,1.9,2.5,18.6,12.5,26.6,5.6,0.0,2.7,0.3,1.2,0.6,0.9,0.0,0.4,0.0152,0.033,0.1124,0.0536,0.092,0.3062,0.0073,0.4306,0.5171,0.1371,0.041,0.8275,1.9533,0.2498,0.5669,0.5669,0.5669,0.8968,0.0,0.4041,0.0616,0.0,1.3625,0.1924,4.1889,0.0698,0,0,0,0,0,0,0,0,0,0,0,0,0,0,0,0,0,0,0,0,0,11362,40,29,151,113,12,22,333,214,0,12,0,12,130,95,0,12,3.1,2.3,4.5,3.3,0.4,0.7,9.9,6.1,0.0,1.0,0.0,1.0,3.9,2.8,0.0,1.0
39,Ohio,OH,39017,Butler County,39017011132,Census Tract 111.32; Butler County; Ohio,3.027751265986,4234,592,1406,120,1348,135,282,225,65,59,209,132,159,148,239,233,494,187,1464,419,180,113,85,80,213,189,1003,749,0,16,0,12,68,81,19,31,0,12,6.7,5.2,3.2,2.8,15.5,9.7,6.2,5.6,5.6,5.1,11.7,4.9,34.6,5.7,4.3,2.6,6.3,5.9,5.4,4.7,23.7,17.4,0.0,1.1,0.0,2.5,5.0,6.0,1.4,2.3,0.0,0.3,0.1092,0.3711,0.2083,0.3966,0.5075,1.5927,0.2502,0.1836,0.9734,0.013,0.5714,0.9591,2.7005,0.6797,0.6386,0.6386,0.6386,0.0,0.0,0.9381,0.1476,0.0,1.0857,0.1222,6.0175,0.2625,0,0,0,0,0,0,0,1,0,0,1,2,0,0,0,0,1,0,0,1,3,2159,57,79,182,166,404,404,185,161,0,12,0,12,210,159,22,40,4.2,5.7,4.3,3.9,9.5,8.9,4.4,3.9,0.0,0.8,0.0,0.8,5.0,3.7,0.5,1.0
39,Ohio,OH,39017,Butler County,39017011133,Census Tract 111.33; Butler County; Ohio,3.498018096558,4212,465,1338,173,1338,173,308,242,109,65,148,78,72,75,54,61,236,34,1467,200,147,77,63,52,26,69,905,699,0,16,0,12,0,16,21,31,0,12,7.3,5.7,4.8,2.8,11.1,5.7,2.8,2.9,1.3,1.5,5.6,1.1,34.8,2.5,3.5,1.9,4.7,3.8,0.6,1.7,21.5,16.4,0.0,1.2,0.0,2.6,0.0,1.2,1.6,2.3,0.0,0.3,0.1276,0.5603,0.0705,0.1386,0.0593,0.9563,0.0902,0.0308,0.9759,0.0048,0.4476,0.6088,2.0679,0.3073,0.611,0.611,0.611,0.0,0.0,0.0,0.1724,0.0,0.1724,0.0181,3.8076,0.0422,0,0,0,0,0,0,0,1,0,0,0,1,0,0,0,0,0,0,0,0,1,1264,15,25,255,165,53,53,427,255,0,12,0,12,170,133,0,12,1.1,1.9,6.1,3.9,1.3,1.2,10.1,6.1,0.0,0.8,0.0,0.8,4.0,3.1,0.0,0.8
39,Ohio,OH,39017,Butler County,39017011134,Census Tract 111.34; Butler County; Ohio,5.441636259458,6937,916,2795,377,2620,415,574,403,16,27,325,111,184,125,229,248,1222,447,1436,342,320,146,81,91,14,70,730,1313,0,24,0,17,0,24,0,17,0,17,8.3,5.7,0.4,0.7,12.4,3.8,3.6,2.4,3.3,3.5,17.6,5.4,20.7,4.1,4.6,2.2,3.1,3.4,0.2,1.1,10.5,18.9,0.0,0.9,0.0,1.2,0.0,0.9,0.0,1.3,0.0,0.2,0.1542,0.0289,0.1098,0.1966,0.2634,0.7529,0.054,0.5044,0.4315,0.0203,0.2733,0.4556,1.6851,0.1381,0.3732,0.3732,0.3732,0.0,0.0,0.0,0.0,0.0,0.0,0.0,2.8112,0.0083,0,0,0,0,0,0,0,0,0,0,0,0,0,0,0,0,0,0,0,0,0,5528,19,30,246,152,294,299,0,17,0,17,0,17,190,172,0,17,0.7,1.1,3.5,2.1,4.2,4.3,0.0,0.5,0.0,0.5,0.0,0.5,2.7,2.5,0.0,0.5
39,Ohio,OH,39017,Butler County,39017011135,Census Tract 111.35; Butler County; Ohio,5.622417710102,7234,868,2390,287,2319,264,294,222,92,55,226,140,243,151,305,121,622,130,2473,462,590,193,70,71,115,145,2744,1038,0,24,200,139,78,76,4,7,0,17,4.1,3.0,2.6,1.5,9.7,5.9,5.7,3.5,4.2,1.7,8.6,2.0,34.2,3.4,8.2,2.6,3.0,3.0,1.8,2.3,37.9,13.6,0.0,1.0,8.4,5.7,3.4,3.3,0.2,0.3,0.0,0.2,0.0463,0.2822,0.0435,0.357,0.3561,1.0851,0.1187,0.0812,0.9696,0.1215,0.2619,0.8183,2.2525,0.4057,0.7644,0.7644,0.7644,0.0,0.8527,0.8708,0.0413,0.0,1.7648,0.3241,5.8668,0.241,0,0,0,0,0,0,0,1,0,0,0,1,0,0,0,0,0,0,0,0,1,3751,184,134,701,473,1018,605,455,114,0,17,0,17,570,412,0,17,7.9,5.7,9.7,6.7,14.1,7.4,6.3,1.7,0.0,0.5,0.0,0.5,7.9,5.4,0.0,0.5
39,Ohio,OH,39017,Butler County,39017011136,Census Tract 111.36; Butler County; Ohio,2.417976516366,5889,983,1837,247,1747,257,105,116,148,155,160,88,12,22,34,36,563,127,1281,241,214,96,18,34,82,75,1251,1354,0,24,0,17,0,24,58,29,5,2,1.8,2.0,4.1,4.5,9.2,4.9,0.3,0.6,0.6,0.6,9.6,2.8,21.8,3.3,3.6,1.7,1.0,1.9,1.5,1.3,21.2,22.7,0.0,1.3,0.0,1.9,0.0,1.4,3.3,1.8,0.1,0.0,0.0098,0.4867,0.0359,0.0114,0.0187,0.5625,0.0283,0.1103,0.5025,0.0057,0.0759,0.7854,1.4798,0.0854,0.6059,0.6059,0.6059,0.0,0.0,0.0,0.3346,0.3694,0.704,0.0584,3.3522,0.0232,0,0,0,0,0,0,0,0,0,0,0,0,0,0,0,0,0,0,0,0,0,2283,65,52,598,404,109,111,165,182,0,17,0,17,379,221,0,17,3.7,3.0,10.2,6.6,1.9,1.9,2.8,3.2,0.0,0.6,0.0,0.6,6.4,3.7,0.0,0.6
39,Ohio,OH,39017,Butler County,39017011137,Census Tract 111.37; Butler County; Ohio,1.626504096056,3557,452,1074,109,1074,109,100,57,46,46,40,42,87,72,38,45,283,65,841,131,284,136,44,32,19,56,728,693,0,16,0,12,0,16,0,12,0,12,2.8,1.6,2.2,2.2,3.7,3.9,3.9,3.3,1.1,1.3,8.0,2.0,23.6,3.5,8.0,3.8,4.1,3.0,0.6,1.7,20.5,19.3,0.0,1.5,0.0,3.2,0.0,1.5,0.0,3.2,0.0,0.3,0.0219,0.2238,0.0013,0.2191,0.0451,0.5112,0.0232,0.0682,0.6287,0.1104,0.3844,0.6088,1.8005,0.1822,0.5977,0.5977,0.5977,0.0,0.0,0.0,0.0,0.0,0.0,0.0,2.9094,0.0102,0,0,0,0,0,0,0,0,0,0,0,0,0,0,0,0,0,0,0,0,0,1353,8,14,170,142,54,87,247,193,0,12,0,12,232,144,25,40,0.7,1.3,4.8,4.1,1.5,2.4,6.9,5.5,0.0,1.0,0.0,1.0,6.5,4.1,0.7,1.1
39,Ohio,OH,39017,Butler County,39017011200,Census Tract 112; Butler County; Ohio,7.731784442276,8966,634,3259,216,3182,223,733,274,162,103,511,174,169,100,270,151,1507,191,2417,444,876,231,60,59,0,68,1639,959,141,93,0,17,0,24,134,77,127,3,8.4,3.1,3.3,2.1,16.1,5.4,2.9,1.7,3.1,1.7,16.8,2.6,27.0,3.9,9.9,2.5,1.9,1.8,0.0,0.8,18.3,10.6,4.4,2.8,0.0,1.1,0.0,0.8,4.2,2.4,1.4,0.1,0.1568,0.386,0.2321,0.1433,0.2371,1.1553,0.1362,0.4486,0.8158,0.2104,0.1517,0.0,1.6265,0.1197,0.5631,0.5631,0.5631,0.5359,0.0,0.0,0.4114,0.7029,1.6502,0.2749,4.9951,0.1413,0,0,0,0,0,0,0,0,0,0,0,0,0,0,0,0,0,0,0,0,0,9933,216,104,464,138,304,273,130,152,0,17,0,17,741,507,0,17,6.8,3.2,5.2,1.6,3.4,3.0,1.4,1.7,0.0,0.4,0.0,0.4,8.3,5.6,0.0,0.4
39,Ohio,OH,39017,Butler County,39017011300,Census Tract 113; Butler County; Ohio,6.484458379054,7067,659,2491,310,2316,274,963,637,56,69,365,206,525,296,572,280,1040,249,2099,256,660,266,176,104,124,127,1245,1000,128,155,406,183,56,62,128,161,293,4,14.3,9.3,1.6,1.9,15.8,8.7,12.2,6.4,8.5,4.0,14.7,3.2,29.7,2.7,9.8,3.7,7.6,4.4,1.9,1.9,17.6,14.1,5.1,6.2,16.3,6.6,2.4,2.7,5.5,6.6,4.1,0.4,0.3393,0.1346,0.2206,0.7273,0.7471,2.1689,0.4168,0.3282,0.9055,0.2056,0.661,0.8275,2.9278,0.7892,0.5491,0.5491,0.5491,0.5613,0.9375,0.7787,0.5098,0.877,3.6643,0.9629,9.3101,0.7692,0,0,0,0,0,0,0,1,0,0,0,1,0,0,0,1,0,0,0,1,2,5987,196,164,133,96,937,581,55,59,0,17,0,17,120,83,0,17,8.5,6.5,1.9,1.4,13.3,8.0,0.8,0.8,0.0,0.5,0.0,0.5,1.7,1.2,0.0,0.5
39,Ohio,OH,39017,Butler County,39017011800,Census Tract 118; Butler County; Ohio,2.179143857818,6224,858,2157,336,2128,334,406,194,215,192,336,148,261,123,342,168,958,240,1480,304,819,305,75,74,0,68,231,1204,0,24,0,17,0,24,38,48,0,17,6.6,3.0,6.3,5.4,15.8,6.5,6.2,3.0,5.5,2.6,15.4,3.3,23.8,4.3,13.2,4.4,3.6,3.4,0.0,1.1,3.7,19.3,0.0,1.1,0.0,1.6,0.0,1.1,1.8,2.1,0.0,0.3,0.1066,0.6781,0.2206,0.3966,0.5005,1.9024,0.3365,0.3643,0.6439,0.4307,0.3292,0.0,1.7681,0.1667,0.0932,0.0932,0.0932,0.0,0.0,0.0,0.1933,0.0,0.1933,0.019,3.957,0.0508,0,0,0,0,0,0,0,0,0,0,0,0,0,0,0,0,0,0,0,0,0,2266,92,69,0,17,129,105,0,17,0,17,0,17,97,89,5,7,4.3,3.1,0.0,0.6,2.1,1.7,0.0,0.6,0.0,0.6,0.0,0.6,1.6,1.4,0.1,0.1
39,Ohio,OH,39017,Butler County,39017012100,Census Tract 121; Butler County; Ohio,8.537835688004,3080,410,1257,158,1116,138,693,286,43,41,299,112,63,40,117,91,444,84,830,245,275,122,13,22,0,48,61,583,0,16,247,105,21,34,0,12,0,12,22.5,8.8,2.9,2.7,26.8,9.5,3.2,2.0,3.8,2.9,14.4,3.5,26.9,5.6,8.9,4.2,1.2,2.0,0.0,1.7,2.0,18.9,0.0,1.3,19.6,7.9,1.9,3.0,0.0,3.1,0.0,0.4,0.5693,0.327,0.6463,0.1671,0.3113,2.021,0.3711,0.3101,0.8107,0.1552,0.0937,0.0,1.3697,0.061,0.0333,0.0333,0.0333,0.0,0.9556,0.7219,0.0,0.0,1.6775,0.2841,5.1015,0.1514,0,0,0,0,0,0,0,0,0,0,0,0,0,0,0,1,0,0,0,1,1,1192,102,55,0,12,0,12,0,12,0,12,0,12,61,58,0,12,9.1,4.9,0.0,1.1,0.0,1.1,0.0,1.1,0.0,1.1,0.0,1.1,2.0,1.9,0.0,1.1
39,Ohio,OH,39017,Butler County,39017012200,Census Tract 122; Butler County; Ohio,2.61404181468,3198,597,1565,208,1395,218,1348,380,98,88,482,178,360,183,354,239,312,53,849,288,608,274,219,117,0,48,375,809,303,144,107,62,0,16,111,74,0,12,42.6,9.1,6.1,5.3,34.6,11.6,17.8,7.6,11.1,6.3,9.8,2.5,26.5,5.7,19.0,8.7,15.7,8.0,0.0,1.6,11.7,25.2,19.3,8.8,6.8,4.0,0.0,1.1,8.0,5.3,0.0,0.4,0.8588,0.6648,0.8171,0.877,0.8607,4.0784,0.9051,0.1183,0.7945,0.7639,0.9133,0.0,2.59,0.6156,0.4084,0.4084,0.4084,0.8362,0.8232,0.0,0.6479,0.0,2.3073,0.5514,9.3841,0.7806,0,0,0,0,0,0,0,0,0,1,0,1,0,0,0,0,0,0,0,0,1,2078,282,119,31,54,128,129,0,12,2,5,0,12,157,189,57,93,20.2,9.1,1.0,1.6,4.0,4.0,0.0,1.1,0.1,0.2,0.0,1.1,4.9,5.7,1.8,2.9
39,Ohio,OH,39017,Butler County,39017012300,Census Tract 123; Butler County; Ohio,0.611503328274,2053,303,1051,177,1003,172,757,171,105,56,366,94,345,145,167,102,618,257,298,95,477,145,110,58,0,48,323,444,49,56,0,12,22,21,34,24,0,12,36.9,6.3,9.7,4.9,36.5,7.0,21.4,8.5,8.1,4.8,30.1,9.0,14.5,4.7,23.2,6.4,11.0,5.5,0.0,2.4,15.7,21.5,4.7,5.3,0.0,3.3,2.2,2.1,3.4,2.5,0.0,0.6,0.7988,0.8346,0.8432,0.9283,0.7226,4.1275,0.9165,0.9597,0.1148,0.8994,0.8086,0.0,2.7825,0.7241,0.5101,0.5101,0.5101,0.5476,0.0,0.7575,0.3438,0.0,1.6489,0.274,9.069,0.7359,0,0,0,1,0,1,1,0,0,0,0,1,0,0,0,0,0,0,0,0,2,626,294,132,183,97,0,12,6,9,0,12,0,12,134,98,0,12,29.3,11.9,8.9,4.7,0.0,1.7,0.3,0.5,0.0,1.7,0.0,1.7,6.5,4.9,0.0,1.7
39,Ohio,OH,39017,Butler County,39017012400,Census Tract 124; Butler County; Ohio,1.601819822992,2788,342,1042,100,989,101,222,191,27,30,122,49,273,109,66,63,732,75,531,154,503,154,0,16,24,54,257,474,0,16,0,12,0,16,38,33,93,2,8.2,7.0,2.0,2.3,12.3,4.8,13.4,5.2,2.4,2.3,26.3,3.7,19.0,3.9,18.7,5.2,0.0,1.6,0.9,2.0,9.2,17.0,0.0,1.5,0.0,3.3,0.0,1.6,3.8,3.4,3.3,0.4,0.1514,0.194,0.1063,0.7736,0.1568,1.3821,0.1937,0.9055,0.3183,0.7477,0.0,0.6855,2.657,0.6575,0.3269,0.3269,0.3269,0.0,0.0,0.0,0.38,0.8456,1.2256,0.1546,5.5916,0.199,0,0,0,0,0,0,1,0,0,0,0,1,0,0,0,0,0,0,0,0,1,1374,107,50,155,103,14,23,16,29,0,12,0,12,72,54,0,12,10.8,5.2,5.6,3.6,0.5,0.8,0.6,1.0,0.0,1.2,0.0,1.2,2.6,1.8,0.0,1.2
39,Ohio,OH,39017,Butler County,39017012500,Census Tract 125; Butler County; Ohio,1.690283899334,5335,1050,2047,209,1999,221,271,207,98,136,287,139,136,105,90,69,1215,187,1144,420,838,265,89,66,0,68,953,1501,237,129,0,17,0,24,64,80,13,2,5.1,3.8,3.8,5.2,14.4,6.8,3.7,3.0,1.7,1.4,22.8,5.7,21.4,4.2,15.8,5.8,4.5,3.3,0.0,1.3,17.9,27.9,11.6,6.2,0.0,1.7,0.0,1.2,3.2,3.9,0.2,0.1,0.0657,0.4524,0.1679,0.2039,0.092,0.9819,0.0949,0.7857,0.4803,0.5941,0.4286,0.0,2.2887,0.4292,0.5558,0.5558,0.5558,0.7216,0.0,0.0,0.3248,0.4356,1.482,0.2248,5.3084,0.1711,0,0,0,0,0,0,0,0,0,0,0,0,0,0,0,0,0,0,0,0,0,5147,93,67,732,347,72,70,21,35,0,17,0,17,128,148,0,17,4.7,3.4,13.7,7.1,1.3,1.3,0.4,0.7,0.0,0.7,0.0,0.7,2.4,2.8,0.0,0.7
39,Ohio,OH,39017,Butler County,39017012600,Census Tract 126; Butler County; Ohio,1.225889680182,2361,498,1265,321,1163,332,481,242,0,12,228,136,69,49,109,67,573,183,253,66,406,250,7,16,36,72,186,702,43,54,0,12,0,16,50,67,0,12,20.4,9.3,0.0,2.5,19.6,10.3,3.9,2.8,4.6,2.6,24.3,7.1,10.7,3.1,17.2,7.6,0.6,1.4,1.6,3.2,7.9,29.7,3.4,4.2,0.0,2.7,0.0,1.4,4.3,5.6,0.0,0.5,0.516,0.0,0.3781,0.2191,0.3996,1.5128,0.2289,0.8421,0.0488,0.6728,0.0521,0.7971,2.4129,0.5054,0.2771,0.2771,0.2771,0.4895,0.0,0.0,0.4184,0.0,0.9079,0.0911,5.1107,0.1521,0,0,0,0,0,0,0,0,0,0,0,0,0,0,0,0,0,0,0,0,0,2655,97,110,68,71,0,12,76,87,0,12,0,12,42,53,0,12,8.3,8.6,2.9,3.2,0.0,1.5,3.2,3.7,0.0,1.5,0.0,1.5,1.8,2.1,0.0,1.5
39,Ohio,OH,39017,Butler County,39017012700,Census Tract 127; Butler County; Ohio,0.750524758802,3388,427,1435,140,1320,118,794,417,168,99,367,126,148,76,271,121,482,105,724,247,398,172,70,56,9,48,204,600,0,16,3,9,20,32,14,21,0,12,23.4,11.9,8.8,4.9,27.8,9.2,6.6,3.2,8.0,3.8,14.2,3.3,21.4,5.5,11.7,5.1,5.3,4.2,0.3,1.5,6.0,17.7,0.0,1.1,0.2,0.6,1.5,2.4,1.1,1.6,0.0,0.4,0.5887,0.8073,0.6733,0.4236,0.7166,3.2095,0.7146,0.2993,0.4803,0.3291,0.5022,0.4968,2.1077,0.326,0.1928,0.1928,0.1928,0.0,0.5527,0.6606,0.1194,0.0,1.3327,0.1844,6.8427,0.4044,0,0,0,0,0,0,0,0,0,0,0,0,0,0,0,0,0,0,0,0,0,1916,74,53,123,159,18,33,0,12,0,12,0,12,63,68,0,12,5.6,4.0,3.6,4.7,0.5,1.0,0.0,1.0,0.0,1.0,0.0,1.0,1.9,2.0,0.0,1.0
39,Ohio,OH,39017,Butler County,39017013000,Census Tract 130; Butler County; Ohio,0.599456559772,1710,401,786,127,618,141,662,310,61,45,140,71,172,79,154,137,149,79,570,251,362,209,121,66,56,77,1100,449,33,41,6,9,12,20,112,67,0,12,38.7,15.7,7.9,6.9,22.7,10.3,16.3,6.9,9.0,7.3,8.7,5.1,33.3,10.8,21.2,9.1,19.6,9.7,3.5,4.8,64.3,21.5,4.2,5.2,0.8,1.1,1.9,3.2,18.1,10.1,0.0,0.7,0.8235,0.7667,0.4962,0.8469,0.7721,3.7054,0.8251,0.0853,0.9613,0.8426,0.9508,0.916,3.756,0.9825,0.8824,0.8824,0.8824,0.5257,0.6095,0.7219,0.88,0.0,2.7371,0.734,11.0809,0.9368,0,0,0,0,0,0,0,1,0,1,1,3,0,0,0,0,0,0,0,0,3,1530,108,58,635,233,107,95,0,12,0,12,0,12,358,302,0,12,17.5,9.4,37.1,13.3,6.3,5.9,0.0,2.0,0.0,2.0,0.0,2.0,20.9,14.2,0.0,2.0
39,Ohio,OH,39017,Butler County,39017013100,Census Tract 131; Butler County; Ohio,0.5132453886,2260,435,863,105,693,95,1071,366,103,63,198,82,256,113,145,91,233,66,854,219,687,192,131,73,9,48,996,578,0,16,0,12,67,46,95,46,0,12,47.8,13.6,12.1,6.7,28.6,11.2,20.2,7.1,6.4,3.7,10.3,3.6,37.8,5.3,30.4,7.0,18.9,10.2,0.4,2.2,44.1,24.1,0.0,1.9,0.0,4.0,9.7,6.5,13.7,6.6,0.0,0.5,0.8943,0.8854,0.6956,0.9131,0.5849,3.9733,0.8832,0.1325,0.9867,0.9806,0.9457,0.5412,3.5867,0.9625,0.8012,0.8012,0.8012,0.0,0.0,0.9892,0.814,0.0,1.8032,0.3378,10.1644,0.8625,0,0,0,1,0,1,0,1,1,1,0,3,0,0,0,0,1,0,0,1,5,1271,81,52,723,200,61,67,0,12,1,3,0,12,211,148,0,12,11.7,7.2,32.0,9.1,2.7,2.9,0.0,1.5,0.0,0.1,0.0,1.5,9.3,6.4,0.0,1.5
39,Ohio,OH,39017,Butler County,39017013200,Census Tract 132; Butler County; Ohio,0.454373327844,3409,532,1481,167,1323,180,1232,454,182,110,337,153,321,134,448,253,389,127,727,188,881,223,51,49,136,112,1017,727,0,16,0,12,61,44,156,65,0,12,37.1,12.2,10.8,6.5,25.5,11.0,14.2,6.0,13.1,6.7,11.4,4.1,21.3,4.8,25.8,6.0,3.9,3.7,4.2,3.4,29.8,20.8,0.0,1.1,0.0,2.3,4.6,3.3,11.8,4.8,0.0,0.4,0.8007,0.86,0.5994,0.7942,0.913,3.9673,0.8816,0.1718,0.4743,0.9448,0.3638,0.9334,2.8881,0.7717,0.7055,0.7055,0.7055,0.0,0.0,0.9251,0.774,0.0,1.6991,0.2946,9.26,0.759,0,0,0,0,1,1,0,0,1,0,1,2,0,0,0,0,1,0,0,1,4,1091,139,122,630,325,352,274,0,12,0,12,0,12,35,42,0,12,10.5,8.6,18.5,8.1,10.3,8.2,0.0,1.0,0.0,1.0,0.0,1.0,1.0,1.2,0.0,1.0
39,Ohio,OH,39017,Butler County,39017013300,Census Tract 133; Butler County; Ohio,0.72377136512,2379,226,1055,131,1022,129,286,105,106,50,186,61,168,93,114,50,645,151,427,90,309,78,51,32,31,58,225,300,46,37,0,12,17,16,71,45,0,12,12.0,4.3,8.4,3.7,18.2,5.5,9.4,4.9,4.8,2.1,27.1,5.4,17.9,3.3,13.0,3.3,5.0,3.1,1.4,2.7,9.5,12.6,4.4,3.5,0.0,3.3,1.7,1.6,6.9,4.5,0.0,0.5,0.2707,0.7876,0.3213,0.5999,0.4243,2.4038,0.4806,0.9198,0.2495,0.4129,0.4762,0.7717,2.8301,0.7448,0.337,0.337,0.337,0.5359,0.0,0.6917,0.5924,0.0,1.82,0.3441,7.3909,0.4873,0,0,0,0,0,0,1,0,0,0,0,1,0,0,0,0,0,0,0,0,1,1455,213,87,16,18,141,121,0,12,0,12,0,12,68,43,0,12,20.8,7.5,0.7,0.8,5.9,4.9,0.0,1.5,0.0,1.5,0.0,1.5,2.9,1.8,0.0,1.5
39,Ohio,OH,39017,Butler County,39017013400,Census Tract 134; Butler County; Ohio,0.348940454704,2118,364,1032,142,982,145,554,232,104,72,340,108,280,134,196,95,387,110,298,146,265,81,72,45,0,48,457,489,25,28,0,12,12,20,43,35,120,3,27.8,10.5,9.2,5.9,34.6,9.7,17.6,6.3,9.8,4.7,18.3,4.1,14.1,6.2,13.3,4.0,7.3,4.5,0.0,2.4,21.6,22.8,2.5,2.7,0.0,3.3,1.2,2.0,4.4,3.6,5.7,1.0,0.6753,0.8222,0.8171,0.8735,0.8124,4.0005,0.8883,0.5549,0.1056,0.4361,0.6416,0.0,1.7382,0.1575,0.6126,0.6126,0.6126,0.4413,0.0,0.6038,0.4289,0.9201,2.3941,0.5917,8.7454,0.694,0,0,0,0,0,0,0,0,0,0,0,0,0,0,0,0,0,0,1,1,1,1323,116,58,158,89,99,107,0,12,1,2,0,12,199,147,0,12,11.8,5.2,7.5,4.5,4.7,5.1,0.0,1.6,0.0,0.1,0.0,1.6,9.4,6.2,0.0,1.6
39,Ohio,OH,39017,Butler County,39017013500,Census Tract 135; Butler County; Ohio,0.633998402998,2866,376,1372,162,1262,147,716,197,98,57,312,135,543,200,305,175,414,80,500,188,624,193,147,95,2,46,570,564,5,14,182,125,0,16,20,23,24,4,25.0,6.0,6.6,3.8,24.7,10.3,25.1,8.1,10.6,5.4,14.4,3.1,17.4,5.9,21.8,6.6,11.7,7.4,0.1,1.7,19.9,19.5,0.4,1.0,13.3,8.6,0.0,1.3,1.6,1.8,0.8,0.1,0.6246,0.6965,0.567,0.9543,0.8423,3.6847,0.821,0.3101,0.2248,0.8645,0.8311,0.4245,2.655,0.6562,0.5891,0.5891,0.5891,0.2743,0.9137,0.0,0.1724,0.6344,1.9948,0.413,8.9236,0.7175,0,0,0,1,0,1,0,0,0,0,0,0,0,0,0,1,0,0,0,1,2,1069,173,71,203,167,141,136,34,42,0,12,0,12,182,194,10,18,13.7,5.7,7.1,5.8,4.9,4.8,1.2,1.5,0.0,1.2,0.0,1.2,6.4,6.8,0.3,0.6
39,Ohio,OH,39017,Butler County,39017013600,Census Tract 136; Butler County; Ohio,1.35164464599,4899,726,2331,196,2134,227,2640,844,117,91,871,293,625,276,1291,539,609,74,881,265,856,281,46,64,63,80,1441,959,601,209,0,12,93,105,224,105,8,2,53.9,15.3,5.0,3.8,40.8,13.0,20.6,7.5,26.4,10.1,12.4,2.3,18.0,4.1,17.5,5.5,2.2,3.0,1.4,1.7,29.4,19.1,25.8,8.7,0.0,1.5,4.3,4.9,10.5,4.7,0.2,0.0,0.9283,0.58,0.9054,0.9195,0.9911,4.3243,0.9467,0.2118,0.2565,0.6903,0.1762,0.7717,2.1065,0.3254,0.7013,0.7013,0.7013,0.8917,0.0,0.9111,0.7343,0.4356,2.9727,0.8206,10.1048,0.8565,1,0,1,1,1,4,0,0,0,0,0,0,0,0,0,0,1,0,0,1,5,3508,453,171,1000,298,170,191,117,146,0,12,0,12,133,117,21,39,21.2,8.0,20.4,5.9,3.5,3.8,2.4,2.9,0.0,0.7,0.0,0.7,2.7,2.5,0.4,0.8
39,Ohio,OH,39017,Butler County,39017013900,Census Tract 139; Butler County; Ohio,1.532229184614,2269,673,1112,138,1019,147,556,290,59,51,251,113,455,239,181,109,285,104,296,186,655,321,62,68,0,48,39,954,0,16,0,12,0,16,109,94,0,12,24.6,10.5,5.2,4.2,24.6,10.5,26.0,8.4,8.0,5.5,12.6,5.9,13.0,7.3,28.9,8.1,6.1,6.6,0.0,2.2,1.7,42.0,0.0,1.4,0.0,3.1,0.0,1.6,10.7,9.0,0.0,0.5,0.6157,0.5971,0.5635,0.9626,0.7166,3.4555,0.7695,0.2229,0.078,0.9746,0.5584,0.0,1.8339,0.1959,0.0254,0.0254,0.0254,0.0,0.0,0.0,0.7438,0.0,0.7438,0.0644,6.0586,0.2683,0,0,0,1,0,1,0,0,1,0,0,1,0,0,0,0,0,0,0,0,2,1781,184,80,0,12,6,11,0,12,0,12,0,12,33,29,0,12,18.1,7.7,0.0,1.5,0.3,0.5,0.0,1.5,0.0,1.5,0.0,1.5,1.5,1.4,0.0,1.5
39,Ohio,OH,39017,Butler County,39017014000,Census Tract 140; Butler County; Ohio,1.575434384516,2435,432,1097,133,984,146,1328,430,76,58,318,110,358,122,274,231,274,97,850,288,674,177,201,92,135,95,1060,538,67,32,70,58,25,38,196,70,20,3,54.5,14.8,7.8,6.0,32.3,10.1,25.9,8.2,11.3,8.7,11.3,4.5,34.9,7.7,27.7,6.3,20.4,8.8,5.8,4.0,43.5,20.7,6.1,2.8,6.4,5.2,2.5,3.8,19.9,7.4,0.8,0.2,0.9321,0.7616,0.7787,0.9613,0.8686,4.3023,0.9438,0.1699,0.9772,0.9645,0.9587,0.9629,4.0332,0.9965,0.799,0.799,0.799,0.5905,0.8159,0.7902,0.901,0.6344,3.732,0.9689,12.8665,0.9987,1,0,0,1,0,2,0,1,1,1,1,4,0,0,0,0,0,1,0,1,7,1273,250,89,602,336,270,120,0,12,0,12,0,12,142,105,46,49,25.4,9.3,24.7,11.0,11.1,5.2,0.0,1.4,0.0,1.4,0.0,1.4,5.8,4.2,1.9,2.0
39,Ohio,OH,39017,Butler County,39017014100,Census Tract 141; Butler County; Ohio,5.747278077576,2231,312,921,94,852,97,806,254,141,71,191,65,249,116,363,152,305,71,471,84,447,213,98,53,12,47,638,410,6,15,1,4,16,26,105,65,28,3,36.5,10.3,13.9,6.9,22.4,7.2,16.2,6.5,16.4,5.9,13.7,3.1,21.1,3.7,20.3,8.2,11.5,6.1,0.6,2.2,28.6,17.9,0.7,1.6,0.1,0.4,1.9,3.0,12.3,7.7,1.3,0.2,0.7953,0.9194,0.486,0.8437,0.9562,4.0006,0.8886,0.2752,0.4569,0.8156,0.8248,0.6088,2.9813,0.8133,0.6921,0.6921,0.6921,0.2994,0.5502,0.7219,0.7854,0.6934,3.0503,0.8441,10.7243,0.9111,0,1,0,0,1,2,0,0,0,0,0,0,0,0,0,0,0,0,0,0,2,5622,84,41,242,120,128,108,0,12,0,12,0,12,268,146,0,12,9.9,4.8,10.8,5.2,5.7,4.7,0.0,1.6,0.0,1.6,0.0,1.6,12.0,5.9,0.0,1.6
39,Ohio,OH,39017,Butler County,39017014300,Census Tract 143; Butler County; Ohio,22.265358319774,5016,401,1949,186,1908,190,645,563,36,32,310,162,150,85,367,314,1043,206,1360,352,606,295,128,146,0,68,111,577,0,24,0,17,48,58,132,128,42,5,13.0,11.3,1.6,1.4,16.2,8.3,4.4,2.4,7.4,6.3,20.8,4.3,27.1,5.8,12.2,5.9,6.7,7.6,0.0,1.4,2.2,11.5,0.0,1.2,0.0,1.8,2.5,3.0,6.9,6.4,0.8,0.1,0.3043,0.1346,0.2371,0.2581,0.6744,1.6085,0.2559,0.7051,0.8205,0.3659,0.5975,0.0,2.489,0.5511,0.0412,0.0412,0.0412,0.0,0.0,0.7902,0.5924,0.6344,2.017,0.4248,6.1557,0.2832,0,0,0,0,0,0,0,0,0,0,0,0,0,0,0,0,0,0,0,0,0,3144,325,158,55,61,0,17,0,17,0,17,0,17,56,47,0,17,17.0,7.4,1.1,1.2,0.0,0.7,0.0,0.7,0.0,0.7,0.0,0.7,1.1,1.0,0.0,0.7
39,Ohio,OH,39017,Butler County,39017014400,Census Tract 144; Butler County; Ohio,0.54848877916,2206,417,1314,246,1180,242,1290,358,136,87,602,217,339,153,91,48,423,137,511,201,657,171,187,169,90,102,828,516,349,123,0,12,63,44,458,197,89,8,60.6,12.3,17.6,9.6,51.0,15.1,25.3,10.5,4.2,2.4,19.2,6.1,23.2,6.6,30.4,8.4,15.8,14.0,4.4,5.0,37.5,22.3,26.6,7.9,0.0,2.6,5.3,3.6,38.8,12.0,4.0,0.8,0.9613,0.9606,0.9737,0.9572,0.3561,4.2089,0.9283,0.6129,0.6005,0.9806,0.9149,0.9388,4.0477,0.9968,0.7606,0.7606,0.7606,0.8968,0.0,0.9451,0.9816,0.8757,3.6992,0.9667,12.7164,0.9981,1,1,1,1,0,4,0,0,1,1,1,3,0,0,0,0,1,1,0,2,9,2735,382,118,282,123,272,221,0,12,0,12,9,16,248,165,17,26,32.4,10.2,12.8,5.9,12.3,9.3,0.0,1.6,0.0,1.6,0.4,0.8,11.2,6.2,0.8,1.2
39,Ohio,OH,39017,Butler County,39017014600,Census Tract 146; Butler County; Ohio,0.506056555462,1061,151,600,76,498,86,302,105,6,13,157,64,154,117,100,104,138,67,163,65,186,69,51,32,76,109,278,207,201,79,6,9,2,12,107,52,196,12,31.2,9.8,1.1,2.3,31.5,11.6,19.7,13.0,10.2,9.9,13.0,5.7,15.4,5.7,18.9,6.7,10.2,6.2,7.6,10.8,26.2,19.2,33.5,12.5,1.0,1.5,0.4,2.4,21.5,9.4,18.5,2.9,0.729,0.0803,0.7603,0.9074,0.8258,3.3028,0.7381,0.2368,0.1414,0.7566,0.7835,0.9778,2.8961,0.7746,0.6687,0.6687,0.6687,0.9327,0.6295,0.4206,0.9149,0.9727,3.8704,0.9835,10.738,0.9124,0,0,0,1,0,1,0,0,0,0,1,1,0,0,1,0,0,1,1,3,5,3695,135,76,114,52,95,103,0,12,0,12,0,12,42,32,27,37,27.1,13.1,10.7,5.1,9.0,9.3,0.0,3.2,0.0,3.2,0.0,3.2,4.0,2.9,2.5,3.4
39,Ohio,OH,39017,Butler County,39017014700,Census Tract 147; Butler County; Ohio,0.635667908046,4648,765,1717,258,1631,246,1259,602,117,73,416,146,258,111,158,111,390,118,1091,285,569,142,137,103,31,65,639,1084,29,48,0,12,15,20,38,32,17,3,27.3,12.3,4.2,2.9,25.5,8.1,9.9,3.9,3.4,2.3,8.4,2.8,23.5,4.2,12.2,3.6,8.4,6.2,0.8,1.6,13.7,23.2,1.7,2.8,0.0,2.0,0.9,1.2,2.3,2.0,0.4,0.1,0.6668,0.4975,0.5994,0.6319,0.2745,2.6701,0.5632,0.0777,0.6224,0.3659,0.7051,0.6636,2.4347,0.5152,0.4642,0.4642,0.4642,0.387,0.0,0.5384,0.2429,0.5374,1.7057,0.2981,7.2747,0.4673,0,0,0,0,0,0,0,0,0,0,0,0,0,0,0,0,0,0,0,0,0,2650,77,45,66,99,290,196,62,108,0,12,0,12,185,118,36,47,4.7,2.7,1.4,2.2,6.2,4.3,1.3,2.3,0.0,0.7,0.0,0.7,4.0,2.5,0.8,1.0
39,Ohio,OH,39017,Butler County,39017014800,Census Tract 148; Butler County; Ohio,3.268051884338,7187,1007,3008,347,2812,352,1279,368,156,131,564,166,327,165,427,178,1190,234,1975,591,1077,260,257,141,14,69,1862,1206,89,56,0,17,31,43,116,63,132,5,18.4,4.6,5.0,4.0,20.1,5.3,7.0,3.7,6.0,2.6,16.6,4.0,27.5,5.3,15.2,4.5,9.2,4.9,0.2,1.0,25.9,16.4,2.9,1.8,0.0,1.2,1.1,1.5,4.1,2.3,1.8,0.3,0.4656,0.58,0.3971,0.4486,0.5459,2.4372,0.4898,0.4379,0.837,0.5592,0.7448,0.4556,3.0345,0.8346,0.6665,0.6665,0.6665,0.4695,0.0,0.587,0.4063,0.7445,2.2073,0.5032,8.3455,0.6381,0,0,0,0,0,0,0,0,0,0,0,0,0,0,0,0,0,0,0,0,0,5138,383,139,210,169,399,326,116,156,7,13,0,17,1130,871,0,17,13.6,5.4,2.9,2.4,5.6,4.6,1.6,2.2,0.1,0.2,0.0,0.5,15.7,10.8,0.0,0.5
39,Ohio,OH,39017,Butler County,39017014900,Census Tract 149; Butler County; Ohio,5.32911687021,5260,696,1840,166,1720,152,464,279,185,194,226,106,76,51,92,70,542,54,1180,168,447,162,72,58,15,71,406,991,257,100,18,18,0,24,17,20,0,17,8.9,5.2,6.1,5.4,13.1,6.1,2.6,1.7,1.8,1.4,10.3,1.6,22.4,4.1,8.5,3.4,4.2,3.4,0.3,1.4,7.7,18.8,14.0,5.3,1.0,0.9,0.0,1.4,1.0,1.1,0.0,0.3,0.1765,0.6648,0.1283,0.1243,0.1022,1.1961,0.1463,0.1325,0.5466,0.1371,0.394,0.4968,1.707,0.146,0.2666,0.2666,0.2666,0.7654,0.6295,0.0,0.1067,0.0,1.5016,0.2308,4.6713,0.1095,0,0,0,0,0,0,0,0,0,0,0,0,0,0,0,0,0,0,0,0,0,1544,126,72,149,131,58,106,35,34,14,20,0,17,150,81,0,17,7.3,4.0,2.8,2.5,1.1,2.0,0.7,0.7,0.3,0.4,0.0,0.7,2.9,1.5,0.0,0.7
39,Ohio,OH,39017,Butler County,39017015000,Census Tract 150; Butler County; Ohio,31.376341191168,7087,832,2699,382,2629,366,673,350,108,65,596,203,487,200,287,196,1857,374,1482,323,1080,283,109,93,28,79,104,1173,0,24,180,103,0,24,84,53,75,2,9.6,4.9,3.4,2.0,22.7,7.0,10.2,4.0,4.1,2.7,26.2,4.3,20.9,3.6,15.4,3.6,4.2,3.5,0.4,1.2,1.5,16.6,0.0,0.9,6.7,3.8,0.0,0.9,3.2,2.0,1.1,0.1,0.1939,0.3975,0.4962,0.65,0.3478,2.0854,0.3933,0.902,0.4426,0.5712,0.394,0.5412,2.851,0.754,0.02,0.02,0.02,0.0,0.8219,0.0,0.3248,0.6703,1.817,0.3429,6.7734,0.3895,0,0,0,0,0,0,1,0,0,0,0,1,0,0,0,0,0,0,0,0,1,4500,310,157,15,33,22,27,0,17,8,15,0,17,59,44,0,17,11.8,5.4,0.2,0.5,0.3,0.4,0.0,0.5,0.1,0.2,0.0,0.5,0.8,0.6,0.0,0.5
39,Ohio,OH,39017,Butler County,39017015100,Census Tract 151; Butler County; Ohio,7.563793392586,7747,891,2728,215,2563,211,1314,739,131,99,406,179,375,182,336,220,827,201,2669,687,1220,425,338,185,0,68,249,1309,191,111,0,17,74,107,125,105,0,17,17.1,9.4,3.5,2.7,15.8,6.9,8.7,4.2,4.3,2.8,10.7,3.3,34.5,5.9,15.7,6.2,13.2,7.1,0.0,0.9,3.2,16.9,7.0,4.0,0.0,1.3,2.9,4.2,4.9,4.0,0.0,0.2,0.4268,0.4156,0.2206,0.5574,0.3659,1.9863,0.3622,0.1503,0.9727,0.5874,0.867,0.0,2.5774,0.6083,0.0751,0.0751,0.0751,0.6171,0.0,0.8349,0.4625,0.0,1.9145,0.3822,6.5533,0.3524,0,0,0,0,0,0,0,1,0,0,0,1,0,0,0,0,0,0,0,0,1,6431,241,130,53,56,0,17,10,17,0,17,0,17,186,188,0,17,9.4,5.1,0.7,0.8,0.0,0.4,0.1,0.2,0.0,0.4,0.0,0.4,2.4,2.5,0.0,0.4
39,Ohio,OH,39019,Carroll County,39019720100,Census Tract 7201; Carroll County; Ohio,72.161814762538,2984,599,1230,127,1055,133,706,239,46,41,124,59,429,303,898,572,414,86,803,296,297,92,26,26,10,47,171,852,0,16,148,69,62,72,180,107,0,12,23.7,6.4,3.0,2.6,11.8,5.4,23.4,13.6,30.1,14.1,13.9,3.6,26.9,5.2,10.0,3.2,2.5,2.4,0.4,1.7,5.7,28.5,0.0,1.3,12.0,5.6,5.9,6.8,17.1,9.0,0.0,0.4,0.5944,0.3403,0.0924,0.9442,0.994,2.9653,0.6495,0.2841,0.8107,0.2174,0.2114,0.5412,2.0648,0.3041,0.1829,0.1829,0.1829,0.0,0.8981,0.959,0.8686,0.0,2.7257,0.7302,7.9387,0.5752,0,0,0,1,1,2,0,0,0,0,0,0,0,0,0,0,1,0,0,1,3,1071,339,133,0,12,14,24,0,12,0,12,0,12,157,104,0,12,32.1,10.5,0.0,1.2,0.5,0.8,0.0,1.2,0.0,1.2,0.0,1.2,5.3,3.7,0.0,1.2
39,Ohio,OH,39019,Carroll County,39019720200,Census Tract 7202; Carroll County; Ohio,21.77963737055,3148,349,1499,177,1362,186,625,205,76,79,271,111,256,93,261,169,544,108,549,180,451,126,59,50,0,48,195,512,0,16,167,70,0,16,33,28,93,4,20.3,6.3,4.8,5.0,19.9,7.7,12.0,4.2,8.5,5.5,17.3,3.1,17.4,5.0,14.7,4.2,4.4,3.6,0.0,1.6,6.2,16.2,0.0,1.1,11.1,4.7,0.0,1.2,2.4,2.0,3.0,0.4,0.5129,0.5603,0.3898,0.7207,0.7471,2.9308,0.6368,0.4845,0.2248,0.5287,0.4184,0.0,1.6564,0.1283,0.201,0.201,0.201,0.0,0.8892,0.0,0.2514,0.8291,1.9697,0.4067,6.7579,0.387,0,0,0,0,0,0,0,0,0,0,0,0,0,0,0,0,0,0,0,0,0,2420,177,75,30,37,0,12,0,12,0,12,0,12,165,130,0,12,13.0,5.3,1.0,1.2,0.0,1.1,0.0,1.1,0.0,1.1,0.0,1.1,5.2,4.1,0.0,1.1
39,Ohio,OH,39019,Carroll County,39019720300,Census Tract 7203; Carroll County; Ohio,32.536556465558,4996,292,2509,204,2271,185,1072,352,58,45,525,171,227,93,236,116,1360,213,1040,175,1042,238,177,99,0,48,250,452,6,7,316,121,26,29,278,167,29,6,22.0,7.1,2.6,2.1,23.1,7.3,6.2,2.4,4.7,2.3,27.2,4.0,20.8,3.1,21.0,4.7,7.8,4.3,0.0,1.0,5.0,9.0,0.2,0.3,12.6,4.7,1.1,1.3,12.2,6.9,0.6,0.1,0.5576,0.2822,0.5111,0.3966,0.4135,2.161,0.4133,0.9214,0.4369,0.8366,0.6749,0.0,2.8698,0.7641,0.1522,0.1522,0.1522,0.261,0.9057,0.587,0.7825,0.6059,3.1421,0.8676,8.3251,0.634,0,0,0,0,0,0,1,0,0,0,0,1,0,0,0,1,0,0,0,1,2,3483,605,222,114,97,3,6,0,12,0,12,0,12,55,41,78,140,26.6,8.6,2.3,1.9,0.1,0.1,0.0,0.7,0.0,0.7,0.0,0.7,1.1,0.8,1.6,2.8
39,Ohio,OH,39019,Carroll County,39019720400,Census Tract 7204; Carroll County; Ohio,66.953377547346,4341,456,2180,167,1885,204,772,274,52,37,379,111,165,60,168,80,903,147,862,183,883,195,124,69,0,48,271,639,0,16,253,107,50,50,47,42,0,12,17.9,6.1,2.5,1.9,20.1,5.5,4.9,1.8,3.9,1.9,20.8,3.5,19.9,3.5,20.3,3.8,6.6,3.6,0.0,1.2,6.2,14.7,0.0,0.7,11.6,5.0,2.7,2.6,2.5,2.2,0.0,0.3,0.451,0.2657,0.3971,0.2955,0.3224,1.7317,0.2886,0.7051,0.3751,0.8156,0.5902,0.0,2.486,0.5486,0.201,0.201,0.201,0.0,0.8946,0.814,0.2587,0.0,1.9673,0.4048,6.386,0.3216,0,0,0,0,0,0,0,0,0,0,0,0,0,0,0,0,0,0,0,0,0,2054,428,138,15,22,108,90,0,12,0,12,0,12,148,85,0,12,22.7,6.6,0.3,0.5,2.5,2.0,0.0,0.8,0.0,0.8,0.0,0.8,3.4,2.0,0.0,0.8
39,Ohio,OH,39019,Carroll County,39019720500,Census Tract 7205; Carroll County; Ohio,24.13530937938,5146,429,2532,214,2169,217,1136,502,37,44,388,155,523,225,647,451,1280,260,1211,254,787,251,142,84,136,120,114,618,57,49,160,128,0,24,170,109,245,15,22.9,9.9,1.6,1.9,17.9,6.9,14.2,5.7,12.9,8.3,24.9,5.1,23.5,3.6,15.7,5.0,6.5,3.8,2.8,2.4,2.2,12.0,2.3,1.9,6.3,4.9,0.0,1.1,7.8,4.8,4.8,0.5,0.5798,0.1346,0.3073,0.7942,0.9089,2.7248,0.5797,0.8618,0.6224,0.5874,0.5844,0.8884,3.5444,0.9565,0.0412,0.0412,0.0412,0.426,0.8127,0.0,0.6394,0.9008,2.7789,0.7521,9.0893,0.7378,0,0,0,0,1,1,0,0,0,0,0,0,0,0,0,0,0,0,1,1,2,6510,382,155,47,63,46,51,0,17,0,17,0,17,21,32,0,17,17.6,6.4,0.9,1.2,0.9,1.0,0.0,0.7,0.0,0.7,0.0,0.7,0.4,0.6,0.0,0.7
39,Ohio,OH,39019,Carroll County,39019720600,Census Tract 7206; Carroll County; Ohio,105.194684113486,3017,462,1568,169,1249,158,551,236,140,76,128,65,230,105,435,286,471,75,546,164,523,254,47,43,0,48,228,622,0,16,236,111,42,54,70,58,0,12,18.3,7.3,10.2,5.2,10.2,5.0,10.9,4.9,14.4,8.4,15.6,3.1,18.1,4.5,17.3,7.2,3.8,3.4,0.0,1.7,7.6,20.6,0.0,1.0,15.1,6.8,3.4,4.3,5.6,4.5,0.0,0.4,0.4637,0.8473,0.0527,0.6823,0.9346,2.9806,0.6543,0.3763,0.2613,0.6776,0.3502,0.0,1.6654,0.1311,0.2609,0.2609,0.2609,0.0,0.9292,0.8708,0.5175,0.0,2.3175,0.5571,7.2244,0.4571,0,0,0,0,1,1,0,0,0,0,0,0,0,0,0,1,0,0,0,1,2,911,325,125,0,12,133,113,0,12,0,12,0,12,95,78,0,12,26.0,9.5,0.0,1.2,4.4,3.5,0.0,1.2,0.0,1.2,0.0,1.2,3.1,2.6,0.0,1.2
39,Ohio,OH,39019,Carroll County,39019720700,Census Tract 7207; Carroll County; Ohio,71.850659793962,3129,394,1889,187,1364,159,758,245,77,45,201,71,310,141,142,81,855,211,474,134,676,192,42,28,0,48,119,548,0,16,370,126,2,13,15,22,34,5,24.6,7.3,5.9,3.4,14.7,4.9,12.5,5.2,4.6,2.5,27.3,6.2,15.1,3.4,21.8,5.9,3.0,2.0,0.0,1.6,3.8,17.5,0.0,0.8,19.6,6.3,0.1,1.0,1.1,1.5,1.1,0.1,0.6157,0.6492,0.18,0.7372,0.3996,2.5817,0.5337,0.9242,0.1316,0.8645,0.2619,0.0,2.1822,0.3692,0.0967,0.0967,0.0967,0.0,0.9556,0.3819,0.1194,0.6703,2.1272,0.474,6.9878,0.42,0,0,0,0,0,0,1,0,0,0,0,1,0,0,0,1,0,0,0,1,2,1525,388,127,2,4,68,98,0,12,0,12,0,12,49,43,0,12,28.4,9.0,0.1,0.1,2.2,3.1,0.0,1.1,0.0,1.1,0.0,1.1,1.6,1.4,0.0,1.1
39,Ohio,OH,39021,Champaign County,39021010100,Census Tract 101; Champaign County; Ohio,32.249418971892,1980,264,720,93,701,89,342,146,0,12,115,53,174,78,247,206,326,94,553,92,267,98,38,33,4,46,46,374,0,16,19,20,0,16,4,6,0,12,17.4,7.1,0.0,3.5,16.4,7.3,13.0,5.7,12.5,9.3,16.5,3.7,27.9,3.1,13.5,4.2,5.5,4.7,0.2,2.5,2.3,18.9,0.0,2.2,2.6,2.7,0.0,2.3,0.6,0.8,0.0,0.6,0.437,0.0,0.2451,0.7555,0.8978,2.3354,0.4635,0.4306,0.8503,0.4478,0.5171,0.4556,2.7014,0.6813,0.0438,0.0438,0.0438,0.0,0.7197,0.0,0.0616,0.0,0.7813,0.0721,5.8619,0.2403,0,0,0,0,0,0,0,0,0,0,0,0,0,0,0,0,0,0,0,0,0,1263,35,21,19,30,26,24,0,12,0,12,0,12,1,3,0,12,5.0,2.8,1.0,1.5,1.3,1.2,0.0,1.7,0.0,1.7,0.0,1.7,0.1,0.2,0.0,1.7
39,Ohio,OH,39021,Champaign County,39021010200,Census Tract 102; Champaign County; Ohio,98.451536622228,6652,357,3167,296,2844,307,705,246,200,140,446,157,331,157,297,181,1152,293,1403,206,686,173,106,62,5,66,407,525,6,19,212,132,8,22,60,41,7,3,10.6,3.7,5.6,3.8,15.7,5.3,7.0,3.3,4.5,2.7,17.3,4.3,21.1,3.5,10.3,2.6,3.7,2.1,0.1,1.0,6.1,7.9,0.2,0.6,6.7,4.0,0.3,0.8,2.1,1.5,0.1,0.0,0.2279,0.6276,0.2175,0.4486,0.3875,1.9091,0.3381,0.4845,0.4569,0.2329,0.34,0.4245,1.9388,0.2403,0.1972,0.1972,0.1972,0.261,0.8219,0.4041,0.2248,0.3694,2.0812,0.4495,6.1263,0.2787,0,0,0,0,0,0,0,0,0,0,0,0,0,0,0,0,0,0,0,0,0,4973,490,166,62,53,178,144,5,10,61,69,0,17,101,76,0,17,17.2,5.3,0.9,0.8,2.7,2.2,0.1,0.2,0.9,1.0,0.0,0.5,1.5,1.1,0.0,0.5
39,Ohio,OH,39021,Champaign County,39021010400,Census Tract 104; Champaign County; Ohio,14.430244874156,3560,372,1798,167,1661,182,954,284,106,71,334,128,341,139,207,124,689,158,722,123,604,143,106,82,0,48,291,538,70,52,113,50,61,56,109,71,10,2,26.9,7.5,5.8,3.7,20.1,7.4,14.1,5.2,5.8,3.2,19.4,4.4,20.3,3.0,17.0,3.9,6.4,4.9,0.0,1.4,8.2,15.1,3.9,2.9,6.3,2.9,3.7,3.3,6.6,4.3,0.3,0.0,0.6579,0.6432,0.3971,0.7923,0.5294,3.0199,0.6676,0.6287,0.4065,0.6646,0.58,0.0,2.2798,0.4251,0.2892,0.2892,0.2892,0.5133,0.8127,0.8841,0.5765,0.4924,3.279,0.894,8.8679,0.7092,0,0,0,0,0,0,0,0,0,0,0,0,0,0,0,0,0,0,0,0,0,4117,274,116,57,51,59,59,0,12,71,90,0,12,104,69,0,12,16.5,6.5,1.6,1.4,1.7,1.6,0.0,1.0,2.0,2.6,0.0,1.0,2.9,1.9,0.0,1.0
39,Ohio,OH,39021,Champaign County,39021010500,Census Tract 105; Champaign County; Ohio,2.689840587116,3835,381,1922,163,1613,142,923,415,89,65,378,141,304,129,149,82,741,150,997,308,693,228,106,94,6,47,405,548,94,71,0,12,11,24,209,99,146,11,24.9,10.9,4.7,3.5,23.4,8.5,11.9,4.9,4.0,2.2,19.3,4.3,26.0,6.3,18.7,5.0,6.6,5.8,0.2,1.3,10.6,14.3,4.9,3.7,0.0,1.8,0.7,1.5,13.0,5.8,3.8,0.5,0.6217,0.553,0.52,0.7178,0.3377,2.7502,0.5876,0.6208,0.7689,0.7477,0.5902,0.4556,3.1832,0.8806,0.3748,0.3748,0.3748,0.5546,0.0,0.4873,0.7981,0.8656,2.7056,0.7222,9.0138,0.7311,0,0,0,0,0,0,0,0,0,0,0,0,0,0,0,0,0,0,0,0,0,5338,305,117,170,96,16,25,6,11,0,12,0,12,149,93,64,94,18.9,6.8,4.4,2.5,0.4,0.7,0.2,0.3,0.0,0.9,0.0,0.9,3.9,2.4,1.7,2.5
39,Ohio,OH,39021,Champaign County,39021010600,Census Tract 106; Champaign County; Ohio,3.222037406284,3994,448,1594,140,1483,136,507,240,35,36,235,85,215,100,223,108,815,118,986,259,499,166,43,35,0,48,626,645,96,70,0,12,41,37,113,78,253,16,13.6,6.2,1.9,1.8,15.8,5.5,8.0,3.7,5.7,2.6,20.4,3.3,24.7,4.2,12.7,4.3,2.9,2.3,0.0,1.3,15.7,16.1,6.0,4.4,0.0,2.2,2.8,2.5,7.6,5.1,6.3,0.8,0.3224,0.1787,0.2206,0.5133,0.5176,1.7526,0.2965,0.6855,0.6956,0.3951,0.2473,0.0,2.0235,0.2841,0.5101,0.5101,0.5101,0.5879,0.0,0.826,0.6279,0.9283,2.9701,0.8197,7.2563,0.4632,0,0,0,0,0,0,0,0,0,0,0,0,0,0,0,0,0,0,1,1,1,4904,150,78,344,166,45,45,35,54,0,12,0,12,202,145,0,12,10.1,5.1,8.6,4.3,1.1,1.1,0.9,1.3,0.0,0.9,0.0,0.9,5.1,3.5,0.0,0.9
39,Ohio,OH,39021,Champaign County,39021011001,Census Tract 110.01; Champaign County; Ohio,38.867335051654,2560,148,1152,143,1117,133,462,317,31,48,244,155,92,70,71,70,603,242,455,167,229,109,123,111,0,48,355,251,0,16,10,17,0,16,0,12,0,12,18.0,12.3,2.2,3.3,21.8,13.6,4.8,3.7,2.8,2.7,23.6,9.4,17.8,6.2,8.9,4.3,11.0,9.9,0.0,2.0,13.9,9.8,0.0,1.4,0.9,1.4,0.0,1.4,0.0,3.1,0.0,0.5,0.4545,0.2238,0.4657,0.2888,0.1996,1.6324,0.2629,0.8209,0.247,0.1552,0.8086,0.0,2.0317,0.2876,0.468,0.468,0.468,0.0,0.6187,0.0,0.0,0.0,0.6187,0.0502,4.7508,0.1184,0,0,0,0,0,0,0,0,0,0,0,0,0,0,0,0,0,0,0,0,0,1500,23,35,0,12,101,126,0,12,0,12,0,12,200,145,54,81,2.1,3.1,0.0,1.4,3.9,4.8,0.0,1.4,0.0,1.4,0.0,1.4,7.8,5.6,2.1,3.2
39,Ohio,OH,39021,Champaign County,39021011501,Census Tract 115.01; Champaign County; Ohio,96.854619908534,4433,434,1729,181,1720,181,210,92,137,63,380,160,273,109,271,137,807,225,858,184,552,149,134,96,0,48,168,610,0,16,101,76,11,15,29,28,0,12,4.8,2.0,6.0,2.8,22.1,9.0,8.4,3.1,6.1,3.1,18.2,4.5,19.4,3.6,12.5,3.0,7.8,5.5,0.0,1.1,3.8,13.8,0.0,0.9,5.8,4.4,0.7,0.9,1.7,1.6,0.0,0.3,0.059,0.6559,0.4768,0.5428,0.5547,2.2892,0.4505,0.5466,0.3453,0.3846,0.6749,0.0,1.9514,0.2479,0.0967,0.0967,0.0967,0.0,0.8022,0.4873,0.1848,0.0,1.4743,0.2222,5.8116,0.234,0,0,0,0,0,0,0,0,0,0,0,0,0,0,0,0,0,0,0,0,0,2770,150,54,7,12,65,57,20,31,0,12,0,12,76,84,0,12,8.7,3.2,0.2,0.3,1.5,1.3,0.5,0.7,0.0,0.8,0.0,0.8,1.7,1.9,0.0,0.8
39,Ohio,OH,39021,Champaign County,39021011504,Census Tract 115.04; Champaign County; Ohio,72.926238421136,5290,471,2169,233,2037,247,715,312,140,110,411,192,309,132,228,175,1158,297,1098,263,774,255,74,82,0,68,349,674,103,95,371,170,18,25,84,70,74,5,13.7,5.9,5.3,4.2,20.2,9.1,7.9,3.2,4.4,3.4,21.9,5.5,20.8,4.7,14.8,4.6,3.6,4.0,0.0,1.3,6.6,12.7,4.7,4.4,17.1,7.0,0.9,1.2,4.1,3.3,1.4,0.2,0.3247,0.6057,0.4029,0.5076,0.3758,2.2167,0.4317,0.7483,0.4369,0.536,0.3292,0.0,2.0504,0.2965,0.22,0.22,0.22,0.5476,0.9416,0.5384,0.4063,0.7029,3.1368,0.8667,7.6239,0.5203,0,0,0,0,0,0,0,0,0,0,0,0,0,0,0,1,0,0,0,1,1,2167,183,111,52,64,76,84,69,77,0,17,0,17,126,94,26,44,9.0,5.5,1.0,1.2,1.4,1.6,1.3,1.5,0.0,0.7,0.0,0.7,2.4,1.8,0.5,0.8
39,Ohio,OH,39021,Champaign County,39021011505,Census Tract 115.05; Champaign County; Ohio,29.571000826344,3276,206,1364,142,1266,136,580,177,69,41,268,92,137,65,124,55,473,112,683,137,427,119,70,41,5,47,182,299,61,56,69,40,1,12,116,77,136,18,18.5,5.5,4.0,2.4,21.2,6.9,5.9,2.7,3.9,1.7,14.4,3.4,20.8,3.9,13.6,3.7,5.5,3.2,0.2,1.6,5.6,9.1,4.5,4.1,5.1,3.1,0.1,0.9,9.2,5.6,4.2,0.5,0.47,0.4756,0.4451,0.3741,0.3224,2.0872,0.3946,0.3101,0.4369,0.4532,0.5171,0.4556,2.1729,0.3644,0.1776,0.1776,0.1776,0.5397,0.7851,0.3819,0.6937,0.8824,3.2828,0.8946,7.7205,0.5359,0,0,0,0,0,0,0,0,0,0,0,0,0,0,0,0,0,0,0,0,0,2539,157,68,36,13,87,66,3,9,6,8,0,12,37,35,13,18,12.4,5.0,1.1,0.4,2.7,2.0,0.1,0.3,0.2,0.3,0.0,1.1,1.1,1.1,0.4,0.6
39,Ohio,OH,39021,Champaign County,39021011506,Census Tract 115.06; Champaign County; Ohio,39.717236287624,3135,208,1255,115,1170,103,632,211,89,75,226,86,172,57,72,34,506,105,813,125,537,98,76,31,0,48,113,298,41,20,149,51,27,27,40,21,45,2,20.5,6.7,5.7,4.7,19.3,7.2,8.0,2.5,2.3,1.1,16.1,3.1,25.9,3.6,17.4,2.9,6.5,2.6,0.0,1.7,3.6,9.5,3.3,1.6,11.9,4.0,2.3,2.3,3.4,1.8,1.4,0.1,0.5176,0.6356,0.367,0.5133,0.1492,2.1827,0.4213,0.4071,0.7625,0.6836,0.5844,0.0,2.4376,0.5184,0.0885,0.0885,0.0885,0.4844,0.8975,0.7698,0.3438,0.7029,3.1984,0.8787,7.9072,0.5689,0,0,0,0,0,0,0,0,0,0,0,0,0,0,0,0,0,0,0,0,0,1469,144,48,9,13,12,16,0,12,0,12,0,12,79,46,13,17,12.3,3.9,0.3,0.4,0.4,0.5,0.0,1.1,0.0,1.1,0.0,1.1,2.5,1.5,0.4,0.6
39,Ohio,OH,39023,Clark County,39023000200,Census Tract 2; Clark County; Ohio,0.346477896148,1477,253,737,93,573,102,609,188,62,46,222,91,84,45,146,82,149,44,355,131,342,136,58,42,57,69,939,313,14,20,0,12,0,16,129,72,14,8,41.2,10.6,8.2,5.7,38.7,14.3,9.0,4.9,9.9,5.9,10.1,3.4,24.0,6.7,23.2,7.5,10.1,7.1,4.0,4.8,63.6,18.2,1.9,2.7,0.0,4.6,0.0,2.8,22.5,11.0,0.9,0.5,0.8477,0.7806,0.8775,0.5755,0.8169,3.8982,0.8667,0.1262,0.6582,0.8994,0.7813,0.9296,3.3947,0.9283,0.8792,0.8792,0.8792,0.3975,0.0,0.0,0.9222,0.6458,1.9655,0.4038,10.1376,0.8594,0,0,0,0,0,0,0,0,0,0,1,1,0,0,0,0,0,1,0,1,2,1341,43,24,706,160,82,67,0,12,0,12,0,12,151,117,0,12,7.5,4.4,47.8,9.1,5.6,4.7,0.0,2.3,0.0,2.3,0.0,2.3,10.2,7.3,0.0,2.3
39,Ohio,OH,39023,Clark County,39023000300,Census Tract 3; Clark County; Ohio,0.352448191374,1265,353,830,217,609,218,605,222,71,57,249,139,112,64,259,166,342,207,319,170,144,69,51,32,10,50,477,446,111,63,0,12,38,42,215,187,0,12,50.8,12.0,15.3,11.0,40.9,17.5,13.2,8.1,20.5,13.0,27.0,12.7,25.2,9.7,11.4,7.2,8.4,4.3,0.8,4.2,37.7,33.7,13.4,6.7,0.0,4.1,6.2,6.5,35.3,22.8,0.0,0.9,0.9115,0.9371,0.9063,0.7644,0.98,4.4993,0.9737,0.9185,0.7248,0.3088,0.7051,0.6636,3.3208,0.9137,0.7619,0.7619,0.7619,0.7546,0.0,0.9629,0.9746,0.0,2.6921,0.7165,11.2741,0.9489,1,1,1,0,1,4,1,0,0,0,0,1,0,0,0,0,1,1,0,2,7,1531,270,213,369,221,74,96,0,12,0,12,0,12,34,36,0,12,44.3,21.6,29.2,15.4,5.8,6.8,0.0,2.7,0.0,2.7,0.0,2.7,2.7,3.0,0.0,2.7
39,Ohio,OH,39023,Clark County,39023000400,Census Tract 4; Clark County; Ohio,0.504406355514,2578,467,1229,174,1022,159,1406,512,239,119,173,106,508,195,213,100,343,155,647,250,656,211,88,72,0,48,593,623,134,57,0,12,43,60,101,50,50,13,54.5,17.2,17.5,7.2,16.9,10.0,28.9,10.1,8.3,4.2,13.3,5.5,25.1,7.4,25.4,7.2,8.6,6.9,0.0,2.0,23.0,23.8,10.9,4.4,0.0,2.8,4.2,5.8,9.9,4.6,1.9,0.4,0.9321,0.9597,0.2676,0.9769,0.7363,3.8726,0.8635,0.2505,0.7188,0.9391,0.7156,0.0,2.624,0.6365,0.6275,0.6275,0.6275,0.7073,0.0,0.907,0.7162,0.7524,3.0829,0.8533,10.207,0.866,1,1,0,1,0,3,0,0,1,0,0,1,0,0,0,0,1,0,0,1,5,2491,193,85,444,234,128,151,0,12,0,12,0,12,21,49,0,12,18.9,7.5,17.2,8.5,5.0,5.6,0.0,1.3,0.0,1.3,0.0,1.3,0.8,2.0,0.0,1.3
39,Ohio,OH,39023,Clark County,39023000500,Census Tract 5; Clark County; Ohio,0.819506900428,1630,372,815,113,657,134,486,199,111,71,163,76,347,176,203,136,215,100,282,128,406,130,0,16,0,48,93,517,0,16,0,12,9,15,69,38,0,12,29.8,10.1,14.8,7.5,24.8,10.4,28.9,12.3,12.5,7.4,13.2,6.2,17.3,6.0,24.9,7.9,0.0,2.4,0.0,3.1,5.7,31.7,0.0,2.0,0.0,4.2,1.4,2.3,10.5,5.8,0.0,0.7,0.7071,0.9295,0.5717,0.9769,0.8978,4.083,0.9063,0.2457,0.2194,0.9305,0.0,0.0,1.3956,0.0663,0.1829,0.1829,0.1829,0.0,0.0,0.6384,0.7343,0.0,1.3727,0.194,7.0342,0.4283,0,1,0,1,0,2,0,0,1,0,0,1,0,0,0,0,0,0,0,0,3,1051,136,58,39,36,12,19,0,12,3,4,0,12,39,45,0,12,20.7,9.1,2.4,2.3,0.7,1.2,0.0,2.1,0.2,0.3,0.0,2.1,2.4,2.7,0.0,2.1
39,Ohio,OH,39023,Clark County,39023000600,Census Tract 6; Clark County; Ohio,0.443922318908,2840,510,1262,207,1085,210,1100,364,74,60,270,115,185,101,275,192,172,34,885,268,450,196,93,61,0,48,1123,616,124,90,0,12,0,16,232,153,0,12,39.2,10.8,6.2,5.4,24.9,9.4,10.9,6.2,9.8,6.9,6.1,1.6,31.2,6.6,16.0,5.9,8.6,5.4,0.0,1.9,39.5,20.5,9.8,6.9,0.0,2.7,0.0,1.5,21.4,12.1,0.0,0.4,0.8277,0.6698,0.5752,0.6823,0.8124,3.5674,0.7952,0.0368,0.9404,0.6039,0.7156,0.0,2.2967,0.434,0.7774,0.7774,0.7774,0.686,0.0,0.0,0.9137,0.0,1.5997,0.2587,8.2412,0.6225,0,0,0,0,0,0,0,1,0,0,0,1,0,0,0,0,0,1,0,1,2,2022,134,78,605,268,103,113,13,20,0,12,0,12,388,249,14,24,12.4,8.0,21.3,8.2,3.6,4.1,0.5,0.7,0.0,1.2,0.0,1.2,13.7,7.6,0.5,0.8
39,Ohio,OH,39023,Clark County,39023000700,Census Tract 7; Clark County; Ohio,0.350375209736,2090,296,647,149,524,159,543,154,77,38,187,79,48,39,179,84,45,33,218,79,201,75,22,26,0,48,406,433,28,29,0,12,10,20,40,31,1056,37,51.4,1.9,7.4,3.7,35.7,10.5,8.2,6.6,8.6,3.9,2.2,1.6,10.4,3.5,9.6,3.7,4.2,4.8,0.0,2.3,19.4,20.5,4.4,4.4,0.0,5.3,1.9,3.8,7.6,5.5,50.5,7.4,0.9172,0.7438,0.8321,0.526,0.7521,3.7712,0.8387,0.0105,0.0463,0.1933,0.394,0.0,0.6441,0.0083,0.5815,0.5815,0.5815,0.5359,0.0,0.7219,0.6279,0.9911,2.8768,0.7879,7.8736,0.5622,1,0,0,0,0,1,0,0,0,0,0,0,0,0,0,0,0,0,1,1,2,3266,56,36,155,72,171,119,6,10,0,12,0,12,74,52,0,12,10.7,7.0,7.4,3.7,8.2,5.7,0.3,0.5,0.0,1.7,0.0,1.7,3.5,2.5,0.0,1.7
39,Ohio,OH,39023,Clark County,39023000901,Census Tract 9.01; Clark County; Ohio,0.575422096374,1753,277,1033,117,794,119,1081,283,111,57,417,118,343,99,243,100,246,72,414,152,400,105,131,71,17,55,577,346,130,58,0,12,8,16,192,67,65,9,61.7,12.9,13.8,6.7,52.5,12.6,29.9,7.3,13.9,5.5,14.0,4.4,23.6,5.9,22.8,5.2,16.5,8.6,1.1,3.4,32.9,19.0,12.6,5.4,0.0,3.3,1.0,2.0,24.2,8.1,3.7,0.8,0.9645,0.9175,0.9794,0.9807,0.9257,4.7678,0.9968,0.2885,0.6287,0.8902,0.9229,0.7254,3.4557,0.9403,0.7292,0.7292,0.7292,0.7403,0.0,0.5676,0.9327,0.8599,3.1005,0.8571,12.0532,0.9844,1,1,1,1,1,5,0,0,0,1,0,1,0,0,0,0,0,1,0,1,7,2764,194,58,378,199,98,80,17,30,30,29,0,12,54,58,0,12,24.4,6.8,21.6,9.4,5.6,4.6,1.0,1.7,1.7,1.7,0.0,2.0,3.1,3.2,0.0,2.0
39,Ohio,OH,39023,Clark County,39023000902,Census Tract 9.02; Clark County; Ohio,0.466951372698,986,250,574,100,452,98,473,265,130,103,88,51,79,61,217,121,131,39,198,100,101,70,59,56,33,50,875,262,0,16,0,12,0,16,155,79,0,12,48.0,24.0,24.1,15.1,19.5,10.5,10.7,8.8,22.0,8.7,13.3,5.1,20.1,6.7,10.2,7.2,13.0,12.1,3.5,5.2,88.7,14.2,0.0,2.8,0.0,5.9,0.0,3.5,34.3,12.3,0.0,1.2,0.8965,0.9835,0.3749,0.6741,0.9848,3.9138,0.8705,0.2505,0.3906,0.2275,0.8619,0.916,2.6465,0.6502,0.9556,0.9556,0.9556,0.0,0.0,0.0,0.9724,0.0,0.9724,0.1022,8.4883,0.6603,0,1,0,0,1,2,0,0,0,0,1,1,1,1,0,0,0,1,0,1,5,936,94,46,762,264,102,93,0,12,0,12,0,12,11,18,0,12,20.8,9.4,77.3,13.7,10.3,10.4,0.0,3.5,0.0,3.5,0.0,3.5,1.1,1.9,0.0,3.5
39,Ohio,OH,39023,Clark County,39023001000,Census Tract 10; Clark County; Ohio,0.871358082416,1602,326,638,82,609,90,726,275,117,110,139,53,125,75,81,53,318,84,498,179,319,85,81,43,0,48,484,432,48,67,4,6,83,72,26,22,16,2,45.8,14.6,18.4,15.1,22.8,8.0,12.6,6.4,5.1,3.6,19.9,6.9,31.1,6.1,20.1,4.5,13.3,6.8,0.0,3.2,30.2,26.3,7.5,10.5,0.6,1.0,13.6,11.7,4.3,3.7,1.0,0.2,0.8816,0.9657,0.5,0.7406,0.4611,3.549,0.7924,0.6569,0.9388,0.8105,0.8683,0.0,3.2745,0.9054,0.7083,0.7083,0.7083,0.6343,0.5876,0.9968,0.4184,0.6595,3.2966,0.8981,10.8284,0.9194,0,1,0,0,0,1,0,1,0,0,0,1,0,0,0,0,1,0,0,1,3,681,26,20,303,78,27,33,5,8,0,12,0,12,145,128,4,7,4.3,3.5,18.9,5.3,1.7,2.1,0.3,0.5,0.0,2.2,0.0,2.2,9.1,7.4,0.2,0.5
39,Ohio,OH,39023,Clark County,39023001101,Census Tract 11.01; Clark County; Ohio,0.212158415776,1135,260,623,118,530,119,611,210,14,20,204,100,63,37,72,48,243,85,275,110,305,133,53,36,0,48,748,297,45,41,0,12,0,16,149,100,0,12,54.3,13.7,3.5,4.7,38.5,16.8,8.3,4.8,6.3,3.9,21.4,6.7,24.2,6.7,26.9,9.9,10.0,6.4,0.0,4.5,65.9,21.4,7.3,6.4,0.0,5.5,0.0,3.0,28.1,15.2,0.0,1.1,0.9302,0.4156,0.8759,0.5365,0.5763,3.3345,0.7454,0.7299,0.669,0.9584,0.7781,0.0,3.1354,0.8667,0.8887,0.8887,0.8887,0.6283,0.0,0.0,0.9521,0.0,1.5804,0.2546,8.939,0.72,1,0,0,0,0,1,0,0,1,0,0,1,0,0,0,0,0,1,0,1,3,455,175,101,450,143,94,86,0,12,0,12,0,12,185,141,19,29,33.0,14.8,39.6,9.8,8.3,7.2,0.0,3.0,0.0,3.0,0.0,3.0,16.3,10.9,1.7,2.5
39,Ohio,OH,39023,Clark County,39023001102,Census Tract 11.02; Clark County; Ohio,0.942990042068,2903,415,1420,207,1281,195,982,488,126,95,273,114,353,133,304,172,671,175,631,180,784,306,149,94,100,94,2188,520,206,75,0,12,11,21,216,138,0,12,33.8,16.1,9.1,6.2,21.3,8.3,16.8,6.2,10.5,6.6,23.1,6.0,21.7,5.5,27.0,8.6,11.7,7.1,3.6,3.3,75.4,14.3,14.5,4.8,0.0,2.4,0.9,1.6,16.9,10.0,0.0,0.4,0.7664,0.8178,0.4483,0.8576,0.8385,3.7286,0.8302,0.7961,0.4965,0.9597,0.8311,0.9182,4.0016,0.9959,0.9204,0.9204,0.9204,0.7727,0.0,0.5384,0.8663,0.0,2.1774,0.4924,10.828,0.919,0,0,0,0,0,0,0,0,1,0,1,2,1,1,0,0,0,0,0,0,3,2470,108,66,1364,291,382,178,27,66,0,12,31,122,384,332,0,12,8.4,5.3,47.0,9.0,13.2,6.5,0.9,2.3,0.0,1.2,1.1,4.1,13.2,11.1,0.0,1.2
39,Ohio,OH,39023,Clark County,39023001200,Census Tract 12; Clark County; Ohio,1.231166536216,4157,471,1803,150,1484,159,2469,458,270,134,561,159,618,188,438,195,303,80,1379,288,683,194,258,117,220,133,2329,664,115,82,0,12,59,66,228,102,12,3,60.6,8.9,13.7,6.4,37.8,9.9,27.0,7.4,10.5,4.9,7.3,1.9,33.2,4.8,16.4,4.5,17.4,7.7,5.6,3.3,56.0,14.7,6.4,4.5,0.0,1.9,4.0,4.4,15.4,6.5,0.3,0.1,0.9613,0.9152,0.8667,0.9692,0.8385,4.5509,0.9813,0.0504,0.9597,0.6296,0.9311,0.9607,3.5315,0.9546,0.8488,0.8488,0.8488,0.5978,0.0,0.8952,0.8438,0.4924,2.8292,0.7702,11.7604,0.9724,1,1,0,1,0,3,0,1,0,1,1,3,0,0,0,0,0,0,0,0,6,6474,179,78,1106,478,414,275,75,70,0,12,0,12,734,339,0,12,12.1,5.3,26.6,11.1,10.0,6.3,1.8,1.6,0.0,0.8,0.0,0.8,17.7,8.4,0.0,0.8
39,Ohio,OH,39023,Clark County,39023001300,Census Tract 13; Clark County; Ohio,2.017474070072,4102,474,1783,168,1507,166,1479,377,175,80,324,118,495,170,439,173,489,62,1152,219,533,123,160,93,49,90,737,687,13,23,0,12,20,28,54,47,48,5,36.1,8.2,8.6,4.1,21.5,7.5,19.8,6.1,10.7,4.0,11.9,1.9,28.1,3.7,13.0,3.3,10.6,6.1,1.4,2.5,18.0,16.6,0.7,1.3,0.0,1.9,1.3,1.9,3.6,3.1,1.2,0.2,0.7902,0.7975,0.4568,0.909,0.8458,3.7993,0.8438,0.1925,0.857,0.4129,0.7975,0.7717,3.0316,0.8337,0.5583,0.5583,0.5583,0.2994,0.0,0.6181,0.3638,0.6814,1.9627,0.4022,9.3519,0.7752,0,0,0,1,0,1,0,0,0,0,0,0,0,0,0,0,0,0,0,0,1,3317,139,56,443,260,152,220,60,89,0,12,0,12,74,55,8,12,9.2,3.7,10.8,6.4,3.7,5.2,1.5,2.2,0.0,0.8,0.0,0.8,1.8,1.3,0.2,0.3
39,Ohio,OH,39023,Clark County,39023001400,Census Tract 14; Clark County; Ohio,0.792436130902,4442,647,1936,164,1828,186,1116,321,98,61,629,223,479,145,615,243,491,138,1168,343,900,295,225,159,151,151,1100,870,236,92,0,12,78,67,210,105,17,6,25.2,6.2,5.2,3.0,34.4,11.7,17.1,5.0,13.8,4.9,11.1,3.7,26.3,4.9,20.3,5.6,12.3,8.6,3.9,3.8,24.8,19.2,12.2,4.6,0.0,1.8,4.3,3.6,11.5,5.7,0.4,0.1,0.6281,0.5971,0.8149,0.8627,0.9242,3.827,0.8508,0.1617,0.7828,0.8156,0.8454,0.9249,3.5304,0.9543,0.6531,0.6531,0.6531,0.7333,0.0,0.9111,0.7679,0.5374,2.9497,0.8124,10.9602,0.9289,0,0,0,0,1,1,0,0,0,0,1,1,0,0,0,0,1,0,0,1,3,3121,145,66,491,130,350,260,102,135,0,12,0,12,157,178,0,12,7.9,3.7,11.1,3.6,7.9,5.7,2.3,3.0,0.0,0.8,0.0,0.8,3.5,3.8,0.0,0.8
39,Ohio,OH,39023,Clark County,39023001500,Census Tract 15; Clark County; Ohio,0.882336506684,4621,589,1858,149,1745,170,1258,407,132,72,296,112,342,154,182,97,598,104,1138,194,593,191,150,95,13,51,653,889,29,29,95,76,14,20,161,101,87,2,27.8,8.2,5.3,2.8,17.0,6.2,12.2,5.4,4.0,2.1,12.9,2.6,24.6,3.4,13.1,4.2,8.6,5.4,0.3,1.2,14.1,19.2,1.6,1.6,5.1,4.1,0.8,1.1,9.2,5.9,1.9,0.2,0.6753,0.6057,0.2714,0.7273,0.3377,2.6174,0.5435,0.2302,0.6877,0.4199,0.7156,0.4968,2.5502,0.5892,0.4727,0.4727,0.4727,0.3787,0.7851,0.5117,0.6937,0.7524,3.1216,0.8635,8.7619,0.6962,0,0,0,0,0,0,0,0,0,0,0,0,0,0,0,0,0,0,0,0,0,2757,96,56,152,92,78,74,35,43,0,12,0,12,348,203,40,43,5.5,3.2,3.3,2.0,1.7,1.6,0.8,0.9,0.0,0.8,0.0,0.8,7.5,4.8,0.9,0.9
39,Ohio,OH,39023,Clark County,39023001600,Census Tract 16; Clark County; Ohio,5.136354674506,3556,417,1508,142,1366,139,779,292,55,49,264,101,291,187,157,86,621,87,786,139,548,175,92,65,0,48,255,609,31,25,100,81,14,16,50,38,0,12,21.9,7.8,3.4,2.7,19.3,7.1,11.7,7.0,4.4,2.4,17.5,3.0,22.1,3.2,15.4,4.3,6.8,4.7,0.0,1.4,7.2,17.1,2.0,1.6,6.6,5.3,1.0,1.2,3.7,2.8,0.0,0.3,0.556,0.3975,0.367,0.7093,0.3758,2.4056,0.4813,0.4959,0.5247,0.5712,0.6051,0.0,2.1969,0.3768,0.2435,0.2435,0.2435,0.4051,0.82,0.5676,0.3727,0.0,2.1654,0.4873,7.0114,0.4254,0,0,0,0,0,0,0,0,0,0,0,0,0,0,0,0,0,0,0,0,0,3130,134,84,84,62,16,30,0,12,0,12,0,12,155,98,0,12,9.8,5.7,2.4,1.8,0.4,0.8,0.0,1.0,0.0,1.0,0.0,1.0,4.4,2.8,0.0,1.0
39,Ohio,OH,39023,Clark County,39023001700,Census Tract 17; Clark County; Ohio,1.815644268898,2302,447,1256,181,960,170,571,229,61,63,270,122,118,83,76,55,425,56,545,157,389,192,195,71,0,48,330,630,149,132,0,12,0,16,64,52,104,25,26.2,9.0,6.8,6.6,28.1,11.7,8.0,5.7,3.5,2.4,18.5,3.5,23.7,5.0,17.7,6.7,20.3,6.5,0.0,2.3,14.3,27.2,11.8,10.4,0.0,2.7,0.0,1.7,6.7,5.4,4.5,0.6,0.6455,0.7079,0.6819,0.5133,0.2856,2.8342,0.6133,0.5698,0.6354,0.6995,0.9581,0.0,2.8628,0.7597,0.4784,0.4784,0.4784,0.7267,0.0,0.0,0.5816,0.8922,2.2005,0.5016,8.3759,0.6451,0,0,0,0,0,0,0,0,0,1,0,1,0,0,0,0,0,0,0,0,1,4670,98,61,191,115,31,48,0,12,0,12,0,12,108,63,0,12,10.2,6.1,8.3,5.2,1.3,2.0,0.0,1.5,0.0,1.5,0.0,1.5,4.7,2.7,0.0,1.5
39,Ohio,OH,39023,Clark County,39023001900,Census Tract 19; Clark County; Ohio,2.48685209384,3063,479,1323,155,1243,161,1002,400,95,59,319,135,120,79,126,89,685,200,855,250,499,122,88,73,0,48,713,593,5,15,0,12,35,37,35,28,50,2,34.4,12.9,7.0,4.6,25.7,10.3,6.3,3.9,4.2,2.7,22.4,6.2,27.9,5.7,16.6,4.5,7.1,5.8,0.0,1.7,23.3,19.0,0.4,1.1,0.0,2.6,2.8,3.0,2.8,2.3,1.6,0.3,0.7744,0.7222,0.6067,0.4042,0.3561,2.8636,0.6213,0.7663,0.8503,0.6407,0.626,0.0,2.8833,0.7695,0.6309,0.6309,0.6309,0.2743,0.0,0.826,0.2848,0.727,2.1121,0.467,8.4899,0.6606,0,0,0,0,0,0,0,0,0,0,0,0,0,0,0,0,0,0,0,0,0,8475,133,65,361,267,76,103,0,12,0,12,0,12,276,175,0,12,10.7,5.3,11.8,8.0,2.5,3.4,0.0,1.1,0.0,1.1,0.0,1.1,9.0,5.1,0.0,1.1
39,Ohio,OH,39023,Clark County,39023002000,Census Tract 20; Clark County; Ohio,3.747305625062,2046,245,816,54,757,61,125,70,5,9,110,47,45,33,123,51,355,45,428,96,253,68,6,15,7,47,82,337,0,16,0,12,0,16,5,7,0,12,6.1,3.3,0.4,0.8,14.5,6.1,3.1,2.3,6.0,2.8,17.4,3.1,20.9,3.6,12.4,4.0,0.8,2.0,0.4,2.4,4.0,16.5,0.0,2.0,0.0,4.2,0.0,2.1,0.7,1.0,0.0,0.6,0.0882,0.0289,0.1721,0.1579,0.5459,0.993,0.0975,0.4908,0.4426,0.3802,0.0625,0.5412,1.9173,0.2295,0.1046,0.1046,0.1046,0.0,0.0,0.0,0.0762,0.0,0.0762,0.0105,3.0911,0.013,0,0,0,0,0,0,0,0,0,0,0,0,0,0,0,0,0,0,0,0,0,1094,28,28,17,17,15,20,11,20,2,3,0,12,37,31,0,12,3.7,3.6,0.8,0.8,0.7,0.9,0.5,1.0,0.1,0.2,0.0,1.7,1.8,1.5,0.0,1.7
39,Ohio,OH,39023,Clark County,39023002100,Census Tract 21; Clark County; Ohio,4.386303276756,1799,320,789,109,665,113,445,140,13,14,268,78,213,110,168,199,590,121,328,100,208,73,95,79,0,48,405,409,135,48,0,12,0,16,69,42,304,4,29.8,6.8,2.2,2.6,40.3,9.5,16.1,7.6,11.3,12.1,32.8,8.6,18.2,3.9,14.0,5.8,14.3,11.6,0.0,2.8,22.5,22.4,17.2,5.6,0.0,4.3,0.0,2.4,10.4,6.1,16.9,3.0,0.7071,0.2238,0.8987,0.8408,0.8686,3.539,0.7905,0.9794,0.267,0.4811,0.8892,0.0,2.6167,0.6324,0.6224,0.6224,0.6224,0.8133,0.0,0.0,0.7311,0.9702,2.5146,0.6397,9.2927,0.7641,0,0,0,0,0,0,1,0,0,0,0,1,0,0,0,0,0,0,1,1,2,2326,123,46,88,61,317,225,0,12,0,12,0,12,0,12,0,12,18.5,7.2,4.9,3.7,17.6,11.0,0.0,1.9,0.0,1.9,0.0,1.9,0.0,1.9,0.0,1.9
39,Ohio,OH,39023,Clark County,39023002200,Census Tract 22; Clark County; Ohio,21.30448480527,4436,420,1717,157,1598,158,425,308,44,52,95,49,195,92,113,69,931,169,943,172,592,135,21,22,0,48,181,593,0,16,0,12,15,22,20,22,0,12,9.6,6.9,1.9,2.3,5.9,3.0,6.3,2.8,2.5,1.6,21.0,3.6,21.3,2.9,13.3,3.1,1.4,1.4,0.0,1.2,4.1,13.4,0.0,0.9,0.0,2.0,0.9,1.4,1.3,1.4,0.0,0.3,0.1939,0.1787,0.0076,0.4042,0.1692,0.9536,0.0898,0.7121,0.4743,0.4361,0.1086,0.0,1.7311,0.1549,0.1097,0.1097,0.1097,0.0,0.0,0.5384,0.1349,0.0,0.6733,0.0546,3.4677,0.0305,0,0,0,0,0,0,0,0,0,0,0,0,0,0,0,0,0,0,0,0,0,8655,70,39,20,20,37,54,0,12,0,12,0,12,124,91,0,12,4.4,2.4,0.5,0.5,0.8,1.2,0.0,0.8,0.0,0.8,0.0,0.8,2.8,2.1,0.0,0.8
39,Ohio,OH,39023,Clark County,39023002301,Census Tract 23.01; Clark County; Ohio,41.511512513536,3122,29,1324,108,1277,104,495,249,13,17,280,109,195,140,157,106,779,234,633,151,535,126,36,31,15,48,157,93,13,23,211,80,12,20,49,43,0,12,15.9,8.0,0.8,1.0,21.9,8.3,8.3,5.8,5.0,3.4,25.0,7.5,20.3,4.8,17.1,4.0,2.8,2.4,0.5,1.6,5.0,3.0,1.0,1.7,15.9,5.8,0.9,1.6,3.8,3.3,0.0,0.4,0.3884,0.0578,0.4702,0.5365,0.4487,1.9016,0.3359,0.8678,0.4065,0.6674,0.2403,0.5796,2.7616,0.7133,0.1522,0.1522,0.1522,0.3292,0.9346,0.5384,0.38,0.0,2.1822,0.494,6.9976,0.4222,0,0,0,0,0,0,0,0,0,0,0,0,0,0,0,1,0,0,0,1,1,1088,102,70,0,12,0,12,7,12,0,12,0,12,150,81,0,12,8.0,5.4,0.0,1.1,0.0,1.1,0.2,0.4,0.0,1.1,0.0,1.1,4.8,2.6,0.0,1.1
39,Ohio,OH,39023,Clark County,39023002403,Census Tract 24.03; Clark County; Ohio,1.283737798434,3549,398,1782,135,1700,135,788,308,104,52,334,124,246,99,200,81,813,131,876,258,631,124,141,86,22,59,322,584,261,86,0,12,47,38,250,103,0,12,22.5,8.4,6.2,3.2,19.6,7.1,9.5,3.8,5.6,2.4,22.9,3.9,24.7,5.1,17.8,3.8,8.3,5.0,0.6,1.7,9.1,16.4,14.6,4.7,0.0,1.9,2.8,2.2,14.7,5.7,0.0,0.3,0.5693,0.6698,0.3781,0.6068,0.5075,2.7315,0.5816,0.7885,0.6956,0.703,0.7006,0.6088,3.4965,0.9489,0.3221,0.3221,0.3221,0.7737,0.0,0.826,0.8314,0.0,2.4311,0.6063,8.9812,0.7251,0,0,0,0,0,0,0,0,0,0,0,0,0,0,0,0,0,0,0,0,0,1719,270,92,68,46,81,82,9,16,0,12,0,12,164,126,0,12,15.9,5.3,1.9,1.3,2.3,2.4,0.3,0.4,0.0,1.0,0.0,1.0,4.6,3.5,0.0,1.0
39,Ohio,OH,39023,Clark County,39023002404,Census Tract 24.04; Clark County; Ohio,0.780780097624,3402,499,1751,195,1641,211,1184,475,103,78,481,137,182,103,499,358,914,102,593,236,544,191,8,17,0,48,693,692,288,138,0,12,16,26,70,60,132,4,36.1,13.4,6.0,4.5,29.3,7.5,6.9,3.9,15.2,9.3,26.9,4.5,17.4,4.9,16.6,5.0,0.5,1.0,0.0,1.5,20.4,20.1,16.4,7.7,0.0,2.0,1.0,1.6,4.3,3.6,3.9,0.6,0.7902,0.6559,0.7089,0.4423,0.9432,3.5405,0.7911,0.9169,0.2248,0.6407,0.0473,0.0,1.8297,0.194,0.5964,0.5964,0.5964,0.8022,0.0,0.5676,0.4184,0.87,2.6582,0.7016,8.6248,0.6775,0,0,0,0,1,1,1,0,0,0,0,1,0,0,0,0,0,0,0,0,2,1788,87,70,442,105,140,121,16,31,0,12,0,12,81,86,14,24,5.3,4.2,13.0,3.3,4.1,3.6,0.5,0.9,0.0,1.0,0.0,1.0,2.4,2.4,0.4,0.7
39,Ohio,OH,39023,Clark County,39023002501,Census Tract 25.01; Clark County; Ohio,2.382956678864,2121,222,1339,190,1223,190,253,135,0,12,403,178,156,78,54,49,1205,211,184,59,698,181,12,22,0,48,164,306,253,81,0,12,0,16,178,79,159,4,12.8,6.7,0.0,4.9,33.0,13.6,8.2,4.1,2.7,2.5,56.8,6.7,8.7,2.6,35.4,6.8,1.0,1.8,0.0,2.3,7.7,14.4,18.9,5.4,0.0,2.6,0.0,1.3,14.6,6.5,7.5,0.8,0.297,0.0,0.7943,0.526,0.1888,1.8061,0.3086,0.9994,0.0352,0.9946,0.0759,0.0,2.1051,0.3238,0.2666,0.2666,0.2666,0.8295,0.0,0.0,0.8292,0.941,2.5997,0.6771,6.7775,0.3898,0,0,0,0,0,0,1,0,1,0,0,2,0,0,0,0,0,0,1,1,3,1768,345,156,145,98,0,12,0,12,0,12,0,12,19,25,0,12,28.2,10.4,6.8,4.5,0.0,1.6,0.0,1.6,0.0,1.6,0.0,1.6,0.9,1.2,0.0,1.6
39,Ohio,OH,39023,Clark County,39023002502,Census Tract 25.02; Clark County; Ohio,6.743877224038,3382,416,1569,167,1464,185,930,455,155,152,422,198,289,152,369,311,953,165,868,286,662,188,150,158,11,50,216,575,10,20,391,100,43,43,26,25,0,12,28.0,13.3,12.6,11.4,28.8,13.0,12.4,6.0,11.0,8.7,28.2,5.1,25.7,6.2,19.8,5.9,10.2,10.7,0.3,1.6,6.4,17.0,0.6,1.3,24.9,6.2,2.9,2.9,1.8,1.7,0.0,0.4,0.6791,0.8975,0.6997,0.7337,0.8566,3.8666,0.8613,0.9394,0.7511,0.7978,0.7835,0.4968,3.7686,0.9841,0.2134,0.2134,0.2134,0.2886,0.9756,0.8349,0.1933,0.0,2.2924,0.5441,10.141,0.86,0,0,0,0,0,0,1,0,0,0,0,1,0,0,0,1,0,0,0,1,2,2857,254,90,14,22,0,12,0,12,0,12,0,12,141,165,61,94,17.3,5.7,0.4,0.6,0.0,1.0,0.0,1.0,0.0,1.0,0.0,1.0,4.2,4.7,1.8,2.8
39,Ohio,OH,39023,Clark County,39023002601,Census Tract 26.01; Clark County; Ohio,36.076355817842,3991,173,1723,152,1617,125,517,201,44,26,253,93,173,71,168,134,844,154,848,147,582,150,125,123,0,48,81,253,0,16,258,112,0,16,11,15,0,12,13.0,5.0,2.1,1.3,15.6,5.6,5.9,2.5,4.2,3.3,21.1,3.8,21.2,3.6,14.6,4.0,7.7,7.6,0.0,1.3,2.0,6.3,0.0,0.9,15.0,6.3,0.0,1.0,0.7,1.0,0.0,0.3,0.3043,0.2086,0.213,0.3741,0.3561,1.4561,0.2124,0.7191,0.4654,0.5236,0.667,0.0,2.3751,0.4825,0.0333,0.0333,0.0333,0.0,0.9283,0.0,0.0762,0.0,1.0045,0.107,4.869,0.1289,0,0,0,0,0,0,0,0,0,0,0,0,0,0,0,1,0,0,0,1,1,1548,161,81,6,10,30,40,0,12,0,12,0,12,45,29,0,12,10.0,4.8,0.2,0.2,0.8,1.0,0.0,0.9,0.0,0.9,0.0,0.9,1.1,0.7,0.0,0.9
39,Ohio,OH,39023,Clark County,39023002602,Census Tract 26.02; Clark County; Ohio,25.36681452705,3876,374,1599,167,1516,152,486,257,150,97,259,91,266,101,30,23,835,119,873,154,457,120,126,75,0,48,179,533,29,43,296,116,11,15,48,45,0,12,12.5,6.5,7.7,4.9,17.1,5.8,9.9,3.6,0.8,0.6,21.5,2.8,22.5,2.8,11.8,3.0,8.3,4.9,0.0,1.3,4.6,13.7,1.8,2.7,18.5,6.9,0.7,1.0,3.2,2.9,0.0,0.3,0.2847,0.7571,0.2765,0.6319,0.0279,1.9781,0.36,0.7343,0.5526,0.3351,0.7006,0.0,2.3226,0.4463,0.1335,0.1335,0.1335,0.3917,0.9498,0.4873,0.3248,0.0,2.1536,0.4829,6.5878,0.3597,0,0,0,0,0,0,0,0,0,0,0,0,0,0,0,1,0,0,0,1,1,3622,155,77,0,12,59,46,53,59,0,12,0,12,66,48,1,4,10.2,5.0,0.0,0.9,1.5,1.2,1.4,1.5,0.0,0.9,0.0,0.9,1.7,1.3,0.0,0.1
39,Ohio,OH,39023,Clark County,39023002605,Census Tract 26.05; Clark County; Ohio,24.843018129096,3973,398,1484,150,1450,156,385,217,114,80,242,112,173,100,83,78,729,92,934,164,412,115,19,24,41,79,473,530,0,16,0,12,0,16,12,19,0,12,9.7,5.4,5.5,3.7,16.7,7.5,6.1,3.4,2.1,1.9,18.3,2.2,23.5,3.1,10.4,2.8,1.3,1.6,1.1,2.1,11.9,13.3,0.0,1.1,0.0,2.3,0.0,1.1,0.8,1.3,0.0,0.3,0.1974,0.621,0.2581,0.3897,0.1301,1.5963,0.2517,0.5549,0.6224,0.2396,0.1022,0.7254,2.2445,0.4006,0.4144,0.4144,0.4144,0.0,0.0,0.0,0.0873,0.0,0.0873,0.0114,4.3425,0.0822,0,0,0,0,0,0,0,0,0,0,0,0,0,0,0,0,0,0,0,0,0,4757,67,43,262,184,18,28,66,89,0,12,45,71,82,64,0,12,4.6,3.0,6.6,4.4,0.5,0.7,1.7,2.2,0.0,0.9,1.1,1.7,2.1,1.6,0.0,0.9
39,Ohio,OH,39023,Clark County,39023002607,Census Tract 26.07; Clark County; Ohio,1.284123514332,3651,676,1636,166,1578,185,273,164,125,164,288,111,188,113,215,177,904,143,786,413,616,189,43,53,0,48,256,952,35,43,21,34,0,16,70,58,104,4,7.7,4.4,8.4,10.6,18.3,6.7,7.0,4.4,6.1,4.2,24.8,6.4,21.5,8.1,17.4,6.5,2.7,3.3,0.0,1.4,7.0,26.0,2.2,2.6,1.3,2.1,0.0,1.0,4.4,3.8,2.8,0.5,0.1412,0.7876,0.3248,0.4486,0.5547,2.2569,0.4416,0.858,0.4848,0.6836,0.2298,0.0,2.2562,0.4079,0.234,0.234,0.234,0.4216,0.6505,0.0,0.4289,0.8161,2.3171,0.5565,7.0642,0.433,0,0,0,0,0,0,0,0,0,0,0,0,0,0,0,0,0,0,0,0,0,2077,127,68,84,91,53,58,92,123,0,12,0,12,27,35,0,12,8.0,4.4,2.3,2.5,1.5,1.7,2.5,3.4,0.0,1.0,0.0,1.0,0.7,0.9,0.0,1.0
39,Ohio,OH,39023,Clark County,39023002608,Census Tract 26.08; Clark County; Ohio,1.248878965466,4046,438,1906,180,1851,153,761,417,17,28,378,155,235,123,117,100,1194,191,899,265,721,254,80,75,0,48,128,606,336,159,0,12,0,16,98,108,5,3,19.0,10.2,1.0,1.7,20.4,8.2,7.9,4.1,2.9,2.6,29.5,5.3,22.2,5.0,17.8,6.1,4.3,4.0,0.0,1.3,3.2,15.0,17.6,8.2,0.0,1.8,0.0,0.9,5.3,5.9,0.1,0.1,0.484,0.0714,0.413,0.5076,0.2142,1.6902,0.2768,0.9562,0.5336,0.703,0.407,0.0,2.5998,0.6206,0.0751,0.0751,0.0751,0.8159,0.0,0.0,0.4917,0.3694,1.677,0.2832,6.0421,0.266,0,0,0,0,0,0,1,0,0,0,0,1,0,0,0,0,0,0,0,0,1,2377,211,96,63,78,64,57,0,12,0,12,0,12,1,3,0,12,11.4,5.3,1.6,1.9,1.6,1.4,0.0,0.9,0.0,0.9,0.0,0.9,0.0,0.1,0.0,0.9
39,Ohio,OH,39023,Clark County,39023002701,Census Tract 27.01; Clark County; Ohio,3.028170186656,3127,348,1297,157,1264,158,769,383,219,188,364,196,483,203,265,216,604,126,860,256,435,129,260,199,0,48,265,464,10,20,0,12,35,48,36,40,66,3,25.1,12.2,15.3,12.2,28.8,15.1,24.3,9.5,8.7,7.2,19.3,4.6,27.5,6.2,14.2,4.6,20.6,15.5,0.0,1.6,8.5,14.8,0.8,1.5,0.0,2.7,2.8,3.8,2.8,3.2,2.1,0.3,0.6268,0.9371,0.6997,0.9496,0.7566,3.9698,0.8822,0.6208,0.837,0.4919,0.9594,0.0,2.9091,0.7797,0.3009,0.3009,0.3009,0.3111,0.0,0.826,0.2848,0.7644,2.1863,0.4968,9.3661,0.7778,0,1,0,1,0,2,0,0,0,1,0,1,0,0,0,0,0,0,0,0,3,2193,98,78,20,28,180,210,0,12,0,12,0,12,65,58,0,12,7.8,6.2,0.6,0.9,5.8,6.3,0.0,1.1,0.0,1.1,0.0,1.1,2.1,1.9,0.0,1.1
39,Ohio,OH,39023,Clark County,39023002702,Census Tract 27.02; Clark County; Ohio,2.128274147114,2463,329,1030,106,990,104,592,326,260,206,219,96,169,114,147,96,366,88,510,91,619,249,67,46,97,115,666,413,68,56,0,12,10,20,42,43,25,6,24.2,12.9,18.6,12.6,22.1,9.4,9.8,5.6,6.0,4.0,14.9,4.2,20.7,3.6,25.3,8.3,6.7,4.6,4.4,5.2,27.0,16.4,6.6,5.4,0.0,3.3,1.0,2.0,4.2,4.4,1.0,0.2,0.6062,0.9673,0.4768,0.6252,0.5459,3.2214,0.7187,0.3377,0.4315,0.9359,0.5975,0.9388,3.2414,0.8971,0.6776,0.6776,0.6776,0.6063,0.0,0.5676,0.4114,0.6595,2.2448,0.5206,9.3852,0.781,0,1,0,0,0,1,0,0,1,0,1,2,0,0,0,0,0,0,0,0,3,1408,134,74,13,26,510,292,12,28,0,12,0,12,131,112,0,12,13.5,7.2,0.5,1.0,20.7,10.4,0.5,1.1,0.0,1.4,0.0,1.4,5.3,4.2,0.0,1.4
39,Ohio,OH,39023,Clark County,39023002800,Census Tract 28; Clark County; Ohio,26.487767861264,4556,380,1994,163,1793,161,539,266,112,100,360,166,300,106,351,148,1078,225,826,155,730,226,3,12,57,65,400,564,30,48,2,3,11,18,27,25,0,12,12.1,5.9,5.1,4.4,20.1,9.1,8.8,3.3,7.8,3.3,23.7,4.5,18.1,3.0,16.1,5.1,0.2,0.7,1.3,1.5,8.8,12.4,1.5,2.4,0.1,0.2,0.6,1.0,1.5,1.4,0.0,0.3,0.2742,0.5892,0.3971,0.5647,0.701,2.5262,0.5181,0.824,0.2613,0.6087,0.0394,0.7565,2.4899,0.5514,0.312,0.312,0.312,0.3717,0.5502,0.4632,0.1597,0.0,1.5448,0.2451,6.8729,0.4089,0,0,0,0,0,0,0,0,0,0,0,0,0,0,0,0,0,0,0,0,0,4697,160,72,0,12,327,202,0,12,3,5,0,12,61,39,9,15,8.9,4.0,0.0,0.8,7.2,4.5,0.0,0.8,0.1,0.1,0.0,0.8,1.3,0.8,0.2,0.3
39,Ohio,OH,39023,Clark County,39023002901,Census Tract 29.01; Clark County; Ohio,2.653414180028,3427,449,1480,189,1337,204,1167,256,63,49,453,144,303,107,364,166,755,209,769,124,695,216,130,58,0,48,274,646,79,68,8,13,19,25,28,28,0,12,34.1,6.0,3.9,3.2,33.9,9.4,13.0,4.7,10.7,4.7,22.0,5.1,22.4,3.7,20.4,5.8,9.7,4.1,0.0,1.6,8.0,18.8,5.3,4.5,0.5,0.9,1.4,1.9,2.1,2.1,0.0,0.4,0.7715,0.4644,0.8067,0.7555,0.8458,3.6439,0.8108,0.7505,0.5466,0.8194,0.7679,0.0,2.8844,0.7708,0.2825,0.2825,0.2825,0.566,0.5717,0.6384,0.2248,0.0,2.0009,0.4159,8.8117,0.7025,0,0,0,0,0,0,0,0,0,0,0,0,0,0,0,0,0,0,0,0,0,2497,153,87,16,33,167,158,0,12,0,12,0,12,91,63,0,12,11.4,6.8,0.5,1.0,4.9,4.6,0.0,1.0,0.0,1.0,0.0,1.0,2.7,1.9,0.0,1.0
39,Ohio,OH,39023,Clark County,39023002902,Census Tract 29.02; Clark County; Ohio,5.740043684402,4560,382,2020,154,1942,151,1105,338,91,51,405,129,502,157,334,198,1096,245,964,181,864,272,101,70,10,48,414,568,0,16,536,113,33,39,5,8,0,12,24.3,7.1,4.1,2.3,20.9,6.4,15.2,4.4,7.3,4.3,24.0,5.3,21.1,3.0,18.9,5.8,5.2,3.6,0.2,1.1,9.1,12.4,0.0,0.8,26.5,5.4,1.7,2.0,0.3,0.4,0.0,0.3,0.6096,0.4867,0.4314,0.8228,0.6661,3.0166,0.666,0.8329,0.4569,0.7566,0.4921,0.4556,2.9941,0.819,0.3221,0.3221,0.3221,0.0,0.979,0.6917,0.0438,0.0,1.7145,0.3013,8.0473,0.5921,0,0,0,0,0,0,0,0,0,0,0,0,0,0,0,1,0,0,0,1,1,1646,240,88,0,12,265,201,0,12,0,12,0,12,149,93,0,12,12.4,4.7,0.0,0.8,5.8,4.4,0.0,0.8,0.0,0.8,0.0,0.8,3.3,2.1,0.0,0.8
39,Ohio,OH,39023,Clark County,39023003001,Census Tract 30.01; Clark County; Ohio,10.07671779618,3120,341,1339,136,1312,137,343,151,34,27,233,87,103,61,226,90,1014,297,470,97,525,95,41,35,0,48,285,484,47,30,23,30,0,16,32,29,91,2,11.3,4.8,2.3,1.9,17.8,6.4,4.1,2.4,7.5,3.2,32.5,7.8,15.1,2.9,17.5,3.7,3.1,2.6,0.0,1.6,9.1,15.5,3.5,2.2,1.7,2.3,0.0,1.2,2.4,2.2,2.9,0.3,0.2513,0.2384,0.3038,0.2359,0.6798,1.7092,0.2819,0.9769,0.1316,0.6903,0.2733,0.0,2.0721,0.3092,0.3221,0.3221,0.3221,0.4943,0.6816,0.0,0.2514,0.8224,2.2497,0.5244,6.3531,0.3152,0,0,0,0,0,0,1,0,0,0,0,1,0,0,0,0,0,0,0,0,1,1674,91,37,69,38,98,104,44,48,0,12,0,12,55,32,19,21,6.9,2.9,2.2,1.3,3.1,3.3,1.4,1.6,0.0,1.1,0.0,1.1,1.8,1.0,0.6,0.7
39,Ohio,OH,39023,Clark County,39023003002,Census Tract 30.02; Clark County; Ohio,17.708470932296,3548,364,1622,196,1489,186,387,199,43,39,162,62,140,100,146,141,1042,223,616,98,661,198,68,58,0,48,198,524,0,16,83,50,49,47,64,47,0,12,10.9,5.5,2.6,2.3,10.9,3.9,5.3,3.6,4.1,3.8,29.4,5.5,17.4,2.6,18.6,5.4,4.6,3.9,0.0,1.4,5.6,14.8,0.0,1.0,5.1,3.1,3.3,3.1,4.3,3.1,0.0,0.3,0.2374,0.2822,0.0657,0.3253,0.3478,1.2584,0.1587,0.9528,0.2248,0.7407,0.4381,0.0,2.3564,0.4679,0.1776,0.1776,0.1776,0.0,0.7851,0.8651,0.4184,0.0,2.0686,0.4438,5.861,0.24,0,0,0,0,0,0,1,0,0,0,0,1,0,0,0,0,0,0,0,0,1,2630,188,89,7,10,33,54,0,12,0,12,0,12,158,97,0,12,12.6,5.6,0.2,0.3,0.9,1.5,0.0,1.0,0.0,1.0,0.0,1.0,4.5,2.8,0.0,1.0
39,Ohio,OH,39023,Clark County,39023003101,Census Tract 31.01; Clark County; Ohio,2.650197950368,2556,271,1149,136,1026,120,260,119,101,63,172,79,73,55,34,35,458,102,604,123,369,125,106,69,0,48,70,374,48,54,53,32,0,16,13,16,0,12,10.2,4.5,6.9,4.1,16.8,7.4,4.2,3.3,1.3,1.4,17.9,4.0,23.6,3.6,14.4,4.9,10.4,6.6,0.0,2.0,2.7,14.6,4.2,4.7,4.6,2.8,0.0,1.6,1.3,1.6,0.0,0.5,0.2123,0.7143,0.2635,0.2441,0.0593,1.4935,0.2257,0.5231,0.6287,0.5119,0.7914,0.0,2.4551,0.5314,0.0558,0.0558,0.0558,0.5257,0.7778,0.0,0.1349,0.0,1.4384,0.2117,5.4428,0.1832,0,0,0,0,0,0,0,0,0,0,0,0,0,0,0,0,0,0,0,0,0,1106,28,21,0,12,55,91,0,12,0,12,0,12,15,14,0,12,2.7,2.0,0.0,1.4,2.2,3.4,0.0,1.4,0.0,1.4,0.0,1.4,0.6,0.5,0.0,1.4
39,Ohio,OH,39023,Clark County,39023003102,Census Tract 31.02; Clark County; Ohio,2.28069679196,1736,287,777,71,694,80,267,146,10,10,122,55,50,35,74,45,353,54,407,141,306,120,122,90,0,48,189,391,0,16,147,55,0,16,7,8,0,12,15.4,8.0,1.3,1.2,17.6,7.7,4.0,2.9,4.3,2.6,20.3,4.6,23.4,5.2,17.6,4.9,17.6,12.8,0.0,2.8,10.9,22.5,0.0,2.1,18.9,7.1,0.0,2.3,1.0,1.2,0.0,0.7,0.3751,0.1013,0.2943,0.2283,0.3659,1.3649,0.1879,0.6804,0.6138,0.6947,0.9327,0.0,2.9216,0.7857,0.3855,0.3855,0.3855,0.0,0.953,0.0,0.1067,0.0,1.0597,0.1152,5.7317,0.2194,0,0,0,0,0,0,0,0,0,1,0,1,0,0,0,1,0,0,0,1,2,3667,37,20,4,16,0,12,79,61,0,12,0,12,106,79,0,12,5.3,2.9,0.2,0.9,0.0,2.0,4.6,3.2,0.0,2.0,0.0,2.0,6.1,4.4,0.0,2.0
39,Ohio,OH,39023,Clark County,39023003200,Census Tract 32; Clark County; Ohio,35.555508853066,2700,17,1118,103,1062,92,387,158,64,47,213,99,100,79,223,138,394,125,507,111,381,124,32,37,0,48,148,67,0,16,23,33,0,16,80,70,0,12,14.4,5.9,4.3,3.2,20.1,9.2,5.2,4.0,8.3,5.1,14.6,4.6,18.8,4.1,14.1,4.6,3.1,3.5,0.0,1.8,5.5,2.5,0.0,1.4,2.1,3.0,0.0,1.5,7.5,6.4,0.0,0.4,0.3437,0.5117,0.3971,0.3148,0.7363,2.3036,0.4562,0.3212,0.3015,0.4862,0.2733,0.0,1.3822,0.0632,0.1737,0.1737,0.1737,0.0,0.7019,0.0,0.6238,0.0,1.3257,0.1813,5.1852,0.159,0,0,0,0,0,0,0,0,0,0,0,0,0,0,0,0,0,0,0,0,0,2016,139,76,34,31,29,36,19,22,0,12,0,12,66,38,0,12,13.1,6.8,1.3,1.2,1.1,1.3,0.7,0.8,0.0,1.3,0.0,1.3,2.4,1.4,0.0,1.3
39,Ohio,OH,39023,Clark County,39023003301,Census Tract 33.01; Clark County; Ohio,50.695120785028,3624,24,1552,120,1459,106,300,150,104,59,161,80,160,76,110,56,760,169,635,110,495,150,49,36,0,48,37,50,0,16,233,108,21,27,29,31,21,2,8.4,4.2,5.5,3.0,11.0,5.4,5.9,2.8,3.1,1.6,21.0,4.6,17.5,3.0,13.7,4.1,3.3,2.5,0.0,1.4,1.0,1.4,0.0,1.0,15.0,6.8,1.4,1.8,2.0,2.1,0.6,0.1,0.1568,0.621,0.0689,0.3741,0.2371,1.4579,0.213,0.7121,0.2305,0.4589,0.2943,0.0,1.6958,0.141,0.0092,0.0092,0.0092,0.0,0.9283,0.6384,0.2127,0.6059,2.3853,0.586,5.5482,0.1956,0,0,0,0,0,0,0,0,0,0,0,0,0,0,0,1,0,0,0,1,1,2718,211,111,0,12,17,34,0,12,0,12,0,12,20,21,0,12,14.5,7.1,0.0,1.0,0.5,0.9,0.0,1.0,0.0,1.0,0.0,1.0,0.6,0.6,0.0,1.0
39,Ohio,OH,39023,Clark County,39023003302,Census Tract 33.02; Clark County; Ohio,41.029239841274,2536,21,1240,99,1189,94,509,186,53,34,195,79,217,86,86,39,403,77,416,103,579,138,48,26,15,51,243,136,145,45,45,31,9,8,80,39,0,12,20.1,7.3,3.8,2.5,16.4,6.5,11.7,4.6,3.4,1.5,15.9,3.0,16.4,4.1,22.8,5.5,4.0,2.2,0.6,2.1,9.6,5.4,11.7,3.5,3.6,2.5,0.8,0.7,6.7,3.2,0.0,0.5,0.5087,0.4524,0.2451,0.7093,0.2745,2.19,0.4241,0.3922,0.1763,0.8902,0.3743,0.6088,2.4418,0.5229,0.3424,0.3424,0.3424,0.7244,0.7502,0.5117,0.5816,0.0,2.5679,0.6648,7.5421,0.5067,0,0,0,0,0,0,0,0,0,0,0,0,0,0,0,0,0,0,0,0,0,2759,115,48,69,56,83,99,9,14,0,12,0,12,71,51,11,18,9.7,3.8,2.7,2.2,3.3,3.9,0.4,0.6,0.0,1.4,0.0,1.4,2.8,2.0,0.4,0.7
39,Ohio,OH,39023,Clark County,39023003400,Census Tract 34; Clark County; Ohio,1.455926162966,3429,616,1471,130,1235,144,944,405,170,91,374,162,286,144,206,107,358,55,974,354,699,259,182,85,9,48,1003,841,165,67,0,12,36,45,151,81,201,14,31.3,12.4,12.7,6.8,30.3,12.6,13.2,6.4,6.4,3.4,10.4,2.4,28.4,6.2,21.7,5.9,14.7,6.7,0.3,1.6,29.3,24.0,11.2,4.4,0.0,2.3,2.9,3.6,12.2,6.5,5.9,1.1,0.7306,0.901,0.734,0.7644,0.5849,3.7149,0.8279,0.1373,0.8678,0.8613,0.8952,0.4968,3.2584,0.9016,0.6991,0.6991,0.6991,0.7133,0.0,0.8349,0.7825,0.9236,3.2543,0.8895,10.9267,0.9257,0,1,0,0,0,1,0,0,0,0,0,0,0,0,0,0,0,0,1,1,2,7325,146,86,471,285,135,98,0,12,11,11,0,12,305,183,81,118,11.8,6.9,13.7,7.5,3.9,2.9,0.0,1.0,0.3,0.3,0.0,1.0,8.9,5.6,2.4,3.5
39,Ohio,OH,39023,Clark County,39023003700,Census Tract 37; Clark County; Ohio,3.18091097955,4599,582,2241,250,2031,239,467,215,168,116,285,135,146,146,199,150,794,224,953,214,574,192,100,81,0,48,866,727,337,152,0,12,0,16,121,134,129,11,10.4,4.6,6.5,4.3,14.0,6.4,4.5,4.4,4.5,3.4,17.3,4.9,20.7,3.3,12.9,3.7,4.9,3.9,0.0,1.1,18.8,15.6,15.0,6.6,0.0,1.5,0.0,0.8,6.0,6.3,2.8,0.4,0.2199,0.6917,0.154,0.267,0.3875,1.7201,0.2835,0.4845,0.4315,0.4059,0.4644,0.0,1.7863,0.1746,0.5726,0.5726,0.5726,0.7803,0.0,0.0,0.5413,0.8161,2.1377,0.4765,6.2167,0.294,0,0,0,0,0,0,0,0,0,0,0,0,0,0,0,0,0,0,0,0,0,4130,150,100,687,399,10,19,88,105,0,12,0,12,81,77,0,12,7.4,4.7,14.9,7.6,0.2,0.4,1.9,2.2,0.0,0.8,0.0,0.8,1.8,1.7,0.0,0.8
39,Ohio,OH,39025,Clermont County,39025040101,Census Tract 401.01; Clermont County; Ohio,49.952582546096,5140,343,1951,169,1772,139,975,400,53,47,363,115,566,190,216,137,881,127,1123,210,780,180,28,36,0,68,57,487,0,24,298,102,43,48,55,42,24,11,19.0,7.7,2.2,2.1,20.5,6.3,16.1,5.6,4.2,2.6,17.1,2.8,21.8,3.4,15.2,3.4,1.6,2.0,0.0,1.4,1.1,9.5,0.0,1.2,15.3,4.8,2.4,2.7,3.1,2.4,0.5,0.2,0.484,0.2238,0.4171,0.8408,0.3561,2.3218,0.46,0.4677,0.5025,0.5592,0.1238,0.0,1.6532,0.127,0.0105,0.0105,0.0105,0.0,0.9302,0.7787,0.3143,0.5742,2.5974,0.6759,6.5829,0.3594,0,0,0,0,0,0,0,0,0,0,0,0,0,0,0,1,0,0,0,1,1,1595,159,60,46,70,0,17,0,17,4,7,0,17,7,10,0,17,9.0,3.4,0.9,1.4,0.0,0.7,0.0,0.7,0.1,0.1,0.0,0.7,0.1,0.2,0.0,0.7
39,Ohio,OH,39025,Clermont County,39025040102,Census Tract 401.02; Clermont County; Ohio,13.069597873934,2631,347,1037,117,977,122,464,178,141,83,221,73,263,88,416,248,468,62,505,97,346,87,46,35,0,48,102,485,0,16,116,45,0,16,37,27,0,12,17.8,6.4,9.6,4.6,22.6,6.9,14.0,4.3,15.9,8.4,17.8,2.5,19.2,3.0,13.2,3.3,4.7,3.5,0.0,1.9,3.9,18.4,0.0,1.5,11.2,4.1,0.0,1.6,3.8,2.7,0.0,0.5,0.4468,0.833,0.494,0.7888,0.9511,3.5137,0.7829,0.5178,0.3313,0.4307,0.4476,0.0,1.7274,0.1543,0.1008,0.1008,0.1008,0.0,0.8908,0.0,0.38,0.0,1.2708,0.1676,6.6127,0.3625,0,0,0,0,1,1,0,0,0,0,0,0,0,0,0,0,0,0,0,0,1,1054,133,56,24,32,19,26,0,12,0,12,0,12,59,40,0,12,13.6,5.3,0.9,1.2,0.7,1.0,0.0,1.3,0.0,1.3,0.0,1.3,2.2,1.5,0.0,1.3
39,Ohio,OH,39025,Clermont County,39025040202,Census Tract 402.02; Clermont County; Ohio,11.673345705578,2240,278,934,149,902,151,188,96,55,43,146,63,172,75,315,183,376,96,438,99,221,59,30,29,0,48,47,393,0,16,52,34,0,16,5,8,0,12,8.4,4.2,4.8,3.5,16.2,6.4,10.2,4.4,14.1,7.3,16.8,3.9,19.6,3.3,9.9,2.6,3.3,3.2,0.0,2.2,2.1,17.5,0.0,1.7,5.6,3.7,0.0,1.8,0.6,0.9,0.0,0.5,0.1568,0.5603,0.2371,0.65,0.9292,2.5334,0.52,0.4486,0.3602,0.2104,0.2943,0.0,1.3135,0.0556,0.0374,0.0374,0.0374,0.0,0.7962,0.0,0.0616,0.0,0.8578,0.0825,4.7421,0.1175,0,0,0,0,1,1,0,0,0,0,0,0,0,0,0,0,0,0,0,0,1,870,114,118,0,12,0,12,0,12,0,12,0,12,27,23,20,35,12.6,11.5,0.0,1.5,0.0,1.5,0.0,1.5,0.0,1.5,0.0,1.5,1.2,1.0,0.9,1.6
39,Ohio,OH,39025,Clermont County,39025040203,Census Tract 402.03; Clermont County; Ohio,12.163621113994,6361,583,2324,248,2243,250,847,389,34,49,266,115,395,215,204,165,1185,213,1520,330,819,260,50,51,0,68,425,805,45,42,150,137,0,24,31,33,104,3,13.5,6.1,1.1,1.6,11.9,5.0,9.0,4.5,3.3,2.7,18.6,3.3,23.9,4.1,13.1,3.9,2.2,2.3,0.0,1.2,6.7,12.6,1.9,1.8,6.5,5.6,0.0,1.1,1.4,1.4,1.6,0.2,0.3193,0.0803,0.094,0.5755,0.2634,1.3325,0.1794,0.5767,0.6516,0.4199,0.1762,0.0,1.8244,0.1917,0.2229,0.2229,0.2229,0.3975,0.8181,0.0,0.1476,0.727,2.0902,0.4543,5.47,0.186,0,0,0,0,0,0,0,0,0,0,0,0,0,0,0,0,0,0,0,0,0,6185,135,91,51,52,66,63,0,17,0,17,0,17,308,238,0,17,6.0,3.9,0.8,0.8,1.0,1.0,0.0,0.5,0.0,0.5,0.0,0.5,4.8,3.6,0.0,0.5
39,Ohio,OH,39025,Clermont County,39025040205,Census Tract 402.05; Clermont County; Ohio,1.187964811232,3089,787,1263,221,1211,223,1345,814,0,12,506,260,200,109,46,43,252,109,979,406,350,139,57,72,0,48,143,1105,0,16,450,140,32,39,77,77,0,12,43.5,23.9,0.0,2.5,41.8,20.0,9.8,6.0,1.5,1.4,8.2,4.5,31.7,6.6,11.3,5.0,4.7,5.9,0.0,1.8,4.6,35.8,0.0,1.3,35.6,10.6,2.6,3.2,6.4,6.3,0.0,0.4,0.8689,0.0,0.9162,0.6252,0.072,2.4823,0.5041,0.0726,0.9461,0.3028,0.4476,0.0,1.7691,0.167,0.1335,0.1335,0.1335,0.0,0.9937,0.8029,0.5641,0.0,2.3607,0.5737,6.7456,0.3854,0,0,1,0,0,1,0,1,0,0,0,1,0,0,0,1,0,0,0,1,3,1197,45,40,20,32,4,11,0,12,0,12,0,12,119,141,0,12,3.7,3.5,0.6,1.0,0.1,0.4,0.0,1.1,0.0,1.1,0.0,1.1,3.9,4.5,0.0,1.1
39,Ohio,OH,39025,Clermont County,39025040206,Census Tract 402.06; Clermont County; Ohio,9.097456173926,4475,642,1758,219,1525,204,798,382,80,69,281,131,484,240,330,214,630,196,1132,303,871,284,172,115,46,76,325,913,0,16,364,172,29,33,62,74,52,6,18.1,8.3,3.7,3.1,18.4,8.2,16.1,8.0,7.4,4.7,14.1,5.0,25.3,4.4,19.5,6.5,11.3,7.4,1.1,1.9,7.3,20.4,0.0,0.9,20.7,8.8,1.9,2.1,4.1,4.9,1.2,0.2,0.4573,0.4429,0.3286,0.8408,0.6744,2.744,0.5851,0.2964,0.7276,0.7855,0.8187,0.7254,3.3536,0.9197,0.2489,0.2489,0.2489,0.0,0.9622,0.7219,0.4063,0.6814,2.7718,0.7479,9.1183,0.7406,0,0,0,0,0,0,0,0,0,0,0,0,0,0,0,1,0,0,0,1,1,1821,42,46,27,23,223,220,0,12,0,12,0,12,75,65,0,12,2.8,3.0,0.6,0.5,5.0,4.9,0.0,0.8,0.0,0.8,0.0,0.8,1.7,1.5,0.0,0.8
39,Ohio,OH,39025,Clermont County,39025040301,Census Tract 403.01; Clermont County; Ohio,2.423228661872,3801,388,1342,182,1314,186,126,105,255,216,129,76,33,34,63,66,441,128,1048,139,192,67,43,34,6,47,194,536,0,16,0,12,0,16,10,16,0,12,3.3,2.7,12.4,9.4,9.8,5.6,1.3,1.3,1.7,1.7,11.6,3.3,27.6,2.4,5.1,1.9,3.3,2.5,0.2,1.3,5.1,14.1,0.0,1.2,0.0,2.6,0.0,1.2,0.8,1.2,0.0,0.3,0.0301,0.8924,0.0448,0.0488,0.092,1.1081,0.1241,0.1776,0.8408,0.0279,0.2943,0.4556,1.7962,0.18,0.1544,0.1544,0.1544,0.0,0.0,0.0,0.0873,0.0,0.0873,0.0114,3.146,0.0149,0,0,0,0,0,0,0,0,0,0,0,0,0,0,0,0,0,0,0,0,0,2007,24,22,0,12,69,53,7,12,0,12,0,12,101,78,17,27,1.8,1.7,0.0,0.9,1.8,1.4,0.2,0.3,0.0,0.9,0.0,0.9,2.7,2.0,0.4,0.7
39,Ohio,OH,39025,Clermont County,39025040302,Census Tract 403.02; Clermont County; Ohio,2.991229491704,3705,328,1487,147,1432,147,369,205,59,32,370,113,43,31,186,135,632,129,1063,191,156,69,34,37,18,51,468,446,309,114,0,12,0,16,50,49,4,3,10.0,5.5,3.4,1.9,25.8,7.4,1.8,1.3,5.0,3.7,17.1,3.8,28.7,3.7,4.2,1.9,2.3,2.6,0.5,1.4,12.6,12.0,20.8,7.4,0.0,2.3,0.0,1.1,3.5,3.3,0.1,0.1,0.205,0.3975,0.6092,0.0758,0.4487,1.7362,0.2905,0.4677,0.8782,0.0108,0.1902,0.5796,2.1265,0.339,0.4337,0.4337,0.4337,0.8556,0.0,0.0,0.3537,0.3694,1.5787,0.2543,5.8751,0.2432,0,0,0,0,0,0,0,0,0,0,0,0,0,0,0,0,0,0,0,0,0,2880,154,98,0,12,67,77,18,22,0,12,0,12,383,279,0,12,10.8,6.5,0.0,0.9,1.8,2.1,0.5,0.6,0.0,0.9,0.0,0.9,10.3,7.1,0.0,0.9
39,Ohio,OH,39025,Clermont County,39025040303,Census Tract 403.03; Clermont County; Ohio,3.602955986934,7532,774,2817,338,2708,370,367,201,206,121,260,121,30,37,98,74,917,258,1969,261,612,234,123,79,0,68,720,1125,224,283,10,17,0,24,35,39,0,17,4.9,2.6,4.5,2.8,9.6,4.3,0.6,0.7,1.3,1.0,12.2,3.2,26.1,3.5,8.1,2.8,4.5,2.9,0.0,0.9,9.6,14.9,7.9,10.0,0.4,0.6,0.0,0.9,1.3,1.5,0.0,0.2,0.0609,0.534,0.0419,0.0197,0.0593,0.7158,0.0486,0.2032,0.7736,0.1162,0.4286,0.0,1.5216,0.0956,0.3424,0.3424,0.3424,0.6473,0.5625,0.0,0.1349,0.0,1.3447,0.1873,3.9245,0.0479,0,0,0,0,0,0,0,0,0,0,0,0,0,0,0,0,0,0,0,0,0,2751,82,80,125,108,287,217,81,72,0,17,0,17,157,143,70,87,3.0,3.0,1.7,1.5,3.8,2.9,1.1,1.0,0.0,0.5,0.0,0.5,2.1,1.9,0.9,1.1
39,Ohio,OH,39025,Clermont County,39025040401,Census Tract 404.01; Clermont County; Ohio,5.013527520164,4118,551,1627,174,1596,177,232,149,73,52,242,84,26,22,164,82,979,222,833,180,637,263,49,40,9,46,189,782,62,41,0,12,0,16,44,32,20,2,5.7,3.6,3.2,2.3,15.2,5.0,0.9,0.8,4.0,2.1,23.8,4.5,20.2,3.8,15.5,5.0,3.1,2.5,0.2,1.2,4.6,19.0,3.8,2.5,0.0,2.1,0.0,1.0,2.8,2.0,0.5,0.1,0.0781,0.3711,0.1971,0.0289,0.3377,1.0129,0.1013,0.8269,0.397,0.5773,0.2733,0.4556,2.5301,0.5765,0.1335,0.1335,0.1335,0.5067,0.0,0.0,0.2848,0.5742,1.3657,0.1927,5.0422,0.1467,0,0,0,0,0,0,0,0,0,0,0,0,0,0,0,0,0,0,0,0,0,3849,79,43,15,23,44,60,31,52,0,12,0,12,84,70,15,23,4.9,2.8,0.4,0.6,1.1,1.5,0.8,1.3,0.0,0.8,0.0,0.8,2.0,1.7,0.4,0.6
39,Ohio,OH,39025,Clermont County,39025040403,Census Tract 404.03; Clermont County; Ohio,1.303481124204,2919,320,1086,69,1086,69,417,163,11,17,385,132,59,37,181,104,390,69,789,167,605,278,163,91,0,48,483,473,321,96,0,12,41,38,61,39,0,12,14.3,5.4,0.8,1.2,35.5,11.9,3.6,2.2,6.2,3.3,13.4,2.6,27.0,4.2,20.7,9.3,15.0,8.3,0.0,1.7,16.5,16.1,29.5,8.6,0.0,3.2,3.8,3.5,5.6,3.7,0.0,0.4,0.3393,0.0578,0.8292,0.1966,0.5659,1.9888,0.3629,0.2568,0.8158,0.8293,0.9006,0.0,2.8025,0.7317,0.5241,0.5241,0.5241,0.9152,0.0,0.8898,0.5175,0.0,2.3225,0.56,7.6379,0.5225,0,0,0,0,0,0,0,0,0,1,0,1,0,0,1,0,0,0,0,1,2,3287,118,77,356,253,117,138,0,12,0,12,0,12,10,14,0,12,10.9,7.0,12.2,8.6,4.0,4.6,0.0,1.2,0.0,1.2,0.0,1.2,0.3,0.5,0.0,1.2
39,Ohio,OH,39025,Clermont County,39025040404,Census Tract 404.04; Clermont County; Ohio,2.457517608288,3889,338,1610,120,1559,135,139,78,57,51,232,81,198,55,169,114,1315,231,517,85,392,108,53,39,47,93,376,452,229,82,0,12,0,16,87,77,290,4,3.9,2.1,2.8,2.4,14.9,5.0,6.3,1.8,4.7,3.0,33.8,5.0,13.3,1.8,10.9,3.3,3.4,2.5,1.3,2.5,9.7,11.6,14.2,5.0,0.0,2.1,0.0,1.0,5.6,4.8,7.5,0.7,0.0419,0.3133,0.1857,0.4042,0.4135,1.3586,0.186,0.9826,0.0828,0.2752,0.3089,0.7565,2.406,0.5016,0.3478,0.3478,0.3478,0.7689,0.0,0.0,0.5175,0.941,2.2274,0.514,6.3398,0.3121,0,0,0,0,0,0,1,0,0,0,0,1,0,0,0,0,0,0,1,1,2,3302,147,92,261,173,38,36,13,19,5,10,0,12,59,62,0,12,9.4,5.7,6.7,4.2,1.0,1.0,0.3,0.5,0.1,0.2,0.0,0.9,1.5,1.5,0.0,0.9
39,Ohio,OH,39025,Clermont County,39025040405,Census Tract 404.05; Clermont County; Ohio,1.98126889943,3437,792,1332,201,1266,204,187,121,74,78,300,115,58,51,55,44,585,232,797,156,633,527,31,32,18,53,527,1106,139,60,0,12,19,28,7,11,20,10,5.5,3.3,4.1,4.2,23.7,8.2,2.4,2.2,1.6,1.4,17.0,4.3,23.2,5.7,18.5,12.0,2.4,2.5,0.6,1.7,15.3,32.0,10.5,4.2,0.0,2.6,1.5,2.2,0.6,0.9,0.6,0.3,0.0752,0.4867,0.5333,0.1135,0.0825,1.2912,0.1673,0.4632,0.6005,0.7369,0.201,0.6088,2.6104,0.6276,0.5013,0.5013,0.5013,0.7003,0.0,0.6606,0.0616,0.6059,2.0284,0.4289,6.4313,0.3317,0,0,0,0,0,0,0,0,0,0,0,0,0,0,0,0,0,0,0,0,0,1829,72,63,107,120,110,95,83,64,0,12,0,12,227,148,0,12,5.7,4.9,3.1,3.5,3.2,2.8,2.4,1.9,0.0,1.0,0.0,1.0,6.6,4.4,0.0,1.0
39,Ohio,OH,39025,Clermont County,39025040500,Census Tract 405; Clermont County; Ohio,2.470026540884,5111,324,2812,290,2737,295,1083,377,157,98,881,250,325,167,405,170,1372,339,693,260,867,248,256,136,21,76,436,480,1229,375,13,22,15,30,179,102,190,9,21.6,7.4,5.2,3.2,32.2,8.4,8.2,4.2,8.1,3.2,26.8,6.2,13.6,4.9,17.3,5.1,9.4,4.9,0.4,1.5,8.5,9.4,43.7,12.6,0.5,0.8,0.5,1.1,6.5,3.6,3.7,0.3,0.5452,0.5971,0.7752,0.526,0.7226,3.1661,0.706,0.9153,0.0904,0.6776,0.754,0.5412,2.9785,0.8114,0.3009,0.3009,0.3009,0.9597,0.5717,0.4413,0.5695,0.8599,3.4021,0.9197,9.8476,0.8305,0,0,0,0,0,0,1,0,0,0,0,1,0,0,1,0,0,0,0,1,2,4922,429,187,124,128,33,45,0,17,0,17,0,17,270,175,9,16,15.7,6.2,2.4,2.5,0.6,0.9,0.0,0.7,0.0,0.7,0.0,0.7,5.3,3.4,0.2,0.3
39,Ohio,OH,39025,Clermont County,39025040600,Census Tract 406; Clermont County; Ohio,9.01173458009,7471,611,2640,223,2585,231,565,292,31,37,316,151,219,120,121,87,1215,246,1944,293,698,232,52,63,0,68,443,887,51,84,56,40,0,24,73,92,0,17,7.6,3.9,0.8,1.0,12.2,5.7,4.3,2.2,1.6,1.2,16.3,3.4,26.0,3.6,9.4,3.0,2.0,2.4,0.0,1.0,5.9,11.9,1.9,3.2,2.1,1.5,0.0,0.9,2.8,3.6,0.0,0.2,0.1384,0.0578,0.1032,0.2508,0.0825,0.6327,0.0384,0.4195,0.7689,0.1787,0.159,0.0,1.5261,0.0962,0.1883,0.1883,0.1883,0.3975,0.7019,0.0,0.2848,0.0,1.3842,0.1975,3.7313,0.0403,0,0,0,0,0,0,0,0,0,0,0,0,0,0,0,0,0,0,0,0,0,9264,191,116,0,17,73,67,204,215,0,17,0,17,166,140,0,17,7.4,4.7,0.0,0.5,1.0,0.9,2.7,2.9,0.0,0.5,0.0,0.5,2.2,1.9,0.0,0.5
39,Ohio,OH,39025,Clermont County,39025040702,Census Tract 407.02; Clermont County; Ohio,2.920962788724,4735,704,1919,282,1843,299,436,328,79,69,240,110,191,104,357,246,659,220,1027,219,497,231,169,121,0,48,565,993,95,71,26,18,0,16,11,17,0,12,9.2,6.8,3.1,2.7,13.0,5.6,5.4,2.9,7.6,5.4,13.9,4.6,21.7,3.1,10.6,5.0,9.1,6.4,0.0,1.1,11.9,20.9,4.9,3.6,1.4,0.9,0.0,0.9,0.6,0.9,0.0,0.3,0.1853,0.3537,0.1248,0.3339,0.6855,1.6832,0.2749,0.2841,0.4965,0.2542,0.7403,0.0,1.7751,0.1702,0.4144,0.4144,0.4144,0.5546,0.6597,0.0,0.0616,0.0,1.2759,0.1686,5.1486,0.1565,0,0,0,0,0,0,0,0,0,0,0,0,0,0,0,0,0,0,0,0,0,2984,99,90,77,97,249,218,0,12,0,12,0,12,239,133,0,12,5.4,4.8,1.6,2.1,5.3,4.4,0.0,0.7,0.0,0.7,0.0,0.7,5.0,3.0,0.0,0.7
39,Ohio,OH,39025,Clermont County,39025040703,Census Tract 407.03; Clermont County; Ohio,1.529117202494,2693,397,1256,125,1234,130,174,84,79,58,241,127,88,68,113,94,605,98,461,158,475,161,75,61,18,52,235,527,17,33,0,12,0,16,24,35,0,12,6.5,3.0,5.1,3.7,19.5,10.1,4.2,3.2,4.2,3.5,22.5,4.7,17.1,4.3,17.6,5.3,6.1,4.9,0.7,2.1,8.7,19.5,1.4,2.6,0.0,2.7,0.0,1.3,1.9,2.8,0.0,0.4,0.1028,0.5892,0.3749,0.2441,0.3561,1.6671,0.2708,0.7717,0.2096,0.6947,0.5584,0.6367,2.8711,0.7644,0.3085,0.3085,0.3085,0.3663,0.0,0.0,0.2029,0.0,0.5692,0.0448,5.4159,0.1797,0,0,0,0,0,0,0,0,0,0,0,0,0,0,0,0,0,0,0,0,0,2644,109,74,51,57,103,108,36,34,0,12,0,12,45,30,0,12,8.8,6.0,1.9,2.1,3.8,3.7,1.3,1.2,0.0,1.3,0.0,1.3,1.7,1.1,0.0,1.3
39,Ohio,OH,39025,Clermont County,39025040704,Census Tract 407.04; Clermont County; Ohio,1.588619767816,3554,424,1502,147,1502,147,225,126,15,24,429,165,234,125,239,177,831,188,871,227,461,144,84,54,0,48,412,608,549,167,99,68,12,21,177,98,33,3,6.4,3.5,0.9,1.4,28.6,10.6,9.9,5.4,6.8,4.7,23.4,5.4,24.5,4.3,13.1,4.3,5.6,3.6,0.0,1.4,11.6,17.1,36.5,10.5,6.6,4.4,0.8,1.4,11.8,6.4,0.9,0.1,0.0984,0.0654,0.6956,0.6319,0.6211,2.1124,0.4013,0.8107,0.6826,0.4199,0.5241,0.0,2.4373,0.5178,0.4042,0.4042,0.4042,0.9451,0.82,0.5117,0.774,0.6458,3.6966,0.966,8.6505,0.6822,0,0,0,0,0,0,0,0,0,0,0,0,0,0,1,0,0,0,0,1,1,6663,149,97,124,115,45,67,173,166,13,19,0,12,57,54,0,12,9.9,6.6,3.5,3.2,1.3,1.9,4.9,4.5,0.4,0.5,0.0,1.0,1.6,1.5,0.0,1.0
39,Ohio,OH,39025,Clermont County,39025040800,Census Tract 408; Clermont County; Ohio,29.476861822806,5709,37,2419,227,2280,189,1149,540,60,70,551,281,659,274,318,252,1403,333,1336,256,1266,319,111,79,0,68,265,173,82,38,20,32,50,85,380,272,31,4,20.3,9.5,2.4,2.7,24.2,12.2,17.3,7.0,5.6,4.4,24.6,5.8,23.4,4.5,22.2,5.6,4.9,3.4,0.0,1.2,4.6,3.0,3.4,1.5,0.8,1.3,2.2,3.7,16.7,11.3,0.5,0.1,0.5129,0.2514,0.5486,0.8665,0.5075,2.6869,0.5683,0.8519,0.6138,0.875,0.4644,0.0,2.8051,0.7337,0.1335,0.1335,0.1335,0.4895,0.6095,0.7575,0.8635,0.5742,3.2942,0.8975,8.9197,0.7168,0,0,0,0,0,0,0,0,0,0,0,0,0,0,0,0,0,0,0,0,0,4278,253,126,15,19,39,48,1,2,0,17,0,17,210,158,0,17,11.1,5.5,0.3,0.3,0.7,0.8,0.0,0.1,0.0,0.6,0.0,0.6,3.7,2.8,0.0,0.6
39,Ohio,OH,39025,Clermont County,39025040900,Census Tract 409; Clermont County; Ohio,30.105245916622,5708,23,2411,186,2224,165,1243,513,72,42,613,256,404,135,319,163,849,158,935,186,1123,304,97,60,0,68,244,179,155,65,48,56,15,24,61,41,123,13,21.8,9.0,2.3,1.4,27.6,11.3,9.8,3.3,5.6,2.9,14.9,2.8,16.4,3.2,19.7,5.3,4.4,2.7,0.0,1.2,4.3,3.1,6.4,2.7,2.0,2.3,0.7,1.1,2.7,1.8,2.2,0.2,0.5535,0.2384,0.6689,0.6252,0.5075,2.5935,0.5362,0.3377,0.1763,0.794,0.4184,0.0,1.7264,0.154,0.1189,0.1189,0.1189,0.5978,0.6978,0.4873,0.2752,0.773,2.8311,0.7708,7.2699,0.4657,0,0,0,0,0,0,0,0,0,0,0,0,0,0,0,0,0,0,0,0,0,5051,319,144,29,35,10,15,13,20,0,17,0,17,86,60,106,157,14.3,6.1,0.5,0.6,0.2,0.3,0.2,0.3,0.0,0.6,0.0,0.6,1.5,1.0,1.9,2.8
39,Ohio,OH,39025,Clermont County,39025041001,Census Tract 410.01; Clermont County; Ohio,16.294153823564,5419,693,2124,232,2072,240,1154,439,200,151,391,165,573,252,533,308,788,223,1208,351,1142,490,319,221,3,69,386,952,41,45,725,268,60,79,18,28,93,5,22.0,7.9,7.0,5.2,18.9,7.7,16.2,6.2,9.9,5.3,14.5,4.6,22.3,4.6,21.3,8.2,15.4,10.5,0.1,1.4,7.1,17.5,1.9,2.1,34.1,10.7,2.9,3.8,0.9,1.4,1.7,0.2,0.5576,0.7222,0.3483,0.8437,0.8169,3.2887,0.734,0.3155,0.539,0.8448,0.9098,0.4245,3.0336,0.8343,0.2397,0.2397,0.2397,0.3975,0.9924,0.8349,0.0975,0.7381,3.0604,0.8476,9.6224,0.806,0,0,0,0,0,0,0,0,0,1,0,1,0,0,0,1,0,0,0,1,2,5720,110,65,0,17,0,17,4,7,0,17,0,17,347,192,35,57,5.3,3.2,0.0,0.6,0.0,0.6,0.1,0.1,0.0,0.6,0.0,0.6,6.4,3.4,0.6,1.0
39,Ohio,OH,39025,Clermont County,39025041002,Census Tract 410.02; Clermont County; Ohio,10.23523390279,3193,287,1314,184,1240,188,74,63,0,12,155,86,138,56,91,111,772,158,504,94,282,161,19,29,0,48,409,371,31,37,0,12,0,16,13,21,418,18,2.7,2.3,0.0,2.4,12.5,6.7,5.4,2.4,3.3,3.9,24.2,4.6,15.8,2.8,10.2,5.3,1.5,2.3,0.0,1.5,12.8,11.6,2.4,2.8,0.0,2.6,0.0,1.3,1.0,1.7,13.1,1.3,0.0206,0.0,0.1124,0.3339,0.2634,0.7303,0.0514,0.8399,0.156,0.2275,0.1156,0.0,1.339,0.0584,0.4401,0.4401,0.4401,0.4352,0.0,0.0,0.1067,0.9648,1.5067,0.2324,4.0161,0.0552,0,0,0,0,0,0,0,0,0,0,0,0,0,0,0,0,0,0,1,1,1,4594,74,53,31,36,58,44,281,192,1,6,0,12,38,58,0,12,6.0,4.3,1.0,1.1,1.8,1.4,8.8,5.7,0.0,0.2,0.0,1.1,1.2,1.8,0.0,1.1
39,Ohio,OH,39025,Clermont County,39025041101,Census Tract 411.01; Clermont County; Ohio,3.39665898562,3964,419,1571,187,1501,196,860,314,169,95,281,91,244,110,139,60,569,166,1024,178,505,159,119,74,11,47,366,578,49,37,0,12,150,125,60,47,9,3,21.7,7.6,8.6,4.6,18.7,5.5,8.8,3.9,3.5,1.6,14.4,4.0,25.8,3.6,12.7,3.6,7.9,4.8,0.3,1.2,9.2,14.5,3.1,2.3,0.0,2.2,10.0,8.2,4.0,3.1,0.2,0.1,0.5497,0.7975,0.339,0.5647,0.2856,2.5365,0.521,0.3101,0.7562,0.3951,0.6813,0.4968,2.6395,0.647,0.3269,0.3269,0.3269,0.4765,0.0,0.9911,0.3981,0.4356,2.3013,0.5495,7.8042,0.5505,0,0,0,0,0,0,0,0,0,0,0,0,0,0,0,0,1,0,0,1,1,2593,119,61,76,61,68,68,150,123,2,8,0,12,70,56,0,12,7.9,4.1,1.9,1.6,1.7,1.7,3.8,3.0,0.1,0.2,0.0,0.9,1.8,1.4,0.0,0.9
39,Ohio,OH,39025,Clermont County,39025041102,Census Tract 411.02; Clermont County; Ohio,5.317559292942,5658,517,2229,189,2183,203,1626,456,52,45,541,203,542,179,241,141,864,212,1487,282,970,236,259,130,27,75,557,749,517,165,14,18,28,42,313,132,136,14,28.7,7.6,1.8,1.6,24.8,9.0,16.0,5.4,4.3,2.4,15.3,3.7,26.3,3.9,17.1,4.2,11.9,5.9,0.5,1.4,9.8,13.2,23.2,7.1,0.6,0.8,1.3,1.9,14.3,5.7,2.4,0.1,0.6896,0.1654,0.5717,0.8396,0.3659,2.6322,0.5505,0.3576,0.7828,0.6674,0.8359,0.5796,3.2233,0.8921,0.3516,0.3516,0.3516,0.8752,0.5876,0.6181,0.8241,0.7885,3.6935,0.9654,9.9006,0.8365,0,0,0,0,0,0,0,0,0,0,0,0,0,0,0,0,0,0,0,0,0,5528,214,90,176,88,54,44,143,149,14,18,0,17,144,106,26,44,9.8,4.2,3.1,1.6,1.0,0.8,2.5,2.6,0.2,0.3,0.0,0.6,2.5,1.9,0.5,0.8
39,Ohio,OH,39025,Clermont County,39025041104,Census Tract 411.04; Clermont County; Ohio,1.497227493906,4082,658,1418,193,1405,194,150,114,18,28,176,100,349,160,97,80,360,138,944,276,424,138,0,16,0,48,186,936,149,91,0,12,0,16,0,12,0,12,3.7,2.7,0.7,1.2,12.5,6.9,12.7,5.6,2.4,1.9,8.8,3.7,23.1,3.7,10.4,3.8,0.0,1.1,0.0,1.3,4.6,22.9,10.5,6.3,0.0,2.4,0.0,1.1,0.0,2.5,0.0,0.3,0.0378,0.0502,0.1124,0.7454,0.1568,1.1026,0.1229,0.0881,0.5948,0.2396,0.0,0.0,0.9225,0.0181,0.1335,0.1335,0.1335,0.7003,0.0,0.0,0.0,0.0,0.7003,0.0581,2.8589,0.0089,0,0,0,0,0,0,0,0,0,0,0,0,0,0,0,0,0,0,0,0,0,4338,41,64,0,12,50,72,0,12,0,12,0,12,136,131,0,12,2.9,4.6,0.0,0.9,1.2,1.7,0.0,0.9,0.0,0.9,0.0,0.9,3.3,3.3,0.0,0.9
39,Ohio,OH,39025,Clermont County,39025041105,Census Tract 411.05; Clermont County; Ohio,2.993745332336,5215,622,2584,272,2584,272,991,502,83,120,713,251,541,263,199,179,774,242,1281,350,1265,409,26,31,0,68,393,942,443,238,0,17,0,24,414,253,0,17,19.5,9.6,3.2,4.4,27.6,9.3,14.2,6.5,3.8,3.5,14.8,4.7,24.6,4.5,24.3,7.9,1.0,1.2,0.0,1.4,7.5,18.0,17.1,9.0,0.0,1.3,0.0,0.9,16.0,9.0,0.0,0.3,0.4948,0.3711,0.6689,0.7942,0.3113,2.6403,0.5521,0.3335,0.6877,0.9207,0.0759,0.0,2.0178,0.28,0.2562,0.2562,0.2562,0.8124,0.0,0.0,0.8533,0.0,1.6657,0.28,6.58,0.3587,0,0,0,0,0,0,0,0,1,0,0,1,0,0,0,0,0,0,0,0,1,3287,350,218,76,127,66,78,0,17,0,17,0,17,251,262,0,17,13.5,7.6,1.5,2.4,1.3,1.4,0.0,0.7,0.0,0.7,0.0,0.7,4.8,5.2,0.0,0.7
39,Ohio,OH,39025,Clermont County,39025041201,Census Tract 412.01; Clermont County; Ohio,1.586018598642,4266,687,1816,170,1787,169,1315,570,96,112,382,125,173,82,416,244,817,153,840,232,468,163,77,68,101,106,732,831,485,190,0,12,110,128,78,102,42,2,31.4,12.6,4.1,4.8,21.4,6.7,5.8,2.6,9.8,5.1,19.2,4.6,19.7,3.5,11.1,3.9,4.3,3.8,2.5,2.6,17.2,19.3,26.7,10.2,0.0,1.9,6.2,7.1,4.4,5.8,1.0,0.2,0.7325,0.4867,0.4521,0.3662,0.8124,2.8499,0.6165,0.6129,0.3653,0.2882,0.407,0.8703,2.5437,0.5867,0.5412,0.5412,0.5412,0.8981,0.0,0.9629,0.4289,0.6595,2.9494,0.8121,8.8842,0.7111,0,0,0,0,0,0,0,0,0,0,0,0,0,0,0,0,1,0,0,1,1,3208,260,115,20,33,164,162,62,99,0,12,0,12,486,327,0,12,14.5,6.7,0.5,0.8,3.8,3.8,1.5,2.3,0.0,0.8,0.0,0.8,11.4,6.5,0.0,0.8
39,Ohio,OH,39025,Clermont County,39025041202,Census Tract 412.02; Clermont County; Ohio,3.255586195166,5225,730,2195,296,2138,280,1015,693,29,33,444,291,369,312,43,40,1029,229,1101,204,829,323,96,64,3,76,350,1055,255,121,33,53,0,24,130,97,20,11,19.5,13.0,1.2,1.3,20.8,13.3,10.0,7.3,0.8,0.8,19.7,4.7,21.1,3.4,15.9,5.0,4.4,2.9,0.1,1.5,6.7,20.2,11.6,5.3,1.5,2.5,0.0,1.1,6.1,4.6,0.4,0.2,0.4948,0.0898,0.4283,0.6389,0.0279,1.6797,0.274,0.6468,0.4569,0.5985,0.4184,0.4245,2.5451,0.5873,0.2229,0.2229,0.2229,0.7216,0.6667,0.0,0.5479,0.5374,2.4736,0.626,6.9213,0.4143,0,0,0,0,0,0,0,0,0,0,0,0,0,0,0,0,0,0,0,0,0,7238,191,107,98,152,18,44,25,39,0,17,0,17,188,171,21,34,8.9,5.2,1.9,2.9,0.3,0.8,0.5,0.8,0.0,0.7,0.0,0.7,3.6,3.2,0.4,0.7
39,Ohio,OH,39025,Clermont County,39025041303,Census Tract 413.03; Clermont County; Ohio,2.05483291349,5284,675,1978,165,1869,189,781,266,242,136,508,169,297,133,277,131,615,106,1412,390,593,187,80,72,36,70,640,951,164,84,11,18,9,23,58,47,0,17,15.0,4.7,8.4,4.5,27.2,8.6,8.5,3.8,5.2,2.7,11.6,2.5,26.7,5.0,11.2,3.9,4.2,3.8,0.7,1.4,12.1,17.9,8.3,4.2,0.6,0.9,0.5,1.2,3.1,2.5,0.0,0.3,0.3643,0.7876,0.6575,0.5482,0.4706,2.8282,0.6105,0.1776,0.8022,0.2964,0.394,0.6367,2.3069,0.4384,0.4204,0.4204,0.4204,0.6581,0.5876,0.4413,0.3143,0.0,2.0013,0.4168,7.5568,0.5095,0,0,0,0,0,0,0,0,0,0,0,0,0,0,0,0,0,0,0,0,0,2351,116,75,107,103,298,182,83,74,5,7,0,17,115,77,32,41,6.2,3.9,2.0,1.9,5.6,3.4,1.6,1.4,0.1,0.1,0.0,0.7,2.2,1.4,0.6,0.8
39,Ohio,OH,39025,Clermont County,39025041304,Census Tract 413.04; Clermont County; Ohio,1.67095679152,8,15,4,8,4,8,0,12,0,12,0,24,0,12,0,12,0,12,0,12,8,15,0,16,0,48,0,21,0,16,0,12,0,16,0,12,0,12,0.0,100.0,0.0,100.0,0.0,100.0,0.0,100.0,0.0,100.0,0.0,100.0,0.0,100.0,100.0,100.0,0.0,100.0,0.0,100.0,0.0,100.0,0.0,100.0,0.0,100.0,0.0,100.0,0.0,100.0,0.0,100.0,0.0,0.0,0.0,0.0,0.0,0.0,0.0,0.0,0.0,1.0,0.0,0.0,1.0,0.0235,0.0,0.0,0.0,0.0,0.0,0.0,0.0,0.0,0.0,0.0,1.0,0.0,0,0,0,0,0,0,0,0,1,0,0,1,0,0,0,0,0,0,0,0,1,97,0,12,0,12,0,12,0,12,0,12,0,12,0,12,0,12,0.0,100.0,0.0,100.0,0.0,100.0,0.0,100.0,0.0,100.0,0.0,100.0,0.0,100.0,0.0,100.0
39,Ohio,OH,39025,Clermont County,39025041305,Census Tract 413.05; Clermont County; Ohio,1.996742709284,4807,450,2242,177,2139,211,700,351,86,80,321,139,89,61,83,85,932,190,925,259,628,137,154,116,0,48,576,588,677,172,0,12,122,111,122,108,4,8,14.6,7.2,3.3,3.1,15.0,6.3,2.5,1.7,1.7,1.8,19.4,3.6,19.2,4.5,13.1,2.7,7.2,5.4,0.0,1.1,12.0,12.2,30.2,7.3,0.0,1.5,5.7,5.2,5.7,4.9,0.1,0.2,0.3494,0.386,0.1908,0.1192,0.092,1.1374,0.1321,0.6287,0.3313,0.4199,0.6337,0.0,2.0136,0.2784,0.4169,0.4169,0.4169,0.9206,0.0,0.9549,0.5241,0.3694,2.769,0.7467,6.3369,0.3114,0,0,0,0,0,0,0,0,0,0,0,0,0,0,1,0,1,0,0,2,2,3397,47,46,170,136,141,100,113,156,0,12,0,12,152,148,0,12,2.2,2.1,3.5,2.8,2.9,2.0,2.4,3.2,0.0,0.7,0.0,0.7,3.2,3.0,0.0,0.7
39,Ohio,OH,39025,Clermont County,39025041306,Census Tract 413.06; Clermont County; Ohio,2.425582339664,5701,904,2787,260,2729,268,716,268,139,122,1024,268,212,126,322,140,767,97,1357,535,527,201,149,107,31,91,975,1274,1498,298,0,17,41,53,89,71,203,4,13.0,4.4,4.1,3.5,37.5,9.1,5.9,3.7,5.9,2.7,13.5,2.5,23.8,6.4,9.6,4.2,5.5,3.9,0.6,1.7,17.1,22.2,53.8,9.4,0.0,1.2,1.5,1.9,3.3,2.6,3.6,0.6,0.3043,0.4867,0.8632,0.3741,0.537,2.5653,0.5295,0.2616,0.6439,0.1933,0.5171,0.6088,2.2247,0.3892,0.5387,0.5387,0.5387,0.9771,0.0,0.6606,0.3346,0.8545,2.8268,0.7698,8.1555,0.6089,0,0,0,0,0,0,0,0,0,0,0,0,0,0,1,0,0,0,0,1,1,9318,301,136,64,96,213,164,304,217,0,17,0,17,346,164,48,65,11.0,5.0,1.1,1.7,3.7,2.9,5.3,3.8,0.0,0.6,0.0,0.6,6.1,3.1,0.8,1.1
39,Ohio,OH,39025,Clermont County,39025041307,Census Tract 413.07; Clermont County; Ohio,6.695476249522,4782,484,2006,152,1909,165,536,254,61,38,307,112,235,102,399,205,745,153,970,182,517,171,85,62,9,46,498,680,145,69,0,12,45,48,139,76,4,1,11.2,5.2,2.1,1.3,16.1,5.7,7.1,3.0,8.4,4.2,15.6,3.4,20.3,3.1,10.8,3.7,4.5,3.2,0.2,1.0,10.4,14.2,7.2,3.4,0.0,1.7,2.3,2.5,7.3,4.0,0.1,0.0,0.2475,0.2086,0.2321,0.4569,0.7417,1.8868,0.3311,0.3763,0.4065,0.2691,0.4286,0.4556,1.9361,0.2384,0.3694,0.3694,0.3694,0.6241,0.0,0.7698,0.6159,0.3694,2.3792,0.5825,6.5715,0.3559,0,0,0,0,0,0,0,0,0,0,0,0,0,0,0,0,0,0,0,0,0,4254,310,148,18,29,281,183,115,95,0,12,0,12,84,91,0,12,16.2,7.0,0.4,0.6,5.9,3.8,2.4,2.0,0.0,0.7,0.0,0.7,1.8,1.9,0.0,0.7
39,Ohio,OH,39025,Clermont County,39025041403,Census Tract 414.03; Clermont County; Ohio,1.6810236289659999,4300,613,1885,153,1792,167,988,454,30,28,404,164,293,155,337,136,555,138,989,318,634,185,78,48,13,48,307,841,288,101,0,12,51,42,37,35,0,12,23.1,10.1,1.2,1.1,22.5,8.9,9.6,5.1,7.8,3.2,12.9,3.3,23.0,4.7,14.7,4.9,4.4,2.6,0.3,1.2,7.1,19.5,15.3,5.2,0.0,1.8,2.9,2.3,2.1,1.9,0.0,0.3,0.5843,0.0898,0.4902,0.6148,0.701,2.4801,0.5032,0.2302,0.5862,0.5287,0.4184,0.4968,2.2603,0.4105,0.2397,0.2397,0.2397,0.7835,0.0,0.8349,0.2248,0.0,1.8432,0.3537,6.8233,0.4003,0,0,0,0,0,0,0,0,0,0,0,0,0,0,0,0,0,0,0,0,0,3778,183,92,24,42,159,121,54,75,0,12,0,12,70,66,0,12,10.2,5.2,0.6,1.0,3.7,2.6,1.3,1.7,0.0,0.8,0.0,0.8,1.6,1.6,0.0,0.8
39,Ohio,OH,39025,Clermont County,39025041404,Census Tract 414.04; Clermont County; Ohio,1.47161812045,4654,645,2479,234,2327,249,800,302,217,112,775,278,106,97,377,202,855,242,701,190,574,184,62,69,0,48,515,896,520,195,0,12,0,16,79,84,0,12,17.2,6.0,7.8,3.9,33.3,11.4,3.1,2.9,8.1,4.5,18.4,5.0,15.1,4.0,12.3,4.1,2.7,3.0,0.0,1.1,11.1,19.2,21.0,7.6,0.0,1.4,0.0,0.7,3.4,3.7,0.0,0.3,0.4307,0.7616,0.7978,0.1579,0.7226,2.8706,0.6225,0.5621,0.1316,0.3745,0.2298,0.0,1.298,0.0527,0.3909,0.3909,0.3909,0.8575,0.0,0.0,0.3438,0.0,1.2013,0.147,5.7608,0.2251,0,0,0,0,0,0,0,0,0,0,0,0,0,0,0,0,0,0,0,0,0,3777,258,161,58,87,189,132,91,92,0,12,0,12,177,160,0,12,11.1,7.0,1.2,1.9,4.1,2.8,2.0,1.9,0.0,0.7,0.0,0.7,3.8,3.4,0.0,0.7
39,Ohio,OH,39025,Clermont County,39025041405,Census Tract 414.05; Clermont County; Ohio,2.280719571978,5139,492,2380,226,2318,218,1386,527,155,101,560,212,170,106,449,202,786,152,1230,339,960,392,101,86,0,68,438,735,612,190,24,39,43,53,71,79,8,3,27.0,9.9,5.5,3.4,24.2,8.9,4.9,3.0,8.7,3.9,15.3,3.0,23.9,5.4,18.7,7.5,4.3,3.7,0.0,1.5,8.5,14.3,25.7,7.6,1.0,1.6,1.9,2.3,3.1,3.3,0.2,0.1,0.6601,0.621,0.5486,0.2955,0.7566,2.8818,0.6254,0.3576,0.6516,0.7477,0.407,0.0,2.1639,0.3575,0.3009,0.3009,0.3009,0.8914,0.6295,0.7219,0.3143,0.4356,2.9927,0.8267,8.3393,0.6368,0,0,0,0,0,0,0,0,0,0,0,0,0,0,0,0,0,0,0,0,0,2860,303,131,169,193,87,90,75,116,0,17,0,17,107,133,0,17,13.1,5.5,3.3,3.7,1.7,1.7,1.5,2.2,0.0,0.7,0.0,0.7,2.1,2.6,0.0,0.7
39,Ohio,OH,39025,Clermont County,39025041406,Census Tract 414.06; Clermont County; Ohio,4.3512150992,5523,442,1917,130,1872,134,189,122,125,71,136,74,193,110,172,126,796,109,1668,256,493,186,85,64,38,81,498,647,0,24,0,17,19,21,15,23,0,17,3.5,2.2,4.5,2.5,7.3,3.9,5.4,3.0,3.1,2.2,14.4,2.0,30.2,3.0,8.9,3.1,4.5,3.4,0.7,1.6,9.0,11.7,0.0,1.3,0.0,1.8,1.0,1.1,0.8,1.2,0.0,0.3,0.0336,0.534,0.0162,0.3339,0.2371,1.1548,0.1359,0.3101,0.9188,0.1552,0.4286,0.6367,2.4494,0.5279,0.3177,0.3177,0.3177,0.0,0.0,0.5676,0.0873,0.0,0.6549,0.053,4.5768,0.101,0,0,0,0,0,0,0,1,0,0,0,1,0,0,0,0,0,0,0,0,1,3835,59,55,71,87,67,59,172,126,4,7,0,17,97,88,87,66,3.2,2.9,1.3,1.6,1.2,1.1,3.1,2.3,0.1,0.1,0.0,0.6,1.8,1.6,1.6,1.2
39,Ohio,OH,39025,Clermont County,39025041503,Census Tract 415.03; Clermont County; Ohio,2.768794971198,5082,523,1917,167,1799,185,412,241,23,39,232,113,230,150,439,447,580,150,1461,289,532,200,124,91,0,68,303,729,147,89,67,58,37,55,0,17,0,17,8.2,4.7,0.8,1.4,12.9,6.1,7.2,4.6,8.7,8.8,11.4,3.3,28.7,3.9,10.5,4.3,6.9,5.0,0.0,1.5,6.0,14.3,7.7,4.6,3.5,3.0,2.1,3.0,0.0,1.9,0.0,0.3,0.1514,0.0578,0.1222,0.4629,0.7566,1.5509,0.2397,0.1718,0.8782,0.2453,0.613,0.0,1.9083,0.2257,0.1928,0.1928,0.1928,0.6406,0.7473,0.7448,0.0,0.0,2.1327,0.4749,5.7847,0.2289,0,0,0,0,0,0,0,0,0,0,0,0,0,0,0,0,0,0,0,0,0,2489,85,78,119,108,165,189,0,17,0,17,0,17,19,23,0,17,4.7,4.3,2.3,2.2,3.2,3.7,0.0,0.7,0.0,0.7,0.0,0.7,0.4,0.5,0.0,0.7
39,Ohio,OH,39025,Clermont County,39025041504,Census Tract 415.04; Clermont County; Ohio,3.039303823928,3845,516,1582,123,1535,144,387,236,155,117,274,122,413,217,285,163,906,160,796,316,729,226,42,41,2,46,321,738,0,16,15,24,0,16,66,53,0,12,10.1,6.0,7.7,5.6,17.9,7.8,14.5,7.0,7.4,3.9,23.6,4.8,20.7,6.1,19.0,6.6,2.8,2.7,0.1,1.3,8.3,19.2,0.0,1.0,0.9,1.5,0.0,1.0,4.3,3.5,0.0,0.3,0.2091,0.7571,0.3073,0.805,0.6744,2.7529,0.5895,0.8209,0.4315,0.7639,0.2403,0.4245,2.6811,0.6689,0.2933,0.2933,0.2933,0.0,0.6187,0.0,0.4184,0.0,1.0371,0.1105,6.7644,0.3883,0,0,0,0,0,0,0,0,0,0,0,0,0,0,0,0,0,0,0,0,0,3044,91,67,34,42,133,88,0,12,13,21,0,12,106,82,35,56,5.9,4.4,0.9,1.1,3.5,2.3,0.0,0.9,0.3,0.6,0.0,0.9,2.8,2.1,0.9,1.5
39,Ohio,OH,39025,Clermont County,39025041505,Census Tract 415.05; Clermont County; Ohio,4.419260943476,3371,423,1842,250,1657,218,257,169,89,75,243,168,112,119,127,93,1018,148,448,157,434,202,42,45,0,48,41,590,79,71,0,12,28,40,80,71,0,12,7.6,4.9,4.6,4.0,14.7,10.0,4.1,4.3,3.8,2.8,30.2,4.8,13.3,3.9,12.9,5.7,2.5,2.7,0.0,1.5,1.2,17.5,4.3,3.8,0.0,1.9,1.7,2.4,4.8,4.3,0.0,0.4,0.1384,0.5451,0.18,0.2359,0.3113,1.4107,0.2022,0.9604,0.0828,0.4059,0.2114,0.0,1.6605,0.1302,0.0114,0.0114,0.0114,0.5314,0.0,0.6917,0.4568,0.0,1.6799,0.2848,4.7625,0.1197,0,0,0,0,0,0,1,0,0,0,0,1,0,0,0,0,0,0,0,0,1,1690,77,61,27,45,14,22,0,12,0,12,0,12,0,12,0,12,4.6,3.7,0.8,1.3,0.4,0.6,0.0,1.0,0.0,1.0,0.0,1.0,0.0,1.0,0.0,1.0
39,Ohio,OH,39025,Clermont County,39025041506,Census Tract 415.06; Clermont County; Ohio,12.614845780028,2811,350,1298,194,1298,194,314,178,33,37,243,185,89,64,188,167,966,201,330,141,322,125,0,16,0,48,101,472,139,91,0,12,0,16,46,68,2,1,11.2,6.2,2.5,2.6,18.7,14.0,3.7,2.6,6.7,5.7,34.4,7.8,11.7,4.3,11.5,4.7,0.0,1.2,0.0,1.8,3.6,16.8,10.7,6.8,0.0,2.7,0.0,1.2,3.5,5.1,0.1,0.0,0.2475,0.2657,0.339,0.2039,0.6109,1.667,0.2705,0.9838,0.0596,0.3158,0.0,0.0,1.3592,0.0603,0.0885,0.0885,0.0885,0.7038,0.0,0.0,0.3537,0.3694,1.4269,0.2076,4.5416,0.099,0,0,0,0,0,0,1,0,0,0,0,1,0,0,0,0,0,0,0,0,1,1001,122,78,0,12,50,84,0,12,1,2,0,12,50,57,0,12,9.4,6.1,0.0,1.2,1.8,2.9,0.0,1.2,0.0,0.1,0.0,1.2,1.8,1.9,0.0,1.2
39,Ohio,OH,39025,Clermont County,39025041600,Census Tract 416; Clermont County; Ohio,13.43170286243,5338,398,2120,207,1956,197,989,284,141,86,395,150,530,209,626,303,845,242,1187,254,842,232,112,66,31,66,398,583,103,56,361,163,43,55,125,59,17,4,18.9,5.2,5.2,3.2,20.2,7.4,13.8,5.3,11.8,5.4,15.8,4.7,22.2,4.4,15.8,4.1,5.7,3.3,0.6,1.3,7.5,10.9,4.8,2.6,17.0,7.3,2.2,2.8,6.4,3.0,0.3,0.1,0.4805,0.5971,0.4029,0.7834,0.881,3.1449,0.7,0.3865,0.5336,0.5941,0.5317,0.6088,2.6547,0.6552,0.2562,0.2562,0.2562,0.5511,0.9413,0.7575,0.5641,0.4924,3.3064,0.9003,9.3622,0.7765,0,0,0,0,0,0,0,0,0,0,0,0,0,0,0,1,0,0,0,1,1,3845,240,113,116,110,134,126,0,17,0,17,0,17,134,87,14,23,12.3,5.6,2.2,2.1,2.5,2.4,0.0,0.7,0.0,0.7,0.0,0.7,2.5,1.6,0.3,0.4
39,Ohio,OH,39025,Clermont County,39025041701,Census Tract 417.01; Clermont County; Ohio,12.186833180132,3942,506,1674,223,1487,205,1242,343,131,81,317,137,217,105,153,106,554,166,1089,271,747,209,124,84,11,51,378,743,0,16,821,189,18,27,61,48,0,12,31.8,7.7,7.0,4.4,21.3,8.7,8.5,4.0,3.9,2.6,14.1,4.3,27.6,5.2,18.9,5.8,8.4,5.5,0.3,1.4,9.6,18.8,0.0,1.0,49.0,9.2,1.2,1.8,4.1,3.1,0.0,0.3,0.7382,0.7222,0.4483,0.5482,0.3224,2.7793,0.5965,0.2964,0.8408,0.7566,0.7051,0.4968,3.0957,0.854,0.3424,0.3424,0.3424,0.0,0.9975,0.6038,0.4063,0.0,2.0076,0.4197,8.225,0.6213,0,0,0,0,0,0,0,0,0,0,0,0,0,0,0,1,0,0,0,1,1,1478,194,101,0,12,210,175,19,35,0,12,0,12,149,111,0,12,13.0,6.3,0.0,0.9,5.3,4.4,0.5,0.9,0.0,0.9,0.0,0.9,3.8,2.9,0.0,0.9
39,Ohio,OH,39025,Clermont County,39025041702,Census Tract 417.02; Clermont County; Ohio,19.236468052888,3657,503,1437,196,1318,170,254,149,193,232,219,92,344,132,404,232,649,160,581,124,387,133,0,16,0,48,167,716,0,16,238,234,14,22,35,48,0,12,6.9,4.0,8.7,9.2,16.6,6.6,13.4,4.6,11.0,5.3,17.7,5.4,15.9,2.1,10.6,4.3,0.0,1.2,0.0,1.4,4.6,19.6,0.0,1.1,16.6,15.1,1.1,1.7,2.7,3.7,0.0,0.3,0.1152,0.8032,0.2546,0.7736,0.8566,2.8032,0.6025,0.5117,0.1588,0.2542,0.0,0.0,0.9247,0.0187,0.1335,0.1335,0.1335,0.0,0.9387,0.587,0.2752,0.0,1.8009,0.3365,5.6623,0.2098,0,0,0,0,0,0,0,0,0,0,0,0,0,0,0,1,0,0,0,1,1,1517,113,76,0,12,51,60,31,39,0,12,0,12,85,55,0,12,8.6,5.8,0.0,1.0,1.4,1.6,0.8,1.1,0.0,1.0,0.0,1.0,2.3,1.6,0.0,1.0
39,Ohio,OH,39025,Clermont County,39025041800,Census Tract 418; Clermont County; Ohio,4.441539414978,3654,274,1725,186,1517,183,1192,219,168,101,445,136,444,160,149,100,706,136,888,178,824,227,191,81,1,47,139,393,109,64,29,43,57,47,223,112,21,3,33.0,5.6,10.4,5.7,29.3,8.2,17.7,6.0,4.1,2.7,19.3,3.9,24.3,4.3,22.7,5.8,12.6,5.1,0.0,1.4,3.8,10.8,6.3,3.6,1.7,2.5,3.8,3.1,14.7,6.8,0.6,0.1,0.755,0.8511,0.7089,0.8754,0.3478,3.5382,0.7895,0.6208,0.6734,0.8877,0.8511,0.0,3.033,0.834,0.0967,0.0967,0.0967,0.5952,0.6816,0.8898,0.8314,0.6059,3.6039,0.9546,10.2718,0.8733,0,0,0,0,0,0,0,0,0,0,0,0,0,0,0,0,0,0,0,0,0,3388,277,119,12,18,71,72,0,12,0,12,0,12,56,49,0,12,18.3,6.8,0.3,0.5,1.9,2.0,0.0,1.0,0.0,1.0,0.0,1.0,1.5,1.4,0.0,1.0
39,Ohio,OH,39025,Clermont County,39025041900,Census Tract 419; Clermont County; Ohio,42.17873229092,5564,273,2139,198,2027,192,603,284,67,67,371,161,299,138,384,219,1043,189,1177,295,715,230,38,40,0,68,68,393,11,25,86,91,84,101,78,86,0,17,10.8,5.1,2.3,2.2,18.3,7.8,7.8,3.5,6.9,3.9,18.7,3.5,21.2,4.9,12.9,4.3,1.9,2.0,0.0,1.3,1.2,7.1,0.5,1.2,4.0,4.0,4.1,5.0,3.8,4.0,0.0,0.3,0.2342,0.2384,0.3248,0.5003,0.6274,1.9251,0.3425,0.5821,0.4654,0.4059,0.1517,0.0,1.6051,0.1146,0.0114,0.0114,0.0114,0.2819,0.7619,0.9006,0.38,0.0,2.3244,0.5606,5.866,0.2406,0,0,0,0,0,0,0,0,0,0,0,0,0,0,0,0,1,0,0,1,1,2071,251,120,0,17,0,17,0,17,1,2,0,17,67,85,0,17,12.4,5.4,0.0,0.6,0.0,0.6,0.0,0.6,0.0,0.1,0.0,0.6,1.2,1.5,0.0,0.6
39,Ohio,OH,39025,Clermont County,39025042001,Census Tract 420.01; Clermont County; Ohio,36.536165461846,3407,139,1429,126,1308,115,655,315,87,86,329,169,248,150,103,86,545,130,928,130,987,210,21,39,39,70,220,267,45,25,188,104,13,21,113,65,0,12,19.2,9.2,5.9,5.7,25.2,12.7,11.0,6.7,3.0,2.5,16.0,3.7,27.2,3.9,29.0,5.7,1.6,3.0,1.2,2.2,6.5,7.8,3.1,1.7,13.2,7.1,1.0,1.6,8.6,4.9,0.0,0.4,0.4875,0.6492,0.5889,0.6855,0.2291,2.6402,0.5517,0.3989,0.824,0.9759,0.1238,0.7403,3.0629,0.841,0.215,0.215,0.215,0.4765,0.9127,0.5676,0.6727,0.0,2.6295,0.6917,8.5476,0.6686,0,0,0,0,0,0,0,0,1,0,0,1,0,0,0,1,0,0,0,1,2,2134,243,95,0,12,209,184,11,24,0,12,0,12,0,12,0,12,18.6,6.8,0.0,1.0,6.1,5.4,0.3,0.7,0.0,1.0,0.0,1.0,0.0,1.0,0.0,1.0
39,Ohio,OH,39025,Clermont County,39025042002,Census Tract 420.02; Clermont County; Ohio,38.481623786878,2642,405,1094,161,945,176,447,340,119,88,93,69,315,169,176,147,455,165,434,175,651,216,13,25,0,48,18,574,0,16,118,68,46,41,2,4,0,12,16.9,12.6,9.0,7.1,9.8,7.1,17.5,8.9,6.7,5.5,17.2,5.8,16.4,5.4,24.6,8.8,1.4,2.6,0.0,1.9,0.7,21.7,0.0,1.5,10.8,6.0,4.9,4.2,0.2,0.4,0.0,0.5,0.4199,0.8149,0.0448,0.8713,0.6109,2.7618,0.5924,0.4765,0.1763,0.9248,0.1086,0.0,1.6862,0.1384,0.0044,0.0044,0.0044,0.0,0.8841,0.9356,0.0413,0.0,1.861,0.3597,6.3134,0.3073,0,0,0,0,0,0,0,0,1,0,0,1,0,0,0,0,1,0,0,1,2,1404,118,47,0,12,0,12,0,12,0,12,0,12,18,20,0,12,12.5,4.8,0.0,1.3,0.0,1.3,0.0,1.3,0.0,1.3,0.0,1.3,0.7,0.8,0.0,1.3
39,Ohio,OH,39027,Clinton County,39027964300,Census Tract 9643; Clinton County; Ohio,44.677083660626,3559,200,1595,137,1481,123,1113,257,53,32,280,80,355,130,266,127,753,123,793,99,901,177,107,51,0,48,144,276,22,26,199,71,18,16,86,64,49,1,31.7,7.1,3.4,2.0,18.9,5.2,13.6,4.9,7.6,3.6,21.2,3.2,22.3,2.6,25.7,4.8,7.3,3.4,0.0,1.5,4.0,7.8,1.4,1.6,12.5,4.4,1.2,1.1,5.8,4.1,1.4,0.1,0.7372,0.3975,0.3483,0.7796,0.6855,2.9481,0.6438,0.7213,0.539,0.9435,0.6416,0.0,2.8454,0.7511,0.1046,0.1046,0.1046,0.3663,0.9048,0.6038,0.5292,0.7029,3.107,0.8584,9.0051,0.7292,0,0,0,0,0,0,0,0,1,0,0,1,0,0,0,1,0,0,0,1,2,2432,211,94,0,12,90,67,0,12,0,12,0,12,50,39,4,6,14.2,5.7,0.0,1.0,2.5,1.9,0.0,1.0,0.0,1.0,0.0,1.0,1.4,1.1,0.1,0.2
39,Ohio,OH,39027,Clinton County,39027964400,Census Tract 9644; Clinton County; Ohio,103.719469066804,5639,534,2045,196,1991,200,809,357,53,57,220,87,137,64,272,118,843,194,1321,267,544,143,53,37,0,68,229,741,0,24,85,51,5,19,31,45,4,3,14.3,6.2,1.7,1.9,11.0,4.2,3.5,1.7,4.8,2.2,14.9,3.7,23.4,3.9,9.6,2.5,2.7,1.8,0.0,1.3,4.1,13.1,0.0,1.2,4.2,2.5,0.3,1.0,1.6,2.3,0.1,0.1,0.3393,0.1492,0.0689,0.1912,0.4243,1.1729,0.1413,0.3377,0.6138,0.1933,0.2298,0.0,1.3746,0.0619,0.1097,0.1097,0.1097,0.0,0.7673,0.4041,0.1724,0.3694,1.7132,0.3,4.3704,0.0851,0,0,0,0,0,0,0,0,0,0,0,0,0,0,0,0,0,0,0,0,0,7063,188,94,23,26,60,70,90,110,0,17,0,17,56,47,0,17,9.4,4.7,0.4,0.5,1.1,1.2,1.6,1.9,0.0,0.6,0.0,0.6,1.0,0.8,0.0,0.6
39,Ohio,OH,39027,Clinton County,39027964501,Census Tract 9645.01; Clinton County; Ohio,7.190537392228,3198,367,1850,243,1616,257,1280,434,20,24,389,140,291,98,122,127,897,170,744,176,553,173,96,72,37,57,434,502,280,157,0,12,82,64,112,67,13,15,40.2,12.8,1.6,1.9,24.1,7.8,12.8,4.3,3.8,4.0,28.0,5.1,23.3,4.9,17.3,5.1,5.9,4.4,1.2,1.8,13.6,15.6,15.2,8.2,0.0,1.9,5.1,3.9,6.9,4.2,0.4,0.5,0.8391,0.1346,0.5448,0.7498,0.3113,2.5796,0.533,0.9366,0.6068,0.6776,0.5463,0.7403,3.5076,0.9508,0.4607,0.4607,0.4607,0.7816,0.0,0.9413,0.5924,0.5374,2.8527,0.7797,9.4006,0.7829,0,0,0,0,0,0,1,0,0,0,0,1,0,0,0,0,1,0,0,1,2,4461,217,88,189,136,8,16,151,139,0,12,0,12,86,107,0,12,13.4,5.6,5.9,4.4,0.3,0.5,4.7,4.2,0.0,1.1,0.0,1.1,2.7,3.3,0.0,1.1
39,Ohio,OH,39027,Clinton County,39027964502,Census Tract 9645.02; Clinton County; Ohio,7.662486469214,2867,394,1356,150,1244,162,479,231,112,91,290,132,100,84,114,95,624,96,503,119,561,241,90,72,0,48,170,576,10,20,0,12,0,16,10,16,0,12,16.7,7.7,7.5,6.2,23.3,10.2,4.7,4.0,4.0,3.2,21.8,4.0,17.5,4.2,19.6,7.4,7.2,5.7,0.0,1.8,5.9,20.1,0.7,1.5,0.0,2.5,0.0,1.3,0.8,1.2,0.0,0.4,0.4154,0.7479,0.5171,0.2815,0.3377,2.2996,0.4549,0.7445,0.2305,0.7893,0.6337,0.0,2.398,0.4971,0.1883,0.1883,0.1883,0.2994,0.0,0.0,0.0873,0.0,0.3867,0.0273,5.2726,0.1657,0,0,0,0,0,0,0,0,0,0,0,0,0,0,0,0,0,0,0,0,0,3956,184,107,40,59,31,52,0,12,0,12,0,12,57,79,42,76,14.8,8.0,1.4,2.1,1.1,1.8,0.0,1.2,0.0,1.2,0.0,1.2,2.0,2.9,1.5,2.6
39,Ohio,OH,39027,Clinton County,39027964600,Census Tract 9646; Clinton County; Ohio,0.666719775294,2754,388,1385,149,1168,149,859,309,56,46,367,125,254,136,167,100,462,104,488,162,505,159,35,38,26,57,262,536,214,92,30,44,18,31,98,58,137,17,32.2,10.6,3.5,2.8,31.4,9.9,12.6,6.2,6.2,3.6,16.8,4.3,17.7,5.2,18.9,6.6,3.0,3.2,1.0,2.1,9.5,19.4,15.4,6.4,2.2,3.2,1.5,2.6,8.4,4.7,5.0,0.9,0.7448,0.4156,0.7575,0.7406,0.5659,3.2244,0.7197,0.4486,0.2419,0.7566,0.2619,0.707,2.416,0.507,0.337,0.337,0.337,0.7854,0.707,0.6606,0.6635,0.9068,3.7233,0.9683,9.7007,0.8159,0,0,0,0,0,0,0,0,0,0,0,0,0,0,0,0,0,0,1,1,1,2304,146,72,90,61,74,71,6,14,0,12,0,12,92,85,0,12,12.5,6.1,3.3,2.2,2.7,2.5,0.2,0.5,0.0,1.3,0.0,1.3,3.3,2.9,0.0,1.3
39,Ohio,OH,39027,Clinton County,39027964700,Census Tract 9647; Clinton County; Ohio,19.728933431848,5910,494,2103,162,1987,183,1687,417,191,102,469,141,164,72,395,194,785,114,1444,247,730,185,229,102,72,91,991,688,93,48,191,86,0,24,69,49,905,22,33.8,7.7,6.9,3.5,23.6,6.8,5.5,2.4,6.7,3.1,13.3,1.9,24.4,3.2,12.5,3.3,11.5,5.0,1.3,1.7,16.8,11.6,4.4,2.3,9.1,4.1,0.0,1.2,3.5,2.5,15.3,1.3,0.7664,0.7143,0.5295,0.3405,0.6109,2.9616,0.6492,0.2505,0.6782,0.3846,0.8248,0.7565,2.8946,0.7743,0.5311,0.5311,0.5311,0.5359,0.8632,0.0,0.3537,0.9692,2.722,0.7273,9.1093,0.739,0,0,0,0,0,0,0,0,0,0,0,0,0,0,0,0,0,0,1,1,1,13495,195,79,292,88,288,189,61,86,21,28,0,17,329,151,0,17,9.8,3.8,4.9,1.4,4.9,3.1,1.0,1.4,0.4,0.5,0.0,0.6,5.6,2.5,0.0,0.6
39,Ohio,OH,39027,Clinton County,39027964800,Census Tract 9648; Clinton County; Ohio,48.615980047924,5254,500,2411,227,2075,229,972,351,90,51,255,109,340,123,304,154,1139,237,1162,273,902,248,143,78,11,65,209,706,64,72,327,130,14,12,56,65,0,17,18.5,6.4,3.4,2.0,12.3,5.1,9.2,3.2,5.8,2.8,21.7,4.3,22.1,4.0,17.2,4.3,6.8,3.7,0.2,1.3,4.0,13.4,2.7,3.0,13.6,5.6,0.6,0.6,2.7,3.1,0.0,0.3,0.47,0.3975,0.1063,0.5875,0.5294,2.0907,0.3959,0.7413,0.5247,0.6728,0.6051,0.4556,2.9995,0.8229,0.1046,0.1046,0.1046,0.4533,0.9178,0.4632,0.2752,0.0,2.1095,0.4651,7.3043,0.4711,0,0,0,0,0,0,0,0,0,0,0,0,0,0,0,1,0,0,0,1,1,1946,250,117,65,82,77,72,0,17,0,17,0,17,67,39,0,17,12.0,5.6,1.2,1.6,1.5,1.4,0.0,0.7,0.0,0.7,0.0,0.7,1.3,0.8,0.0,0.7
39,Ohio,OH,39027,Clinton County,39027964900,Census Tract 9649; Clinton County; Ohio,14.400508842524,5164,137,2045,168,1926,168,1338,383,274,262,561,168,392,149,208,94,795,166,1366,234,964,227,154,74,0,68,161,224,124,72,15,16,48,51,107,65,113,5,26.6,7.6,10.7,9.7,29.1,8.3,12.5,4.8,4.1,1.8,15.4,3.2,26.5,4.4,19.1,4.4,8.0,3.8,0.0,1.4,3.1,4.3,6.1,3.5,0.7,0.8,2.5,2.6,5.6,3.3,2.2,0.1,0.6531,0.8587,0.7054,0.7372,0.3478,3.3022,0.7378,0.3643,0.7945,0.768,0.6851,0.0,2.6119,0.6286,0.0685,0.0685,0.0685,0.5905,0.6003,0.7902,0.5175,0.773,3.2715,0.8917,9.2541,0.7581,0,0,0,0,0,0,0,0,0,0,0,0,0,0,0,0,0,0,0,0,0,5295,339,137,35,38,0,17,0,17,2,4,0,17,113,89,11,20,17.6,6.6,0.7,0.7,0.0,0.7,0.0,0.7,0.0,0.1,0.0,0.7,2.2,1.7,0.2,0.4
39,Ohio,OH,39027,Clinton County,39027965000,Census Tract 9650; Clinton County; Ohio,68.416699880224,3753,428,1472,146,1366,146,820,232,55,49,200,76,306,105,216,108,595,138,843,233,515,138,63,41,0,48,212,612,2,12,120,59,3,12,35,30,0,12,22.1,5.7,2.6,2.2,14.6,5.3,11.2,3.4,5.8,2.9,15.9,3.8,22.5,4.7,13.7,3.6,4.6,3.0,0.0,1.3,5.6,16.3,0.1,0.8,8.2,4.1,0.2,0.9,2.6,2.2,0.0,0.3,0.5611,0.2822,0.1762,0.694,0.5294,2.2429,0.4368,0.3922,0.5526,0.4589,0.4381,0.0,1.8418,0.2,0.1776,0.1776,0.1776,0.2556,0.8495,0.3905,0.267,0.0,1.7626,0.3232,6.0249,0.2635,0,0,0,0,0,0,0,0,0,0,0,0,0,0,0,0,0,0,0,0,0,1353,206,93,2,4,135,103,0,12,0,12,0,12,75,74,0,12,15.1,6.3,0.1,0.1,3.6,2.8,0.0,0.9,0.0,0.9,0.0,0.9,2.0,2.0,0.0,0.9
39,Ohio,OH,39027,Clinton County,39027965100,Census Tract 9651; Clinton County; Ohio,93.652825057906,3979,383,1676,133,1536,131,443,155,101,47,197,65,171,69,320,103,562,106,914,162,613,118,61,55,0,48,310,561,20,14,203,83,25,22,57,36,0,12,11.1,3.7,4.8,2.2,12.8,4.1,6.1,2.4,8.0,2.6,14.1,2.6,23.0,3.2,15.4,2.8,4.0,3.6,0.0,1.3,7.8,14.1,1.2,0.8,12.1,4.6,1.6,1.4,3.7,2.3,0.0,0.3,0.2437,0.5603,0.1197,0.3897,0.7166,2.03,0.3759,0.2964,0.5862,0.5712,0.3743,0.0,1.8281,0.1937,0.272,0.272,0.272,0.3483,0.899,0.6794,0.3727,0.0,2.2994,0.5479,6.4295,0.3311,0,0,0,0,0,0,0,0,0,0,0,0,0,0,0,0,0,0,0,0,0,2666,140,57,33,41,49,55,0,12,0,12,7,12,221,128,0,12,9.1,3.6,0.8,1.0,1.2,1.4,0.0,0.9,0.0,0.9,0.2,0.3,5.6,3.3,0.0,0.9
39,Ohio,OH,39029,Columbiana County,39029950100,Census Tract 9501; Columbiana County; Ohio,28.660357637632,5185,371,2244,183,1998,170,814,278,46,40,409,144,262,124,366,256,1250,196,1178,235,910,263,85,59,0,68,229,522,111,119,209,106,22,32,78,64,91,5,16.1,5.4,1.9,1.7,20.5,7.0,7.0,3.1,7.1,5.0,24.1,3.3,22.7,4.1,17.8,4.8,4.3,2.9,0.0,1.3,4.4,10.1,5.0,5.3,9.3,4.7,1.1,1.6,3.9,3.1,1.8,0.2,0.3929,0.1787,0.4171,0.4486,0.6452,2.0825,0.3924,0.8367,0.5669,0.703,0.407,0.0,2.5136,0.5657,0.1249,0.1249,0.1249,0.5578,0.8683,0.587,0.3892,0.7445,3.1468,0.8686,7.8678,0.5616,0,0,0,0,0,0,0,0,0,0,0,0,0,0,0,0,0,0,0,0,0,3925,324,130,23,25,15,25,33,39,0,17,71,104,55,54,32,47,16.2,5.9,0.4,0.5,0.3,0.5,0.6,0.7,0.0,0.7,1.4,2.0,1.1,1.0,0.6,0.9
39,Ohio,OH,39029,Columbiana County,39029950200,Census Tract 9502; Columbiana County; Ohio,8.226601182416,4443,390,2085,255,2018,262,1034,353,69,63,516,233,104,91,148,103,1114,187,836,184,471,144,74,72,0,48,521,562,80,60,105,57,11,21,262,193,94,4,24.0,7.9,3.1,2.8,25.6,11.1,3.2,2.6,3.4,2.3,25.1,4.0,18.8,3.3,10.8,3.3,3.7,3.5,0.0,1.1,11.7,12.6,3.8,2.8,5.0,2.8,0.5,1.0,13.0,9.0,2.1,0.2,0.6001,0.3537,0.6032,0.1671,0.2745,1.9986,0.366,0.8716,0.3015,0.2691,0.34,0.0,1.7822,0.1727,0.4084,0.4084,0.4084,0.5067,0.7838,0.4413,0.7981,0.7644,3.2943,0.8978,7.4835,0.4981,0,0,0,0,0,0,0,0,0,0,0,0,0,0,0,0,0,0,0,0,0,6085,304,138,0,12,333,234,113,92,21,28,0,12,54,49,0,12,15.1,7.0,0.0,0.8,7.5,5.1,2.5,2.1,0.5,0.6,0.0,0.8,1.2,1.1,0.0,0.8
39,Ohio,OH,39029,Columbiana County,39029950300,Census Tract 9503; Columbiana County; Ohio,14.222073733734,5316,456,2396,218,2263,209,537,178,73,37,317,113,290,132,388,247,1475,233,1044,293,1013,188,105,48,4,66,201,632,169,91,201,87,0,24,95,92,4,7,10.1,3.2,2.8,1.4,14.0,4.8,7.5,3.3,7.3,4.3,27.7,4.0,19.6,4.5,19.1,3.6,4.7,2.1,0.1,1.3,3.8,11.9,7.1,3.7,8.4,3.6,0.0,1.1,4.2,4.0,0.1,0.1,0.2091,0.3133,0.154,0.4829,0.6661,1.8254,0.3133,0.9315,0.3602,0.768,0.4476,0.4245,2.9318,0.7921,0.0967,0.0967,0.0967,0.6213,0.8527,0.0,0.4114,0.3694,2.2548,0.5286,7.1087,0.44,0,0,0,0,0,0,1,0,0,0,0,1,0,0,0,0,0,0,0,0,1,4982,399,167,3,6,116,102,0,17,0,17,0,17,68,55,14,25,17.6,6.6,0.1,0.1,2.2,1.9,0.0,0.7,0.0,0.7,0.0,0.7,1.3,1.0,0.3,0.5
39,Ohio,OH,39029,Columbiana County,39029950400,Census Tract 9504; Columbiana County; Ohio,37.00815662395,4126,462,1725,183,1464,171,852,229,146,116,329,117,259,128,508,264,803,103,1145,260,572,169,18,17,36,59,161,640,0,16,198,81,14,20,43,38,0,12,20.6,5.0,7.6,5.6,22.5,7.5,9.4,4.5,12.3,6.4,19.5,3.1,27.8,4.4,13.9,3.6,1.3,1.2,1.0,1.6,3.9,15.5,0.0,0.9,11.5,4.7,1.0,1.4,2.9,2.4,0.0,0.3,0.5198,0.7527,0.4902,0.5999,0.8934,3.256,0.7254,0.636,0.8472,0.4754,0.1022,0.707,2.7678,0.7181,0.1008,0.1008,0.1008,0.0,0.894,0.5676,0.2962,0.0,1.7578,0.3219,7.8824,0.5635,0,0,0,0,0,0,0,0,0,0,0,0,0,0,0,0,0,0,0,0,0,2832,134,54,0,12,75,91,36,57,0,12,0,12,50,44,0,12,9.2,3.5,0.0,0.8,1.8,2.2,0.9,1.3,0.0,0.8,0.0,0.8,1.2,1.1,0.0,0.8
39,Ohio,OH,39029,Columbiana County,39029950500,Census Tract 9505; Columbiana County; Ohio,5.62050225808,5573,530,2979,293,2669,314,1079,337,195,164,555,195,374,162,515,290,1386,273,644,198,1008,242,44,48,0,68,104,755,252,114,35,37,19,40,258,142,42,1,19.6,5.8,6.1,4.7,20.8,6.9,9.2,3.8,9.3,5.4,24.9,4.7,11.6,3.3,18.2,4.2,1.6,1.8,0.0,1.3,1.9,13.5,8.5,3.7,1.2,1.2,0.7,1.5,9.7,5.2,0.8,0.1,0.4976,0.6648,0.4283,0.5875,0.7871,2.9653,0.6495,0.8618,0.0583,0.7204,0.1238,0.0,1.7643,0.1654,0.0317,0.0317,0.0317,0.661,0.6451,0.4873,0.7102,0.6344,3.138,0.867,7.8993,0.5673,0,0,0,0,0,0,0,0,0,0,0,0,0,0,0,0,0,0,0,0,0,7498,474,182,0,17,29,51,0,17,0,17,15,25,60,65,0,17,17.8,6.4,0.0,0.6,0.5,0.9,0.0,0.6,0.0,0.6,0.3,0.5,1.1,1.2,0.0,0.6
39,Ohio,OH,39029,Columbiana County,39029950600,Census Tract 9506; Columbiana County; Ohio,3.61600353182,4937,641,2496,323,2089,326,865,341,54,50,454,216,315,179,265,127,1052,272,1089,208,531,248,228,155,0,48,198,891,49,46,0,12,0,16,144,88,252,7,18.4,6.8,2.1,1.8,21.7,9.8,8.8,4.7,5.6,2.8,21.3,5.1,22.1,3.4,11.3,4.9,10.9,7.2,0.0,1.0,4.0,18.0,2.0,1.8,0.0,1.4,0.0,0.8,6.9,4.1,5.1,0.7,0.4656,0.2086,0.4616,0.5647,0.5075,2.208,0.4295,0.7251,0.5247,0.3028,0.8057,0.0,2.3583,0.4695,0.1046,0.1046,0.1046,0.4051,0.0,0.0,0.5924,0.9087,1.9062,0.3775,6.5771,0.3581,0,0,0,0,0,0,0,0,0,0,0,0,0,0,0,0,0,0,1,1,1,5563,325,193,64,91,0,12,0,12,0,12,0,12,67,71,67,151,15.6,8.1,1.3,1.9,0.0,0.7,0.0,0.7,0.0,0.7,0.0,0.7,1.4,1.4,1.4,3.0
39,Ohio,OH,39029,Columbiana County,39029950700,Census Tract 9507; Columbiana County; Ohio,5.696873619782,5358,542,2517,281,2334,303,1561,613,162,114,771,281,662,434,229,171,1260,234,1068,259,1477,529,163,115,0,68,76,758,15,30,49,79,153,190,336,202,135,3,30.1,11.4,5.9,4.1,33.0,11.3,17.3,10.0,4.4,3.3,23.5,4.5,19.9,4.8,28.3,8.4,7.0,4.8,0.0,1.3,1.4,14.1,0.6,1.2,1.9,3.1,6.6,8.1,14.4,7.9,2.5,0.3,0.7122,0.6492,0.7943,0.8665,0.3758,3.398,0.7562,0.8171,0.3751,0.9683,0.62,0.0,2.7805,0.7232,0.0159,0.0159,0.0159,0.2886,0.693,0.9673,0.8263,0.7949,3.5701,0.9492,9.7645,0.8225,0,0,0,0,0,0,0,0,1,0,0,1,0,0,0,0,1,0,0,1,2,6392,364,183,0,17,0,17,0,17,0,17,0,17,76,49,0,17,15.6,7.3,0.0,0.6,0.0,0.6,0.0,0.6,0.0,0.6,0.0,0.6,1.4,0.9,0.0,0.6
39,Ohio,OH,39029,Columbiana County,39029950800,Census Tract 9508; Columbiana County; Ohio,32.092042252284,4115,399,1844,209,1675,190,287,125,117,71,295,115,159,69,506,282,891,150,715,142,495,166,44,33,0,48,103,553,0,16,133,65,22,36,87,54,75,3,7.1,3.0,5.3,3.0,17.6,6.6,5.4,2.1,12.4,6.6,21.7,3.2,17.4,3.1,12.2,3.7,2.6,1.9,0.0,1.2,2.5,13.4,0.0,0.9,7.2,3.5,1.3,2.1,5.2,3.2,1.8,0.2,0.1228,0.6057,0.2943,0.3339,0.8962,2.2529,0.4394,0.7413,0.2248,0.3659,0.2187,0.0,1.5507,0.1013,0.0514,0.0514,0.0514,0.0,0.8314,0.6181,0.4844,0.7445,2.6784,0.7117,6.5334,0.3473,0,0,0,0,0,0,0,0,0,0,0,0,0,0,0,0,0,0,0,0,0,2121,241,101,7,14,0,12,22,28,0,12,0,12,74,84,0,12,14.4,5.8,0.2,0.3,0.0,0.8,0.5,0.7,0.0,0.8,0.0,0.8,1.8,2.0,0.0,0.8
39,Ohio,OH,39029,Columbiana County,39029950900,Census Tract 9509; Columbiana County; Ohio,35.509309046052,3772,193,1722,156,1537,156,533,244,84,50,256,143,214,103,362,256,954,203,508,154,593,164,12,18,54,91,45,279,0,16,240,117,0,16,23,21,11,3,14.1,6.4,4.3,2.6,16.7,9.1,7.0,3.6,9.6,6.8,25.3,5.2,13.5,4.0,15.7,4.4,0.8,1.2,1.5,2.5,1.2,7.4,0.0,0.9,13.9,6.7,0.0,1.0,1.5,1.4,0.3,0.1,0.3354,0.5117,0.2581,0.4486,0.8026,2.3564,0.4708,0.8773,0.0881,0.5874,0.0625,0.7854,2.4007,0.4997,0.0114,0.0114,0.0114,0.0,0.9203,0.0,0.1597,0.4924,1.5724,0.253,6.3409,0.3127,0,0,0,0,0,0,0,0,0,0,0,0,0,0,0,1,0,0,0,1,1,2074,148,77,6,12,16,33,0,12,0,12,0,12,23,27,0,12,9.6,5.1,0.2,0.3,0.4,0.9,0.0,0.9,0.0,0.9,0.0,0.9,0.6,0.7,0.0,0.9
39,Ohio,OH,39029,Columbiana County,39029951000,Census Tract 9510; Columbiana County; Ohio,56.249158286522,5502,406,2469,239,2244,238,1333,527,225,190,327,161,311,161,535,317,1075,274,973,196,1209,421,24,32,0,68,320,606,0,24,582,283,51,76,58,86,0,17,24.2,9.4,8.5,6.4,14.6,7.0,7.3,3.7,9.7,5.5,19.5,4.7,17.7,3.4,22.0,7.4,1.1,1.4,0.0,1.3,5.8,11.0,0.0,1.0,23.6,10.9,2.3,3.4,2.6,3.8,0.0,0.3,0.6062,0.7943,0.1762,0.4715,0.8067,2.8549,0.6184,0.636,0.2419,0.8696,0.0829,0.0,1.8304,0.1943,0.1855,0.1855,0.1855,0.0,0.9721,0.7698,0.267,0.0,2.0089,0.4203,6.8797,0.4098,0,0,0,0,0,0,0,0,0,0,0,0,0,0,0,1,0,0,0,1,1,3659,307,151,0,17,81,79,37,53,0,17,0,17,202,153,0,17,13.7,6.9,0.0,0.6,1.5,1.4,0.7,1.0,0.0,0.6,0.0,0.6,3.7,2.8,0.0,0.6
39,Ohio,OH,39029,Columbiana County,39029951100,Census Tract 9511; Columbiana County; Ohio,17.609774766852,4231,243,2165,203,1810,174,1118,245,42,31,485,139,337,107,174,89,1005,151,843,161,888,171,117,56,0,48,349,355,95,72,38,28,33,31,231,82,375,24,28.4,6.0,2.5,1.8,26.8,7.2,10.6,3.2,4.4,2.3,23.8,3.4,19.9,3.4,22.5,3.8,6.4,3.0,0.0,1.2,8.2,8.4,4.3,3.3,1.8,1.3,1.9,1.7,12.8,4.3,8.9,0.2,0.6845,0.2657,0.6463,0.6671,0.3758,2.6394,0.5511,0.8269,0.3751,0.8835,0.58,0.0,2.6655,0.6613,0.2892,0.2892,0.2892,0.5314,0.686,0.7219,0.7952,0.9509,3.6854,0.9648,9.2795,0.7629,0,0,0,0,0,0,0,0,0,0,0,0,0,0,0,0,0,0,1,1,1,5897,376,133,61,43,60,69,27,34,9,11,0,12,192,97,0,12,20.8,6.6,1.4,1.0,1.4,1.6,0.6,0.8,0.2,0.3,0.0,0.8,4.5,2.3,0.0,0.8
39,Ohio,OH,39029,Columbiana County,39029951200,Census Tract 9512; Columbiana County; Ohio,71.832986747116,4423,493,1979,229,1817,209,928,256,96,61,339,103,369,97,241,100,827,193,984,212,724,153,113,59,0,48,203,683,8,16,222,89,7,14,79,40,0,12,21.0,5.3,4.7,3.0,18.7,5.2,11.5,2.7,5.4,2.2,18.7,3.8,22.2,3.7,16.4,3.3,6.2,3.2,0.0,1.2,4.6,15.4,0.4,0.8,11.2,4.2,0.4,0.8,4.3,2.2,0.0,0.3,0.5297,0.553,0.339,0.7036,0.4916,2.6169,0.5432,0.5821,0.5336,0.6296,0.5657,0.0,2.311,0.44,0.1335,0.1335,0.1335,0.2743,0.8908,0.4206,0.4184,0.0,2.0041,0.4178,7.0655,0.4333,0,0,0,0,0,0,0,0,0,0,0,0,0,0,0,0,0,0,0,0,0,1844,393,123,70,77,55,53,21,34,0,12,0,12,48,33,9,13,21.6,5.7,1.6,1.7,1.2,1.2,0.5,0.8,0.0,0.8,0.0,0.8,1.1,0.7,0.2,0.3
39,Ohio,OH,39029,Columbiana County,39029951300,Census Tract 9513; Columbiana County; Ohio,61.317957852394,4112,534,1663,178,1567,189,1218,341,71,54,230,79,220,89,256,122,770,133,932,298,443,158,172,139,0,48,75,759,0,16,471,163,12,22,73,68,0,12,29.6,7.3,3.5,2.7,14.7,4.7,7.6,3.0,6.2,3.0,18.7,4.3,22.7,5.0,10.8,4.3,11.0,8.8,0.0,1.2,1.8,18.5,0.0,1.0,28.3,8.9,0.8,1.4,4.7,4.3,0.0,0.3,0.7049,0.4156,0.18,0.4876,0.5659,2.354,0.4698,0.5821,0.5669,0.2691,0.8086,0.0,2.2267,0.3914,0.0282,0.0282,0.0282,0.0,0.9822,0.5117,0.4479,0.0,1.9418,0.3946,6.5507,0.3511,0,0,0,0,0,0,0,0,0,0,0,0,0,0,0,1,0,0,0,1,1,2604,377,121,10,24,0,12,0,12,0,12,0,12,65,70,0,12,24.1,7.1,0.2,0.6,0.0,0.8,0.0,0.8,0.0,0.8,0.0,0.8,1.6,1.8,0.0,0.8
39,Ohio,OH,39029,Columbiana County,39029951401,Census Tract 9514.01; Columbiana County; Ohio,20.302757452044,2566,464,928,220,883,221,300,261,52,49,36,31,165,99,141,126,353,101,797,285,275,115,119,130,0,48,339,644,0,16,80,61,0,16,49,50,17,9,11.7,10.0,4.2,4.3,4.1,3.4,9.9,5.3,5.5,5.0,13.8,3.4,31.1,9.1,10.7,4.4,13.5,14.3,0.0,2.0,13.2,25.0,0.0,1.7,8.6,6.8,0.0,1.8,5.5,5.7,0.7,0.3,0.264,0.4975,0.0019,0.6319,0.5005,1.8958,0.334,0.2809,0.9388,0.2615,0.8702,0.0,2.3514,0.4644,0.4509,0.4509,0.4509,0.0,0.8549,0.0,0.5098,0.6243,1.989,0.4117,6.6871,0.3762,0,0,0,0,0,0,0,1,0,0,0,1,0,0,0,0,0,0,0,0,1,1384,227,132,2,14,304,281,0,12,0,12,0,12,33,36,0,12,25.7,14.7,0.1,0.5,11.8,10.6,0.0,1.4,0.0,1.4,0.0,1.4,1.3,1.4,0.0,1.4
39,Ohio,OH,39029,Columbiana County,39029951402,Census Tract 9514.02; Columbiana County; Ohio,39.699697990376,4208,377,1045,160,955,150,447,213,77,58,172,84,589,131,54,49,604,124,460,147,410,147,79,70,35,53,964,518,0,16,278,113,0,16,12,12,2028,114,20.3,9.1,8.3,6.0,18.0,8.3,16.3,3.2,2.5,2.0,14.4,2.4,10.9,2.9,18.6,6.0,8.3,7.2,0.9,1.3,22.9,12.1,0.0,1.5,26.6,9.3,0.0,1.7,1.3,1.2,48.2,5.1,0.5129,0.7835,0.3114,0.8469,0.1692,2.6239,0.5463,0.3101,0.0498,0.7407,0.7006,0.6855,2.4867,0.5495,0.6265,0.6265,0.6265,0.0,0.9794,0.0,0.1349,0.9905,2.1048,0.4629,7.8419,0.5565,0,0,0,0,0,0,0,0,0,0,0,0,0,0,0,1,0,0,1,2,2,6060,113,77,640,71,224,58,7,13,15,20,0,12,78,72,0,12,11.8,7.7,15.2,1.9,5.3,1.4,0.2,0.3,0.4,0.5,0.0,0.8,1.9,1.7,0.0,0.8
39,Ohio,OH,39029,Columbiana County,39029951500,Census Tract 9515; Columbiana County; Ohio,9.834645741852,5044,312,2357,217,2118,205,1257,332,80,51,193,76,551,161,283,142,744,130,1357,226,766,222,234,139,0,68,548,471,30,51,179,83,0,24,81,78,5,2,25.2,6.4,3.1,1.9,9.1,3.5,16.3,4.6,5.6,2.7,14.8,2.7,26.9,4.1,15.2,4.2,11.1,6.5,0.0,1.5,10.9,9.3,1.3,2.2,7.6,3.3,0.0,1.1,3.8,3.6,0.1,0.0,0.6281,0.3537,0.0346,0.8469,0.5075,2.3708,0.4752,0.3335,0.8107,0.5592,0.8137,0.0,2.5171,0.5667,0.3855,0.3855,0.3855,0.359,0.8406,0.0,0.38,0.3694,1.949,0.3984,7.2224,0.4568,0,0,0,0,0,0,0,0,0,0,0,0,0,0,0,0,0,0,0,0,0,2563,165,65,2,5,424,295,0,17,8,13,0,17,106,76,8,13,7.8,3.0,0.0,0.1,8.4,5.7,0.0,0.7,0.2,0.3,0.0,0.7,2.1,1.5,0.2,0.3
39,Ohio,OH,39029,Columbiana County,39029951600,Census Tract 9516; Columbiana County; Ohio,37.275866623282,5511,539,2303,252,2148,217,619,325,94,70,377,191,351,163,240,165,1251,213,978,207,1012,350,157,151,0,68,299,765,54,66,192,109,0,24,128,118,133,4,11.6,6.0,3.2,2.2,17.6,8.7,9.2,4.1,4.5,3.1,22.7,4.4,17.7,3.3,18.8,6.7,7.3,7.0,0.0,1.3,5.4,13.9,2.3,2.9,8.3,4.8,0.0,1.1,6.0,5.4,2.4,0.2,0.2609,0.3711,0.2943,0.5875,0.3875,1.9013,0.3356,0.7819,0.2419,0.7521,0.6416,0.0,2.4175,0.5086,0.1687,0.1687,0.1687,0.426,0.8511,0.0,0.5413,0.7885,2.6069,0.681,7.0944,0.4378,0,0,0,0,0,0,0,0,0,0,0,0,0,0,0,0,0,0,0,0,0,5650,239,111,73,86,0,17,0,17,0,17,0,17,226,198,0,17,11.1,5.2,1.3,1.6,0.0,0.6,0.0,0.6,0.0,0.6,0.0,0.6,4.1,3.5,0.0,0.6
39,Ohio,OH,39029,Columbiana County,39029951700,Census Tract 9517; Columbiana County; Ohio,25.865342093511998,4941,559,2206,258,1937,265,963,331,180,131,236,156,253,125,278,211,694,284,903,239,635,205,20,35,0,48,386,861,0,16,270,134,0,16,43,59,0,12,19.5,6.3,6.4,4.9,12.2,7.9,6.9,3.4,5.6,4.1,14.0,5.5,18.3,3.9,12.9,3.8,1.0,1.8,0.0,1.0,7.8,17.4,0.0,0.7,12.2,6.0,0.0,0.8,2.2,3.0,0.0,0.2,0.4948,0.6835,0.1032,0.4423,0.5075,2.2313,0.4346,0.2885,0.272,0.4059,0.0759,0.0,1.0423,0.026,0.272,0.272,0.272,0.0,0.9006,0.0,0.2324,0.0,1.133,0.1317,4.6786,0.1108,0,0,0,0,0,0,0,0,0,0,0,0,0,0,0,1,0,0,0,1,1,2200,131,86,348,347,0,12,0,12,0,12,0,12,38,42,0,12,6.8,4.3,7.0,7.1,0.0,0.7,0.0,0.7,0.0,0.7,0.0,0.7,0.8,0.9,0.0,0.7
39,Ohio,OH,39029,Columbiana County,39029951800,Census Tract 9518; Columbiana County; Ohio,0.809674812998,2732,277,1419,192,1229,167,836,296,63,56,358,149,349,174,256,145,494,162,598,148,477,149,139,95,0,48,340,390,54,45,79,53,0,16,188,94,0,12,30.6,10.4,4.9,4.2,29.1,11.5,18.8,8.7,9.4,5.4,18.1,5.8,21.9,4.9,17.5,5.0,11.4,7.6,0.0,1.8,12.4,14.2,3.8,3.1,5.6,3.6,0.0,1.3,15.3,7.0,0.0,0.4,0.721,0.5711,0.7054,0.8925,0.7928,3.6828,0.82,0.539,0.5098,0.6903,0.8219,0.0,2.561,0.5962,0.4277,0.4277,0.4277,0.5067,0.7962,0.0,0.8416,0.0,2.1445,0.4787,8.816,0.7038,0,0,0,0,0,0,0,0,0,0,0,0,0,0,0,0,0,0,0,0,0,2322,329,132,208,132,36,62,0,12,0,12,0,12,96,90,0,12,26.8,8.9,7.6,4.6,1.3,2.2,0.0,1.3,0.0,1.3,0.0,1.3,3.5,3.3,0.0,1.3
39,Ohio,OH,39029,Columbiana County,39029951900,Census Tract 9519; Columbiana County; Ohio,3.47477900328,3076,499,1541,169,1286,169,1003,277,80,84,257,92,174,87,281,119,421,129,726,263,294,116,79,38,0,48,51,709,127,63,118,98,129,128,64,59,0,12,32.6,7.3,5.4,5.6,20.0,6.7,8.5,4.3,9.1,4.0,13.7,4.5,23.6,5.7,9.6,4.0,6.1,2.8,0.0,1.7,1.7,23.0,8.2,4.0,7.7,6.3,10.0,9.9,5.0,4.4,0.0,0.4,0.7493,0.6143,0.3937,0.5482,0.7782,3.0837,0.6851,0.2752,0.6287,0.1933,0.5584,0.0,1.6556,0.1279,0.0254,0.0254,0.0254,0.6552,0.8429,0.9911,0.4702,0.0,2.9594,0.8159,7.7241,0.5365,0,0,0,0,0,0,0,0,0,0,0,0,0,0,0,0,1,0,0,1,1,2254,116,67,40,40,7,14,0,12,0,12,0,12,4,7,0,12,9.0,5.1,1.3,1.4,0.2,0.5,0.0,1.1,0.0,1.1,0.0,1.1,0.1,0.2,0.0,1.1
39,Ohio,OH,39029,Columbiana County,39029952000,Census Tract 9520; Columbiana County; Ohio,2.178236518118,3092,440,1597,259,1443,255,1128,295,119,80,360,110,226,140,336,181,909,440,455,123,677,198,32,51,0,48,423,656,204,112,0,12,9,21,268,130,0,12,36.5,8.0,8.8,6.1,24.9,6.2,9.1,5.0,10.9,5.5,29.4,11.5,14.7,4.0,21.9,6.6,2.2,3.5,0.0,1.6,13.7,21.1,12.8,6.7,0.0,2.2,0.6,1.5,18.6,9.0,0.0,0.4,0.7953,0.8073,0.5752,0.5821,0.8524,3.6123,0.8051,0.9528,0.1195,0.8673,0.1762,0.0,2.1158,0.3324,0.4642,0.4642,0.4642,0.7457,0.0,0.4632,0.886,0.0,2.0949,0.4575,8.2872,0.6298,0,0,0,0,0,0,1,0,0,0,0,1,0,0,0,0,0,0,0,0,1,2545,299,124,179,128,10,19,0,12,0,12,0,12,234,138,0,12,20.7,8.3,5.8,4.3,0.3,0.6,0.0,1.1,0.0,1.1,0.0,1.1,7.6,4.6,0.0,1.1
39,Ohio,OH,39029,Columbiana County,39029952100,Census Tract 9521; Columbiana County; Ohio,0.435396800646,1193,208,768,99,514,83,682,190,55,45,228,75,222,103,183,126,225,71,246,74,378,156,58,41,4,47,183,273,118,53,0,12,18,22,88,37,0,12,57.5,12.6,11.2,7.9,44.4,12.7,26.9,10.1,15.3,10.8,18.9,5.4,20.6,5.9,31.7,11.3,11.3,7.8,0.4,4.2,15.3,22.7,15.4,6.6,0.0,4.5,3.5,4.2,17.1,7.4,0.0,1.0,0.9502,0.8679,0.9381,0.9689,0.9448,4.6699,0.9927,0.5973,0.4271,0.9851,0.8187,0.5412,3.3694,0.9235,0.5013,0.5013,0.5013,0.7854,0.0,0.8771,0.8686,0.0,2.5311,0.647,11.0717,0.9352,1,0,1,1,1,4,0,0,1,0,0,1,0,0,0,0,0,0,0,0,5,2241,131,57,68,73,0,12,0,12,0,12,0,12,115,98,0,12,25.5,10.1,5.7,5.5,0.0,2.9,0.0,2.9,0.0,2.9,0.0,2.9,9.6,8.1,0.0,2.9
39,Ohio,OH,39029,Columbiana County,39029952200,Census Tract 9522; Columbiana County; Ohio,0.832070659508,1694,280,714,90,606,98,687,219,65,39,153,60,165,77,127,78,220,41,394,133,352,123,39,27,0,48,319,359,0,16,0,12,7,15,69,39,6,2,40.6,11.0,9.0,4.7,25.2,9.0,15.7,6.4,7.5,4.6,13.0,2.5,23.3,5.8,20.8,6.1,6.4,4.3,0.0,3.0,18.8,21.0,0.0,2.2,0.0,4.8,1.2,2.5,11.4,6.1,0.4,0.1,0.841,0.8149,0.5889,0.8339,0.6798,3.7585,0.8365,0.2368,0.6068,0.8305,0.58,0.0,2.2541,0.4067,0.5726,0.5726,0.5726,0.0,0.0,0.6038,0.7651,0.5374,1.9063,0.3778,8.4915,0.6613,0,0,0,0,0,0,0,0,0,0,0,0,0,0,0,0,0,0,0,0,0,1564,97,54,124,90,0,12,0,12,7,11,0,12,188,137,0,12,16.0,8.6,7.3,5.3,0.0,2.0,0.0,2.0,0.4,0.7,0.0,2.0,11.1,7.1,0.0,2.0
39,Ohio,OH,39029,Columbiana County,39029952300,Census Tract 9523; Columbiana County; Ohio,0.728961734306,2656,388,1092,126,926,122,1540,323,37,37,305,111,192,124,389,232,342,88,1025,255,592,169,248,111,0,48,466,511,42,37,6,15,0,16,196,93,82,2,60.2,8.8,4.6,4.7,32.9,11.2,12.6,7.8,15.1,7.9,12.9,4.2,38.6,5.8,23.0,5.7,26.8,11.5,0.0,2.0,17.5,19.1,3.8,3.4,0.5,1.3,0.0,1.7,21.2,9.2,3.1,0.5,0.9603,0.5451,0.7917,0.7406,0.9426,3.9803,0.8841,0.2302,0.9889,0.8959,0.9851,0.0,3.1001,0.8552,0.5469,0.5469,0.5469,0.5067,0.5717,0.0,0.9121,0.8358,2.8263,0.7692,10.4536,0.8886,1,0,0,0,1,2,0,1,0,1,0,2,0,0,0,0,0,1,0,1,5,2244,226,91,54,61,255,260,0,12,0,12,0,12,157,143,0,12,24.4,8.9,2.0,2.3,9.6,9.2,0.0,1.3,0.0,1.3,0.0,1.3,5.9,5.3,0.0,1.3
39,Ohio,OH,39029,Columbiana County,39029952400,Census Tract 9524; Columbiana County; Ohio,12.817464001486,3917,464,1910,198,1721,194,695,213,112,70,302,128,358,165,276,127,1152,185,612,134,857,257,61,61,0,48,454,626,235,133,72,59,0,16,16,27,63,6,18.1,5.1,6.6,4.1,17.5,7.2,11.6,4.8,7.2,3.3,29.4,5.1,15.6,2.7,22.2,5.9,3.5,3.5,0.0,1.3,11.6,15.9,12.3,6.8,3.8,3.1,0.0,0.9,0.9,1.6,1.6,0.2,0.4573,0.6965,0.2905,0.707,0.6557,2.807,0.6038,0.9528,0.1481,0.875,0.3187,0.0,2.2946,0.4314,0.4042,0.4042,0.4042,0.7352,0.7565,0.0,0.0975,0.727,2.3162,0.5556,7.822,0.5524,0,0,0,0,0,0,1,0,0,0,0,1,0,0,0,0,0,0,0,0,1,1677,249,117,181,155,0,12,43,54,0,12,0,12,190,145,40,66,14.5,6.2,4.6,3.8,0.0,0.9,1.1,1.4,0.0,0.9,0.0,0.9,4.9,3.4,1.0,1.7
39,Ohio,OH,39031,Coshocton County,39031960900,Census Tract 9609; Coshocton County; Ohio,93.525483985082,4910,529,2004,239,1866,233,1037,363,34,46,417,172,1024,302,1034,372,881,179,1178,219,427,137,118,82,50,56,67,743,0,16,322,123,23,25,408,126,0,12,21.3,7.1,1.5,2.0,22.3,8.8,32.0,8.0,21.1,7.0,17.9,3.3,24.0,3.9,8.7,2.7,6.3,4.3,1.1,1.2,1.4,15.1,0.0,0.8,16.1,5.8,1.2,1.3,21.9,6.3,0.0,0.2,0.5376,0.1251,0.4813,0.9867,0.9829,3.1136,0.6911,0.5231,0.6582,0.1476,0.5714,0.7254,2.6257,0.6387,0.0159,0.0159,0.0159,0.0,0.9365,0.6038,0.9178,0.0,2.4581,0.6184,8.2133,0.6203,0,0,0,1,1,2,0,0,0,0,0,0,0,0,0,1,0,1,0,2,4,2400,800,190,0,12,0,12,0,12,0,12,0,12,67,56,0,12,42.9,7.9,0.0,0.7,0.0,0.7,0.0,0.7,0.0,0.7,0.0,0.7,1.4,1.1,0.0,0.7
39,Ohio,OH,39031,Coshocton County,39031961000,Census Tract 9610; Coshocton County; Ohio,101.422128962032,4611,497,1770,178,1502,140,1158,495,66,54,327,110,635,209,1343,436,812,117,1413,363,502,129,74,71,53,64,212,702,24,20,182,72,47,38,186,66,0,12,25.4,10.5,3.7,3.0,21.8,7.0,21.5,6.1,29.1,8.1,17.6,2.6,30.6,5.6,10.9,2.5,4.9,4.7,1.2,1.5,4.6,15.2,1.3,1.1,10.3,4.0,3.1,2.5,12.4,4.3,0.0,0.3,0.6322,0.4429,0.4657,0.9293,0.9937,3.4638,0.7714,0.5044,0.9287,0.2752,0.4644,0.7403,2.913,0.7816,0.1335,0.1335,0.1335,0.359,0.8784,0.8502,0.7883,0.0,2.8759,0.7876,9.3862,0.7813,0,0,0,1,1,2,0,1,0,0,0,1,0,0,0,0,0,0,0,0,3,3945,360,105,138,78,0,12,0,12,0,12,0,12,74,40,0,12,24.0,6.4,3.0,1.7,0.0,0.8,0.0,0.8,0.0,0.8,0.0,0.8,1.6,0.9,0.0,0.8
39,Ohio,OH,39031,Coshocton County,39031961100,Census Tract 9611; Coshocton County; Ohio,181.47235314586,4362,395,1933,170,1616,167,851,294,35,28,216,93,512,154,317,109,883,181,962,176,746,182,44,52,1,46,286,568,0,16,447,138,43,49,71,51,37,7,19.8,6.6,1.8,1.5,13.4,5.6,16.6,4.9,7.3,2.6,20.2,3.9,22.1,3.4,17.2,3.9,2.7,3.2,0.0,1.1,6.6,13.0,0.0,0.8,23.1,6.7,2.7,3.0,4.4,3.2,0.8,0.1,0.5014,0.1654,0.1371,0.8513,0.6661,2.3213,0.4594,0.6734,0.5247,0.6728,0.2298,0.0,2.1007,0.321,0.22,0.22,0.22,0.0,0.9705,0.814,0.4289,0.6344,2.8478,0.7775,7.4898,0.4994,0,0,0,0,0,0,0,0,0,0,0,0,0,0,0,1,0,0,0,1,1,1896,364,116,11,17,107,71,116,85,0,12,0,12,32,30,20,35,22.5,6.9,0.3,0.4,2.5,1.6,2.7,2.0,0.0,0.8,0.0,0.8,0.7,0.7,0.5,0.8
39,Ohio,OH,39031,Coshocton County,39031961200,Census Tract 9612; Coshocton County; Ohio,111.67074863506,3042,374,1473,174,1370,184,567,211,65,62,242,111,205,103,115,74,758,137,545,110,599,150,28,25,0,48,204,549,0,16,441,133,0,16,75,50,5,3,18.6,6.6,4.6,4.4,17.7,7.7,8.8,4.2,3.8,2.4,24.9,3.8,17.9,2.6,19.7,4.7,2.0,1.8,0.0,1.6,6.7,18.0,0.0,1.1,29.9,8.1,0.0,1.2,5.5,3.5,0.2,0.1,0.4729,0.5451,0.3006,0.5647,0.3113,2.1946,0.4254,0.8618,0.2495,0.794,0.159,0.0,2.0643,0.3035,0.2229,0.2229,0.2229,0.0,0.9848,0.0,0.5098,0.4356,1.9302,0.3892,6.412,0.3283,0,0,0,0,0,0,0,0,0,0,0,0,0,0,0,1,0,0,0,1,1,2269,397,134,0,12,56,66,0,12,2,5,0,12,146,148,0,12,29.0,8.1,0.0,1.1,1.8,2.2,0.0,1.1,0.1,0.2,0.0,1.1,4.8,4.9,0.0,1.1
39,Ohio,OH,39031,Coshocton County,39031961300,Census Tract 9613; Coshocton County; Ohio,21.289904049342,3706,591,1767,171,1516,164,1487,399,224,173,207,95,361,135,303,169,559,85,993,344,808,189,183,116,0,48,207,840,198,100,214,86,0,16,158,90,54,6,41.3,9.0,14.8,10.4,13.7,6.1,14.6,5.3,8.3,4.5,15.1,2.9,26.8,5.7,22.2,5.0,12.1,7.5,0.0,1.4,5.6,22.6,11.2,5.6,12.1,4.9,0.0,1.1,10.4,5.6,1.5,0.3,0.848,0.9295,0.1457,0.8066,0.7363,3.4661,0.7724,0.3472,0.805,0.875,0.8397,0.0,2.8669,0.7625,0.1776,0.1776,0.1776,0.7133,0.899,0.0,0.7311,0.7146,3.058,0.8454,9.5686,0.8022,0,1,0,0,0,1,0,0,0,0,0,0,0,0,0,0,0,0,0,0,1,3645,355,120,54,44,0,12,0,12,16,24,0,12,88,62,49,57,23.4,7.8,1.5,1.2,0.0,0.9,0.0,0.9,0.4,0.6,0.0,0.9,2.4,1.9,1.3,1.5
39,Ohio,OH,39031,Coshocton County,39031961400,Census Tract 9614; Coshocton County; Ohio,5.031930685892,2975,371,1574,117,1430,125,1430,306,166,106,502,157,220,81,129,94,692,82,670,209,738,155,100,54,11,47,230,537,226,107,291,76,10,18,270,111,143,3,50.5,8.5,13.9,8.8,35.1,10.5,10.4,4.0,4.6,3.1,23.3,3.4,22.5,4.9,26.1,6.5,7.0,3.7,0.4,1.7,7.7,18.0,14.3,6.7,18.5,4.8,0.7,1.3,18.9,7.5,4.8,0.6,0.9102,0.9194,0.8241,0.6582,0.3996,3.7115,0.8267,0.806,0.5526,0.947,0.62,0.5412,3.4668,0.9419,0.2666,0.2666,0.2666,0.7705,0.9498,0.4873,0.8892,0.9008,3.9976,0.9892,11.4425,0.9581,1,1,0,0,0,2,0,0,1,0,0,1,0,0,0,1,0,0,1,2,5,7027,420,123,95,82,0,12,0,12,3,8,0,12,132,91,0,12,29.4,8.6,3.2,2.8,0.0,1.2,0.0,1.2,0.1,0.3,0.0,1.2,4.4,3.1,0.0,1.2
39,Ohio,OH,39031,Coshocton County,39031961500,Census Tract 9615; Coshocton County; Ohio,0.39588196366,2571,339,1225,158,1192,159,738,271,234,146,356,167,233,114,113,63,227,118,502,152,555,167,100,66,0,48,298,478,0,16,0,12,13,21,136,80,16,9,28.9,9.9,15.3,9.1,29.9,13.4,13.1,6.3,4.4,2.3,8.8,4.9,19.5,5.2,21.6,6.6,8.4,5.4,0.0,2.0,11.6,18.5,0.0,1.3,0.0,2.8,1.1,1.8,11.4,6.8,0.6,0.3,0.6925,0.9371,0.7235,0.7609,0.3758,3.4898,0.7781,0.0881,0.3535,0.8566,0.7051,0.0,2.0033,0.2724,0.4042,0.4042,0.4042,0.0,0.0,0.587,0.7651,0.6059,1.958,0.4003,7.8553,0.5597,0,1,0,0,0,1,0,0,0,0,0,0,0,0,0,0,0,0,0,0,1,2732,116,84,50,42,113,83,0,12,0,12,0,12,135,96,0,12,9.7,7.1,1.9,1.7,4.4,3.3,0.0,1.3,0.0,1.3,0.0,1.3,5.3,3.6,0.0,1.3
39,Ohio,OH,39031,Coshocton County,39031961600,Census Tract 9616; Coshocton County; Ohio,3.317082977318,2608,335,1010,119,991,115,559,396,35,25,159,78,164,87,88,79,618,105,600,208,395,132,26,25,22,61,61,472,0,16,38,39,0,16,9,14,5,14,21.6,15.0,3.0,2.2,16.0,7.6,9.2,4.6,3.4,3.1,23.7,4.8,23.0,5.9,15.1,5.3,2.6,2.5,0.9,2.5,2.3,18.1,0.0,1.6,3.8,3.7,0.0,1.6,0.9,1.4,0.2,0.5,0.5452,0.3403,0.2279,0.5875,0.2745,1.9754,0.3584,0.824,0.5862,0.5528,0.2187,0.6855,2.8672,0.7629,0.0438,0.0438,0.0438,0.0,0.7565,0.0,0.0975,0.4356,1.2896,0.1714,6.176,0.2863,0,0,0,0,0,0,0,0,0,0,0,0,0,0,0,0,0,0,0,0,0,2046,69,44,11,19,0,12,32,46,0,12,0,12,13,14,5,8,7.0,4.3,0.4,0.7,0.0,1.3,1.2,1.7,0.0,1.3,0.0,1.3,0.5,0.5,0.2,0.3
39,Ohio,OH,39031,Coshocton County,39031961700,Census Tract 9617; Coshocton County; Ohio,7.164984775766,2742,349,1349,158,1214,174,505,188,10,17,227,95,93,63,84,74,811,200,535,142,442,128,60,53,0,48,57,490,17,20,15,26,19,29,55,53,32,2,18.7,6.5,0.8,1.4,18.7,7.4,4.6,3.1,3.1,2.8,29.6,6.0,19.5,4.5,16.3,4.8,4.9,4.3,0.0,1.8,2.1,17.9,1.3,1.5,1.1,1.9,1.6,2.4,4.5,4.3,1.2,0.2,0.4764,0.0578,0.339,0.2724,0.2371,1.3827,0.1943,0.9575,0.3535,0.6223,0.4644,0.0,2.3977,0.4965,0.0374,0.0374,0.0374,0.359,0.6378,0.6794,0.4365,0.6814,2.7941,0.7568,6.6119,0.3622,0,0,0,0,0,0,1,0,0,0,0,1,0,0,0,0,0,0,0,0,1,1777,92,47,34,44,14,29,0,12,0,12,0,12,9,12,0,12,7.6,3.9,1.2,1.6,0.5,1.1,0.0,1.3,0.0,1.3,0.0,1.3,0.3,0.4,0.0,1.3
39,Ohio,OH,39031,Coshocton County,39031961800,Census Tract 9618; Coshocton County; Ohio,38.619807376066,5102,360,2232,151,2042,150,1717,503,141,112,354,115,453,144,202,124,914,101,1266,247,876,185,171,68,0,68,268,526,19,31,365,143,36,38,59,35,141,4,34.2,9.7,5.8,4.5,17.3,5.5,13.0,3.7,4.0,2.5,17.9,2.5,24.8,3.6,17.4,3.6,8.3,3.3,0.0,1.4,5.3,10.3,0.9,1.4,16.4,6.1,1.7,1.9,2.9,1.7,2.8,0.2,0.7725,0.6432,0.2819,0.7555,0.3377,2.7908,0.6003,0.5231,0.7004,0.6836,0.7006,0.0,2.6077,0.6254,0.1642,0.1642,0.1642,0.3181,0.9381,0.6917,0.2962,0.8161,3.0602,0.847,8.6229,0.6771,0,0,0,0,0,0,0,0,0,0,0,0,0,0,0,1,0,0,0,1,1,4542,176,86,22,41,154,118,7,13,0,17,0,17,85,80,0,17,8.6,4.1,0.4,0.8,3.0,2.3,0.1,0.2,0.0,0.7,0.0,0.7,1.7,1.6,0.0,0.7
39,Ohio,OH,39033,Crawford County,39033974100,Census Tract 9741; Crawford County; Ohio,102.117734186252,3428,411,1615,177,1453,153,807,355,48,28,188,66,229,98,427,183,597,115,837,239,351,91,82,50,0,48,151,579,0,16,63,60,36,44,9,8,0,12,23.6,10.0,2.9,1.7,12.9,4.3,9.5,4.0,12.5,4.9,17.4,3.4,24.4,5.2,10.2,2.9,5.7,3.4,0.0,1.5,4.4,16.9,0.0,1.0,3.9,3.7,2.5,3.0,0.6,0.5,0.0,0.4,0.5922,0.327,0.1222,0.6068,0.8978,2.546,0.5238,0.4908,0.6782,0.2275,0.5317,0.0,1.9282,0.2352,0.1249,0.1249,0.1249,0.0,0.7594,0.7902,0.0616,0.0,1.6112,0.2619,6.2103,0.293,0,0,0,0,0,0,0,0,0,0,0,0,0,0,0,0,0,0,0,0,0,2587,219,80,19,25,117,111,0,12,0,12,0,12,15,14,0,12,15.1,5.5,0.6,0.7,3.4,3.2,0.0,1.0,0.0,1.0,0.0,1.0,0.4,0.4,0.0,1.0
39,Ohio,OH,39033,Crawford County,39033974200,Census Tract 9742; Crawford County; Ohio,152.056971116718,3957,417,1754,139,1679,146,401,244,26,26,210,105,136,61,67,89,721,84,793,204,243,109,56,51,0,48,63,577,0,16,109,63,34,54,24,23,0,12,10.3,6.2,1.1,1.1,12.5,6.2,4.7,2.1,1.7,2.3,18.2,2.4,20.0,3.5,6.1,2.7,3.3,3.0,0.0,1.3,1.6,14.6,0.0,0.9,6.2,3.6,2.0,3.2,1.4,1.3,0.0,0.3,0.2161,0.0803,0.1124,0.2815,0.092,0.7823,0.0606,0.5466,0.3836,0.0463,0.2943,0.0,1.2708,0.0486,0.0222,0.0222,0.0222,0.0,0.8111,0.7346,0.1476,0.0,1.6933,0.2921,3.7686,0.041,0,0,0,0,0,0,0,0,0,0,0,0,0,0,0,0,0,0,0,0,0,3069,178,86,0,12,0,12,0,12,0,12,0,12,63,65,0,12,10.6,5.1,0.0,0.9,0.0,0.9,0.0,0.9,0.0,0.9,0.0,0.9,1.6,1.6,0.0,0.9
39,Ohio,OH,39033,Crawford County,39033974300,Census Tract 9743; Crawford County; Ohio,6.668642546624,2957,315,1492,155,1432,156,886,288,158,105,281,116,135,74,80,74,750,169,727,161,505,111,202,81,173,109,329,436,122,93,0,12,0,16,142,96,17,3,30.1,9.2,12.2,8.3,19.6,7.8,7.0,3.5,2.7,2.4,25.4,5.9,24.6,4.2,17.1,3.8,14.1,5.4,6.5,4.0,11.1,14.7,8.2,6.2,0.0,2.3,0.0,1.1,9.9,6.3,0.6,0.1,0.7122,0.8876,0.3781,0.4486,0.1888,2.6153,0.5419,0.8811,0.6877,0.6674,0.8835,0.9705,4.0902,0.9978,0.3909,0.3909,0.3909,0.6552,0.0,0.0,0.7162,0.6059,1.9773,0.4089,9.0737,0.7371,0,0,0,0,0,0,0,0,0,0,1,1,0,0,0,0,0,0,0,0,1,1613,131,63,14,18,0,12,194,107,5,9,0,12,116,85,0,12,9.1,4.5,0.5,0.6,0.0,1.2,6.6,3.5,0.2,0.3,0.0,1.2,3.9,2.9,0.0,1.2
39,Ohio,OH,39033,Crawford County,39033974400,Census Tract 9744; Crawford County; Ohio,6.766934849376,2919,272,1355,105,1180,111,725,197,142,112,290,106,353,124,358,200,557,110,594,154,530,124,81,57,0,48,129,376,15,21,123,73,17,24,63,56,179,5,27.1,6.8,9.9,6.9,24.6,8.7,17.4,5.1,13.0,6.7,19.1,4.0,20.3,4.5,19.3,4.9,6.9,4.8,0.0,1.7,4.4,12.9,1.1,1.5,9.1,5.4,1.4,2.0,5.3,4.6,6.1,0.6,0.663,0.8387,0.5635,0.8687,0.9108,3.8447,0.8549,0.6062,0.4065,0.7775,0.613,0.0,2.4032,0.5006,0.1249,0.1249,0.1249,0.3378,0.8632,0.6384,0.4917,0.9271,3.2582,0.8905,9.631,0.8076,0,0,0,0,1,1,0,0,0,0,0,0,0,0,0,0,0,0,1,1,2,4084,91,53,14,21,60,74,0,12,0,12,0,12,55,54,0,12,7.7,4.2,0.5,0.7,2.1,2.4,0.0,1.2,0.0,1.2,0.0,1.2,1.9,1.8,0.0,1.2
39,Ohio,OH,39033,Crawford County,39033974500,Census Tract 9745; Crawford County; Ohio,0.909901872872,3989,352,1808,181,1683,182,1483,442,104,78,488,156,240,107,256,118,757,237,1077,234,541,165,105,92,0,48,356,501,64,46,8,13,52,50,200,92,7,9,37.4,10.6,5.6,4.0,29.0,8.7,8.9,3.8,6.4,3.0,19.0,5.5,27.0,4.9,13.6,3.8,6.2,5.4,0.0,1.3,8.9,12.5,3.6,2.5,0.4,0.7,3.1,3.0,11.9,5.1,0.2,0.2,0.8045,0.6276,0.7035,0.5704,0.5849,3.2909,0.7349,0.6018,0.8158,0.4532,0.5657,0.0,2.4365,0.5168,0.3145,0.3145,0.3145,0.5013,0.5625,0.8502,0.7778,0.4356,3.1274,0.8641,9.1693,0.7463,0,0,0,0,0,0,0,0,0,0,0,0,0,0,0,0,0,0,0,0,0,5159,282,99,48,39,168,157,0,12,0,12,0,12,140,78,0,12,16.8,5.9,1.2,1.0,4.2,3.9,0.0,0.9,0.0,0.9,0.0,0.9,3.5,1.9,0.0,0.9
39,Ohio,OH,39033,Crawford County,39033974600,Census Tract 9746; Crawford County; Ohio,7.689401639634,2531,324,1179,151,1114,136,606,150,25,39,256,97,335,123,115,76,735,144,416,130,539,177,63,27,0,48,239,490,132,63,86,50,15,26,106,57,103,2,25.5,5.2,2.2,3.5,23.0,8.2,17.8,7.1,4.7,3.1,29.0,5.3,16.4,3.7,22.2,7.0,5.7,2.3,0.0,1.9,9.4,19.3,11.2,5.1,7.3,4.3,1.3,2.3,9.5,4.9,4.1,0.5,0.635,0.2238,0.5079,0.877,0.4135,2.6572,0.5571,0.9486,0.1763,0.875,0.5317,0.0,2.5316,0.5784,0.3345,0.3345,0.3345,0.7133,0.834,0.6181,0.7013,0.877,3.7437,0.9702,9.267,0.7603,0,0,0,0,0,0,1,0,0,0,0,1,0,0,0,0,0,0,0,0,1,2268,328,113,8,18,212,165,0,12,0,12,0,12,19,33,0,12,29.4,9.3,0.3,0.7,8.4,6.6,0.0,1.4,0.0,1.4,0.0,1.4,0.8,1.3,0.0,1.4
39,Ohio,OH,39033,Crawford County,39033974700,Census Tract 9747; Crawford County; Ohio,81.319092035936,4004,386,1827,164,1728,181,602,227,74,54,307,112,205,90,231,118,1019,217,849,190,570,161,79,46,0,48,74,563,0,16,52,47,7,16,14,14,0,12,15.1,5.5,4.0,2.9,17.8,6.2,6.8,3.1,5.8,3.0,25.4,5.0,21.2,3.9,14.3,3.9,4.6,2.6,0.0,1.3,1.8,14.1,0.0,0.9,2.8,2.6,0.4,0.9,0.8,0.8,0.0,0.3,0.3669,0.4756,0.3038,0.4344,0.5294,2.1101,0.4,0.8811,0.4654,0.5033,0.4381,0.0,2.2879,0.4286,0.0282,0.0282,0.0282,0.0,0.7263,0.4206,0.0873,0.0,1.2342,0.1571,5.6604,0.2092,0,0,0,0,0,0,0,0,0,0,0,0,0,0,0,0,0,0,0,0,0,2781,281,100,2,4,27,32,15,30,0,12,0,12,29,35,1,6,16.3,5.9,0.0,0.1,0.7,0.8,0.4,0.8,0.0,0.9,0.0,0.9,0.7,0.9,0.0,0.1
39,Ohio,OH,39033,Crawford County,39033974800,Census Tract 9748; Crawford County; Ohio,11.874746933532,2106,229,1080,127,1000,117,697,194,118,67,265,111,213,83,20,20,412,66,395,76,400,126,88,62,0,48,316,318,91,80,53,49,0,16,122,79,28,1,33.5,8.6,12.9,7.0,26.5,10.7,13.9,4.7,1.0,1.0,19.6,3.1,18.8,3.2,19.2,5.9,8.8,6.1,0.0,2.5,15.0,15.0,8.5,7.3,4.9,4.5,0.0,1.6,12.2,7.8,1.3,0.1,0.7626,0.9051,0.6356,0.7863,0.0394,3.129,0.6952,0.6411,0.3015,0.7721,0.7254,0.0,2.4401,0.5213,0.4943,0.4943,0.4943,0.661,0.7819,0.0,0.7825,0.6934,2.9188,0.8019,8.9822,0.7254,0,1,0,0,0,1,0,0,0,0,0,0,0,0,0,0,0,0,0,0,1,1748,200,83,137,91,46,81,0,12,0,12,0,12,129,84,4,6,20.0,8.0,6.5,4.3,2.2,3.7,0.0,1.6,0.0,1.6,0.0,1.6,6.1,3.9,0.2,0.3
39,Ohio,OH,39033,Crawford County,39033974900,Census Tract 9749; Crawford County; Ohio,8.96384248801,3094,227,1392,135,1206,112,916,246,16,19,264,114,107,67,268,127,373,81,857,153,430,124,167,83,0,48,172,316,0,16,73,57,11,20,27,23,0,12,29.9,7.7,1.0,1.2,21.9,9.2,5.4,3.5,8.7,4.0,12.1,2.5,27.7,4.6,13.9,3.9,13.9,6.8,0.0,1.6,5.6,10.2,0.0,1.1,5.2,4.0,0.9,1.7,2.2,1.9,0.0,0.4,0.7093,0.0714,0.4702,0.3339,0.7566,2.3414,0.4648,0.1988,0.844,0.4754,0.879,0.0,2.3972,0.4959,0.1776,0.1776,0.1776,0.0,0.7895,0.5384,0.2324,0.0,1.5603,0.2505,6.4765,0.3384,0,0,0,0,0,0,0,0,0,0,0,0,0,0,0,0,0,0,0,0,0,2055,129,53,16,30,0,12,26,41,0,12,0,12,121,107,9,13,10.7,4.2,0.5,1.0,0.0,1.1,0.8,1.3,0.0,1.1,0.0,1.1,3.9,3.4,0.3,0.4
39,Ohio,OH,39033,Crawford County,39033975000,Census Tract 9750; Crawford County; Ohio,7.401698506538,3889,325,1815,144,1754,133,875,249,119,77,306,107,172,91,203,121,816,129,779,184,586,158,87,59,0,48,111,457,32,34,0,12,10,19,57,48,47,3,22.8,6.2,6.5,4.3,17.4,6.0,6.3,3.4,5.3,3.1,21.0,3.2,20.0,4.0,15.3,3.9,5.0,3.3,0.0,1.3,2.9,11.7,1.8,1.9,0.0,1.9,0.6,1.1,3.2,2.7,1.2,0.1,0.5779,0.6917,0.2854,0.4042,0.4808,2.44,0.4911,0.7121,0.3836,0.5646,0.4762,0.0,2.1365,0.3438,0.0618,0.0618,0.0618,0.3917,0.0,0.4632,0.3248,0.6814,1.8611,0.3606,6.4994,0.3419,0,0,0,0,0,0,0,0,0,0,0,0,0,0,0,0,0,0,0,0,0,4583,166,83,46,54,0,12,0,12,0,12,0,12,65,55,0,12,9.5,4.8,1.2,1.4,0.0,0.9,0.0,0.9,0.0,0.9,0.0,0.9,1.7,1.4,0.0,0.9
39,Ohio,OH,39033,Crawford County,39033975100,Census Tract 9751; Crawford County; Ohio,0.8142698129,3173,425,1532,162,1330,171,942,385,95,69,423,130,179,82,236,99,408,101,790,171,579,165,162,83,59,73,129,609,64,53,0,12,38,42,102,75,5,9,30.1,11.6,5.8,4.5,31.8,8.9,8.8,4.1,7.4,3.2,12.9,3.7,24.9,3.4,18.2,5.3,12.2,6.0,2.0,2.4,4.1,19.2,4.2,3.4,0.0,2.3,2.9,3.1,7.7,5.6,0.2,0.3,0.7122,0.6432,0.7686,0.5647,0.6744,3.3631,0.7483,0.2302,0.7061,0.7204,0.8432,0.8348,3.3347,0.9165,0.1097,0.1097,0.1097,0.5257,0.0,0.8349,0.634,0.4356,2.4302,0.6057,9.2377,0.7556,0,0,0,0,0,0,0,0,0,0,0,0,0,0,0,0,0,0,0,0,0,2764,104,57,1,3,20,32,39,69,0,12,0,12,69,59,0,12,7.8,4.4,0.0,0.1,0.6,1.0,1.2,2.2,0.0,1.1,0.0,1.1,2.2,1.9,0.0,1.1
39,Ohio,OH,39033,Crawford County,39033975200,Census Tract 9752; Crawford County; Ohio,8.75005394959,2448,246,1282,129,1106,133,480,194,49,45,276,105,244,110,290,136,677,111,354,100,484,173,50,58,22,57,30,354,20,28,26,20,7,15,65,60,127,2,21.5,8.4,4.3,4.0,25.0,9.0,12.4,5.3,12.5,5.5,27.7,4.8,14.5,3.3,20.9,7.2,4.5,5.2,0.9,2.4,1.2,14.5,1.6,2.2,2.0,1.6,0.6,1.4,5.9,5.4,5.2,0.5,0.5424,0.5117,0.5784,0.7337,0.8978,3.264,0.7276,0.9315,0.1148,0.8328,0.4286,0.6855,2.9932,0.8178,0.0114,0.0114,0.0114,0.3787,0.6978,0.4632,0.5349,0.9109,2.9855,0.8238,9.2541,0.7581,0,0,0,0,0,0,1,0,0,0,0,1,0,0,0,0,0,0,1,1,2,2964,171,87,0,12,0,12,0,12,0,12,0,12,30,27,0,12,15.5,7.5,0.0,1.4,0.0,1.4,0.0,1.4,0.0,1.4,0.0,1.4,1.2,1.2,0.0,1.4
39,Ohio,OH,39033,Crawford County,39033975300,Census Tract 9753; Crawford County; Ohio,6.452040096828,3366,427,1737,162,1503,187,1168,279,149,107,379,164,421,156,234,147,792,221,694,163,1012,276,54,61,0,48,237,600,37,42,123,87,25,36,73,40,0,12,34.8,7.0,9.3,6.3,25.2,10.5,18.1,5.5,7.0,4.1,23.5,6.0,20.6,4.2,30.1,8.5,3.6,4.0,0.0,1.5,7.0,17.8,2.1,2.4,7.1,5.1,1.7,2.4,4.9,2.7,0.0,0.4,0.7782,0.8257,0.5889,0.8814,0.636,3.7102,0.8257,0.8171,0.4271,0.9797,0.3292,0.0,2.5531,0.5924,0.234,0.234,0.234,0.4111,0.8298,0.6917,0.4625,0.0,2.3951,0.5921,8.8924,0.7127,0,0,0,0,0,0,0,0,1,0,0,1,0,0,0,0,0,0,0,0,1,1955,226,104,64,57,119,109,0,12,0,12,0,12,54,42,0,12,15.0,6.7,1.9,1.8,3.5,3.2,0.0,1.0,0.0,1.0,0.0,1.0,1.6,1.3,0.0,1.0
39,Ohio,OH,39035,Cuyahoga County,39035101101,Census Tract 1011.01; Cuyahoga County; Ohio,0.118142964878,2072,431,1108,144,993,158,1103,349,134,70,394,133,323,103,131,101,306,71,300,193,458,143,63,49,39,69,1045,508,555,128,0,12,9,17,266,95,162,7,56.1,12.8,12.7,6.1,39.7,11.8,22.2,6.3,6.6,4.5,14.8,3.9,14.5,7.0,23.2,6.8,6.3,4.8,2.0,3.4,50.4,22.2,50.1,9.5,0.0,3.1,0.9,1.7,26.8,9.0,7.8,1.7,0.9432,0.901,0.8908,0.9341,0.6001,4.2692,0.9378,0.3335,0.1148,0.8994,0.5714,0.8348,2.7539,0.7092,0.8272,0.8272,0.8272,0.9721,0.0,0.5384,0.9463,0.9436,3.4004,0.919,11.2507,0.9463,1,1,0,1,0,3,0,0,0,0,0,0,0,0,1,0,0,1,1,3,6,652,243,86,525,242,298,171,20,24,7,12,0,12,187,149,8,14,24.5,9.2,25.3,9.9,14.4,7.2,1.0,1.2,0.3,0.6,0.0,1.7,9.0,6.6,0.4,0.7
39,Ohio,OH,39035,Cuyahoga County,39035101102,Census Tract 1011.02; Cuyahoga County; Ohio,0.510822212448,4298,660,2881,357,2629,392,1295,514,155,112,616,206,143,140,436,286,521,123,484,253,608,194,19,32,82,114,1055,844,1523,421,0,12,47,54,305,149,12,3,30.1,11.0,5.7,4.1,23.4,7.0,4.4,4.3,10.1,6.6,12.1,3.4,11.3,5.1,14.1,4.6,0.7,1.2,2.0,2.8,24.5,19.3,52.8,13.1,0.0,1.2,1.8,2.0,11.6,5.6,0.3,0.1,0.7122,0.6356,0.52,0.2581,0.8232,2.9491,0.6441,0.1988,0.0545,0.4862,0.0546,0.8348,1.6289,0.1203,0.6493,0.6493,0.6493,0.9759,0.0,0.7079,0.7705,0.4924,2.9467,0.8108,8.174,0.6137,0,0,0,0,0,0,0,0,0,0,0,0,0,0,1,0,0,0,0,1,1,2070,268,122,357,222,363,227,59,57,6,11,0,12,270,267,0,12,10.2,5.2,8.3,5.2,8.4,5.0,1.4,1.3,0.1,0.3,0.0,0.8,6.3,5.8,0.0,0.8
39,Ohio,OH,39035,Cuyahoga County,39035101201,Census Tract 1012.01; Cuyahoga County; Ohio,0.263625040172,2713,402,1892,256,1670,263,804,210,31,32,475,192,279,87,198,137,467,179,317,139,607,181,35,38,165,83,1056,513,814,192,0,12,21,22,526,202,10,3,29.7,6.4,2.1,2.1,28.4,10.6,13.4,4.4,7.3,4.6,17.2,6.2,11.7,4.2,22.4,5.8,2.1,2.3,6.3,3.0,38.9,18.0,43.0,8.3,0.0,1.8,1.3,1.3,31.5,9.2,0.4,0.1,0.7058,0.2086,0.6898,0.7736,0.6661,3.0439,0.6752,0.4765,0.0596,0.8804,0.1673,0.9686,2.5524,0.5917,0.7727,0.7727,0.7727,0.9584,0.0,0.6181,0.9635,0.5374,3.0774,0.8521,9.4464,0.787,0,0,0,0,0,0,0,0,0,0,1,1,0,0,1,0,0,1,0,2,3,2134,349,169,261,182,592,148,0,12,2,6,0,12,201,139,0,12,20.9,8.3,9.6,6.5,21.8,5.3,0.0,1.3,0.1,0.2,0.0,1.3,7.4,5.0,0.0,1.3
39,Ohio,OH,39035,Cuyahoga County,39035101300,Census Tract 1013; Cuyahoga County; Ohio,0.24192186065,1652,213,1159,119,963,117,584,139,6,10,373,93,181,99,231,74,280,86,195,78,347,96,74,52,37,57,733,258,633,137,0,12,22,23,262,65,145,8,38.4,7.4,0.6,1.0,38.7,8.4,13.2,6.8,15.2,5.0,16.9,5.1,11.8,4.1,22.8,5.3,7.7,5.3,2.3,3.5,44.4,14.5,54.6,10.4,0.0,3.0,2.3,2.4,27.2,6.7,8.8,1.2,0.8204,0.0422,0.8775,0.7644,0.9432,3.4477,0.7673,0.4575,0.0615,0.8902,0.667,0.8548,2.931,0.7914,0.8034,0.8034,0.8034,0.9778,0.0,0.7698,0.9483,0.9505,3.6464,0.9603,10.8285,0.9197,0,0,0,0,1,1,0,0,0,0,0,0,0,0,1,0,0,1,1,3,4,2065,156,64,481,182,169,106,49,65,0,12,0,12,22,18,12,18,16.2,6.5,29.1,9.0,10.2,5.9,3.0,4.0,0.0,2.1,0.0,2.1,1.3,1.1,0.7,1.1
39,Ohio,OH,39035,Cuyahoga County,39035101400,Census Tract 1014; Cuyahoga County; Ohio,0.49367194771,1711,322,938,86,704,95,1016,308,142,95,313,107,277,77,161,74,239,83,390,182,469,136,106,71,128,71,998,366,7,16,0,12,6,15,168,79,50,4,59.4,14.1,18.2,11.5,44.5,14.0,26.2,6.5,9.4,4.1,14.0,4.9,22.8,7.4,27.4,6.6,15.1,9.9,8.1,4.3,58.3,18.4,0.7,1.7,0.0,3.7,0.9,2.1,23.9,10.3,2.9,0.6,0.9572,0.9641,0.9387,0.9639,0.7928,4.6167,0.9883,0.2885,0.5761,0.9629,0.9032,0.9816,3.7123,0.9771,0.8561,0.8561,0.8561,0.2994,0.0,0.5384,0.9308,0.8224,2.591,0.6721,11.7761,0.973,1,1,1,1,0,4,0,0,1,1,1,3,0,0,0,0,0,1,0,1,8,2329,89,48,515,273,389,139,68,57,13,20,0,12,13,20,0,12,12.6,6.9,30.1,12.8,22.7,8.3,4.0,2.9,0.8,1.2,0.0,2.0,0.8,1.2,0.0,2.0
39,Ohio,OH,39035,Cuyahoga County,39035101501,Census Tract 1015.01; Cuyahoga County; Ohio,0.189395386264,2021,284,978,95,855,95,1173,260,194,88,414,107,302,117,253,130,228,92,524,149,459,133,146,96,153,96,1055,371,219,76,5,8,25,30,252,88,8,12,58.5,9.9,20.7,9.1,48.4,11.3,22.0,7.4,12.6,6.1,11.3,4.2,25.9,5.7,22.8,6.3,17.0,11.1,8.0,4.9,52.2,16.8,22.4,7.5,0.5,0.8,3.0,3.5,29.5,10.2,0.4,0.6,0.954,0.9765,0.9616,0.9321,0.9013,4.7255,0.9956,0.1699,0.7625,0.8902,0.9279,0.981,3.7315,0.9781,0.8358,0.8358,0.8358,0.8698,0.5717,0.8429,0.9584,0.5374,3.7802,0.9756,13.073,0.999,1,1,1,1,1,5,0,0,0,1,1,2,0,0,0,0,0,1,0,1,8,978,249,78,376,221,446,216,58,49,10,13,0,12,165,125,0,12,29.1,8.9,18.6,10.7,22.1,10.1,2.9,2.4,0.5,0.7,0.0,1.7,8.2,5.9,0.0,1.7
39,Ohio,OH,39035,Cuyahoga County,39035101603,Census Tract 1016.03; Cuyahoga County; Ohio,0.2539392854,2160,376,1099,179,839,184,910,364,250,137,251,125,299,144,328,155,254,85,454,207,723,245,110,94,70,85,1099,434,0,16,0,12,46,79,162,113,3,1,42.1,15.2,28.4,10.5,29.9,13.4,19.4,8.0,15.2,7.1,11.8,3.9,21.0,7.4,33.5,9.1,13.1,10.8,3.4,4.1,50.9,18.0,0.0,1.5,0.0,3.1,5.5,9.3,19.3,11.7,0.1,0.0,0.8543,0.9914,0.7235,0.9017,0.9432,4.4141,0.9613,0.1877,0.4499,0.9892,0.8638,0.9119,3.4025,0.9311,0.8297,0.8297,0.8297,0.0,0.0,0.9502,0.8937,0.3694,2.2133,0.5073,10.8596,0.9232,0,1,0,1,1,3,0,0,1,0,1,2,0,0,0,0,1,0,0,1,6,1246,157,113,416,244,530,256,0,12,0,12,0,12,153,86,0,12,18.7,10.8,19.3,9.8,24.5,10.0,0.0,1.6,0.0,1.6,0.0,1.6,7.1,4.0,0.0,1.6
39,Ohio,OH,39035,Cuyahoga County,39035101700,Census Tract 1017; Cuyahoga County; Ohio,0.271986465084,2852,609,1527,438,1331,436,1398,558,232,149,393,142,317,183,587,454,213,63,698,297,565,237,217,94,87,86,1912,662,213,95,0,12,0,16,565,453,12,5,49.0,16.5,19.1,10.1,29.5,4.5,20.2,10.6,20.6,13.6,7.5,2.8,24.5,8.4,19.8,8.0,16.3,4.6,3.3,3.1,67.0,18.3,13.9,4.8,0.0,2.3,0.0,1.2,42.4,23.3,0.4,0.2,0.9032,0.9702,0.7137,0.9131,0.9806,4.4808,0.9705,0.0545,0.6826,0.7978,0.9194,0.9071,3.3614,0.921,0.8928,0.8928,0.8928,0.7632,0.0,0.0,0.9863,0.5374,2.2869,0.5416,11.0219,0.9324,1,1,0,1,1,4,0,0,0,1,1,2,0,0,0,0,0,1,0,1,7,2233,151,94,1161,548,658,255,0,12,0,12,0,12,93,75,0,12,11.3,8.0,40.7,13.6,23.1,8.4,0.0,1.2,0.0,1.2,0.0,1.2,3.3,2.8,0.0,1.2
39,Ohio,OH,39035,Cuyahoga County,39035101800,Census Tract 1018; Cuyahoga County; Ohio,0.275591113356,2221,356,1220,171,886,174,990,278,111,69,316,126,300,137,304,119,274,57,524,95,494,151,48,40,112,81,852,464,160,91,0,12,0,16,299,125,307,18,49.1,10.7,11.7,6.7,35.7,12.4,20.4,8.1,15.3,5.7,12.3,2.8,23.6,3.6,24.8,6.9,5.4,4.4,5.6,3.9,38.4,20.0,13.1,7.2,0.0,2.8,0.0,1.8,33.7,11.6,13.8,2.4,0.9038,0.8797,0.8321,0.9157,0.9448,4.4761,0.9698,0.2074,0.6287,0.9276,0.5108,0.9607,3.2352,0.8959,0.7676,0.7676,0.7676,0.7505,0.0,0.0,0.9705,0.9661,2.6871,0.7156,11.166,0.9413,1,0,0,1,1,3,0,0,1,0,1,2,0,0,0,0,0,1,1,2,7,2183,208,100,391,160,353,173,21,34,0,12,0,12,87,90,0,12,23.5,9.9,17.6,7.0,15.9,7.0,0.9,1.5,0.0,1.6,0.0,1.6,3.9,3.9,0.0,1.6
39,Ohio,OH,39035,Cuyahoga County,39035101901,Census Tract 1019.01; Cuyahoga County; Ohio,0.19504714734,1327,302,661,100,519,102,541,211,20,23,196,64,228,101,246,125,179,64,280,121,397,141,47,37,119,85,560,367,65,45,0,12,19,31,75,36,40,7,41.1,12.9,3.1,3.6,37.8,9.8,23.3,8.0,18.5,8.4,13.5,4.8,21.1,6.5,29.9,8.3,9.1,6.9,9.6,6.5,42.2,25.9,9.9,6.6,0.0,5.2,3.7,5.9,14.5,6.9,3.0,0.9,0.847,0.3537,0.8667,0.9423,0.9708,3.9805,0.8844,0.2616,0.4569,0.9791,0.7403,0.9889,3.4268,0.9352,0.7917,0.7917,0.7917,0.6883,0.0,0.8841,0.8286,0.8291,3.2301,0.8851,11.4291,0.9556,0,0,0,1,1,2,0,0,1,0,1,2,0,0,0,0,0,0,0,0,4,1943,104,48,119,88,234,160,136,163,0,12,0,12,64,80,7,11,20.0,9.3,9.0,6.8,17.6,10.8,10.2,11.7,0.0,2.6,0.0,2.6,4.8,6.0,0.5,0.8
39,Ohio,OH,39035,Cuyahoga County,39035102101,Census Tract 1021.01; Cuyahoga County; Ohio,0.263843573904,3367,449,1572,124,1383,123,1640,353,272,128,516,140,419,195,354,196,175,67,759,232,454,177,148,104,188,110,2308,505,25,38,0,12,31,42,277,127,30,21,49.2,8.3,16.3,8.0,37.3,9.6,19.7,8.4,10.6,5.9,5.2,2.0,22.5,5.2,13.5,4.9,10.7,7.5,6.0,3.4,68.5,11.9,1.6,2.4,0.0,2.2,2.2,3.0,20.0,8.7,0.9,0.6,0.9048,0.9511,0.8578,0.9074,0.8423,4.4634,0.9686,0.0263,0.5526,0.4478,0.8006,0.9661,2.7934,0.7292,0.8979,0.8979,0.8979,0.3787,0.0,0.7575,0.9032,0.6458,2.6852,0.7149,10.8399,0.921,1,1,0,1,0,3,0,0,0,0,1,1,0,0,0,0,0,1,0,1,5,1843,180,130,855,346,974,425,96,94,0,12,0,12,375,205,8,13,13.0,9.0,25.4,9.3,28.9,11.1,2.9,2.8,0.0,1.0,0.0,1.0,11.1,6.0,0.2,0.4
39,Ohio,OH,39035,Cuyahoga County,39035102102,Census Tract 1021.02; Cuyahoga County; Ohio,0.317775073468,2975,555,1263,145,1159,153,1107,517,96,57,336,121,348,135,295,115,235,60,819,360,642,240,149,114,91,74,1823,632,239,133,19,27,19,24,59,46,0,12,37.2,15.9,6.4,3.7,29.0,9.7,18.9,7.2,9.9,4.1,7.9,2.1,27.5,8.1,21.6,8.6,12.9,9.7,3.5,2.8,61.3,17.9,18.9,10.3,1.5,2.1,1.6,2.1,5.1,4.1,0.0,0.4,0.8026,0.6835,0.7035,0.8944,0.8169,3.9009,0.8676,0.065,0.837,0.8566,0.8597,0.916,3.5343,0.9552,0.8684,0.8684,0.8684,0.8295,0.6667,0.6794,0.4787,0.0,2.6543,0.6997,10.9579,0.9283,0,0,0,0,0,0,0,0,0,0,1,1,0,0,0,0,0,0,0,0,1,1471,37,31,339,206,1241,530,86,86,0,12,11,18,146,113,0,12,3.2,2.7,11.4,6.7,41.7,13.4,2.9,3.0,0.0,1.2,0.4,0.6,4.9,3.8,0.0,1.2
39,Ohio,OH,39035,Cuyahoga County,39035102200,Census Tract 1022; Cuyahoga County; Ohio,0.34333734248,3241,447,1447,205,1284,198,1063,383,107,68,318,118,402,147,326,234,449,104,926,263,476,204,278,171,139,130,1918,535,35,23,13,28,13,22,108,70,0,12,33.1,11.0,6.5,4.2,24.8,8.4,19.9,7.0,10.1,7.0,13.9,3.4,28.6,6.1,14.7,6.4,21.7,12.9,4.6,4.3,59.2,14.3,2.4,1.6,0.9,2.0,1.0,1.7,8.4,5.4,0.0,0.4,0.7575,0.6917,0.5717,0.9093,0.8232,3.7534,0.8349,0.2841,0.876,0.5287,0.9632,0.9429,3.5949,0.9644,0.8592,0.8592,0.8592,0.4352,0.6187,0.5676,0.6635,0.0,2.285,0.5413,10.4925,0.8933,0,0,0,1,0,1,0,0,0,1,1,2,0,0,0,0,0,0,0,0,3,1188,145,75,721,420,821,323,111,107,0,12,0,12,265,240,0,12,11.3,6.0,22.2,11.2,25.3,10.7,3.4,3.3,0.0,1.1,0.0,1.1,8.2,7.2,0.0,1.1
39,Ohio,OH,39035,Cuyahoga County,39035102300,Census Tract 1023; Cuyahoga County; Ohio,0.17554706583,2140,499,959,149,823,173,1068,511,156,85,303,143,460,231,340,158,238,107,643,331,422,136,193,133,95,73,1477,569,12,22,9,11,18,24,241,157,0,12,50.4,21.0,15.3,7.4,36.8,15.6,36.2,12.9,15.9,5.9,11.1,5.4,30.0,10.0,19.7,6.2,23.4,15.4,4.9,3.6,69.0,21.2,1.3,2.3,0.9,1.2,2.2,2.9,29.3,15.2,0.0,0.6,0.9099,0.9371,0.8514,0.9918,0.9511,4.6413,0.9911,0.1617,0.9138,0.794,0.9724,0.9493,3.7912,0.986,0.9004,0.9004,0.9004,0.359,0.6187,0.7575,0.9571,0.0,2.6923,0.7168,12.0252,0.9829,1,1,0,1,1,4,0,1,0,1,1,3,1,1,0,0,0,1,0,1,9,1346,185,143,570,355,716,182,30,37,0,12,0,12,161,118,0,12,22.5,14.1,26.6,13.0,33.5,9.3,1.4,1.8,0.0,1.6,0.0,1.6,7.5,5.5,0.0,1.6
39,Ohio,OH,39035,Cuyahoga County,39035102401,Census Tract 1024.01; Cuyahoga County; Ohio,0.200039060098,1931,380,824,128,698,126,1150,284,46,36,244,93,375,184,330,177,161,81,537,208,296,145,129,74,206,109,1350,420,0,16,4,7,38,55,75,59,0,12,59.6,8.9,5.3,4.7,35.0,11.7,32.4,11.3,17.1,8.8,8.3,3.8,27.8,9.2,15.3,6.5,18.5,10.1,12.2,5.9,69.9,16.8,0.0,1.9,0.5,0.8,5.4,7.8,10.7,7.6,0.0,0.6,0.9578,0.6057,0.8225,0.987,0.9606,4.3336,0.9486,0.0742,0.8472,0.5646,0.941,0.9937,3.4207,0.9333,0.9033,0.9033,0.9033,0.0,0.5717,0.9486,0.7438,0.0,2.2641,0.5349,10.9217,0.9254,1,0,0,1,1,3,0,0,0,1,1,2,1,1,0,0,1,0,0,1,7,793,159,81,73,59,1091,377,0,12,44,64,0,12,16,16,126,181,22.8,10.8,3.8,3.0,56.5,14.2,0.0,1.8,2.3,3.5,0.0,1.8,0.8,0.8,6.5,8.9
39,Ohio,OH,39035,Cuyahoga County,39035102402,Census Tract 1024.02; Cuyahoga County; Ohio,0.270035105576,3655,567,1209,173,1151,188,2061,792,330,224,474,214,584,281,458,283,311,116,1234,334,916,250,235,181,464,153,2484,722,9,17,0,12,88,74,99,68,3,3,56.4,19.8,20.4,11.7,41.2,17.3,26.8,13.5,12.5,7.2,8.5,3.5,33.8,5.0,25.1,5.0,20.4,15.4,13.8,4.0,68.0,16.7,0.7,1.4,0.0,2.9,7.6,6.3,8.6,6.0,0.1,0.1,0.9454,0.9762,0.9092,0.9673,0.8978,4.6959,0.9946,0.0793,0.9651,0.9327,0.9587,0.9968,3.9326,0.9937,0.8957,0.8957,0.8957,0.2994,0.0,0.9746,0.6727,0.3694,2.3161,0.5552,11.8403,0.9759,1,1,1,1,0,4,0,1,1,1,1,4,0,0,0,0,1,0,0,1,9,1013,165,89,675,243,1483,280,19,30,0,12,0,12,307,184,0,12,14.3,8.0,18.5,6.2,40.6,7.9,0.5,0.8,0.0,1.0,0.0,1.0,8.4,4.9,0.0,1.0
39,Ohio,OH,39035,Cuyahoga County,39035102700,Census Tract 1027; Cuyahoga County; Ohio,0.768905144512,3391,614,1704,163,1499,218,2109,529,201,108,661,182,446,161,459,243,259,64,982,350,633,212,263,138,228,118,1882,713,0,16,0,12,53,60,410,138,0,12,62.2,10.8,14.3,7.7,44.1,10.3,20.8,6.8,13.5,6.7,7.6,2.4,29.0,6.9,18.7,6.3,17.6,8.8,7.1,3.4,55.5,18.5,0.0,0.9,0.0,2.0,3.5,4.0,27.4,8.9,0.0,0.4,0.9679,0.9241,0.9356,0.9211,0.9203,4.669,0.9924,0.0571,0.8871,0.7477,0.9327,0.9759,3.6005,0.966,0.8462,0.8462,0.8462,0.0,0.0,0.8771,0.9492,0.0,1.8263,0.3463,10.942,0.9263,1,1,1,1,1,5,0,0,0,1,1,2,0,0,0,0,0,1,0,1,8,4118,238,112,690,347,1090,466,0,12,0,12,0,12,102,114,0,12,15.9,7.3,20.3,9.2,32.1,10.9,0.0,1.0,0.0,1.0,0.0,1.0,3.0,3.5,0.0,1.0
39,Ohio,OH,39035,Cuyahoga County,39035102800,Census Tract 1028; Cuyahoga County; Ohio,0.17427872076,1651,337,765,147,608,141,1035,305,55,56,245,120,314,108,138,85,184,66,548,218,420,139,67,31,98,76,1195,366,0,16,0,12,31,26,192,84,10,2,62.7,13.3,9.0,9.2,40.3,17.4,31.3,9.8,8.4,5.0,11.1,4.3,33.2,10.0,25.4,7.4,11.0,4.4,6.4,4.8,72.4,16.5,0.0,2.1,0.0,4.5,5.1,4.1,31.6,10.9,0.6,0.2,0.9695,0.8149,0.8987,0.9857,0.7417,4.4105,0.961,0.1617,0.9597,0.9391,0.8086,0.9696,3.8387,0.9889,0.909,0.909,0.909,0.0,0.0,0.9413,0.9641,0.6059,2.5113,0.6387,11.6695,0.9686,1,0,0,1,0,2,0,1,1,0,1,3,1,1,0,0,1,1,0,2,8,1544,183,61,452,226,646,178,0,12,0,12,0,12,97,111,0,12,30.1,9.1,27.4,10.9,39.1,10.1,0.0,2.1,0.0,2.1,0.0,2.1,5.9,6.4,0.0,2.1
39,Ohio,OH,39035,Cuyahoga County,39035102900,Census Tract 1029; Cuyahoga County; Ohio,0.198727085502,1836,383,810,68,647,85,797,207,141,106,266,90,237,110,141,71,168,52,478,158,468,117,124,59,202,104,1460,406,48,29,0,12,33,29,113,51,28,6,43.4,6.7,16.1,8.5,41.1,12.8,20.7,7.1,7.7,3.7,9.2,3.3,26.0,6.2,25.5,6.3,19.1,8.8,12.3,5.8,79.5,14.6,5.9,3.5,0.0,4.2,5.1,4.4,17.5,7.6,1.5,0.1,0.8661,0.9492,0.9079,0.9201,0.6915,4.3348,0.9489,0.0983,0.7689,0.941,0.9473,0.9943,3.7498,0.9819,0.9331,0.9331,0.9331,0.5848,0.0,0.9413,0.8727,0.7146,3.1134,0.861,12.1311,0.9873,0,1,1,1,0,3,0,0,1,1,1,3,1,1,0,0,1,0,0,1,8,1553,189,58,448,324,1000,189,0,12,0,12,0,12,12,13,0,12,29.2,8.8,24.4,13.9,54.5,10.9,0.0,1.9,0.0,1.9,0.0,1.9,0.7,0.7,0.0,1.9
39,Ohio,OH,39035,Cuyahoga County,39035103300,Census Tract 1033; Cuyahoga County; Ohio,0.192926675156,2243,421,1544,229,1352,232,1352,280,265,161,251,115,336,152,84,65,145,98,448,133,376,152,272,110,11,55,1338,598,1069,226,0,12,0,16,334,126,50,5,60.3,5.3,20.3,11.4,18.6,7.9,26.5,10.9,3.7,3.0,6.5,4.7,20.0,5.9,16.8,7.4,20.1,7.4,0.5,2.6,59.7,24.2,69.2,10.4,0.0,2.2,0.0,1.2,24.7,10.4,2.2,0.5,0.9606,0.9749,0.3359,0.9654,0.3021,3.5389,0.7902,0.0406,0.3836,0.656,0.9559,0.5796,2.6157,0.6317,0.8627,0.8627,0.8627,0.9892,0.0,0.0,0.9362,0.773,2.6984,0.7197,9.7157,0.8181,1,1,0,1,0,3,0,0,0,1,0,1,0,0,1,0,0,1,0,2,6,2399,260,126,965,227,103,68,99,70,0,12,0,12,171,128,0,12,19.2,10.1,43.0,12.1,4.6,3.2,4.4,3.3,0.0,1.5,0.0,1.5,7.6,5.6,0.0,1.5
39,Ohio,OH,39035,Cuyahoga County,39035103500,Census Tract 1035; Cuyahoga County; Ohio,0.319624115946,1353,214,949,70,718,82,244,78,25,16,200,71,76,41,85,51,132,52,184,150,218,117,36,27,29,46,440,248,0,16,13,20,0,16,49,25,0,12,18.0,5.0,2.8,1.7,27.9,9.4,7.2,3.8,6.3,3.8,9.8,3.8,13.6,9.4,16.1,6.7,5.0,3.7,2.3,3.6,32.5,17.6,0.0,1.7,1.4,2.1,0.0,2.2,6.8,3.4,0.0,0.9,0.4545,0.3133,0.6794,0.4629,0.5763,2.4864,0.5054,0.1183,0.0904,0.6087,0.4762,0.8548,2.1484,0.3495,0.7261,0.7261,0.7261,0.0,0.6597,0.0,0.5879,0.0,1.2476,0.1619,6.6085,0.3619,0,0,0,0,0,0,0,0,0,0,0,0,0,0,0,0,0,0,0,0,0,1108,66,39,106,76,248,174,20,15,0,12,0,12,66,36,0,12,9.2,5.4,7.8,5.5,18.3,10.6,1.5,1.2,0.0,2.6,0.0,2.6,4.9,2.7,0.0,2.6
39,Ohio,OH,39035,Cuyahoga County,39035103602,Census Tract 1036.02; Cuyahoga County; Ohio,0.891311061572,3584,455,2563,269,2199,256,1052,213,132,94,1010,268,347,158,51,43,520,183,264,122,602,196,61,65,80,80,1119,676,1456,216,0,12,29,35,596,172,354,19,31.3,4.7,6.2,4.4,45.9,11.0,11.2,5.5,1.5,1.2,14.5,5.0,7.4,2.9,17.9,6.3,2.8,2.9,2.3,2.3,31.2,18.4,56.8,6.0,0.0,1.4,1.3,1.6,27.1,7.4,9.9,1.4,0.7306,0.6698,0.9476,0.694,0.072,3.114,0.6917,0.3155,0.0279,0.708,0.2403,0.8548,2.1465,0.3483,0.715,0.715,0.715,0.981,0.0,0.6181,0.9479,0.9543,3.5013,0.9381,9.4768,0.7914,0,0,1,0,0,1,0,0,0,0,0,0,0,0,1,0,0,1,1,3,4,7901,475,134,551,160,395,148,103,74,11,24,22,32,37,42,0,12,21.6,6.0,15.4,5.0,11.0,4.3,2.9,2.1,0.3,0.7,0.6,0.9,1.0,1.1,0.0,1.0
39,Ohio,OH,39035,Cuyahoga County,39035103800,Census Tract 1038; Cuyahoga County; Ohio,0.338278634076,1525,311,890,87,656,99,812,224,61,40,238,84,260,121,118,86,176,64,307,132,345,131,129,76,144,92,883,350,25,23,0,12,0,16,74,43,0,12,53.2,9.9,8.7,5.3,36.3,11.6,24.4,9.2,7.7,5.5,11.5,4.4,20.1,6.2,22.6,8.2,19.7,11.2,9.9,6.0,57.9,19.7,2.8,2.6,0.0,3.9,0.0,2.4,11.3,6.5,0.0,0.8,0.9254,0.8032,0.8397,0.9509,0.6915,4.2107,0.9289,0.1756,0.3906,0.8851,0.9521,0.9899,3.3933,0.9279,0.8551,0.8551,0.8551,0.4622,0.0,0.0,0.7622,0.0,1.2244,0.1533,9.6835,0.8137,1,0,0,1,0,2,0,0,0,1,1,2,0,0,0,0,0,0,0,0,4,1748,89,45,127,142,616,197,16,21,0,12,0,12,124,107,0,12,13.6,6.6,8.3,8.6,40.4,10.8,1.0,1.4,0.0,2.3,0.0,2.3,8.1,6.3,0.0,2.3
39,Ohio,OH,39035,Cuyahoga County,39035104400,Census Tract 1044; Cuyahoga County; Ohio,0.43569487139,1163,152,806,98,703,87,373,155,32,44,240,93,154,98,84,69,106,41,116,71,225,90,57,50,58,67,434,203,104,79,0,12,13,21,104,63,8,2,32.1,12.7,4.2,5.2,34.1,12.5,15.5,9.8,7.2,5.8,9.1,3.4,10.0,5.8,19.3,7.2,8.1,7.0,5.2,6.0,37.3,16.8,12.9,9.7,0.0,4.2,1.8,3.0,14.8,8.7,0.7,0.1,0.7429,0.4975,0.8089,0.831,0.6557,3.536,0.7889,0.0954,0.0438,0.7775,0.6914,0.9556,2.5637,0.5994,0.759,0.759,0.759,0.7467,0.0,0.7079,0.8333,0.6243,2.9122,0.7987,9.7709,0.8232,0,0,0,0,0,0,0,0,0,0,1,1,0,0,0,0,0,0,0,0,1,1252,177,81,162,119,191,128,16,18,0,12,9,15,48,44,8,12,25.2,10.4,13.9,9.4,16.4,10.2,1.4,1.6,0.0,3.0,0.8,1.3,4.1,3.9,0.7,1.1
39,Ohio,OH,39035,Cuyahoga County,39035104800,Census Tract 1048; Cuyahoga County; Ohio,1.267315722068,1722,329,877,98,759,103,602,291,71,41,207,76,212,96,239,124,160,59,445,251,300,78,116,76,59,64,669,381,82,43,0,12,0,16,134,66,64,5,36.0,15.9,7.5,4.1,27.3,9.3,19.0,7.6,14.3,7.3,9.3,3.9,25.8,10.5,17.9,5.0,15.3,9.8,3.7,4.0,38.9,20.8,9.4,4.8,0.0,3.9,0.0,2.1,17.7,7.9,3.7,0.8,0.7896,0.7479,0.6606,0.897,0.9318,4.0269,0.893,0.1024,0.7562,0.708,0.9076,0.922,3.3962,0.9289,0.7727,0.7727,0.7727,0.6803,0.0,0.0,0.8752,0.8599,2.4154,0.5994,10.6112,0.9038,0,0,0,0,1,1,0,0,0,1,1,2,0,0,0,0,0,0,0,0,3,13491,111,52,282,269,332,154,9,14,0,12,0,12,46,43,0,12,14.6,6.2,16.4,13.5,19.3,8.4,0.5,0.8,0.0,2.0,0.0,2.0,2.7,2.5,0.0,2.0
39,Ohio,OH,39035,Cuyahoga County,39035105100,Census Tract 1051; Cuyahoga County; Ohio,0.920807323862,3724,698,1884,339,1567,329,2062,618,250,142,599,273,869,305,267,171,500,244,1133,351,1008,284,249,135,456,305,2275,885,0,16,139,83,25,38,166,113,0,12,55.5,13.0,18.9,10.1,38.2,15.5,35.4,9.9,7.2,4.0,13.4,6.5,30.4,6.4,27.1,7.7,15.8,8.0,13.3,8.5,61.1,20.8,0.0,0.8,7.4,4.6,1.6,2.4,10.6,7.5,0.0,0.3,0.9387,0.9695,0.8717,0.9914,0.6557,4.427,0.9629,0.2568,0.9242,0.9616,0.9149,0.9959,4.0534,0.9971,0.8668,0.8668,0.8668,0.0,0.8375,0.6794,0.74,0.0,2.2569,0.5295,11.6041,0.9644,1,1,0,1,0,3,0,1,1,1,1,4,0,0,0,0,0,0,0,0,7,2480,623,353,359,299,1477,539,43,76,0,12,10,14,386,252,0,12,39.8,15.8,9.6,7.9,39.7,12.9,1.2,2.1,0.0,0.9,0.3,0.4,10.4,6.5,0.0,0.9
39,Ohio,OH,39035,Cuyahoga County,39035105300,Census Tract 1053; Cuyahoga County; Ohio,0.24930413089,3293,580,1382,185,1153,184,1380,456,155,128,540,195,889,303,311,173,444,227,740,219,828,315,94,91,205,128,1649,796,11,23,0,12,18,29,213,94,0,12,42.4,11.8,9.9,7.6,46.8,15.2,38.0,7.5,9.4,5.0,13.5,6.2,22.5,5.5,25.1,8.4,8.2,7.8,6.7,4.0,50.1,22.5,0.8,1.7,0.0,2.5,1.6,2.5,18.5,7.8,0.0,0.4,0.8572,0.8387,0.9527,0.9937,0.7928,4.4351,0.9644,0.2616,0.5526,0.9327,0.6946,0.9721,3.4136,0.9321,0.8253,0.8253,0.8253,0.3111,0.0,0.6794,0.8848,0.0,1.8753,0.3667,10.5493,0.8987,0,0,1,1,0,2,0,0,1,0,1,2,0,0,0,0,0,0,0,0,4,1084,158,96,218,188,1286,382,0,12,0,12,0,12,145,123,0,12,13.7,7.9,6.6,5.9,39.1,10.0,0.0,1.1,0.0,1.1,0.0,1.1,4.4,4.0,0.0,1.1
39,Ohio,OH,39035,Cuyahoga County,39035105400,Census Tract 1054; Cuyahoga County; Ohio,0.407201702096,3101,468,1747,182,1400,214,1718,444,123,98,686,223,415,183,176,98,314,117,738,245,720,223,246,125,106,113,1955,558,134,73,19,30,0,16,270,132,7,2,55.4,11.6,7.7,6.0,49.0,14.1,19.6,7.9,5.7,3.2,10.1,4.2,23.8,6.8,23.2,7.5,17.6,8.5,3.6,3.8,63.0,15.3,7.6,4.1,1.1,1.7,0.0,1.1,19.3,8.8,0.2,0.1,0.9378,0.7571,0.9638,0.9058,0.5176,4.0821,0.906,0.1262,0.6439,0.8994,0.9327,0.9182,3.5204,0.9533,0.8767,0.8767,0.8767,0.6375,0.6378,0.0,0.8937,0.4356,2.6046,0.679,11.0838,0.9371,1,0,1,1,0,3,0,0,0,1,1,2,0,0,0,0,0,0,0,0,5,1209,159,92,658,253,1262,371,0,12,2,4,0,12,33,32,0,12,11.4,6.3,21.2,6.9,40.7,10.2,0.0,1.1,0.1,0.1,0.0,1.1,1.1,1.1,0.0,1.1
39,Ohio,OH,39035,Cuyahoga County,39035105500,Census Tract 1055; Cuyahoga County; Ohio,0.1668539793,1986,427,1037,146,803,148,1267,408,177,159,409,147,306,162,231,185,269,130,486,176,351,126,72,45,37,59,1439,458,310,106,0,12,0,16,215,139,28,5,63.8,15.3,18.8,12.4,50.9,15.7,23.7,10.6,11.7,8.1,13.5,5.9,24.5,7.5,17.8,6.2,9.0,5.4,2.0,3.2,72.5,17.0,29.9,9.3,0.0,3.3,0.0,2.0,26.8,14.4,1.4,0.4,0.973,0.9686,0.973,0.9455,0.8785,4.7386,0.9959,0.2616,0.6826,0.703,0.7349,0.8348,3.2169,0.8905,0.9093,0.9093,0.9093,0.9187,0.0,0.0,0.9463,0.7029,2.5679,0.6648,11.4327,0.9565,1,1,1,1,0,4,0,0,0,0,0,0,1,1,1,0,0,1,0,2,7,1075,252,90,560,306,792,288,6,11,0,12,0,12,81,64,0,12,31.4,10.7,28.2,13.0,39.9,11.2,0.3,0.5,0.0,1.7,0.0,1.7,4.1,3.1,0.0,1.7
39,Ohio,OH,39035,Cuyahoga County,39035105602,Census Tract 1056.02; Cuyahoga County; Ohio,0.66488115757,2194,408,1134,215,936,201,1015,320,177,152,439,169,228,79,125,69,276,73,601,146,591,264,249,162,117,105,1143,577,175,72,13,21,12,23,123,56,0,12,46.3,11.8,15.6,11.7,46.9,15.0,16.9,6.1,5.7,3.2,12.6,3.6,27.4,4.6,26.9,9.2,26.6,16.3,5.5,4.8,52.1,24.4,15.4,5.6,1.1,1.9,1.3,2.4,13.1,6.6,0.0,0.5,0.8854,0.9429,0.954,0.8595,0.5176,4.1594,0.9203,0.2229,0.832,0.9584,0.9844,0.9601,3.9578,0.9946,0.8342,0.8342,0.8342,0.7854,0.6378,0.6181,0.8013,0.0,2.8426,0.7746,11.794,0.9746,0,1,1,0,0,2,0,0,1,1,1,3,0,0,0,0,0,0,0,0,5,1327,199,103,363,194,714,190,44,49,0,12,0,12,22,26,0,12,21.3,10.5,16.5,8.6,32.5,10.5,2.0,2.2,0.0,1.6,0.0,1.6,1.0,1.2,0.0,1.6
39,Ohio,OH,39035,Cuyahoga County,39035105700,Census Tract 1057; Cuyahoga County; Ohio,0.626762465416,3864,532,2484,302,2138,299,1621,451,329,209,568,251,396,196,519,290,292,109,782,291,1060,374,337,210,69,85,1770,727,1127,265,0,12,32,45,729,266,8,1,42.0,10.1,15.4,9.2,26.6,11.1,14.8,7.0,13.4,7.3,7.6,3.0,20.2,6.0,27.4,8.5,15.7,9.6,1.9,2.4,45.8,17.7,45.4,9.1,0.0,1.4,1.5,2.1,34.1,10.2,0.2,0.0,0.8534,0.94,0.6397,0.8139,0.9191,4.1661,0.921,0.0571,0.397,0.9629,0.9133,0.8275,3.1578,0.8756,0.8094,0.8094,0.8094,0.9632,0.0,0.6606,0.9717,0.4356,3.0311,0.841,11.1644,0.941,0,1,0,0,1,2,0,0,1,1,0,2,0,0,1,0,0,1,0,2,6,2076,494,228,738,350,675,270,0,12,0,12,0,12,357,315,0,12,23.1,9.5,19.1,8.7,17.5,6.6,0.0,0.9,0.0,0.9,0.0,0.9,9.2,8.0,0.0,0.9
39,Ohio,OH,39035,Cuyahoga County,39035105900,Census Tract 1059; Cuyahoga County; Ohio,0.596006738402,2706,384,1456,160,1328,171,565,243,136,99,355,126,304,148,305,217,490,86,368,123,481,137,61,48,37,58,562,550,27,39,110,64,0,16,80,63,4,2,20.9,8.5,8.3,4.9,26.7,8.8,13.8,6.2,11.3,7.1,18.1,4.2,13.6,4.8,17.8,5.5,4.6,3.6,1.4,2.2,20.8,20.1,1.9,2.7,7.6,4.5,0.0,1.2,6.0,4.8,0.1,0.1,0.5278,0.7835,0.6425,0.7834,0.8686,3.6058,0.8035,0.539,0.0904,0.703,0.4381,0.7717,2.5422,0.5854,0.6005,0.6005,0.6005,0.3975,0.8406,0.0,0.5413,0.3694,2.1488,0.4806,8.8973,0.7133,0,0,0,0,0,0,0,0,0,0,0,0,0,0,0,0,0,0,0,0,0,2034,367,107,170,110,322,134,0,12,0,12,0,12,70,87,0,12,27.6,7.6,6.3,4.2,11.9,4.6,0.0,1.3,0.0,1.3,0.0,1.3,2.6,3.3,0.0,1.3
39,Ohio,OH,39035,Cuyahoga County,39035106100,Census Tract 1061; Cuyahoga County; Ohio,0.623810329524,3867,559,1709,174,1697,175,1034,348,286,287,483,164,304,144,424,221,357,91,653,165,630,203,75,51,164,128,1942,615,169,110,0,12,17,29,75,56,0,12,26.9,8.2,12.2,10.6,28.5,9.2,11.1,5.5,11.0,5.5,9.2,2.6,16.9,3.3,16.4,4.5,4.4,3.0,4.3,3.3,50.2,14.2,9.9,6.4,0.0,2.0,1.0,1.7,4.4,3.3,0.0,0.3,0.6579,0.8876,0.6914,0.6906,0.8566,3.7841,0.8413,0.0983,0.2026,0.6296,0.4184,0.9353,2.2842,0.427,0.8263,0.8263,0.8263,0.6883,0.0,0.5676,0.4289,0.0,1.6848,0.2867,8.5794,0.6727,0,0,0,0,0,0,0,0,0,0,1,1,0,0,0,0,0,0,0,0,1,1915,119,71,572,427,957,322,287,279,0,12,0,12,114,85,12,19,7.0,4.3,14.8,9.9,24.7,7.1,7.4,7.2,0.0,0.9,0.0,0.9,2.9,2.1,0.3,0.5
39,Ohio,OH,39035,Cuyahoga County,39035106200,Census Tract 1062; Cuyahoga County; Ohio,0.401139128492,3492,963,1731,180,1581,194,1393,971,133,132,448,209,227,88,213,155,625,127,764,327,595,252,224,189,109,105,1318,1354,37,42,0,12,0,16,163,79,0,12,39.9,25.5,7.5,5.8,28.3,12.8,9.2,4.3,6.1,4.7,17.9,6.1,21.9,4.6,17.0,4.6,14.1,11.8,3.2,2.9,37.7,37.4,2.1,2.4,0.0,2.0,0.0,1.0,10.3,5.2,0.0,0.3,0.8366,0.7479,0.6857,0.5875,0.5547,3.4124,0.7597,0.5231,0.5098,0.6646,0.8835,0.9049,3.4859,0.9454,0.7619,0.7619,0.7619,0.4111,0.0,0.0,0.7289,0.0,1.14,0.1349,8.8002,0.7013,0,0,0,0,0,0,0,0,0,0,1,1,0,0,0,0,0,0,0,0,1,1466,283,107,141,93,1133,367,0,12,0,12,0,12,44,41,0,12,17.9,7.0,4.0,2.9,32.4,12.6,0.0,1.0,0.0,1.0,0.0,1.0,1.3,1.2,0.0,1.0
39,Ohio,OH,39035,Cuyahoga County,39035106500,Census Tract 1065; Cuyahoga County; Ohio,0.495853037908,2765,593,1139,147,1043,165,632,257,202,147,312,130,264,99,161,91,405,150,843,374,301,128,58,59,101,83,916,761,10,19,0,12,0,16,71,55,0,12,23.4,8.0,14.7,9.0,29.9,11.5,14.4,5.2,5.8,3.4,14.6,5.8,30.5,8.6,10.9,4.9,5.6,5.6,3.9,3.1,33.1,26.6,0.9,1.7,0.0,3.0,0.0,1.5,6.8,5.4,0.0,0.4,0.5887,0.9286,0.7235,0.8006,0.5294,3.5708,0.7962,0.3212,0.9264,0.2752,0.5241,0.9249,2.9718,0.8095,0.7315,0.7315,0.7315,0.3181,0.0,0.0,0.5879,0.0,0.906,0.0902,8.1801,0.6152,0,1,0,0,0,1,0,1,0,0,1,2,0,0,0,0,0,0,0,0,3,2907,100,61,218,190,490,226,0,12,0,12,0,12,208,207,0,12,9.6,5.8,7.9,6.2,17.7,8.7,0.0,1.3,0.0,1.3,0.0,1.3,7.5,6.8,0.0,1.3
39,Ohio,OH,39035,Cuyahoga County,39035106600,Census Tract 1066; Cuyahoga County; Ohio,0.60612994674,3278,477,1450,115,1339,142,1413,397,111,73,323,114,274,130,402,186,341,69,725,228,528,177,99,67,17,48,1133,628,17,31,0,12,17,31,176,84,5,3,43.4,10.4,6.8,4.5,24.1,8.1,12.0,5.3,12.3,5.0,10.4,2.5,22.1,5.3,16.1,5.1,7.4,4.9,0.6,1.6,34.6,18.5,1.2,2.1,0.0,2.4,1.3,2.3,13.1,6.3,0.2,0.1,0.8661,0.7079,0.5448,0.7207,0.8934,3.7329,0.8311,0.1373,0.5247,0.6087,0.647,0.6088,2.5265,0.5733,0.7413,0.7413,0.7413,0.3483,0.0,0.6181,0.8013,0.4356,2.2033,0.5025,9.204,0.7508,0,0,0,0,0,0,0,0,0,0,0,0,0,0,0,0,0,0,0,0,0,3616,253,83,213,177,647,238,22,28,0,12,0,12,251,208,0,12,18.9,6.0,6.5,5.1,19.7,6.4,0.7,0.9,0.0,1.1,0.0,1.1,7.7,6.2,0.0,1.1
39,Ohio,OH,39035,Cuyahoga County,39035106800,Census Tract 1068; Cuyahoga County; Ohio,0.231368534684,2982,450,1541,221,1279,232,1236,370,182,77,351,123,398,168,231,138,454,174,608,154,629,208,80,79,73,70,1093,602,201,84,0,12,47,56,285,117,6,9,41.4,10.7,12.8,5.3,27.4,8.2,18.1,7.5,7.7,4.9,15.2,5.1,20.4,4.4,21.1,5.7,6.2,6.1,2.6,2.4,36.7,19.4,13.0,5.1,0.0,2.2,3.7,4.3,22.3,9.3,0.2,0.3,0.8486,0.9025,0.6635,0.8814,0.6915,3.9875,0.886,0.3523,0.4134,0.8391,0.5657,0.877,3.0475,0.8384,0.7549,0.7549,0.7549,0.7476,0.0,0.8841,0.9213,0.4356,2.9886,0.8251,10.7785,0.9149,0,1,0,0,0,1,0,0,0,0,0,0,0,0,0,0,0,1,0,1,2,2668,164,81,296,222,470,219,136,202,0,12,0,12,172,133,19,30,12.8,6.8,9.9,7.1,15.8,7.7,4.6,6.5,0.0,1.2,0.0,1.2,5.8,4.3,0.6,1.0
39,Ohio,OH,39035,Cuyahoga County,39035106900,Census Tract 1069; Cuyahoga County; Ohio,0.490267686376,3501,440,1986,156,1712,173,743,253,80,89,556,168,316,127,128,97,457,79,617,201,388,133,93,60,41,58,1091,574,466,132,0,12,0,16,150,82,0,12,21.2,6.7,3.8,4.2,32.5,9.2,12.3,4.7,3.7,2.7,13.1,2.7,17.6,5.1,11.1,4.1,5.4,3.5,1.3,1.8,31.2,15.9,23.5,6.4,0.0,1.7,0.0,0.9,8.8,4.8,0.0,0.3,0.5351,0.4524,0.7832,0.7308,0.3021,2.8036,0.6029,0.2413,0.2372,0.2882,0.5108,0.7565,2.034,0.2883,0.715,0.715,0.715,0.8775,0.0,0.0,0.6813,0.0,1.5588,0.2498,7.1114,0.4403,0,0,0,0,0,0,0,0,0,0,0,0,0,0,0,0,0,0,0,0,0,1947,273,106,402,256,532,179,9,13,0,12,0,12,148,156,0,12,15.9,6.0,11.5,7.3,15.2,4.8,0.3,0.4,0.0,1.0,0.0,1.0,4.2,4.3,0.0,1.0
39,Ohio,OH,39035,Cuyahoga County,39035107000,Census Tract 1070; Cuyahoga County; Ohio,1.083603371142,1569,244,783,89,736,79,77,34,50,47,102,44,103,70,122,104,383,121,174,74,304,108,5,15,140,127,365,351,0,16,0,12,0,16,41,48,4,3,4.9,2.0,5.5,5.0,13.9,5.8,7.8,4.9,7.8,5.8,24.4,5.5,11.1,4.4,19.4,6.3,0.7,2.0,9.4,8.4,23.3,22.1,0.0,2.0,0.0,4.4,0.0,2.2,5.6,6.5,0.3,0.2,0.0609,0.621,0.1511,0.5003,0.701,2.0343,0.3771,0.8446,0.0523,0.782,0.0546,0.9876,2.7211,0.694,0.6309,0.6309,0.6309,0.0,0.0,0.0,0.5175,0.4924,1.0099,0.1073,6.3962,0.3229,0,0,0,0,0,0,0,0,0,0,1,1,0,0,0,0,0,0,0,0,1,2663,31,18,44,37,248,165,26,27,0,12,0,12,47,39,0,12,4.2,2.5,2.8,2.5,15.8,9.9,1.7,1.8,0.0,2.2,0.0,2.2,3.0,2.5,0.0,2.2
39,Ohio,OH,39035,Cuyahoga County,39035107101,Census Tract 1071.01; Cuyahoga County; Ohio,1.5410103024,4269,466,2065,178,1692,175,372,121,43,49,295,109,508,192,34,37,66,38,6,12,117,82,0,16,44,53,1333,622,1982,192,0,12,0,16,158,75,1821,339,15.2,4.5,1.9,2.2,17.4,6.2,15.1,5.2,1.4,1.6,1.5,0.9,0.1,0.3,4.8,3.4,0.0,0.9,1.0,1.2,31.2,14.2,96.0,4.2,0.0,1.7,0.0,0.9,9.3,4.5,42.7,6.4,0.3691,0.1787,0.2854,0.8196,0.0676,1.7204,0.2841,0.007,0.0032,0.0225,0.0,0.707,0.7397,0.0114,0.715,0.715,0.715,0.9997,0.0,0.0,0.6968,0.9892,2.6857,0.7152,5.8608,0.2397,0,0,0,0,0,0,0,0,0,0,0,0,0,0,1,0,0,0,1,2,2,19431,39,44,840,332,195,102,59,56,16,24,0,12,212,101,11,17,2.3,2.5,19.7,7.1,4.6,2.4,1.4,1.3,0.4,0.6,0.0,0.8,5.0,2.3,0.3,0.4
39,Ohio,OH,39035,Cuyahoga County,39035107701,Census Tract 1077.01; Cuyahoga County; Ohio,0.768673483312,4679,457,3859,284,3159,298,1635,339,153,85,1107,259,220,108,116,71,247,54,104,105,490,172,28,48,75,76,1840,606,3673,320,0,12,29,29,869,288,279,24,35.7,6.5,4.2,2.4,35.0,7.5,6.9,3.3,2.5,1.5,5.3,1.2,2.2,2.2,10.6,3.7,0.9,1.5,1.6,1.6,39.3,12.4,95.2,4.4,0.0,0.9,0.9,0.9,27.5,7.7,6.0,0.8,0.7861,0.4975,0.8225,0.4423,0.1692,2.7176,0.5771,0.0273,0.0117,0.2542,0.0705,0.7971,1.1608,0.0343,0.7758,0.7758,0.7758,0.9994,0.0,0.5384,0.9495,0.9252,3.4125,0.921,8.0667,0.5956,0,0,0,0,0,0,0,0,0,0,0,0,0,0,1,0,0,1,1,3,3,66145,365,171,902,268,312,110,473,218,0,12,0,12,132,94,21,24,11.6,5.3,19.3,5.7,6.7,2.2,10.1,4.4,0.0,0.7,0.0,0.7,2.8,1.9,0.4,0.5
39,Ohio,OH,39035,Cuyahoga County,39035107802,Census Tract 1078.02; Cuyahoga County; Ohio,0.708260103372,3849,407,2582,241,1959,250,1983,334,269,182,715,190,451,177,111,94,648,298,79,79,817,246,7,16,80,69,2418,629,2424,244,19,27,51,45,1036,226,996,95,56.3,7.2,12.6,8.3,36.5,8.5,17.3,6.7,2.9,2.4,16.8,7.4,2.1,2.0,21.4,6.6,0.4,0.8,2.1,1.8,62.8,14.9,93.9,3.5,0.7,1.0,2.6,2.3,52.9,9.0,25.9,3.7,0.9448,0.8975,0.8432,0.8665,0.2142,3.7662,0.8384,0.4486,0.0111,0.8493,0.0435,0.8427,2.1952,0.3762,0.8754,0.8754,0.8754,0.999,0.6003,0.8029,0.9952,0.9803,4.3777,0.9981,11.2145,0.9444,1,0,0,0,0,1,0,0,0,0,0,0,0,0,1,0,0,1,1,3,4,32407,590,225,1311,358,66,74,825,233,47,57,0,12,169,94,0,12,30.1,10.0,34.1,9.1,1.7,1.8,21.4,6.0,1.2,1.5,0.0,0.9,4.4,2.5,0.0,0.9
39,Ohio,OH,39035,Cuyahoga County,39035108201,Census Tract 1082.01; Cuyahoga County; Ohio,0.820193003682,1460,257,1237,196,884,200,659,190,50,39,315,128,305,127,156,106,179,58,121,34,242,101,18,17,51,58,795,365,588,179,0,12,0,16,297,138,0,12,45.1,10.3,6.3,4.8,35.6,12.0,27.9,10.1,10.7,6.4,12.3,3.7,8.3,2.6,16.6,6.3,2.0,1.9,3.6,4.0,54.5,23.1,47.5,12.4,0.0,2.8,0.0,1.8,33.6,12.0,0.0,0.8,0.8785,0.6781,0.8305,0.9737,0.8458,4.2066,0.9276,0.2074,0.0336,0.6407,0.159,0.9182,1.9589,0.253,0.8443,0.8443,0.8443,0.9673,0.0,0.0,0.9695,0.0,1.9368,0.3924,8.9466,0.721,0,0,0,1,0,1,0,0,0,0,1,1,0,0,1,0,0,1,0,2,4,6700,173,60,450,139,97,70,164,132,0,12,0,12,84,95,0,12,19.6,7.1,30.8,9.8,6.6,4.7,11.2,9.2,0.0,2.4,0.0,2.4,5.8,6.6,0.0,2.4
39,Ohio,OH,39035,Cuyahoga County,39035108301,Census Tract 1083.01; Cuyahoga County; Ohio,0.52925703854,1440,174,919,60,744,83,523,140,38,35,308,98,362,129,255,108,167,59,106,61,162,73,6,15,191,95,1092,210,479,87,16,26,13,14,215,75,168,17,39.5,9.2,5.3,4.7,41.4,12.3,33.0,10.1,19.3,7.7,11.6,4.4,7.4,3.9,12.2,5.1,0.8,2.0,14.0,6.8,75.8,11.3,52.2,8.8,1.7,2.8,1.7,1.9,28.9,9.6,11.7,1.8,0.8312,0.6057,0.9111,0.9873,0.9733,4.3086,0.9451,0.1776,0.0279,0.3659,0.0625,0.9971,1.631,0.121,0.9217,0.9217,0.9217,0.9752,0.6816,0.6917,0.9549,0.9594,4.2628,0.9962,11.1241,0.939,0,0,1,1,1,3,0,0,0,0,1,1,1,1,1,0,0,1,1,3,8,6016,257,86,382,118,211,118,356,131,0,12,0,12,143,79,0,12,34.5,10.4,26.5,8.0,14.7,7.9,24.7,8.3,0.0,2.4,0.0,2.4,9.9,5.3,0.0,2.4
39,Ohio,OH,39035,Cuyahoga County,39035108400,Census Tract 1084; Cuyahoga County; Ohio,0.215515572666,1235,236,614,105,544,103,779,232,23,21,272,122,300,105,143,86,277,78,204,127,296,86,28,38,156,74,942,257,30,20,6,9,13,19,124,55,0,12,64.6,15.1,5.0,4.8,50.0,20.3,33.8,11.2,11.6,6.7,22.4,7.0,16.5,8.1,24.0,8.6,5.1,6.9,13.7,5.9,76.3,14.8,4.9,3.1,1.0,1.5,2.4,3.5,22.8,11.2,0.0,1.0,0.9749,0.58,0.9698,0.9895,0.8753,4.3895,0.9581,0.7663,0.1823,0.9143,0.4841,0.9965,3.3435,0.9181,0.9226,0.9226,0.9226,0.5546,0.6295,0.7787,0.9251,0.0,2.8879,0.7908,11.5435,0.9616,1,0,1,1,0,3,0,0,1,0,1,2,1,1,0,0,0,1,0,1,7,1427,125,52,261,163,135,120,466,208,0,12,0,12,58,75,22,33,23.0,10.4,21.1,12.1,10.9,9.7,37.7,12.9,0.0,2.8,0.0,2.8,4.7,6.0,1.8,2.7
39,Ohio,OH,39035,Cuyahoga County,39035108701,Census Tract 1087.01; Cuyahoga County; Ohio,0.562303894822,4987,783,2049,264,1912,260,3786,920,498,294,779,288,567,168,199,132,184,99,2029,667,1078,245,634,198,22,57,4524,821,729,253,0,12,57,70,845,210,226,21,77.6,14.2,28.3,13.1,40.7,14.0,23.0,6.9,4.1,2.8,3.7,2.1,40.7,8.7,22.0,5.0,33.2,9.3,0.5,1.3,90.7,8.3,35.5,11.5,0.0,1.7,3.0,3.6,44.2,11.3,4.5,0.8,0.993,0.9908,0.9044,0.9401,0.3478,4.1761,0.9229,0.0174,0.9927,0.8696,0.9946,0.5796,3.4539,0.9397,0.9613,0.9613,0.9613,0.9413,0.0,0.8429,0.9883,0.8922,3.6647,0.9632,12.256,0.9908,1,1,1,1,0,4,0,1,0,1,0,2,1,1,1,0,0,1,0,2,9,12819,560,197,4293,786,143,152,0,12,0,12,0,12,88,105,0,12,29.3,9.6,86.1,6.8,2.9,3.1,0.0,0.7,0.0,0.7,0.0,0.7,1.8,2.1,0.0,0.7
39,Ohio,OH,39035,Cuyahoga County,39035109301,Census Tract 1093.01; Cuyahoga County; Ohio,0.296914754612,1187,295,905,209,878,213,882,260,234,170,332,172,245,157,38,45,149,60,67,63,458,188,26,32,14,47,1082,301,738,218,0,12,51,62,702,216,45,12,74.6,11.6,44.2,21.0,37.8,17.3,22.8,12.5,3.2,4.1,12.6,6.2,5.6,5.1,38.7,15.0,3.0,3.6,1.2,4.0,91.2,11.4,81.6,15.0,0.0,3.8,5.8,6.9,80.0,9.8,3.8,0.4,0.9905,0.9994,0.8667,0.9382,0.2491,4.0439,0.8978,0.2229,0.0203,0.9971,0.2619,0.7403,2.2425,0.399,0.9639,0.9639,0.9639,0.9962,0.0,0.9575,1.0,0.8656,3.8193,0.9794,11.0696,0.9349,1,1,0,1,0,3,0,0,1,0,0,1,1,1,1,0,1,1,0,3,8,8211,454,180,919,297,69,43,43,52,6,10,0,12,40,62,5,8,51.7,13.7,77.4,10.8,5.8,3.8,3.6,4.5,0.5,0.8,0.0,2.9,3.4,5.5,0.4,0.7
39,Ohio,OH,39035,Cuyahoga County,39035109701,Census Tract 1097.01; Cuyahoga County; Ohio,0.295657992602,2744,649,730,116,703,123,2020,592,199,98,307,138,178,78,5,15,22,3,1475,538,352,188,577,158,122,129,2362,653,137,85,0,12,0,16,270,94,581,52,93.4,39.1,35.0,19.3,43.7,18.1,17.0,8.5,0.2,0.7,0.8,0.2,53.8,7.4,16.3,6.3,82.1,17.3,5.6,5.7,86.1,12.3,18.8,11.3,0.0,4.7,0.0,2.3,38.4,14.8,21.2,5.4,0.999,0.9968,0.9327,0.8605,0.0073,3.7963,0.8432,0.0038,0.9997,0.6223,0.9997,0.9607,3.5862,0.9622,0.9505,0.9505,0.9505,0.8286,0.0,0.0,0.981,0.9772,2.7868,0.7549,11.1198,0.9384,1,1,1,0,0,3,0,1,0,1,1,3,1,1,0,0,0,1,1,2,9,2565,259,126,1394,322,882,610,0,12,0,12,0,12,86,59,0,12,36.8,15.2,50.8,13.9,32.1,16.4,0.0,1.3,0.0,1.3,0.0,1.3,3.1,2.2,0.0,1.3
39,Ohio,OH,39035,Cuyahoga County,39035109801,Census Tract 1098.01; Cuyahoga County; Ohio,0.288016261818,2104,721,994,245,949,250,1761,735,173,76,269,104,224,113,28,29,206,113,857,479,508,262,349,238,24,53,2078,721,451,251,0,12,44,48,518,239,0,12,83.7,19.9,28.7,11.7,28.3,8.0,19.2,9.2,1.3,1.4,9.8,5.6,40.7,10.1,24.1,8.1,36.8,23.1,1.3,2.9,98.8,5.3,45.4,22.6,0.0,3.5,4.6,4.9,54.6,14.0,0.0,0.6,0.9978,0.9917,0.6857,0.8989,0.0593,3.6334,0.8073,0.1183,0.9927,0.9169,0.9965,0.7565,3.7809,0.9848,0.9918,0.9918,0.9918,0.9632,0.0,0.9251,0.9968,0.0,2.8851,0.7902,11.2912,0.9498,1,1,0,0,0,2,0,1,1,1,0,3,1,1,1,0,1,1,0,3,9,1385,364,90,1937,719,67,75,60,84,0,12,0,12,14,21,0,12,38.4,13.7,92.1,6.0,3.2,3.7,2.9,4.1,0.0,1.6,0.0,1.6,0.7,1.0,0.0,1.6
39,Ohio,OH,39035,Cuyahoga County,39035110901,Census Tract 1109.01; Cuyahoga County; Ohio,1.287854031856,2912,687,1379,305,1244,323,1707,614,203,125,314,149,532,261,335,229,194,107,779,342,765,334,102,72,187,161,1669,800,32,51,0,12,56,55,86,45,0,12,58.6,15.9,14.8,10.8,25.2,10.0,29.2,12.0,11.5,7.4,6.7,4.1,26.8,7.3,26.3,10.9,8.2,5.4,6.7,5.6,57.3,23.9,2.3,3.7,0.0,2.5,4.5,4.3,6.9,3.9,0.0,0.4,0.9546,0.9295,0.5889,0.9784,0.8734,4.3248,0.9473,0.0428,0.805,0.9514,0.6946,0.9721,3.4659,0.9413,0.8519,0.8519,0.8519,0.426,0.0,0.9213,0.5924,0.0,1.9397,0.3933,10.5823,0.9013,1,1,0,1,0,3,0,0,1,0,1,2,0,0,0,0,1,0,0,1,6,3896,296,146,1049,510,499,368,0,12,3,6,0,12,69,73,49,73,23.8,10.6,36.0,12.9,17.1,12.3,0.0,1.2,0.1,0.2,0.0,1.2,2.4,2.5,1.7,2.5
39,Ohio,OH,39035,Cuyahoga County,39035111202,Census Tract 1112.02; Cuyahoga County; Ohio,1.114665277042,859,244,819,126,473,134,342,182,63,46,191,79,165,67,78,63,81,42,123,96,310,127,17,28,14,52,708,250,93,83,0,12,0,16,154,74,13,3,39.8,17.9,13.1,9.5,40.4,12.2,23.8,7.7,9.1,7.3,9.4,5.1,14.3,9.3,36.1,10.4,3.6,5.8,1.6,6.0,82.4,17.3,11.4,10.0,0.0,4.2,0.0,3.4,32.6,13.8,1.5,0.6,0.8343,0.9089,0.9006,0.9458,0.7782,4.3678,0.9552,0.1056,0.1116,0.9956,0.3292,0.7971,2.3391,0.4571,0.941,0.941,0.941,0.7178,0.0,0.0,0.966,0.7146,2.3984,0.593,10.0463,0.8521,0,1,1,1,0,3,0,0,1,0,0,1,1,1,0,0,0,1,0,1,6,2770,100,50,643,232,34,27,0,12,1,6,0,12,0,12,30,43,21.1,10.4,74.9,9.9,4.0,3.3,0.0,4.0,0.1,0.7,0.0,4.0,0.0,4.0,3.5,4.9
39,Ohio,OH,39035,Cuyahoga County,39035111401,Census Tract 1114.01; Cuyahoga County; Ohio,0.253750481522,915,238,632,117,460,117,589,230,68,44,215,102,168,94,107,59,172,80,288,140,324,117,118,71,23,55,905,238,56,51,0,12,1,12,234,109,0,12,64.4,18.7,24.6,16.0,46.7,18.7,30.3,13.4,11.7,6.1,18.8,8.5,31.5,10.3,35.4,11.0,25.7,14.0,2.9,6.9,98.9,3.8,8.8,7.9,0.0,5.4,0.2,2.6,50.9,15.2,0.0,1.3,0.9743,0.9844,0.9517,0.9816,0.8785,4.7705,0.9971,0.5888,0.9432,0.9946,0.9803,0.8941,4.401,1.0,0.993,0.993,0.993,0.6676,0.0,0.3905,0.9943,0.0,2.0524,0.4381,12.2169,0.9883,1,1,1,1,0,4,0,1,1,1,0,3,1,1,0,0,0,1,0,1,9,346,137,80,800,217,34,36,1,3,0,12,0,12,70,90,0,12,29.8,15.2,87.4,10.9,3.7,4.0,0.1,0.3,0.0,3.7,0.0,3.7,7.7,9.1,0.0,3.7
39,Ohio,OH,39035,Cuyahoga County,39035111700,Census Tract 1117; Cuyahoga County; Ohio,0.153367822542,696,343,643,87,356,92,521,345,18,25,185,96,105,60,0,12,74,35,278,265,108,62,92,70,0,48,670,346,68,52,2,7,0,16,107,65,0,12,74.9,33.1,7.5,10.2,52.0,23.4,26.5,14.5,0.0,4.9,10.6,6.7,39.9,20.1,15.5,11.3,25.8,18.5,0.0,7.2,96.3,14.8,10.6,8.0,0.3,1.1,0.0,4.5,30.1,15.8,0.0,1.7,0.9911,0.7479,0.9771,0.9654,0.0,3.6815,0.8197,0.1462,0.9921,0.5773,0.981,0.0,2.6966,0.6765,0.9813,0.9813,0.9813,0.7019,0.5565,0.0,0.9603,0.0,2.2187,0.5098,9.5781,0.8032,1,0,1,1,0,3,0,1,0,1,0,2,1,1,0,0,0,1,0,1,7,361,95,63,622,345,6,13,28,34,0,12,0,12,14,31,0,12,26.7,16.4,89.4,11.8,0.9,2.0,4.0,5.4,0.0,4.9,0.0,4.9,2.0,4.5,0.0,4.9
39,Ohio,OH,39035,Cuyahoga County,39035112100,Census Tract 1121; Cuyahoga County; Ohio,0.229548449856,1583,380,1098,191,886,184,1090,332,29,33,277,85,151,75,20,21,502,95,329,210,350,123,92,70,6,47,1457,384,367,102,0,12,0,16,520,179,191,5,78.3,10.6,7.0,7.5,31.3,7.1,12.4,6.3,1.4,1.6,31.7,11.3,20.8,9.9,25.1,8.3,10.4,7.6,0.4,3.1,92.0,10.0,33.4,7.2,0.0,3.1,0.0,1.8,58.7,14.1,12.1,2.9,0.994,0.7222,0.7552,0.7337,0.0676,3.2727,0.7298,0.9727,0.4369,0.9327,0.7914,0.5412,3.6749,0.9743,0.9677,0.9677,0.9677,0.9321,0.0,0.0,0.9984,0.9616,2.8921,0.7937,10.8074,0.9168,1,0,0,0,0,1,1,0,1,0,0,2,1,1,1,0,0,1,1,3,7,1486,445,166,1109,178,241,258,12,12,5,10,0,12,90,138,0,12,50.2,14.3,70.1,12.6,15.2,13.5,0.8,0.8,0.3,0.6,0.0,2.2,5.7,8.4,0.0,2.2
39,Ohio,OH,39035,Cuyahoga County,39035112200,Census Tract 1122; Cuyahoga County; Ohio,0.192861037816,1264,242,438,87,373,90,956,231,113,37,234,70,171,97,0,12,119,47,430,118,291,98,121,38,0,48,1257,242,33,44,0,12,58,27,72,47,0,12,75.6,11.2,20.9,6.8,62.7,11.1,25.8,14.0,0.0,2.7,9.4,3.0,34.0,6.8,23.0,8.0,32.4,6.5,0.0,3.8,99.4,2.1,7.5,9.9,0.0,7.7,15.5,6.2,19.3,13.0,0.0,0.9,0.9914,0.9768,0.9952,0.9604,0.0,3.9238,0.8737,0.1056,0.9673,0.8959,0.9927,0.0,2.9615,0.8063,0.9962,0.9962,0.9962,0.6343,0.0,0.9978,0.8937,0.0,2.5258,0.6457,10.4073,0.8844,1,1,1,1,0,4,0,1,0,1,0,2,1,1,0,0,1,0,0,1,8,761,106,52,1228,256,0,12,0,12,0,12,0,12,29,72,0,12,28.4,11.6,97.2,6.0,0.0,2.7,0.0,2.7,0.0,2.7,0.0,2.7,2.3,5.9,0.0,2.7
39,Ohio,OH,39035,Cuyahoga County,39035112301,Census Tract 1123.01; Cuyahoga County; Ohio,0.259347030012,1520,370,857,254,805,259,880,299,262,208,210,78,309,160,152,144,187,70,206,133,452,244,71,61,21,58,1455,371,439,248,0,12,7,15,424,224,113,16,60.9,13.6,39.3,20.6,26.1,4.8,26.1,12.0,10.5,9.3,12.3,5.6,13.6,7.6,31.3,12.2,8.8,7.0,1.4,3.9,95.7,7.3,51.2,24.6,0.0,4.0,0.9,1.8,52.7,18.2,7.4,2.1,0.9635,0.9987,0.6203,0.9632,0.8385,4.3842,0.9575,0.2074,0.0904,0.9841,0.7254,0.7717,2.779,0.7225,0.9781,0.9781,0.9781,0.9749,0.0,0.5384,0.9949,0.9398,3.448,0.9279,11.5893,0.9632,1,1,0,1,0,3,0,0,1,0,0,1,1,1,1,0,0,1,1,3,8,701,235,132,1258,364,118,97,0,12,0,12,0,12,79,112,0,12,29.2,15.2,82.8,10.2,7.8,6.5,0.0,2.3,0.0,2.3,0.0,2.3,5.2,7.4,0.0,2.3
39,Ohio,OH,39035,Cuyahoga County,39035114501,Census Tract 1145.01; Cuyahoga County; Ohio,1.218965326914,725,154,537,82,397,76,332,121,42,41,166,79,66,43,40,40,179,78,147,58,185,86,53,25,0,48,705,156,0,16,12,19,0,16,75,55,3,1,45.8,13.6,17.1,18.1,41.8,18.2,12.4,7.5,5.5,6.0,24.7,10.6,20.3,5.8,25.5,10.5,13.3,5.8,0.0,6.6,97.2,6.1,0.0,3.0,2.2,3.5,0.0,4.0,18.9,13.1,0.4,0.1,0.8816,0.9562,0.9162,0.7337,0.5005,3.9882,0.8867,0.8532,0.4065,0.941,0.8683,0.0,3.069,0.8429,0.9864,0.9864,0.9864,0.0,0.707,0.0,0.8892,0.5374,2.1336,0.4752,10.1772,0.8635,0,1,1,0,0,2,0,0,1,0,0,1,1,1,0,0,0,0,0,0,4,2402,124,68,699,150,6,10,0,12,0,12,0,12,0,12,0,12,31.2,16.3,96.4,4.9,0.8,1.3,0.0,4.7,0.0,4.7,0.0,4.7,0.0,4.7,0.0,4.7
39,Ohio,OH,39035,Cuyahoga County,39035114600,Census Tract 1146; Cuyahoga County; Ohio,0.529922678388,1071,399,625,215,542,209,436,167,0,12,277,134,188,172,44,47,95,75,326,198,173,114,212,172,13,50,911,406,39,37,0,12,0,16,261,203,0,12,40.7,3.6,0.0,7.1,51.1,14.9,31.1,20.3,4.1,4.2,8.9,7.8,30.4,10.1,16.2,12.8,39.1,27.9,1.4,5.2,85.1,20.8,6.2,5.5,0.0,5.4,0.0,3.0,48.2,20.7,0.0,1.1,0.842,0.0,0.9743,0.9851,0.3478,3.1492,0.7013,0.0916,0.9242,0.6144,0.9975,0.7717,3.3994,0.9305,0.9486,0.9486,0.9486,0.5937,0.0,0.0,0.9924,0.0,1.5861,0.2559,9.0833,0.7375,0,0,1,1,0,2,0,1,0,1,0,2,1,1,0,0,0,1,0,1,6,1358,288,215,870,406,30,49,0,12,0,12,0,12,0,12,11,18,53.1,21.1,81.2,11.9,2.8,4.5,0.0,3.2,0.0,3.2,0.0,3.2,0.0,3.2,1.0,1.7
39,Ohio,OH,39035,Cuyahoga County,39035114800,Census Tract 1148; Cuyahoga County; Ohio,0.484198549038,2371,525,959,136,905,142,1743,519,273,121,399,148,145,94,0,12,35,38,1219,361,470,221,501,174,0,48,2371,525,311,106,0,12,5,15,285,104,0,12,73.5,14.6,37.8,16.6,44.1,14.8,16.1,10.0,0.0,1.5,1.5,1.7,51.4,6.0,19.8,7.8,55.4,17.1,0.0,2.6,100.0,0.0,32.4,10.1,0.0,3.6,0.6,1.7,31.5,11.5,0.0,0.5,0.9886,0.9981,0.9356,0.8408,0.0,3.7631,0.8375,0.007,0.9994,0.7978,0.999,0.0,2.8032,0.7324,0.9978,0.9978,0.9978,0.9286,0.0,0.4632,0.9635,0.0,2.3553,0.5711,9.9194,0.8384,1,1,1,0,0,3,0,1,0,1,0,2,1,1,1,0,0,1,0,2,8,1693,269,133,2362,521,0,12,0,12,0,12,0,12,9,16,0,12,29.7,13.2,99.6,0.7,0.0,1.5,0.0,1.5,0.0,1.5,0.0,1.5,0.4,0.7,0.0,1.5
39,Ohio,OH,39035,Cuyahoga County,39035115400,Census Tract 1154; Cuyahoga County; Ohio,0.271874881606,2315,484,1117,114,923,137,1303,387,271,124,493,121,451,133,432,310,311,89,458,180,455,142,121,69,201,96,1422,614,78,55,0,12,74,60,164,76,9,2,56.3,11.9,26.8,10.3,53.4,10.4,28.2,7.0,18.7,10.7,13.4,4.2,19.8,5.1,19.7,5.2,13.1,7.2,8.9,3.8,61.4,23.2,7.0,4.9,0.0,3.1,8.0,6.4,17.8,8.3,0.4,0.0,0.9448,0.9876,0.981,0.9756,0.9714,4.8604,0.9987,0.2568,0.3713,0.794,0.8638,0.9854,3.2713,0.9048,0.8694,0.8694,0.8694,0.6171,0.0,0.9771,0.8765,0.5374,3.0081,0.8324,12.0092,0.9819,1,1,1,1,1,5,0,0,0,0,1,1,0,0,0,0,1,0,0,1,7,849,307,86,1015,350,333,174,0,12,0,12,0,12,74,75,0,12,33.3,8.8,43.8,13.9,14.4,7.5,0.0,1.5,0.0,1.5,0.0,1.5,3.2,3.3,0.0,1.5
39,Ohio,OH,39035,Cuyahoga County,39035115700,Census Tract 1157; Cuyahoga County; Ohio,0.34159602246,1547,429,870,229,766,226,700,220,53,34,240,89,193,84,112,66,370,224,338,192,422,248,57,45,39,56,967,498,9,19,0,12,0,16,204,208,5,10,45.2,6.7,7.7,5.4,31.3,7.1,18.2,8.7,7.2,3.9,23.9,12.6,21.8,10.1,27.3,13.9,7.4,5.5,2.7,3.8,62.5,27.1,1.0,2.2,0.0,3.9,0.0,2.1,26.6,21.5,0.3,0.6,0.8788,0.7571,0.7552,0.884,0.6557,3.9308,0.8756,0.831,0.5025,0.9626,0.647,0.8827,3.8258,0.9883,0.8741,0.8741,0.8741,0.3292,0.0,0.0,0.9451,0.4924,1.7667,0.3254,10.3974,0.8825,0,0,0,0,0,0,0,0,1,0,0,1,0,0,0,0,0,1,0,1,2,1443,214,126,733,341,217,170,0,12,0,12,0,12,17,14,0,12,27.9,14.8,47.4,15.6,14.0,11.0,0.0,2.2,0.0,2.2,0.0,2.2,1.1,1.0,0.0,2.2
39,Ohio,OH,39035,Cuyahoga County,39035115800,Census Tract 1158; Cuyahoga County; Ohio,0.578182725674,2803,635,1266,182,1084,194,1478,502,210,135,480,167,336,149,200,179,387,157,831,326,587,175,212,92,0,48,1701,767,0,16,0,12,34,39,318,124,72,26,53.2,13.4,17.8,8.4,44.3,13.2,18.8,8.1,7.2,6.1,13.8,5.8,29.6,7.1,21.1,5.0,19.6,7.7,0.0,1.8,60.7,23.7,0.0,1.3,0.0,2.7,3.1,3.6,29.3,9.9,2.6,0.7,0.9254,0.9613,0.9375,0.8925,0.6557,4.3724,0.9562,0.2809,0.9033,0.8391,0.9508,0.0,2.9741,0.8098,0.8649,0.8649,0.8649,0.0,0.0,0.8502,0.9571,0.8012,2.6085,0.6816,10.8199,0.9181,1,1,1,0,0,3,0,1,0,1,0,2,0,0,0,0,0,1,0,1,6,1810,232,102,1309,456,155,94,4,9,0,12,0,12,213,127,20,30,21.4,9.1,46.7,11.6,5.5,3.5,0.1,0.4,0.0,1.2,0.0,1.2,7.6,4.4,0.7,1.1
39,Ohio,OH,39035,Cuyahoga County,39035115900,Census Tract 1159; Cuyahoga County; Ohio,0.495100911212,3129,573,1667,163,1368,191,714,239,70,67,450,166,207,90,472,225,342,157,503,295,422,133,15,26,0,48,1923,721,15,26,0,12,36,60,179,106,1,2,22.8,6.4,4.2,4.1,32.9,11.2,9.5,4.2,15.1,7.0,10.9,5.5,16.1,7.8,13.5,4.8,1.1,1.9,0.0,1.6,61.5,20.1,0.9,1.6,0.0,2.1,2.6,4.4,13.1,7.3,0.0,0.1,0.5779,0.4975,0.7917,0.6068,0.9426,3.4165,0.7606,0.1554,0.1658,0.4478,0.0829,0.0,0.8519,0.0149,0.8697,0.8697,0.8697,0.3181,0.0,0.8029,0.8013,0.0,1.9223,0.387,7.0604,0.4327,0,0,0,0,1,1,0,0,0,0,0,0,0,0,0,0,0,0,0,0,1,1908,236,119,1547,490,219,226,0,12,0,12,0,12,128,146,29,44,17.3,8.4,49.4,13.8,7.0,6.9,0.0,1.1,0.0,1.1,0.0,1.1,4.1,4.6,0.9,1.4
39,Ohio,OH,39035,Cuyahoga County,39035116300,Census Tract 1163; Cuyahoga County; Ohio,0.210068059548,1093,277,854,140,558,136,564,234,39,49,155,75,169,96,67,75,236,81,259,102,238,89,119,58,11,47,1093,277,29,34,0,12,0,16,110,82,0,12,51.6,17.0,10.2,10.8,27.8,11.6,21.2,12.7,6.1,6.7,21.6,7.6,23.7,8.1,21.8,6.1,21.3,9.0,1.1,4.6,100.0,0.0,3.4,3.9,0.0,4.0,0.0,2.9,19.7,13.5,0.0,1.1,0.9188,0.8473,0.6733,0.9255,0.5547,3.9196,0.8733,0.7384,0.6354,0.8645,0.9616,0.7254,3.9253,0.9933,0.9978,0.9978,0.9978,0.4895,0.0,0.0,0.8984,0.0,1.3879,0.1994,10.2306,0.8679,1,0,0,1,0,2,0,0,0,1,0,1,1,1,0,0,0,0,0,0,4,465,148,90,996,331,87,101,5,10,0,12,0,12,0,12,5,10,26.5,14.5,91.1,10.5,8.0,10.2,0.5,0.9,0.0,3.1,0.0,3.1,0.0,3.1,0.5,0.9
39,Ohio,OH,39035,Cuyahoga County,39035116400,Census Tract 1164; Cuyahoga County; Ohio,0.324388614626,2193,518,1212,157,947,175,1173,361,274,330,507,197,268,137,123,115,273,95,587,176,376,137,133,103,0,48,2156,518,199,99,0,12,0,16,261,115,25,4,55.0,9.3,32.0,26.3,53.5,18.3,17.2,9.4,5.6,5.0,12.4,4.4,26.8,8.2,17.1,6.3,14.0,10.6,0.0,2.3,98.3,4.3,16.4,7.9,0.0,2.8,0.0,1.7,27.6,12.9,1.1,0.3,0.9346,0.9949,0.9816,0.8643,0.5075,4.2829,0.9394,0.2118,0.805,0.6674,0.8819,0.0,2.5661,0.6013,0.9902,0.9902,0.9902,0.8022,0.0,0.0,0.9498,0.6703,2.4223,0.6032,10.2615,0.8721,1,1,1,0,0,3,0,0,0,0,0,0,1,1,0,0,0,1,0,1,5,1463,476,179,1998,457,0,12,0,12,0,12,0,12,158,141,0,12,50.3,12.8,91.1,5.6,0.0,1.6,0.0,1.6,0.0,1.6,0.0,1.6,7.2,5.6,0.0,1.6
39,Ohio,OH,39035,Cuyahoga County,39035116500,Census Tract 1165; Cuyahoga County; Ohio,0.312097443558,2499,650,1432,266,1218,282,1320,459,157,133,808,291,260,112,53,76,526,166,741,342,501,237,291,195,0,48,2389,666,404,223,42,64,14,25,522,256,3,1,52.8,12.2,18.0,15.2,66.3,18.3,14.9,6.3,2.1,3.1,21.0,8.4,29.7,8.1,20.0,9.0,23.9,15.0,0.0,2.0,95.6,9.6,28.2,14.7,2.9,4.5,1.1,2.0,42.9,13.7,0.1,0.0,0.9226,0.9622,0.9965,0.8161,0.1301,3.8275,0.8511,0.7121,0.9055,0.8074,0.974,0.0,3.399,0.9298,0.9778,0.9778,0.9778,0.9089,0.7317,0.587,0.987,0.3694,3.584,0.9505,11.7883,0.974,1,1,1,0,0,3,0,1,0,1,0,2,1,1,1,0,0,1,0,2,8,1611,388,215,2379,638,9,15,0,12,0,12,0,12,1,2,0,12,31.9,14.9,95.2,5.9,0.4,0.6,0.0,1.4,0.0,1.4,0.0,1.4,0.0,0.1,0.0,1.4
39,Ohio,OH,39035,Cuyahoga County,39035116600,Census Tract 1166; Cuyahoga County; Ohio,0.33939331055,2003,626,1280,178,914,198,978,507,38,54,356,144,234,105,159,117,355,194,706,425,404,168,210,120,0,48,1978,626,42,41,22,33,40,59,181,95,4,9,48.8,20.2,6.3,8.9,38.9,13.3,19.1,8.7,7.9,5.4,17.7,9.0,35.2,13.8,20.2,6.5,23.0,12.1,0.0,2.5,98.8,4.8,3.3,3.2,1.7,2.6,4.4,6.4,19.8,9.8,0.2,0.4,0.9026,0.6781,0.8816,0.8979,0.709,4.0692,0.9029,0.5117,0.9788,0.8134,0.9695,0.0,3.2734,0.9051,0.9918,0.9918,0.9918,0.4844,0.6816,0.9168,0.8994,0.4356,3.4178,0.9225,11.7522,0.9721,1,0,0,0,0,1,0,1,0,1,0,2,1,1,0,0,1,0,0,1,5,1132,242,102,1951,640,0,12,17,33,0,12,0,12,10,18,0,12,26.5,10.1,97.4,3.2,0.0,1.7,0.8,1.8,0.0,1.7,0.0,1.7,0.5,1.0,0.0,1.7
39,Ohio,OH,39035,Cuyahoga County,39035116700,Census Tract 1167; Cuyahoga County; Ohio,0.41218705112,1666,337,792,109,565,102,1076,407,153,123,302,125,222,108,59,58,219,55,674,249,450,274,157,93,5,47,1655,337,0,16,0,12,3,13,157,60,9,3,64.6,20.6,29.8,18.2,53.5,19.9,25.4,10.3,3.5,3.5,13.1,4.4,40.5,8.6,27.0,12.9,27.8,15.7,0.3,3.3,99.3,2.4,0.0,2.0,0.0,4.3,0.5,2.3,27.8,10.6,0.5,0.1,0.9749,0.9933,0.9816,0.9588,0.2856,4.1942,0.9263,0.2413,0.9924,0.9597,0.9867,0.4968,3.6769,0.9746,0.9949,0.9949,0.9949,0.0,0.0,0.4413,0.9508,0.5742,1.9663,0.4044,10.8323,0.92,1,1,1,1,0,4,0,1,1,1,0,3,1,1,0,0,0,1,0,1,9,1213,97,39,1561,326,26,42,0,12,0,12,0,12,68,111,0,12,17.2,7.4,93.7,9.0,1.6,2.5,0.0,2.1,0.0,2.1,0.0,2.1,4.1,6.6,0.0,2.1
39,Ohio,OH,39035,Cuyahoga County,39035116800,Census Tract 1168; Cuyahoga County; Ohio,0.337366661152,1921,515,1267,164,802,143,767,418,164,107,282,113,224,133,100,57,350,108,525,260,423,218,149,95,0,48,1921,515,16,30,0,12,0,16,260,85,0,12,39.9,18.9,20.2,10.4,35.2,12.6,19.6,10.5,5.2,3.3,18.2,7.4,27.3,8.8,22.0,10.5,18.6,11.4,0.0,2.6,100.0,0.0,1.3,2.4,0.0,2.7,0.0,2.0,32.4,10.9,0.0,0.6,0.8366,0.9743,0.8257,0.9058,0.4706,4.013,0.8908,0.5466,0.8282,0.8696,0.9422,0.0,3.1866,0.8822,0.9978,0.9978,0.9978,0.359,0.0,0.0,0.9657,0.0,1.3247,0.181,9.5221,0.7962,0,1,0,1,0,2,0,0,0,1,0,1,1,1,0,0,0,1,0,1,5,1493,305,126,1855,524,12,19,0,12,0,12,0,12,54,58,0,12,38.0,13.9,96.6,3.4,0.6,1.0,0.0,1.8,0.0,1.8,0.0,1.8,2.8,3.2,0.0,1.8
39,Ohio,OH,39035,Cuyahoga County,39035116900,Census Tract 1169; Cuyahoga County; Ohio,0.27322314979,1301,605,989,293,681,298,720,586,13,14,385,286,106,64,104,65,270,67,311,308,220,94,222,273,0,48,1269,606,61,46,0,12,22,37,287,287,0,12,55.7,37.1,2.3,2.8,56.5,33.9,11.3,6.1,8.0,6.4,20.8,10.1,23.9,13.4,16.9,10.9,32.6,37.5,0.0,4.1,97.5,10.7,6.1,4.3,0.0,3.5,3.2,5.2,42.1,26.1,0.0,0.9,0.94,0.2384,0.9886,0.6969,0.7166,3.5805,0.7978,0.7051,0.6516,0.6598,0.9933,0.0,3.0098,0.8276,0.9876,0.9876,0.9876,0.5905,0.0,0.8571,0.9857,0.0,2.4333,0.6076,10.0112,0.8489,1,0,1,0,0,2,0,0,0,1,0,1,1,1,0,0,0,1,0,1,5,644,95,59,893,203,0,12,8,11,7,12,0,12,361,559,0,12,14.0,9.4,68.6,30.9,0.0,2.7,0.6,1.0,0.5,1.0,0.0,2.7,27.7,31.4,0.0,2.7
39,Ohio,OH,39035,Cuyahoga County,39035117101,Census Tract 1171.01; Cuyahoga County; Ohio,0.370162551134,2561,812,1549,274,1220,255,1109,544,165,120,384,159,307,253,157,85,366,253,719,453,473,244,124,127,0,48,2018,821,328,215,27,30,46,73,307,114,1,2,43.3,16.2,14.2,9.7,31.5,11.2,17.0,10.4,6.1,3.9,14.3,8.8,28.1,11.5,18.5,8.2,10.2,10.2,0.0,2.1,78.8,20.1,21.2,13.4,1.7,1.9,3.8,5.9,25.2,10.6,0.0,0.1,0.8654,0.9229,0.7603,0.8605,0.5547,3.9638,0.8813,0.3047,0.857,0.7369,0.7835,0.0,2.6821,0.6692,0.9299,0.9299,0.9299,0.8587,0.6816,0.8898,0.9381,0.0,3.3682,0.913,10.944,0.927,0,1,0,0,0,1,0,0,0,0,0,0,1,1,0,0,0,1,0,1,3,1415,299,224,1625,708,36,57,0,12,0,12,0,12,357,435,0,12,24.5,16.4,63.5,15.6,1.4,2.3,0.0,1.4,0.0,1.4,0.0,1.4,13.9,15.8,0.0,1.4
39,Ohio,OH,39035,Cuyahoga County,39035117102,Census Tract 1171.02; Cuyahoga County; Ohio,0.381945225868,768,203,578,99,375,108,293,122,7,12,137,74,58,39,44,52,147,54,143,74,97,49,86,64,0,48,733,209,0,16,0,12,0,16,72,60,0,12,38.2,12.3,1.9,3.1,36.5,16.7,10.5,7.2,5.7,6.5,19.1,7.7,18.6,7.6,12.6,7.0,23.0,15.7,0.0,6.3,95.4,10.2,0.0,2.8,0.0,5.9,0.0,4.3,19.2,13.5,0.0,1.6,0.8166,0.1787,0.8432,0.6627,0.5176,3.0188,0.667,0.6062,0.2892,0.3897,0.9695,0.0,2.2546,0.4073,0.9765,0.9765,0.9765,0.0,0.0,0.0,0.8924,0.0,0.8924,0.0886,7.1423,0.446,0,0,0,0,0,0,0,0,0,1,0,1,1,1,0,0,0,0,0,0,2,560,90,64,722,198,11,19,0,12,0,12,0,12,0,12,0,12,24.0,13.9,94.0,7.0,1.4,2.5,0.0,4.5,0.0,4.5,0.0,4.5,0.0,4.5,0.0,4.5
39,Ohio,OH,39035,Cuyahoga County,39035117201,Census Tract 1172.01; Cuyahoga County; Ohio,0.318861178394,2847,470,2371,347,2043,350,1949,432,81,84,952,292,470,175,74,70,1256,358,381,212,960,303,132,74,143,135,2178,562,1526,313,200,143,0,16,764,219,128,2,71.7,9.9,9.2,9.5,46.6,11.9,19.1,7.0,2.7,2.6,44.1,9.1,13.4,6.4,35.3,8.9,6.5,3.4,5.1,4.8,76.5,15.2,64.4,9.2,8.4,5.9,0.0,0.8,37.4,9.5,4.5,0.7,0.986,0.8222,0.9502,0.8979,0.1888,3.8451,0.8556,0.9981,0.0853,0.9943,0.5844,0.954,3.6161,0.9686,0.923,0.923,0.923,0.9863,0.8527,0.0,0.9794,0.8922,3.7106,0.9679,12.0948,0.986,1,0,1,0,0,2,1,0,1,0,1,3,1,1,1,0,0,1,0,2,8,1457,877,292,2021,304,8,20,0,12,10,25,0,12,139,202,0,12,42.9,12.3,71.0,9.4,0.3,0.7,0.0,1.2,0.4,0.9,0.0,1.2,4.9,6.8,0.0,1.2
39,Ohio,OH,39035,Cuyahoga County,39035117203,Census Tract 1172.03; Cuyahoga County; Ohio,0.210590455554,1742,316,998,99,801,107,847,277,104,47,347,95,128,59,71,56,184,72,375,138,252,64,72,46,11,48,1416,351,12,23,0,12,1,14,125,55,8,2,49.4,13.4,10.2,4.9,43.3,10.4,9.8,4.2,4.1,2.9,10.6,4.6,21.5,6.0,14.5,4.1,9.0,5.6,0.7,3.0,81.3,13.7,1.2,2.3,0.0,3.4,0.1,1.7,15.6,6.9,0.5,0.1,0.9054,0.8473,0.9283,0.6252,0.3478,3.654,0.8133,0.1462,0.4848,0.5198,0.7349,0.6367,2.5224,0.5711,0.9385,0.9385,0.9385,0.3483,0.0,0.3819,0.8479,0.5742,2.1523,0.4825,9.2672,0.7606,1,0,1,0,0,2,0,0,0,0,0,0,1,1,0,0,0,0,0,0,3,722,112,55,1228,296,78,85,37,51,0,12,0,12,66,54,7,12,14.0,6.7,70.5,10.5,4.5,4.8,2.1,3.0,0.0,2.0,0.0,2.0,3.8,3.0,0.4,0.7
39,Ohio,OH,39035,Cuyahoga County,39035117300,Census Tract 1173; Cuyahoga County; Ohio,0.539474069664,2360,321,1168,121,860,130,1438,351,99,47,522,138,286,90,168,97,314,137,823,202,403,110,244,90,9,48,2258,323,41,27,0,12,24,35,201,83,85,6,62.1,12.5,11.0,5.9,60.7,13.2,20.8,6.2,7.1,4.2,13.3,5.7,34.9,6.2,17.1,4.7,28.4,9.5,0.4,2.3,95.7,4.2,3.5,2.3,0.0,2.9,2.8,4.0,23.4,8.8,3.6,0.6,0.9673,0.8641,0.9937,0.9211,0.6452,4.3914,0.9584,0.2505,0.9772,0.6674,0.9879,0.5412,3.4242,0.9346,0.9781,0.9781,0.9781,0.4943,0.0,0.826,0.9283,0.8545,3.1031,0.8575,11.8968,0.9787,1,0,1,1,0,3,0,1,0,1,0,2,1,1,0,0,0,1,0,1,7,1582,196,100,2103,306,30,31,0,12,0,12,0,12,125,133,0,12,22.8,10.8,89.1,6.1,1.3,1.4,0.0,1.5,0.0,1.5,0.0,1.5,5.3,5.4,0.0,1.5
39,Ohio,OH,39035,Cuyahoga County,39035117400,Census Tract 1174; Cuyahoga County; Ohio,0.28892977915,1401,259,774,117,635,106,604,172,82,72,289,94,193,82,120,93,104,73,308,133,164,84,42,41,0,48,1191,284,0,16,0,12,0,16,156,87,28,5,43.1,9.3,12.6,11.5,45.5,12.7,19.7,8.7,8.6,6.6,7.4,5.1,22.0,6.8,11.7,5.6,6.6,6.4,0.0,3.6,85.0,12.8,0.0,2.1,0.0,4.4,0.0,2.5,24.6,12.8,2.0,0.5,0.8639,0.8975,0.946,0.9074,0.7521,4.3669,0.9549,0.052,0.5171,0.3291,0.5902,0.0,1.4884,0.0886,0.9483,0.9483,0.9483,0.0,0.0,0.0,0.9359,0.7584,1.6943,0.293,8.4979,0.6629,0,0,1,1,0,2,0,0,0,0,0,0,1,1,0,0,0,1,0,1,4,1399,233,90,1191,273,0,12,0,12,0,12,0,12,0,12,0,12,36.7,13.2,85.0,8.7,0.0,2.5,0.0,2.5,0.0,2.5,0.0,2.5,0.0,2.5,0.0,2.5
39,Ohio,OH,39035,Cuyahoga County,39035117500,Census Tract 1175; Cuyahoga County; Ohio,0.485958788056,2103,582,1509,238,1202,228,1316,532,130,96,641,214,404,151,146,107,339,105,628,417,484,285,197,155,0,48,1945,584,58,38,0,12,0,16,241,131,2,2,62.6,18.4,15.8,11.1,53.3,14.7,29.4,11.3,6.9,5.5,16.1,6.3,29.9,12.8,23.0,10.6,16.3,12.5,0.0,2.4,92.5,10.8,3.8,2.4,0.0,2.3,0.0,1.3,20.0,10.9,0.1,0.1,0.9689,0.9457,0.9806,0.9797,0.6274,4.5023,0.9746,0.4071,0.9112,0.8959,0.9194,0.0,3.1336,0.8657,0.9696,0.9696,0.9696,0.5067,0.0,0.0,0.9032,0.3694,1.7793,0.3286,10.3848,0.8813,1,1,1,1,0,4,0,1,0,1,0,2,1,1,0,0,0,1,0,1,8,1668,382,130,1591,408,32,51,0,12,9,15,0,12,313,294,0,12,31.8,11.5,75.7,11.4,1.5,2.2,0.0,1.6,0.4,0.7,0.0,1.6,14.9,11.4,0.0,1.6
39,Ohio,OH,39035,Cuyahoga County,39035117600,Census Tract 1176; Cuyahoga County; Ohio,0.66823252293,3712,608,1894,255,1688,273,1568,546,162,126,881,312,221,116,129,91,470,146,854,361,719,286,147,117,0,48,3140,639,260,127,5,10,0,16,199,103,14,3,42.2,13.0,8.2,6.0,52.2,16.4,9.7,4.9,3.5,2.5,12.7,3.5,23.0,7.5,19.4,7.3,8.7,6.8,0.0,1.5,84.6,10.2,13.8,6.4,0.3,0.5,0.0,0.9,11.8,5.7,0.4,0.0,0.8556,0.7806,0.9787,0.6192,0.2856,3.5197,0.7848,0.2257,0.5862,0.782,0.7194,0.0,2.3133,0.4403,0.9471,0.9471,0.9471,0.7622,0.5565,0.0,0.774,0.5374,2.6301,0.6921,9.4102,0.7838,0,0,1,0,0,1,0,0,0,0,0,0,1,1,0,0,0,0,0,0,2,1696,219,134,3042,546,69,104,29,42,0,12,0,12,0,12,0,12,13.0,7.7,82.0,5.2,1.9,2.7,0.8,1.2,0.0,0.9,0.0,0.9,0.0,0.9,0.0,0.9
39,Ohio,OH,39035,Cuyahoga County,39035117700,Census Tract 1177; Cuyahoga County; Ohio,0.726831995674,5370,659,2873,363,2566,389,1285,530,87,69,1110,410,164,95,167,104,1040,227,986,232,1116,363,217,151,9,66,2781,849,448,326,13,21,0,24,385,309,218,5,24.9,9.8,3.2,2.6,43.3,14.6,4.2,2.5,3.2,2.0,19.4,4.8,18.4,3.7,21.7,7.2,8.4,5.7,0.2,1.3,51.8,14.5,15.6,11.2,0.5,0.7,0.0,0.9,15.0,10.9,4.1,0.5,0.6217,0.3711,0.9283,0.2441,0.2491,2.4143,0.4832,0.6287,0.279,0.8613,0.7051,0.4556,2.9297,0.7902,0.8323,0.8323,0.8323,0.7889,0.5717,0.0,0.8365,0.877,3.0741,0.8508,9.2504,0.7571,0,0,1,0,0,1,0,0,0,0,0,0,0,0,0,0,0,0,0,0,1,3181,586,259,2335,690,118,96,0,17,0,17,0,17,143,177,185,195,22.8,9.3,43.5,10.6,2.2,1.8,0.0,0.6,0.0,0.6,0.0,0.6,2.7,3.3,3.4,3.7
39,Ohio,OH,39035,Cuyahoga County,39035117800,Census Tract 1178; Cuyahoga County; Ohio,0.879746534468,2077,258,1122,104,931,114,831,238,142,89,484,136,260,87,156,91,183,52,537,146,367,125,211,83,0,48,1621,294,104,52,0,12,0,16,184,88,6,6,40.1,10.3,14.7,8.2,52.0,13.1,19.5,6.2,7.5,4.1,8.8,2.8,25.9,5.4,17.7,6.1,22.7,8.5,0.0,2.4,78.0,10.3,9.3,4.6,0.0,3.1,0.0,1.7,19.8,8.7,0.3,0.3,0.8385,0.9286,0.9771,0.9033,0.6798,4.3273,0.9476,0.0881,0.7625,0.6995,0.9679,0.0,2.518,0.5676,0.928,0.928,0.928,0.6784,0.0,0.0,0.8994,0.4924,2.0702,0.4441,9.8435,0.8298,0,1,1,1,0,3,0,0,0,1,0,1,1,1,0,0,0,0,0,0,5,2628,269,94,1477,246,1,2,0,12,0,12,0,12,143,113,0,12,28.9,9.0,71.1,8.5,0.0,0.1,0.0,1.7,0.0,1.7,0.0,1.7,6.9,5.2,0.0,1.7
39,Ohio,OH,39035,Cuyahoga County,39035117900,Census Tract 1179; Cuyahoga County; Ohio,0.45943010573799997,2434,713,1363,172,991,191,695,382,215,173,486,206,226,135,143,132,288,122,415,264,310,139,95,84,0,48,2201,731,210,102,0,12,0,16,275,145,20,3,28.6,13.3,14.5,11.0,49.0,18.5,12.6,5.3,5.9,5.6,11.8,4.7,17.1,9.4,12.7,4.8,9.5,8.3,0.0,2.0,90.4,14.2,15.4,7.2,0.0,2.5,0.0,1.6,27.7,13.7,0.8,0.3,0.6871,0.9263,0.9638,0.7406,0.537,3.8548,0.8594,0.1877,0.2096,0.3951,0.76,0.0,1.5524,0.1019,0.9604,0.9604,0.9604,0.7854,0.0,0.0,0.9502,0.6344,2.37,0.5787,8.7376,0.693,0,1,1,0,0,2,0,0,0,0,0,0,1,1,0,0,0,1,0,1,4,1383,299,129,2107,635,0,12,0,12,4,7,0,12,90,96,0,12,30.2,11.8,86.6,7.2,0.0,1.4,0.0,1.4,0.2,0.3,0.0,1.4,3.7,3.6,0.0,1.4
39,Ohio,OH,39035,Cuyahoga County,39035118101,Census Tract 1181.01; Cuyahoga County; Ohio,0.240428418114,1592,365,947,136,675,134,555,253,192,148,213,87,167,72,88,172,196,45,295,209,306,128,51,65,0,48,1547,366,77,56,0,12,7,16,154,63,2,2,34.9,13.7,19.7,13.5,31.6,11.3,14.4,6.6,5.5,10.8,12.3,3.4,18.5,10.6,19.2,6.6,7.6,9.5,0.0,3.1,97.2,5.6,8.2,5.8,0.0,3.6,1.0,2.4,22.8,8.7,0.1,0.1,0.7791,0.973,0.7644,0.8006,0.5005,3.8176,0.8483,0.2074,0.2828,0.7721,0.661,0.0,1.9233,0.233,0.9864,0.9864,0.9864,0.6552,0.0,0.5676,0.9251,0.3694,2.5173,0.6413,9.2446,0.7565,0,1,0,0,0,1,0,0,0,0,0,0,1,1,0,0,0,1,0,1,3,468,171,82,1467,332,25,39,0,12,0,12,0,12,55,61,0,12,25.3,11.3,92.1,4.8,1.6,2.3,0.0,2.2,0.0,2.2,0.0,2.2,3.5,3.7,0.0,2.2
39,Ohio,OH,39035,Cuyahoga County,39035118200,Census Tract 1182; Cuyahoga County; Ohio,0.24404928267,2127,680,930,192,693,194,1170,586,127,76,294,192,222,101,108,75,200,55,588,396,384,171,84,66,0,48,2111,680,0,16,0,12,0,16,231,184,0,12,55.0,21.2,15.0,6.3,42.4,25.0,17.2,6.8,5.1,3.6,9.4,3.7,27.6,11.4,18.1,6.9,12.1,8.9,0.0,2.4,99.2,4.0,0.0,1.7,0.0,3.7,0.0,2.3,33.3,19.7,0.0,0.6,0.9346,0.9327,0.9225,0.8643,0.4611,4.1152,0.914,0.1056,0.8408,0.7166,0.8397,0.0,2.5027,0.5584,0.9946,0.9946,0.9946,0.0,0.0,0.0,0.9683,0.0,0.9683,0.1016,8.5808,0.673,1,1,1,0,0,3,0,0,0,0,0,0,1,1,0,0,0,1,0,1,5,530,129,67,2094,677,0,12,0,12,0,12,0,12,12,16,5,16,18.6,10.4,98.4,1.8,0.0,1.6,0.0,1.6,0.0,1.6,0.0,1.6,0.6,0.8,0.2,0.8
39,Ohio,OH,39035,Cuyahoga County,39035118301,Census Tract 1183.01; Cuyahoga County; Ohio,0.360150540172,2458,808,1026,145,813,146,1148,741,111,97,398,171,139,84,247,170,473,91,682,430,210,94,0,16,0,48,2211,823,182,98,0,12,0,16,149,86,30,5,47.0,26.1,11.6,9.2,49.0,19.1,10.4,6.2,10.1,6.9,19.2,6.8,27.7,10.6,8.6,5.0,0.0,2.0,0.0,2.2,90.0,15.7,17.8,9.2,0.0,3.4,0.0,2.0,18.3,10.4,1.2,0.4,0.8899,0.8775,0.9638,0.6582,0.8232,4.2126,0.9298,0.6129,0.844,0.1415,0.0,0.0,1.5984,0.1133,0.9601,0.9601,0.9601,0.8184,0.0,0.0,0.8832,0.6814,2.383,0.5854,9.1541,0.7444,0,0,1,0,0,1,0,0,0,0,0,0,1,1,0,0,0,0,0,0,2,1039,152,81,1996,743,42,59,110,162,1,5,0,12,62,59,0,12,18.7,9.5,81.2,12.8,1.7,2.3,4.5,6.3,0.0,0.2,0.0,1.4,2.5,2.6,0.0,1.4
39,Ohio,OH,39035,Cuyahoga County,39035118602,Census Tract 1186.02; Cuyahoga County; Ohio,0.167968655774,1643,356,1149,143,1056,155,1013,301,151,129,450,166,266,147,116,138,265,106,125,143,614,219,41,65,0,48,1632,356,799,184,0,12,11,39,386,153,4,2,61.7,12.5,15.7,10.2,42.6,14.4,18.2,10.5,7.1,7.8,16.1,7.7,7.6,7.8,37.4,11.2,3.9,6.1,0.0,3.1,99.3,2.6,69.6,13.5,0.0,3.0,1.0,3.7,36.6,12.8,0.2,0.1,0.9645,0.9448,0.9238,0.884,0.6452,4.3623,0.953,0.4071,0.0298,0.9962,0.3638,0.0,1.7969,0.1806,0.9949,0.9949,0.9949,0.9895,0.0,0.5676,0.9768,0.4356,2.9695,0.8194,10.1236,0.8587,1,1,1,0,0,3,0,0,1,0,0,1,1,1,1,0,0,1,0,2,7,627,387,167,1476,297,26,44,0,12,9,21,0,12,121,200,0,12,36.6,16.6,89.8,13.7,1.6,2.5,0.0,2.1,0.5,1.3,0.0,2.1,7.4,11.4,0.0,2.1
39,Ohio,OH,39035,Cuyahoga County,39035118800,Census Tract 1188; Cuyahoga County; Ohio,0.445429275014,2769,435,2005,185,1535,193,1213,250,40,43,779,179,148,134,211,147,269,107,4,10,352,138,0,16,0,48,1196,504,705,152,0,12,0,16,430,127,528,25,53.7,3.9,2.4,2.8,50.7,9.8,9.9,7.5,7.7,4.7,9.7,3.9,0.1,0.4,12.8,5.1,0.0,1.0,0.0,1.7,43.2,16.9,35.1,6.9,0.0,1.7,0.0,1.0,28.0,8.0,19.1,3.1,0.9273,0.2514,0.9724,0.6319,0.6915,3.4745,0.7746,0.1138,0.0032,0.4002,0.0,0.0,0.5172,0.0041,0.7974,0.7974,0.7974,0.94,0.0,0.0,0.9511,0.974,2.8651,0.7851,7.6542,0.5248,1,0,1,0,0,2,0,0,0,0,0,0,0,0,1,0,0,1,1,3,5,5976,411,161,465,364,103,64,549,211,0,12,0,12,79,54,0,12,26.8,9.2,16.8,11.4,3.7,2.3,19.8,7.8,0.0,1.3,0.0,1.3,2.9,2.0,0.0,1.3
39,Ohio,OH,39035,Cuyahoga County,39035118900,Census Tract 1189; Cuyahoga County; Ohio,0.333875140766,1230,290,971,152,658,168,565,202,83,55,202,83,127,81,42,37,202,80,278,122,187,71,39,43,24,50,858,349,573,159,7,12,5,14,264,149,48,3,45.9,12.4,15.9,10.6,30.7,9.9,16.1,10.2,3.4,2.9,16.4,6.7,22.6,6.5,15.2,5.9,5.9,6.4,2.1,4.3,69.8,23.1,59.1,13.5,0.7,1.2,0.8,2.1,40.1,15.2,3.9,1.0,0.8832,0.9473,0.7422,0.8408,0.2745,3.688,0.8216,0.4255,0.5609,0.5592,0.5463,0.8427,2.9346,0.7937,0.9027,0.9027,0.9027,0.9829,0.6003,0.5117,0.9835,0.87,3.9484,0.987,11.4737,0.959,0,1,0,0,0,1,0,0,0,0,0,0,1,1,1,0,0,1,0,2,4,2382,120,79,683,202,24,26,136,67,0,12,0,12,15,16,0,12,18.2,10.8,55.5,12.2,2.0,2.2,11.1,5.8,0.0,2.8,0.0,2.8,1.2,1.3,0.0,2.8
39,Ohio,OH,39035,Cuyahoga County,39035119401,Census Tract 1194.01; Cuyahoga County; Ohio,0.269140893344,2258,462,1504,338,1293,327,692,290,108,105,536,262,186,91,54,145,638,239,190,116,378,218,58,47,48,88,1736,516,430,213,0,12,14,25,182,92,4,2,30.6,11.2,9.4,8.7,41.5,17.3,9.5,5.5,2.4,6.3,28.3,10.3,8.4,4.9,16.7,9.6,4.5,3.5,2.3,4.1,76.9,16.6,28.6,12.6,0.0,2.3,1.1,1.9,14.1,8.1,0.2,0.1,0.721,0.8286,0.914,0.6068,0.1568,3.2272,0.7203,0.941,0.0339,0.6493,0.4286,0.8548,2.9076,0.779,0.9239,0.9239,0.9239,0.9105,0.0,0.587,0.8206,0.4356,2.7537,0.74,9.8124,0.8283,0,0,1,0,0,1,1,0,0,0,0,1,1,1,1,0,0,0,0,1,4,2896,176,93,1163,390,31,50,264,134,0,12,0,12,181,187,97,163,13.6,8.0,51.5,12.7,1.4,2.2,11.7,6.1,0.0,1.5,0.0,1.5,8.0,8.1,4.3,7.1
39,Ohio,OH,39035,Cuyahoga County,39035119402,Census Tract 1194.02; Cuyahoga County; Ohio,0.163051646804,1574,264,1013,101,737,96,942,261,34,37,318,117,222,84,19,20,281,89,464,142,256,82,195,97,33,60,1533,265,64,28,0,12,10,18,210,68,23,4,59.8,13.2,4.7,5.2,43.1,14.8,22.5,8.7,1.2,1.3,17.9,6.2,29.5,5.8,16.3,5.3,26.4,12.7,2.4,4.3,97.4,4.1,6.3,2.7,0.0,3.4,1.4,2.4,28.5,9.8,1.5,0.0,0.9591,0.553,0.9267,0.9363,0.0511,3.4262,0.7632,0.5231,0.8998,0.6223,0.9835,0.8646,3.8933,0.9924,0.9873,0.9873,0.9873,0.5952,0.0,0.6384,0.9533,0.7146,2.9015,0.7965,11.2083,0.9438,1,0,1,1,0,3,0,0,0,1,0,1,1,1,0,0,0,1,0,1,6,957,218,81,1531,263,1,3,1,2,0,12,0,12,0,12,0,12,29.6,10.4,97.3,1.9,0.1,0.2,0.1,0.2,0.0,2.2,0.0,2.2,0.0,2.2,0.0,2.2
39,Ohio,OH,39035,Cuyahoga County,39035119501,Census Tract 1195.01; Cuyahoga County; Ohio,0.196467230496,2231,468,1701,172,1294,198,508,182,109,73,327,114,18,29,0,12,516,129,274,250,234,104,5,15,0,48,1419,493,1041,239,0,12,44,70,215,93,0,12,22.8,6.6,7.6,5.0,25.3,7.9,1.1,1.8,0.0,1.6,23.1,6.7,12.3,9.4,10.5,4.4,0.4,1.2,0.0,2.3,63.6,17.6,61.2,12.6,0.0,2.0,3.4,5.4,16.6,7.1,0.0,0.5,0.5779,0.7527,0.593,0.0384,0.0,1.962,0.3543,0.7961,0.0659,0.2453,0.0435,0.0,1.1508,0.033,0.8792,0.8792,0.8792,0.9841,0.0,0.8708,0.8613,0.0,2.7162,0.7254,6.7082,0.38,0,0,0,0,0,0,0,0,0,0,0,0,0,0,1,0,0,0,0,1,1,1410,166,96,1344,490,21,22,54,55,0,12,0,12,0,12,0,12,12.8,7.9,60.2,10.6,0.9,1.0,2.4,2.6,0.0,1.6,0.0,1.6,0.0,1.6,0.0,1.6
39,Ohio,OH,39035,Cuyahoga County,39035119502,Census Tract 1195.02; Cuyahoga County; Ohio,0.133316773478,1770,294,1365,204,1130,217,688,237,24,29,455,137,358,210,93,76,475,125,27,33,439,211,0,16,18,50,1573,308,841,211,0,12,68,84,458,216,13,3,38.9,11.7,2.5,3.0,40.3,9.3,20.9,10.6,5.3,4.3,26.8,7.7,1.5,1.9,24.8,10.5,0.0,1.4,1.0,2.8,88.9,9.2,61.6,12.4,0.0,2.5,6.0,7.3,40.5,13.7,0.7,0.1,0.8251,0.2657,0.8987,0.9217,0.4808,3.392,0.7549,0.9153,0.0089,0.9276,0.0,0.707,2.5588,0.5956,0.9569,0.9569,0.9569,0.9848,0.0,0.961,0.9838,0.6243,3.5539,0.9473,10.4616,0.8908,0,0,0,1,0,1,1,0,1,0,0,2,1,1,1,0,1,1,0,3,7,1197,397,246,1412,283,67,67,49,92,0,12,0,12,45,38,0,12,35.1,16.8,79.8,7.1,3.8,3.6,2.8,5.3,0.0,2.0,0.0,2.0,2.5,2.2,0.0,2.0
39,Ohio,OH,39035,Cuyahoga County,39035119600,Census Tract 1196; Cuyahoga County; Ohio,0.476169171846,1861,484,1104,181,874,189,764,315,135,88,371,145,307,122,0,12,571,184,339,243,429,189,63,63,0,48,1730,494,81,67,0,12,0,16,320,146,50,6,41.1,13.1,19.4,12.8,42.4,13.8,21.3,8.3,0.0,1.9,30.7,11.1,18.2,9.9,23.1,8.1,7.2,7.0,0.0,2.7,93.0,10.9,7.3,5.9,0.0,3.1,0.0,1.8,36.6,13.5,2.7,0.8,0.847,0.9714,0.9225,0.9264,0.0,3.6673,0.8162,0.9658,0.267,0.8988,0.6337,0.0,2.7653,0.7168,0.9708,0.9708,0.9708,0.6283,0.0,0.0,0.9768,0.8085,2.4136,0.5987,9.817,0.8286,0,1,1,1,0,3,1,0,0,0,0,1,1,1,0,0,0,1,0,1,6,1445,354,147,1632,498,30,48,58,74,0,12,0,12,10,16,0,12,40.5,15.4,87.7,8.8,1.6,2.6,3.1,4.2,0.0,1.9,0.0,1.9,0.5,0.9,0.0,1.9
39,Ohio,OH,39035,Cuyahoga County,39035119701,Census Tract 1197.01; Cuyahoga County; Ohio,0.203540233034,2293,529,1185,202,964,208,1125,429,234,186,480,190,165,140,114,80,368,140,554,208,470,224,132,69,0,48,2215,532,54,40,0,12,22,31,193,93,9,3,49.1,14.9,22.7,14.7,49.8,16.5,11.4,8.8,5.0,3.3,16.0,6.0,24.2,7.3,20.5,8.3,13.7,6.5,0.0,2.2,96.6,6.5,4.6,3.3,0.0,2.9,2.3,3.2,20.0,10.2,0.4,0.1,0.9038,0.9803,0.9692,0.7004,0.4487,4.0024,0.8892,0.3989,0.669,0.821,0.8733,0.0,2.7622,0.7149,0.9835,0.9835,0.9835,0.5441,0.0,0.7698,0.9032,0.5374,2.7545,0.7416,10.5026,0.8949,1,1,1,0,0,3,0,0,0,0,0,0,1,1,0,0,0,1,0,1,5,569,284,166,2142,524,9,14,0,12,0,12,0,12,64,76,0,12,29.5,14.3,93.4,5.2,0.4,0.6,0.0,1.5,0.0,1.5,0.0,1.5,2.8,3.3,0.0,1.5
39,Ohio,OH,39035,Cuyahoga County,39035119702,Census Tract 1197.02; Cuyahoga County; Ohio,0.204484252424,1406,336,960,117,675,122,742,218,85,80,340,122,299,134,71,83,315,91,266,150,239,117,96,61,0,48,1396,336,0,16,17,27,0,16,223,102,11,3,52.8,9.0,16.8,11.4,50.4,15.6,27.2,11.6,5.0,5.3,22.4,7.7,18.9,9.1,17.0,7.6,14.3,8.7,0.0,3.5,99.3,2.8,0.0,1.7,1.8,2.8,0.0,2.4,33.0,12.8,0.8,0.1,0.9226,0.9546,0.9714,0.9708,0.4487,4.2681,0.9375,0.7663,0.3107,0.6646,0.8892,0.0,2.6308,0.6416,0.9949,0.9949,0.9949,0.0,0.686,0.0,0.9673,0.6344,2.2877,0.5419,10.1815,0.8638,1,1,1,1,0,4,0,0,0,0,0,0,1,1,0,0,0,1,0,1,6,630,229,108,1389,334,0,12,0,12,7,22,0,12,0,12,0,12,33.9,12.3,98.8,1.6,0.0,2.5,0.0,2.5,0.5,1.5,0.0,2.5,0.0,2.5,0.0,2.5
39,Ohio,OH,39035,Cuyahoga County,39035119800,Census Tract 1198; Cuyahoga County; Ohio,0.389435604668,2730,821,1517,292,1168,281,828,422,160,107,308,165,302,230,126,89,386,120,479,216,623,236,131,74,0,48,2654,824,26,43,0,12,0,16,223,133,5,6,30.3,12.5,11.3,8.8,26.4,12.6,14.5,6.6,4.6,3.6,14.1,5.6,17.5,8.8,22.9,7.1,11.2,5.7,0.0,1.8,97.2,7.5,1.7,2.8,0.0,2.3,0.0,1.4,19.1,12.3,0.2,0.2,0.7172,0.8695,0.6327,0.805,0.3996,3.424,0.7622,0.2964,0.2305,0.8934,0.8162,0.0,2.2365,0.3965,0.9864,0.9864,0.9864,0.387,0.0,0.0,0.8914,0.4356,1.714,0.301,8.3609,0.6422,0,0,0,0,0,0,0,0,0,0,0,0,1,1,0,0,0,0,0,0,1,723,333,163,1937,358,151,242,0,12,0,12,0,12,566,800,0,12,28.5,14.1,71.0,23.9,5.5,8.8,0.0,1.3,0.0,1.3,0.0,1.3,20.7,24.3,0.0,1.3
39,Ohio,OH,39035,Cuyahoga County,39035119900,Census Tract 1199; Cuyahoga County; Ohio,0.220763084948,1420,341,1356,182,905,184,841,309,76,97,359,149,154,105,109,102,387,135,150,143,489,252,21,32,40,60,1367,344,209,136,0,12,0,16,380,183,40,7,59.2,16.5,12.2,15.2,39.7,14.3,13.9,9.3,7.7,7.6,27.3,8.3,10.6,9.3,34.4,13.8,2.3,3.5,3.0,4.5,96.3,7.2,15.5,9.8,0.0,2.5,0.0,1.8,42.0,16.6,2.8,0.8,0.9568,0.8876,0.8908,0.7863,0.6915,4.213,0.9302,0.9242,0.0466,0.9914,0.1902,0.8976,3.05,0.8387,0.9813,0.9813,0.9813,0.7879,0.0,0.0,0.9854,0.8161,2.5894,0.6717,10.8337,0.9203,1,0,0,0,0,1,1,0,1,0,0,2,1,1,0,0,0,1,0,1,5,728,409,171,1234,331,13,23,40,39,0,12,0,12,80,136,0,12,45.2,14.9,86.9,10.0,0.9,1.6,2.8,2.8,0.0,2.4,0.0,2.4,5.6,9.1,0.0,2.4
39,Ohio,OH,39035,Cuyahoga County,39035120200,Census Tract 1202; Cuyahoga County; Ohio,0.277879926012,1220,232,965,122,700,113,616,253,140,83,286,129,51,41,72,58,422,131,171,145,268,118,42,44,0,48,1212,232,75,40,0,12,9,18,213,108,0,12,50.5,18.4,24.1,16.2,40.9,17.2,5.2,4.3,5.9,4.8,34.6,12.4,14.0,10.2,22.0,10.5,6.0,6.2,0.0,4.2,99.3,2.2,7.8,4.0,0.0,3.6,1.3,2.6,30.4,15.0,0.0,1.0,0.9102,0.9835,0.9063,0.3148,0.537,3.6518,0.8124,0.9864,0.1024,0.8696,0.5517,0.0,2.5101,0.5638,0.9949,0.9949,0.9949,0.6444,0.0,0.6181,0.9606,0.0,2.2231,0.5124,9.3799,0.779,1,1,1,0,0,3,1,0,0,0,0,1,1,1,0,0,0,1,0,1,6,574,209,85,1193,223,19,29,0,12,0,12,0,12,0,12,0,12,29.9,11.7,97.8,2.5,1.6,2.3,0.0,2.8,0.0,2.8,0.0,2.8,0.0,2.8,0.0,2.8
39,Ohio,OH,39035,Cuyahoga County,39035120400,Census Tract 1204; Cuyahoga County; Ohio,0.356755159184,1631,386,1014,108,791,120,596,277,316,211,186,106,121,80,58,57,295,81,257,143,180,99,41,60,0,48,1598,388,97,75,51,55,47,64,210,104,2,1,36.5,14.6,32.3,17.9,23.5,12.9,9.0,6.1,3.6,3.6,18.1,5.4,15.8,6.9,11.0,6.0,5.2,7.5,0.0,3.2,98.0,5.3,9.6,7.3,5.0,5.4,5.9,8.0,26.5,12.2,0.1,0.1,0.7953,0.9956,0.5254,0.5755,0.2945,3.1863,0.7108,0.539,0.156,0.2815,0.4921,0.0,1.4686,0.0816,0.9892,0.9892,0.9892,0.6832,0.7838,0.959,0.9441,0.3694,3.7395,0.9695,9.3836,0.7803,0,1,0,0,0,1,0,0,0,0,0,0,1,1,0,0,1,1,0,2,4,610,176,98,1571,395,0,12,0,12,0,12,0,12,26,40,1,10,22.3,12.9,96.3,3.6,0.0,2.1,0.0,2.1,0.0,2.1,0.0,2.1,1.6,2.6,0.1,0.6
39,Ohio,OH,39035,Cuyahoga County,39035120500,Census Tract 1205; Cuyahoga County; Ohio,0.28412087873999997,1713,368,879,129,671,109,714,281,165,96,233,91,161,90,9,15,302,116,271,122,441,159,52,39,0,48,1713,368,0,16,0,12,0,16,114,59,0,12,41.7,13.7,17.1,10.6,34.7,12.3,13.0,5.7,0.5,0.9,17.6,7.3,15.8,6.4,25.7,9.2,7.7,5.7,0.0,2.9,100.0,0.0,0.0,1.8,0.0,3.9,0.0,2.4,17.0,8.7,0.0,0.7,0.8512,0.9562,0.8184,0.7555,0.0152,3.3965,0.7559,0.5044,0.156,0.9435,0.667,0.0,2.2709,0.4187,0.9978,0.9978,0.9978,0.0,0.0,0.0,0.8673,0.0,0.8673,0.0848,7.5325,0.5048,0,1,0,0,0,1,0,0,1,0,0,1,1,1,0,0,0,0,0,0,3,563,188,108,1682,370,22,36,8,15,0,12,0,12,1,3,0,12,28.0,14.0,98.2,2.3,1.3,2.1,0.5,0.9,0.0,2.0,0.0,2.0,0.1,0.2,0.0,2.0
39,Ohio,OH,39035,Cuyahoga County,39035120600,Census Tract 1206; Cuyahoga County; Ohio,0.351658226682,2062,505,1441,220,1016,202,787,418,262,248,458,208,246,135,249,155,562,181,346,254,411,180,37,42,44,84,2062,505,13,25,0,12,0,16,65,45,0,12,38.2,18.0,30.6,22.2,45.1,18.4,16.7,8.3,12.1,6.2,27.3,11.4,16.8,9.7,19.9,9.9,3.7,4.1,2.3,4.3,100.0,0.0,0.9,1.7,0.0,2.4,0.0,1.6,6.4,4.8,0.0,0.6,0.8166,0.9946,0.9429,0.8554,0.8896,4.4991,0.973,0.9242,0.1972,0.8032,0.34,0.8548,3.1194,0.8594,0.9978,0.9978,0.9978,0.3181,0.0,0.0,0.5641,0.0,0.8822,0.0873,9.4985,0.7937,0,1,1,0,0,2,1,0,0,0,0,1,1,1,0,0,0,0,0,0,4,1608,317,165,2014,503,28,43,0,12,0,12,0,12,20,32,0,12,31.2,17.2,97.7,2.6,1.4,2.0,0.0,1.7,0.0,1.7,0.0,1.7,1.0,1.6,0.0,1.7
39,Ohio,OH,39035,Cuyahoga County,39035120701,Census Tract 1207.01; Cuyahoga County; Ohio,0.237704082402,1227,655,889,210,694,213,834,652,23,36,180,98,206,179,13,18,334,115,365,460,236,101,173,200,0,48,1216,655,29,45,0,12,0,16,350,231,18,5,68.0,38.8,6.9,10.2,25.9,11.7,24.8,16.6,1.1,1.5,27.2,17.0,29.7,22.9,19.2,13.5,24.9,27.8,0.0,4.2,99.1,7.1,3.3,5.0,0.0,3.9,0.0,2.3,50.4,20.7,1.5,0.9,0.9797,0.7143,0.6111,0.9531,0.0451,3.3033,0.7387,0.9214,0.9055,0.7721,0.9768,0.0,3.5758,0.9603,0.9943,0.9943,0.9943,0.4844,0.0,0.0,0.994,0.7146,2.193,0.499,10.0664,0.854,1,0,0,1,0,2,1,1,0,1,0,3,1,1,0,0,0,1,0,1,7,1515,236,143,1207,654,0,12,7,10,0,12,0,12,2,5,0,12,34.0,19.8,98.4,1.5,0.0,2.8,0.6,0.9,0.0,2.8,0.0,2.8,0.2,0.4,0.0,2.8
39,Ohio,OH,39035,Cuyahoga County,39035120702,Census Tract 1207.02; Cuyahoga County; Ohio,0.240302934964,1335,281,751,83,556,86,563,188,92,51,183,71,295,113,120,68,327,96,255,105,272,107,76,53,0,48,1335,281,0,16,0,12,0,16,44,30,0,12,42.2,10.9,17.2,8.2,32.9,11.7,28.9,9.9,9.0,4.7,24.5,6.8,19.1,6.3,20.4,7.4,13.7,9.3,0.0,3.8,100.0,0.0,0.0,2.1,0.0,4.5,0.0,2.9,7.9,5.3,0.0,0.9,0.8556,0.9575,0.7917,0.9769,0.7721,4.3538,0.9514,0.8481,0.3256,0.8194,0.8733,0.0,2.8664,0.7616,0.9978,0.9978,0.9978,0.0,0.0,0.0,0.6444,0.0,0.6444,0.0521,8.8624,0.7086,0,1,0,1,0,2,0,0,0,0,0,0,1,1,0,0,0,0,0,0,3,524,169,75,1196,292,19,26,0,12,0,12,0,12,120,92,0,12,30.4,12.6,89.6,7.8,1.4,2.1,0.0,2.6,0.0,2.6,0.0,2.6,9.0,7.0,0.0,2.6
39,Ohio,OH,39035,Cuyahoga County,39035120801,Census Tract 1208.01; Cuyahoga County; Ohio,0.238615283122,1676,319,1064,161,857,160,766,257,46,50,554,202,250,141,45,44,530,229,351,120,385,139,61,35,0,48,1592,331,17,29,0,12,34,50,153,111,0,12,47.1,13.4,8.7,9.1,64.6,20.3,21.0,11.9,2.7,2.5,31.6,9.9,20.9,5.6,23.0,8.1,7.2,3.9,0.0,2.9,95.0,7.9,1.6,2.7,0.0,3.2,4.0,5.8,17.9,12.4,0.0,0.7,0.8911,0.8032,0.9959,0.9233,0.1888,3.8023,0.8451,0.9715,0.4426,0.8959,0.6337,0.0,2.9437,0.799,0.9759,0.9759,0.9759,0.3787,0.0,0.8952,0.8775,0.0,2.1514,0.4819,9.8733,0.834,0,0,1,1,0,2,1,0,0,0,0,1,1,1,0,0,0,0,0,0,4,625,246,128,1526,325,0,12,0,12,0,12,0,12,66,147,0,12,28.7,13.7,91.1,10.2,0.0,2.1,0.0,2.1,0.0,2.1,0.0,2.1,3.9,8.8,0.0,2.1
39,Ohio,OH,39035,Cuyahoga County,39035120802,Census Tract 1208.02; Cuyahoga County; Ohio,0.246137322286,2083,741,1352,375,1008,361,1445,744,67,85,553,364,97,60,180,184,278,109,396,234,309,163,141,181,0,48,2074,741,56,31,110,178,15,25,151,72,12,2,69.4,25.8,10.1,12.9,54.9,30.3,6.6,4.0,8.6,7.7,13.3,6.3,19.0,9.2,14.8,7.3,14.0,17.2,0.0,2.5,99.6,3.2,4.1,2.0,8.1,12.4,1.5,2.4,15.0,9.4,0.6,0.2,0.9822,0.8448,0.9848,0.4236,0.7521,3.9875,0.886,0.2505,0.3183,0.536,0.8819,0.0,1.9867,0.2663,0.9968,0.9968,0.9968,0.5219,0.8467,0.6606,0.8365,0.6059,3.4716,0.9346,10.4426,0.8876,1,0,1,0,0,2,0,0,0,0,0,0,1,1,0,0,0,0,0,0,3,1113,108,78,1914,703,141,191,7,12,0,12,0,12,12,16,0,12,10.7,8.9,91.9,8.8,6.8,8.9,0.3,0.6,0.0,1.7,0.0,1.7,0.6,0.8,0.0,1.7
39,Ohio,OH,39035,Cuyahoga County,39035121100,Census Tract 1211; Cuyahoga County; Ohio,0.257959379424,1783,518,942,98,738,115,600,243,238,122,320,105,343,152,83,76,342,84,344,193,355,149,53,50,0,48,1779,518,0,16,0,12,24,37,132,79,4,2,33.7,9.5,23.9,8.1,43.4,12.5,26.8,8.2,4.7,4.2,19.2,7.4,19.3,6.8,19.9,7.4,7.2,6.7,0.0,3.0,99.8,1.8,0.0,1.7,0.0,3.6,3.3,5.0,17.9,11.2,0.2,0.1,0.7639,0.9832,0.9295,0.9673,0.4135,4.0574,0.899,0.6129,0.3377,0.8032,0.6337,0.0,2.3875,0.4886,0.9975,0.9975,0.9975,0.0,0.0,0.8651,0.8775,0.4356,2.1782,0.4927,9.6206,0.8057,0,1,1,1,0,3,0,0,0,0,0,0,1,1,0,0,0,0,0,0,4,1375,143,69,1774,519,0,12,0,12,0,12,0,12,5,10,0,12,19.4,9.4,99.5,0.6,0.0,1.9,0.0,1.9,0.0,1.9,0.0,1.9,0.3,0.6,0.0,1.9
39,Ohio,OH,39035,Cuyahoga County,39035121200,Census Tract 1212; Cuyahoga County; Ohio,0.178575649918,1229,327,842,235,595,231,433,296,180,92,267,250,130,84,49,38,329,246,117,79,212,92,12,24,0,48,1198,330,0,16,0,12,0,16,18,16,4,2,36.4,22.9,26.9,10.6,44.9,38.2,12.7,9.7,4.0,3.2,26.8,16.1,9.5,5.9,17.2,10.0,2.0,4.0,0.0,4.2,97.5,6.9,0.0,1.9,0.0,4.1,0.0,2.7,3.0,3.0,0.3,0.1,0.794,0.9886,0.941,0.7454,0.3377,3.8067,0.8457,0.9153,0.0403,0.6728,0.159,0.0,1.7874,0.1759,0.9876,0.9876,0.9876,0.0,0.0,0.0,0.3051,0.4924,0.7975,0.0759,7.3792,0.4848,0,1,1,0,0,2,1,0,0,0,0,1,1,1,0,0,0,0,0,0,4,798,267,242,1161,315,0,12,0,12,0,12,0,12,0,12,37,43,44.9,25.6,94.5,5.1,0.0,2.8,0.0,2.8,0.0,2.8,0.0,2.8,0.0,2.8,3.0,3.4
39,Ohio,OH,39035,Cuyahoga County,39035121300,Census Tract 1213; Cuyahoga County; Ohio,0.513578980728,2041,574,1077,216,924,218,1331,595,307,266,356,120,308,123,217,245,325,84,646,367,507,141,104,68,0,48,1954,577,173,66,0,12,0,16,270,90,6,3,65.2,22.7,38.7,23.2,38.5,9.3,23.0,9.4,10.6,9.8,15.9,6.3,31.7,11.6,24.8,7.5,11.3,6.9,0.0,2.5,95.7,8.7,16.1,5.2,0.0,3.2,0.0,1.7,29.2,9.4,0.3,0.1,0.9759,0.9984,0.8759,0.9401,0.8423,4.6326,0.9898,0.3922,0.9461,0.9276,0.8187,0.0,3.0846,0.8483,0.9781,0.9781,0.9781,0.799,0.0,0.0,0.9565,0.4924,2.2479,0.5232,10.9432,0.9267,1,1,0,1,0,3,0,1,1,0,0,2,1,1,0,0,0,1,0,1,7,730,172,80,1651,382,0,12,0,12,0,12,0,12,0,12,303,417,18.6,8.5,80.9,16.9,0.0,1.7,0.0,1.7,0.0,1.7,0.0,1.7,0.0,1.7,14.8,17.5
39,Ohio,OH,39035,Cuyahoga County,39035121401,Census Tract 1214.01; Cuyahoga County; Ohio,0.302071532924,1516,283,869,88,579,93,433,212,65,54,211,76,145,59,116,61,209,52,437,166,195,74,125,61,0,48,1491,284,56,37,0,12,0,16,158,53,0,12,28.6,12.9,9.1,6.8,36.4,11.8,15.5,6.1,7.7,3.8,13.8,4.1,28.8,6.8,12.9,5.6,21.6,9.9,0.0,3.4,98.4,3.7,6.4,4.2,0.0,3.9,0.0,2.8,27.3,8.5,0.0,0.8,0.6871,0.8178,0.8413,0.831,0.6915,3.8687,0.8622,0.2809,0.8808,0.4059,0.9625,0.0,2.5301,0.5765,0.9908,0.9908,0.9908,0.5978,0.0,0.0,0.9486,0.0,1.5464,0.246,8.936,0.7197,0,0,0,0,0,0,0,0,0,1,0,1,1,1,0,0,0,1,0,1,3,1045,127,73,1433,258,0,12,0,12,0,12,0,12,58,67,0,12,21.9,12.3,94.5,5.6,0.0,2.3,0.0,2.3,0.0,2.3,0.0,2.3,3.8,4.2,0.0,2.3
39,Ohio,OH,39035,Cuyahoga County,39035121403,Census Tract 1214.03; Cuyahoga County; Ohio,0.396478105148,2353,599,1299,179,1010,185,822,296,173,115,414,173,194,79,141,89,457,82,386,237,365,150,196,117,0,48,2325,600,16,27,0,12,26,47,246,129,7,2,34.9,8.9,16.3,11.2,41.0,15.4,11.4,5.4,6.0,3.8,19.4,5.0,16.4,8.2,15.5,5.2,19.4,11.0,0.0,2.1,98.8,4.2,1.2,2.1,0.0,2.7,2.6,4.6,24.4,11.7,0.3,0.0,0.7791,0.9511,0.9073,0.7004,0.5459,3.8838,0.8654,0.6287,0.1763,0.5773,0.9489,0.0,2.3312,0.4533,0.9918,0.9918,0.9918,0.3483,0.0,0.8029,0.9346,0.4924,2.5782,0.6683,9.785,0.8248,0,1,1,0,0,2,0,0,0,1,0,1,1,1,0,0,0,1,0,1,5,1492,251,114,2154,579,141,143,0,12,20,26,0,12,10,17,0,12,24.9,10.5,91.5,6.0,6.0,5.8,0.0,1.5,0.8,1.1,0.0,1.5,0.4,0.7,0.0,1.5
39,Ohio,OH,39035,Cuyahoga County,39035121500,Census Tract 1215; Cuyahoga County; Ohio,0.339509527252,2189,524,1262,195,985,212,946,389,108,62,344,132,200,155,190,199,541,159,425,229,741,313,162,100,0,48,2104,534,0,16,8,15,0,16,292,202,1,2,43.5,14.7,12.3,5.9,34.9,11.1,12.0,8.5,8.7,8.5,24.7,7.9,19.4,8.2,33.9,11.0,16.4,9.5,0.0,2.2,96.1,8.1,0.0,1.3,0.6,1.3,0.0,1.6,29.6,16.4,0.0,0.1,0.8689,0.8905,0.8213,0.7207,0.7566,4.058,0.9,0.8532,0.3453,0.9898,0.921,0.0,3.1093,0.8571,0.9807,0.9807,0.9807,0.0,0.5876,0.0,0.9587,0.0,1.5463,0.2457,9.6943,0.8149,0,0,0,0,0,0,0,0,1,1,0,2,1,1,0,0,0,1,0,1,4,1185,206,88,1996,492,7,13,0,12,0,12,0,12,74,92,27,44,20.9,8.6,91.2,7.3,0.3,0.6,0.0,1.6,0.0,1.6,0.0,1.6,3.4,4.2,1.2,2.0
39,Ohio,OH,39035,Cuyahoga County,39035121700,Census Tract 1217; Cuyahoga County; Ohio,0.468272613742,4899,891,1874,257,1662,268,942,584,243,215,506,248,141,79,253,182,712,110,1420,485,468,193,134,90,39,73,4886,891,0,16,0,12,0,16,81,64,6,2,19.2,11.4,8.9,7.4,30.4,14.1,4.6,2.7,5.2,3.9,14.5,3.0,29.0,6.2,9.6,3.8,8.0,5.3,0.8,1.6,99.7,1.4,0.0,0.9,0.0,1.8,0.0,1.0,4.9,3.9,0.1,0.0,0.4875,0.8117,0.7368,0.2724,0.4706,2.779,0.5962,0.3155,0.8871,0.1933,0.6851,0.6636,2.7446,0.7048,0.9971,0.9971,0.9971,0.0,0.0,0.0,0.4625,0.3694,0.8319,0.0787,7.3526,0.4771,0,0,0,0,0,0,0,0,0,0,0,0,1,1,0,0,0,0,0,0,1,1480,253,154,4782,898,0,12,0,12,0,12,0,12,71,82,33,53,15.2,8.5,97.6,2.1,0.0,0.7,0.0,0.7,0.0,0.7,0.0,0.7,1.4,1.7,0.7,1.2
39,Ohio,OH,39035,Cuyahoga County,39035121800,Census Tract 1218; Cuyahoga County; Ohio,0.256834664298,1519,266,901,178,824,184,421,222,85,64,158,84,238,96,103,61,506,145,133,83,425,181,74,61,0,48,1519,266,0,16,0,12,0,16,90,57,0,12,27.7,13.8,12.5,8.0,19.2,9.2,17.7,7.4,6.8,3.9,33.3,8.5,8.8,5.3,28.0,9.6,9.0,7.1,0.0,3.3,100.0,0.0,0.0,1.8,0.0,3.8,0.0,1.9,10.9,7.2,0.0,0.8,0.6728,0.8946,0.3641,0.8754,0.6211,3.428,0.7644,0.9813,0.0361,0.9667,0.7349,0.0,2.719,0.6924,0.9978,0.9978,0.9978,0.0,0.0,0.0,0.7495,0.0,0.7495,0.0654,7.8943,0.5657,0,0,0,0,0,0,1,0,1,0,0,2,1,1,0,0,0,0,0,0,3,1084,182,80,1453,246,46,71,0,12,0,12,0,12,20,28,0,12,22.1,11.1,95.7,4.7,3.0,4.4,0.0,2.3,0.0,2.3,0.0,2.3,1.3,1.9,0.0,2.3
39,Ohio,OH,39035,Cuyahoga County,39035121900,Census Tract 1219; Cuyahoga County; Ohio,0.276550962928,951,288,618,111,579,105,322,162,176,169,194,94,28,28,25,41,242,91,59,64,167,75,38,46,0,48,915,292,16,22,0,12,0,16,63,46,0,12,33.9,13.6,36.4,20.4,33.5,15.1,3.6,3.4,2.6,4.3,25.4,11.9,6.2,6.4,17.6,8.7,6.6,7.9,0.0,5.0,96.2,9.7,2.6,3.5,0.0,5.5,0.0,2.8,10.9,8.0,0.0,1.3,0.7683,0.9978,0.801,0.1966,0.1812,2.9449,0.6416,0.8811,0.0228,0.6947,0.5902,0.0,2.1888,0.3733,0.981,0.981,0.981,0.446,0.0,0.0,0.7495,0.0,1.1955,0.146,7.3102,0.4717,0,1,0,0,0,1,0,0,0,0,0,0,1,1,0,0,0,0,0,0,2,901,93,59,915,292,0,12,0,12,0,12,0,12,0,12,0,12,16.1,10.2,96.2,5.8,0.0,3.6,0.0,3.6,0.0,3.6,0.0,3.6,0.0,3.6,0.0,3.6
39,Ohio,OH,39035,Cuyahoga County,39035122100,Census Tract 1221; Cuyahoga County; Ohio,0.623572876794,3058,427,1429,169,1321,162,901,402,213,145,322,133,186,76,106,84,844,196,671,256,577,197,170,119,0,48,3013,432,21,35,53,70,9,20,60,42,119,5,30.6,12.9,15.1,8.2,24.4,9.6,8.6,3.6,3.6,2.8,27.6,6.4,21.9,7.0,19.6,6.4,12.8,8.9,0.0,1.7,98.5,3.2,1.5,2.4,3.7,4.8,0.7,1.5,4.5,3.3,3.9,0.6,0.721,0.9346,0.5559,0.552,0.2945,3.058,0.6784,0.9299,0.5098,0.7893,0.8587,0.0,3.0877,0.8489,0.9911,0.9911,0.9911,0.3717,0.7533,0.4873,0.4365,0.87,2.9188,0.8019,10.0556,0.8524,0,1,0,0,0,1,1,0,0,0,0,1,1,1,0,0,0,0,0,0,3,3153,93,53,2830,465,80,124,11,18,0,12,0,12,76,64,16,26,7.0,4.2,92.5,5.0,2.6,4.2,0.4,0.6,0.0,1.1,0.0,1.1,2.5,2.1,0.5,0.9
39,Ohio,OH,39035,Cuyahoga County,39035122200,Census Tract 1222; Cuyahoga County; Ohio,0.72676365562,1900,351,929,127,826,145,902,261,471,299,280,110,249,99,85,52,339,73,520,199,347,149,183,106,0,48,1818,357,16,27,4,7,0,16,188,79,0,12,47.5,10.6,43.7,18.9,33.9,11.9,19.5,7.8,4.5,2.7,17.8,4.4,27.4,7.5,18.3,7.6,22.2,12.2,0.0,2.6,95.7,6.4,1.7,2.9,0.4,0.8,0.0,1.9,22.8,10.3,0.0,0.6,0.8924,0.999,0.8067,0.9033,0.3875,3.9889,0.887,0.5178,0.832,0.7271,0.9651,0.0,3.042,0.8362,0.9781,0.9781,0.9781,0.387,0.5625,0.0,0.9251,0.0,1.8746,0.366,9.8836,0.8346,0,1,0,1,0,2,0,0,0,1,0,1,1,1,0,0,0,1,0,1,5,1906,211,82,1711,340,20,34,0,12,0,12,0,12,43,66,44,40,25.5,10.4,90.1,5.5,1.1,1.8,0.0,1.8,0.0,1.8,0.0,1.8,2.3,3.5,2.3,2.1
39,Ohio,OH,39035,Cuyahoga County,39035122300,Census Tract 1223; Cuyahoga County; Ohio,0.595235306606,1745,334,940,168,845,167,758,293,90,86,447,176,276,166,117,59,498,159,289,118,440,220,105,60,0,48,1745,334,104,135,13,20,0,16,259,154,0,12,43.4,14.6,14.4,12.0,52.9,18.0,20.0,10.0,6.7,3.4,28.5,9.0,16.6,5.5,25.2,11.0,12.4,6.7,0.0,2.8,100.0,0.0,11.1,14.2,1.4,2.2,0.0,1.9,30.7,13.4,0.0,0.7,0.8661,0.9251,0.9803,0.9096,0.6109,4.292,0.9413,0.9432,0.1874,0.9349,0.8473,0.0,2.9128,0.7813,0.9978,0.9978,0.9978,0.7108,0.6597,0.0,0.9616,0.0,2.3321,0.5638,10.5347,0.8978,0,1,1,1,0,3,1,0,1,0,0,2,1,1,0,0,0,1,0,1,7,1222,276,159,1745,334,0,12,0,12,0,12,0,12,0,12,0,12,32.7,14.6,100.0,2.0,0.0,2.0,0.0,2.0,0.0,2.0,0.0,2.0,0.0,2.0,0.0,2.0
39,Ohio,OH,39035,Cuyahoga County,39035123100,Census Tract 1231; Cuyahoga County; Ohio,0.455931249414,2656,398,1244,193,1217,200,218,101,98,66,239,95,104,49,84,80,422,158,476,123,449,170,38,41,0,48,299,535,86,59,0,12,0,16,87,63,1,1,8.3,3.6,6.6,4.2,19.6,7.1,5.6,2.9,3.2,3.0,15.9,5.5,17.9,3.3,16.9,6.0,3.1,3.3,0.0,1.9,11.3,20.1,6.9,4.6,0.0,2.8,0.0,1.3,7.1,5.0,0.0,0.0,0.1542,0.6965,0.3781,0.3497,0.2491,1.8276,0.3143,0.3922,0.2495,0.6598,0.2733,0.0,1.5748,0.1079,0.3989,0.3989,0.3989,0.6146,0.0,0.0,0.6048,0.0,1.2194,0.1521,5.0207,0.1438,0,0,0,0,0,0,0,0,0,0,0,0,0,0,0,0,0,0,0,0,0,998,92,66,61,50,101,74,0,12,0,12,0,12,137,122,0,12,7.6,5.5,2.3,1.8,3.8,2.8,0.0,1.3,0.0,1.3,0.0,1.3,5.2,4.4,0.0,1.3
39,Ohio,OH,39035,Cuyahoga County,39035123200,Census Tract 1232; Cuyahoga County; Ohio,0.55035558233,2729,378,1444,157,1370,154,643,391,58,46,284,159,275,170,44,58,442,125,514,190,454,208,105,138,73,105,412,565,41,49,0,12,0,16,22,22,1,2,23.6,13.9,3.5,2.9,20.7,11.4,13.0,7.6,1.6,2.1,16.2,4.4,18.8,4.9,16.6,6.2,7.7,10.0,2.7,3.9,15.1,20.6,2.8,3.4,0.0,2.4,0.0,1.2,1.6,1.6,0.0,0.1,0.5922,0.4156,0.4244,0.7555,0.0825,2.2702,0.447,0.4138,0.3015,0.6407,0.667,0.8827,2.9057,0.7778,0.4965,0.4965,0.4965,0.4622,0.0,0.0,0.1724,0.0,0.6346,0.0517,6.307,0.3063,0,0,0,0,0,0,0,0,0,0,0,0,0,0,0,0,0,0,0,0,0,1774,122,58,65,57,95,89,211,281,9,11,0,12,32,36,0,12,8.9,4.1,2.4,2.1,3.5,3.2,7.7,10.1,0.3,0.4,0.0,1.3,1.2,1.4,0.0,1.3
39,Ohio,OH,39035,Cuyahoga County,39035123400,Census Tract 1234; Cuyahoga County; Ohio,0.973299049068,3294,435,1702,164,1535,182,535,175,112,91,293,89,229,100,217,131,675,156,425,149,482,178,40,28,48,57,430,597,243,123,0,12,0,16,92,50,66,8,16.2,4.9,6.1,4.6,19.1,5.3,8.7,3.8,6.6,3.7,20.5,4.1,12.9,3.6,14.6,5.0,2.6,1.8,1.5,1.8,13.1,18.0,14.3,7.1,0.0,2.0,0.0,1.0,6.0,3.3,2.0,0.4,0.3951,0.6648,0.359,0.5574,0.6001,2.5764,0.5324,0.6909,0.077,0.5236,0.2187,0.7854,2.2956,0.4327,0.4477,0.4477,0.4477,0.7705,0.0,0.0,0.5413,0.7584,2.0702,0.4441,7.3899,0.487,0,0,0,0,0,0,0,0,0,0,0,0,0,0,0,0,0,0,0,0,0,4740,256,123,39,44,266,180,98,81,0,12,0,12,27,27,0,12,16.7,7.2,1.2,1.3,8.1,5.3,3.0,2.4,0.0,1.1,0.0,1.1,0.8,0.8,0.0,1.1
39,Ohio,OH,39035,Cuyahoga County,39035123501,Census Tract 1235.01; Cuyahoga County; Ohio,0.781915237504,3392,562,1537,251,1320,222,1416,445,212,169,420,180,212,116,242,84,321,56,1068,346,543,186,265,176,95,69,1664,681,7,17,0,12,0,16,63,45,7,3,41.7,11.2,12.6,8.5,31.8,12.5,10.0,5.4,7.1,2.7,9.5,2.3,31.5,6.0,16.0,4.3,20.1,12.9,3.0,2.2,49.1,18.4,0.5,1.1,0.0,2.2,0.0,1.2,4.8,3.5,0.2,0.1,0.8512,0.8975,0.7686,0.6389,0.6452,3.8014,0.8444,0.1084,0.9432,0.6039,0.9559,0.8976,3.509,0.9517,0.8221,0.8221,0.8221,0.2819,0.0,0.0,0.4568,0.4356,1.1743,0.1397,9.3068,0.7686,0,0,0,0,0,0,0,1,0,1,0,2,0,0,0,0,0,0,0,0,2,4158,98,67,597,190,779,344,12,25,0,12,0,12,276,216,0,12,7.4,5.3,17.6,5.0,23.0,8.8,0.4,0.7,0.0,1.0,0.0,1.0,8.1,6.1,0.0,1.0
39,Ohio,OH,39035,Cuyahoga County,39035123502,Census Tract 1235.02; Cuyahoga County; Ohio,0.290969556016,2670,490,1519,215,1335,225,1021,343,32,31,565,221,300,163,90,77,241,111,420,221,323,175,41,45,66,84,966,611,740,218,0,12,32,37,168,82,0,12,38.2,10.8,2.0,1.9,42.3,14.9,15.2,7.4,3.4,2.9,9.0,4.6,15.7,6.9,12.3,6.5,3.0,3.3,2.6,3.3,36.2,21.9,48.7,12.6,0.0,2.3,2.4,2.7,12.6,6.3,0.0,0.4,0.8166,0.194,0.9216,0.8228,0.2745,3.0295,0.6717,0.0926,0.1525,0.3745,0.2619,0.877,1.7585,0.1632,0.7511,0.7511,0.7511,0.9698,0.0,0.7787,0.793,0.0,2.5415,0.6527,8.0806,0.5978,0,0,1,0,0,1,0,0,0,0,0,0,0,0,1,0,0,0,0,1,2,1124,202,118,523,298,123,183,206,219,3,5,0,12,111,84,0,12,15.1,8.5,19.6,9.9,4.6,6.8,7.7,7.7,0.1,0.2,0.0,1.3,4.2,3.0,0.0,1.3
39,Ohio,OH,39035,Cuyahoga County,39035123601,Census Tract 1236.01; Cuyahoga County; Ohio,0.492967697662,3151,556,1339,177,1313,177,361,200,76,52,163,76,147,76,103,57,377,55,394,95,337,96,34,32,24,51,575,650,0,16,3,11,3,16,0,12,5,10,11.5,6.0,3.3,2.3,12.4,5.5,6.2,3.2,3.3,1.8,12.0,2.5,12.5,3.3,10.7,3.7,2.6,2.4,0.8,1.7,18.2,20.4,0.0,1.2,0.2,0.8,0.2,1.2,0.0,2.6,0.2,0.3,0.2561,0.386,0.1098,0.3966,0.2634,1.4119,0.2025,0.1963,0.0704,0.2615,0.2187,0.6636,1.4105,0.0702,0.5615,0.5615,0.5615,0.0,0.5527,0.3905,0.0,0.4356,1.3788,0.1949,4.7627,0.12,0,0,0,0,0,0,0,0,0,0,0,0,0,0,0,0,0,0,0,0,0,1628,114,60,27,32,477,441,38,58,6,12,0,12,0,12,27,41,8.7,4.6,0.9,1.0,15.1,12.2,1.2,1.9,0.2,0.4,0.0,1.1,0.0,1.1,0.9,1.3
39,Ohio,OH,39035,Cuyahoga County,39035123602,Census Tract 1236.02; Cuyahoga County; Ohio,0.88564848964,3093,884,1501,258,1427,258,1190,904,160,192,644,280,387,261,108,69,591,94,582,612,692,318,30,27,44,66,1126,948,562,255,6,9,0,16,304,245,213,8,41.0,28.5,11.3,11.8,45.1,17.8,16.1,9.4,3.7,2.5,19.1,6.4,18.8,15.1,23.8,7.4,2.1,1.9,1.4,2.1,36.4,28.8,37.5,15.7,0.4,0.6,0.0,1.1,21.3,14.0,6.9,2.0,0.8461,0.8695,0.9429,0.8408,0.3021,3.8014,0.8444,0.6062,0.3015,0.9099,0.1673,0.7717,2.7566,0.7114,0.7527,0.7527,0.7527,0.9483,0.5625,0.0,0.913,0.936,3.3598,0.9108,10.6705,0.907,0,0,1,0,0,1,0,0,1,0,0,1,0,0,1,0,0,1,1,3,5,1786,307,229,295,183,112,67,173,141,0,12,0,12,546,798,0,12,21.5,12.9,9.5,5.3,3.6,2.6,5.6,4.8,0.0,1.1,0.0,1.1,17.7,21.7,0.0,1.1
39,Ohio,OH,39035,Cuyahoga County,39035123603,Census Tract 1236.03; Cuyahoga County; Ohio,0.617602581568,2618,224,1545,116,1421,120,562,280,57,39,299,108,198,104,147,97,507,86,403,137,304,103,81,66,64,62,479,298,288,119,0,12,11,20,136,59,33,6,21.7,10.6,3.3,2.3,21.0,7.4,9.6,4.8,5.7,3.6,19.4,3.1,15.4,4.6,11.7,3.7,5.7,4.6,2.5,2.4,18.3,11.3,18.7,7.6,0.0,2.2,0.8,1.4,9.6,4.2,1.3,0.2,0.5497,0.386,0.4365,0.6148,0.5176,2.5046,0.5124,0.6287,0.1414,0.3291,0.5317,0.8703,2.5012,0.5571,0.5631,0.5631,0.5631,0.8276,0.0,0.5117,0.706,0.6934,2.7387,0.7349,8.3076,0.6317,0,0,0,0,0,0,0,0,0,0,0,0,0,0,0,0,0,0,0,0,0,6148,230,98,71,47,263,148,90,121,0,12,0,12,55,64,0,12,16.2,6.4,2.7,1.8,10.0,5.4,3.4,4.5,0.0,1.3,0.0,1.3,2.1,2.4,0.0,1.3
39,Ohio,OH,39035,Cuyahoga County,39035123700,Census Tract 1237; Cuyahoga County; Ohio,1.347771270726,2631,310,1048,126,1011,131,292,162,24,29,146,59,185,93,203,107,422,94,560,130,349,124,24,28,73,76,882,469,0,16,0,12,16,26,45,33,51,2,11.4,6.2,1.6,2.0,14.4,5.5,10.0,5.3,7.9,3.9,16.0,4.1,21.3,4.3,13.5,5.0,2.4,2.8,2.9,3.0,33.5,17.4,0.0,1.5,0.0,3.3,1.6,2.6,4.5,3.3,1.9,0.2,0.2542,0.1346,0.1679,0.6389,0.709,1.9046,0.3375,0.3989,0.4743,0.4478,0.201,0.8941,2.4161,0.5073,0.7349,0.7349,0.7349,0.0,0.0,0.6794,0.4365,0.7524,1.8683,0.3638,6.9239,0.4146,0,0,0,0,0,0,0,0,0,0,0,0,0,0,0,0,0,0,0,0,0,3459,45,38,456,349,210,201,141,144,0,12,0,12,75,63,0,12,4.5,3.7,17.3,13.1,8.0,7.6,5.4,5.7,0.0,1.3,0.0,1.3,2.9,2.5,0.0,1.3
39,Ohio,OH,39035,Cuyahoga County,39035123800,Census Tract 1238; Cuyahoga County; Ohio,0.511592485938,2452,435,972,99,916,78,1729,479,237,95,311,111,216,97,112,128,226,96,1101,384,572,173,301,100,52,54,1933,439,47,62,0,12,21,19,222,84,0,12,71.2,15.0,26.8,9.4,34.0,11.8,18.4,8.2,4.6,5.3,9.2,4.4,44.9,8.9,23.3,7.3,32.9,10.6,2.3,2.3,78.8,11.2,4.8,6.4,0.0,3.5,2.3,2.1,24.2,9.3,0.0,0.5,0.9848,0.9876,0.8083,0.8868,0.3996,4.0671,0.9022,0.0983,0.9975,0.9023,0.9943,0.8548,3.8472,0.9898,0.9299,0.9299,0.9299,0.5511,0.0,0.7698,0.9327,0.0,2.2536,0.5283,11.0978,0.9381,1,1,0,0,0,2,0,1,1,1,0,3,1,1,0,0,0,1,0,1,7,989,144,87,1062,298,518,220,179,185,0,12,0,12,174,230,0,12,15.7,9.1,43.3,10.2,21.1,9.0,7.3,6.9,0.0,1.4,0.0,1.4,7.1,8.9,0.0,1.4
39,Ohio,OH,39035,Cuyahoga County,39035123900,Census Tract 1239; Cuyahoga County; Ohio,0.329403693504,3052,608,1441,181,1261,163,835,456,113,90,281,127,377,143,427,230,381,78,594,267,526,271,74,71,234,141,898,845,26,32,0,12,0,16,67,46,0,12,27.4,13.9,6.4,4.8,22.3,9.7,16.7,5.8,14.0,7.4,12.5,3.0,19.5,5.6,17.2,7.0,5.9,5.6,7.8,4.4,29.4,27.1,1.8,2.2,0.0,2.4,0.0,1.3,5.3,3.9,0.0,0.4,0.6684,0.6835,0.4813,0.8554,0.928,3.6166,0.8057,0.2166,0.3535,0.6728,0.5463,0.9791,2.7683,0.7187,0.7013,0.7013,0.7013,0.3917,0.0,0.0,0.4917,0.0,0.8834,0.0879,7.9696,0.58,0,0,0,0,1,1,0,0,0,0,1,1,0,0,0,0,0,0,0,0,2,1259,83,50,101,93,778,264,0,12,0,12,0,12,19,20,0,12,6.6,4.0,3.3,3.2,25.5,8.4,0.0,1.1,0.0,1.1,0.0,1.1,0.6,0.7,0.0,1.1
39,Ohio,OH,39035,Cuyahoga County,39035124100,Census Tract 1241; Cuyahoga County; Ohio,0.445282942356,5789,1214,2017,225,1927,232,2838,1269,215,101,545,164,1061,428,467,222,664,236,1931,748,814,229,189,82,375,211,2732,1800,36,60,0,17,85,84,215,99,0,17,49.0,19.4,7.8,3.7,28.3,7.8,31.2,10.3,8.1,4.3,11.5,4.5,33.4,7.1,14.1,5.0,9.8,4.1,6.8,3.5,47.2,29.5,1.8,3.0,0.0,1.7,4.4,4.3,11.2,5.2,0.0,0.3,0.9032,0.7616,0.6857,0.9854,0.7226,4.0585,0.9003,0.1756,0.9629,0.4862,0.7705,0.9731,3.3683,0.9229,0.8133,0.8133,0.8133,0.3917,0.0,0.9168,0.7594,0.0,2.0679,0.4435,10.308,0.8775,1,0,0,1,0,2,0,1,0,0,1,2,0,0,0,0,1,0,0,1,5,2543,300,164,741,456,1211,243,461,457,0,17,0,17,192,126,127,198,15.6,7.9,12.8,8.6,20.9,6.1,8.0,7.8,0.0,0.6,0.0,0.6,3.3,2.3,2.2,3.5
39,Ohio,OH,39035,Cuyahoga County,39035124201,Census Tract 1242.01; Cuyahoga County; Ohio,0.61161259514,2405,358,1237,163,1196,166,882,238,88,92,527,186,211,110,197,150,240,65,357,106,389,129,81,79,290,171,887,524,184,102,0,12,24,27,194,103,0,12,36.9,8.3,7.3,7.4,44.1,14.3,11.8,6.1,8.2,5.8,10.0,3.1,14.8,3.9,16.2,4.8,6.7,6.5,12.7,7.2,36.9,21.1,14.8,8.0,0.0,2.8,2.0,2.2,16.2,8.5,0.0,0.5,0.7988,0.7387,0.9356,0.7131,0.7306,3.9168,0.8717,0.124,0.123,0.6144,0.5975,0.9952,2.4541,0.5305,0.7575,0.7575,0.7575,0.7775,0.0,0.7346,0.8565,0.0,2.3686,0.5781,9.497,0.7933,0,0,1,0,0,1,0,0,0,0,1,1,0,0,0,0,0,0,0,0,2,7210,144,93,242,205,530,178,71,137,9,15,0,12,26,38,9,36,12.0,7.6,10.1,8.9,22.0,7.1,3.0,5.6,0.4,0.6,0.0,1.4,1.1,1.6,0.4,1.5
39,Ohio,OH,39035,Cuyahoga County,39035124202,Census Tract 1242.02; Cuyahoga County; Ohio,0.338201799778,1591,194,801,73,680,87,451,113,59,48,222,71,227,88,80,50,421,109,286,87,311,99,43,27,45,58,638,238,163,68,8,12,0,16,76,44,190,3,32.2,6.7,9.1,6.9,32.6,9.6,18.4,6.6,5.7,3.6,26.5,6.9,18.0,4.1,22.2,6.8,6.3,3.9,2.9,3.8,40.1,14.1,20.4,8.3,1.0,1.4,0.0,2.4,11.2,5.8,11.9,1.5,0.7448,0.8178,0.786,0.8868,0.5176,3.753,0.8343,0.9109,0.2565,0.875,0.5714,0.8941,3.5079,0.9514,0.7815,0.7815,0.7815,0.8514,0.6295,0.0,0.7594,0.9607,3.201,0.879,11.2434,0.9457,0,0,0,0,0,0,1,0,0,0,0,1,0,0,0,0,0,0,1,1,2,1755,114,50,185,81,247,135,23,34,0,12,0,12,183,121,0,12,16.8,7.0,11.6,4.7,15.5,8.2,1.4,2.1,0.0,2.2,0.0,2.2,11.5,7.3,0.0,2.2
39,Ohio,OH,39035,Cuyahoga County,39035124300,Census Tract 1243; Cuyahoga County; Ohio,0.565190779476,4318,719,1807,212,1662,209,935,356,233,121,598,222,364,128,530,423,458,74,1092,317,918,282,154,166,189,164,2246,899,15,27,0,12,47,55,206,104,12,2,21.7,7.4,9.8,5.3,36.0,12.6,12.9,4.6,12.3,9.1,10.6,2.4,25.3,4.0,21.3,7.0,9.2,9.9,4.6,3.9,52.0,18.9,0.8,1.5,0.0,1.9,2.8,3.3,12.4,6.3,0.3,0.1,0.5497,0.8368,0.8375,0.7524,0.8934,3.8698,0.8629,0.1462,0.7276,0.8448,0.7448,0.9429,3.4063,0.9314,0.8332,0.8332,0.8332,0.3111,0.0,0.826,0.7883,0.4924,2.4178,0.6003,10.5271,0.8968,0,0,0,0,0,0,0,0,0,0,1,1,0,0,0,0,0,0,0,0,1,2535,174,102,783,341,985,393,113,92,0,12,0,12,354,232,11,19,10.5,5.7,18.1,7.9,22.8,8.5,2.6,2.1,0.0,0.8,0.0,0.8,8.2,4.8,0.3,0.5
39,Ohio,OH,39035,Cuyahoga County,39035124500,Census Tract 1245; Cuyahoga County; Ohio,1.373395316058,3791,602,1581,164,1550,160,1255,505,356,299,410,146,237,99,652,318,529,112,633,239,715,212,61,57,89,88,1804,696,50,45,0,12,26,32,285,116,0,12,33.3,12.3,15.5,11.0,26.5,9.0,8.6,3.7,17.2,7.0,14.0,3.5,16.7,5.0,18.9,6.0,4.0,3.7,2.5,2.4,47.6,16.7,3.2,2.8,0.0,2.2,1.6,2.1,18.4,7.4,0.0,0.3,0.7601,0.9419,0.6356,0.552,0.9616,3.8512,0.8578,0.2885,0.1925,0.7566,0.3743,0.8703,2.4822,0.5473,0.8155,0.8155,0.8155,0.4797,0.0,0.6794,0.8841,0.0,2.0432,0.4359,9.1921,0.7498,0,1,0,0,1,2,0,0,0,0,0,0,0,0,0,0,0,0,0,0,2,6650,265,149,487,272,1002,431,164,156,13,20,0,12,138,114,0,12,17.1,9.2,12.8,6.7,26.4,9.3,4.3,4.1,0.3,0.5,0.0,0.9,3.6,2.8,0.0,0.9
39,Ohio,OH,39035,Cuyahoga County,39035124600,Census Tract 1246; Cuyahoga County; Ohio,1.08988486458,3921,504,1832,193,1667,207,2071,432,199,115,590,179,766,212,380,159,535,223,1021,278,896,222,294,119,97,123,1813,660,0,16,79,74,0,16,179,169,0,12,53.0,8.7,12.1,7.0,35.4,9.8,31.0,8.2,9.7,4.3,13.6,5.3,26.0,5.7,22.9,5.7,17.6,6.8,2.7,3.4,46.2,15.8,0.0,0.9,4.3,3.9,0.0,1.0,10.7,9.4,0.0,0.3,0.9238,0.8854,0.8289,0.9845,0.8067,4.4293,0.9638,0.2695,0.7689,0.8934,0.9327,0.8827,3.7472,0.981,0.8107,0.8107,0.8107,0.0,0.7695,0.0,0.7438,0.0,1.5133,0.2343,10.5005,0.8946,1,0,0,1,0,2,0,0,0,1,0,1,0,0,0,0,0,0,0,0,3,3046,330,165,900,299,799,255,0,12,0,12,0,12,91,75,23,40,19.8,8.6,23.0,6.9,20.4,6.5,0.0,0.9,0.0,0.9,0.0,0.9,2.3,1.9,0.6,1.0
39,Ohio,OH,39035,Cuyahoga County,39035126100,Census Tract 1261; Cuyahoga County; Ohio,0.6854275755,3188,481,1561,159,1279,196,1286,371,38,38,541,150,338,161,338,210,770,183,591,188,792,223,243,109,0,48,2915,497,584,145,0,12,0,16,201,88,198,7,42.4,10.2,2.9,3.1,42.3,9.8,15.2,6.8,11.1,6.9,24.2,5.2,18.5,4.6,26.1,6.2,19.0,8.0,0.0,1.6,91.4,7.3,37.4,8.5,0.0,2.2,0.0,1.3,15.7,7.0,6.2,1.0,0.8572,0.327,0.9216,0.8228,0.8607,3.7893,0.8419,0.8399,0.2828,0.947,0.9467,0.0,3.0164,0.8302,0.9654,0.9654,0.9654,0.9473,0.0,0.0,0.8498,0.9277,2.7248,0.7295,10.4959,0.894,0,0,1,0,0,1,0,0,1,1,0,2,1,1,1,0,0,0,1,2,6,2003,238,100,2694,507,63,74,0,12,0,12,0,12,158,146,0,12,18.6,8.0,84.5,7.8,2.0,2.4,0.0,1.1,0.0,1.1,0.0,1.1,5.0,4.6,0.0,1.1
39,Ohio,OH,39035,Cuyahoga County,39035127501,Census Tract 1275.01; Cuyahoga County; Ohio,0.853039473026,2393,559,1364,186,1053,181,786,270,72,46,285,130,267,163,84,95,443,143,244,141,683,184,100,73,0,48,2276,566,0,16,22,38,0,16,190,121,133,13,32.8,8.3,5.1,4.1,27.1,11.4,13.1,9.1,3.5,3.9,18.5,6.1,10.2,5.9,28.5,8.7,9.5,6.7,0.0,2.1,95.1,8.1,0.0,1.2,1.6,2.8,0.0,1.5,18.0,11.4,5.6,1.4,0.7518,0.5892,0.6549,0.7609,0.2856,3.0424,0.674,0.5698,0.0447,0.9708,0.76,0.0,2.3453,0.4603,0.9762,0.9762,0.9762,0.0,0.6749,0.0,0.8787,0.9188,2.4724,0.6248,8.8363,0.7057,0,0,0,0,0,0,0,0,1,0,0,1,1,1,0,0,0,0,1,1,3,2113,314,122,2199,555,10,13,0,12,10,13,0,12,57,65,0,12,29.8,11.3,91.9,5.0,0.4,0.5,0.0,1.4,0.4,0.5,0.0,1.4,2.4,2.9,0.0,1.4
39,Ohio,OH,39035,Cuyahoga County,39035130103,Census Tract 1301.03; Cuyahoga County; Ohio,1.399640599508,4650,550,1676,145,1608,148,231,107,45,33,195,78,78,59,114,94,906,101,1309,250,330,112,22,27,10,49,374,775,0,16,0,12,0,16,63,56,181,6,5.2,2.3,2.0,1.5,12.1,4.7,2.5,1.9,2.6,2.1,19.5,2.9,28.2,3.0,7.4,2.5,1.4,1.7,0.2,1.1,8.0,16.6,0.0,1.0,0.0,2.1,0.0,1.0,3.9,3.4,3.9,0.5,0.0685,0.194,0.1006,0.1192,0.1812,0.6635,0.0422,0.636,0.8608,0.0847,0.1086,0.4556,2.1457,0.3479,0.2825,0.2825,0.2825,0.0,0.0,0.0,0.3892,0.87,1.2592,0.1648,4.3509,0.0832,0,0,0,0,0,0,0,0,0,0,0,0,0,0,0,0,0,0,0,0,0,2398,142,68,56,50,168,111,26,31,0,12,0,12,124,74,0,12,8.8,4.1,1.2,1.1,3.6,2.4,0.6,0.7,0.0,0.7,0.0,0.7,2.7,1.5,0.0,0.7
39,Ohio,OH,39035,Cuyahoga County,39035130104,Census Tract 1301.04; Cuyahoga County; Ohio,1.576245584818,4549,524,1604,144,1539,146,142,86,91,56,158,59,28,30,62,45,606,92,1419,303,243,72,98,56,0,48,151,749,0,16,0,12,0,16,54,44,8,3,3.1,1.9,3.8,2.4,10.3,3.7,1.0,1.1,1.4,1.0,13.3,2.8,31.2,3.8,5.3,1.8,6.3,3.6,0.0,1.1,3.3,16.5,0.0,1.0,0.0,2.2,0.0,1.0,3.5,2.9,0.2,0.1,0.0248,0.4524,0.0537,0.0333,0.0676,0.6318,0.0378,0.2505,0.9404,0.0321,0.5714,0.0,1.7944,0.179,0.0793,0.0793,0.0793,0.0,0.0,0.0,0.3537,0.4356,0.7893,0.0743,3.2948,0.02,0,0,0,0,0,0,0,1,0,0,0,1,0,0,0,0,0,0,0,0,1,4456,63,41,0,12,96,83,6,11,0,12,0,12,49,59,0,12,4.1,2.7,0.0,0.8,2.1,1.9,0.1,0.2,0.0,0.8,0.0,0.8,1.1,1.3,0.0,0.8
39,Ohio,OH,39035,Cuyahoga County,39035130105,Census Tract 1301.05; Cuyahoga County; Ohio,0.648555220602,3641,446,1564,146,1534,154,366,171,27,29,244,94,12,15,30,34,715,255,965,224,244,85,96,55,0,48,326,646,216,75,0,12,7,16,39,39,8,7,10.1,4.5,1.5,1.6,15.9,5.9,0.5,0.6,0.8,1.0,19.6,6.7,26.5,4.0,6.7,2.5,6.3,3.5,0.0,1.5,9.0,17.7,13.8,4.6,0.0,2.2,0.5,1.0,2.5,2.5,0.2,0.2,0.2091,0.1251,0.2254,0.0184,0.0279,0.6059,0.0346,0.6411,0.7945,0.0622,0.5714,0.0,2.0692,0.3086,0.3177,0.3177,0.3177,0.7622,0.0,0.4413,0.2587,0.4356,1.8978,0.3746,4.8906,0.1305,0,0,0,0,0,0,0,0,0,0,0,0,0,0,0,0,0,0,0,0,0,2556,173,89,2,3,36,58,8,15,0,12,0,12,125,101,155,244,11.3,5.7,0.1,0.1,1.0,1.6,0.2,0.4,0.0,1.0,0.0,1.0,3.4,2.8,4.3,6.6
39,Ohio,OH,39035,Cuyahoga County,39035130106,Census Tract 1301.06; Cuyahoga County; Ohio,0.941234822376,3207,353,1509,149,1405,162,205,97,14,20,258,86,75,52,80,57,741,127,701,122,292,103,54,35,13,50,271,506,16,17,0,12,11,20,73,55,1,2,6.4,2.9,0.8,1.2,18.4,5.7,3.1,2.1,2.5,1.8,23.1,3.4,21.9,2.9,9.1,3.2,3.8,2.5,0.4,1.6,8.5,15.8,1.1,1.1,0.0,2.3,0.8,1.4,5.2,3.9,0.0,0.1,0.0984,0.0578,0.3286,0.1579,0.1692,0.8119,0.066,0.7961,0.5098,0.1644,0.3502,0.5412,2.3617,0.473,0.3009,0.3009,0.3009,0.3378,0.0,0.5117,0.4844,0.0,1.3339,0.1848,4.8084,0.1251,0,0,0,0,0,0,0,0,0,0,0,0,0,0,0,0,0,0,0,0,0,1326,114,63,48,57,149,115,18,23,0,12,0,12,43,46,13,19,8.1,4.4,1.5,1.8,4.6,3.6,0.6,0.7,0.0,1.1,0.0,1.1,1.3,1.4,0.4,0.6
39,Ohio,OH,39035,Cuyahoga County,39035131103,Census Tract 1311.03; Cuyahoga County; Ohio,1.277083716566,5278,582,1955,214,1821,186,308,210,190,161,204,72,57,36,47,38,934,98,1451,276,274,90,72,48,33,62,687,881,0,24,0,17,0,24,11,18,13,9,5.8,3.9,6.8,5.1,11.2,3.8,1.7,1.1,0.9,0.7,17.7,2.7,27.5,4.3,5.2,1.8,4.0,2.6,0.7,1.3,13.0,16.6,0.0,1.2,0.0,1.8,0.0,1.3,0.6,1.0,0.2,0.2,0.0797,0.7079,0.074,0.0694,0.0349,0.9659,0.0911,0.5117,0.837,0.0305,0.3743,0.6367,2.3902,0.4905,0.4448,0.4448,0.4448,0.0,0.0,0.0,0.0616,0.4356,0.4972,0.0359,4.2981,0.0794,0,0,0,0,0,0,0,0,0,0,0,0,0,0,0,0,0,0,0,0,0,4024,36,29,111,93,199,118,232,119,0,17,0,17,145,119,0,17,2.0,1.6,2.1,1.8,3.8,2.3,4.4,2.4,0.0,0.7,0.0,0.7,2.7,2.3,0.0,0.7
39,Ohio,OH,39035,Cuyahoga County,39035131104,Census Tract 1311.04; Cuyahoga County; Ohio,0.945692756068,4972,680,2996,278,2369,290,282,185,182,166,1022,252,132,68,94,109,2109,302,575,158,844,469,117,82,78,79,1052,974,2248,363,0,12,50,38,341,154,534,10,6.3,4.1,8.0,5.1,43.1,9.2,3.1,1.6,2.1,2.5,42.4,8.5,11.6,3.3,19.0,8.7,4.9,3.4,1.6,1.6,21.2,19.4,75.0,9.9,0.0,1.2,2.1,1.6,14.4,6.1,10.7,1.5,0.0952,0.773,0.9267,0.1579,0.1301,2.0829,0.3927,0.9968,0.0583,0.7639,0.4644,0.7971,3.0805,0.8473,0.6059,0.6059,0.6059,0.9924,0.0,0.7448,0.8263,0.9566,3.5201,0.9403,9.2894,0.7638,0,0,1,0,0,1,1,0,0,0,0,1,0,0,1,0,0,0,1,2,4,6566,239,121,333,163,41,67,616,355,0,12,0,12,62,68,0,12,10.1,4.9,6.7,3.4,0.8,1.4,12.4,6.8,0.0,0.7,0.0,0.7,1.2,1.4,0.0,0.7
39,Ohio,OH,39035,Cuyahoga County,39035131105,Census Tract 1311.05; Cuyahoga County; Ohio,1.753833199718,3584,346,1789,194,1638,176,273,197,60,64,408,153,109,91,37,50,995,143,534,87,418,171,92,59,78,80,1510,469,712,176,0,12,0,16,41,55,134,3,7.9,5.7,2.9,3.2,24.9,8.9,3.8,3.1,1.1,1.4,27.8,3.3,14.9,2.3,12.1,4.7,5.6,3.6,2.2,2.3,42.1,12.4,39.8,8.8,0.0,1.9,0.0,1.0,2.5,3.3,3.7,0.4,0.1457,0.327,0.5752,0.2102,0.0451,1.3032,0.1708,0.9337,0.1259,0.3586,0.5241,0.8491,2.7914,0.7279,0.7901,0.7901,0.7901,0.9527,0.0,0.0,0.2587,0.8599,2.0713,0.4454,6.956,0.4165,0,0,0,0,0,0,1,0,0,0,0,1,0,0,1,0,0,0,0,1,2,9752,33,27,733,342,172,134,333,173,0,12,0,12,272,120,0,12,2.0,1.7,20.5,8.9,4.8,3.8,9.3,4.7,0.0,1.0,0.0,1.0,7.6,3.4,0.0,1.0
39,Ohio,OH,39035,Cuyahoga County,39035132100,Census Tract 1321; Cuyahoga County; Ohio,1.50789819488,4361,469,2496,285,2100,286,869,505,179,155,706,316,215,149,105,121,753,247,719,238,531,244,112,89,70,128,2802,672,453,203,0,12,9,19,268,145,7,4,20.0,11.4,7.3,6.2,33.6,14.3,7.1,4.5,2.4,2.8,17.3,5.7,16.5,4.5,12.2,5.7,5.3,4.2,1.6,3.0,64.3,13.8,18.1,7.9,0.0,1.4,0.4,0.9,12.8,6.6,0.2,0.1,0.5065,0.7387,0.8025,0.4569,0.1568,2.6614,0.5597,0.4845,0.1823,0.3659,0.5022,0.7971,2.332,0.454,0.8824,0.8824,0.8824,0.8222,0.0,0.4206,0.7952,0.4356,2.4736,0.626,8.3494,0.6394,0,0,0,0,0,0,0,0,0,0,0,0,0,0,0,0,0,0,0,0,0,5539,304,185,2540,435,164,202,0,12,0,12,0,12,98,128,0,12,14.5,8.3,58.2,9.5,3.8,4.7,0.0,0.8,0.0,0.8,0.0,0.8,2.2,2.9,0.0,0.8
39,Ohio,OH,39035,Cuyahoga County,39035132200,Census Tract 1322; Cuyahoga County; Ohio,1.428850374114,3402,396,1339,181,1241,139,553,439,80,63,292,128,44,35,131,68,426,87,763,162,727,254,156,101,0,48,1908,504,27,40,0,12,27,40,56,38,7,2,16.3,12.8,5.2,4.2,23.5,10.0,1.9,1.6,3.9,2.0,12.5,2.6,22.4,3.5,21.4,7.5,12.6,8.0,0.0,1.5,56.1,13.3,2.0,3.0,0.0,2.6,2.2,3.2,4.5,3.0,0.2,0.1,0.4002,0.5971,0.5254,0.0808,0.3224,1.9259,0.3429,0.2166,0.5466,0.8493,0.8511,0.0,2.4636,0.5365,0.8491,0.8491,0.8491,0.4051,0.0,0.7575,0.4365,0.4356,2.0347,0.434,7.2733,0.467,0,0,0,0,0,0,0,0,0,0,0,0,0,0,0,0,0,0,0,0,0,2562,170,88,1614,351,42,59,0,12,0,12,0,12,252,245,0,12,13.7,7.1,47.4,8.9,1.2,1.8,0.0,1.0,0.0,1.0,0.0,1.0,7.4,7.1,0.0,1.0
39,Ohio,OH,39035,Cuyahoga County,39035132301,Census Tract 1323.01; Cuyahoga County; Ohio,1.680853357984,3408,514,2008,247,1801,244,746,266,120,87,491,170,203,124,206,121,713,192,645,272,532,169,251,266,7,48,2237,555,240,109,0,12,0,16,105,83,0,12,22.0,7.1,6.5,4.8,27.3,8.7,8.5,4.7,6.0,3.6,20.9,5.8,18.9,6.0,15.6,5.0,13.9,14.6,0.2,1.5,65.6,12.9,12.0,5.2,0.0,1.7,0.0,0.9,5.8,4.6,0.0,0.4,0.5576,0.6917,0.6606,0.5482,0.5459,3.004,0.6616,0.7093,0.3107,0.5833,0.879,0.4556,2.9379,0.7959,0.8868,0.8868,0.8868,0.7308,0.0,0.0,0.5292,0.0,1.26,0.1654,8.0887,0.5984,0,0,0,0,0,0,0,0,0,0,0,0,0,0,0,0,0,0,0,0,0,2291,228,117,2013,540,136,176,20,24,0,12,0,12,68,66,0,12,12.7,6.5,59.1,10.4,4.0,5.1,0.6,0.7,0.0,1.0,0.0,1.0,2.0,1.9,0.0,1.0
39,Ohio,OH,39035,Cuyahoga County,39035132302,Census Tract 1323.02; Cuyahoga County; Ohio,0.724067891456,1872,331,1024,112,918,119,504,225,65,51,301,103,113,68,65,56,327,78,520,170,215,75,141,79,0,48,1094,419,182,77,0,12,0,16,143,61,0,12,27.2,11.2,6.9,5.5,32.8,10.4,9.5,5.5,3.5,2.8,17.5,4.9,27.8,6.4,11.5,4.6,15.4,8.4,0.0,2.8,58.4,19.9,17.7,7.3,0.0,3.4,0.0,1.7,15.6,6.6,0.0,0.6,0.6658,0.7143,0.7905,0.6068,0.2856,3.063,0.6813,0.4959,0.8472,0.3158,0.9098,0.0,2.5687,0.6029,0.8564,0.8564,0.8564,0.8175,0.0,0.0,0.8479,0.0,1.6654,0.2797,8.1535,0.6083,0,0,0,0,0,0,0,0,0,1,0,1,0,0,0,0,0,0,0,0,1,1512,137,56,969,252,28,37,0,12,0,12,0,12,90,86,7,11,14.9,5.9,51.8,11.0,1.5,1.9,0.0,1.8,0.0,1.8,0.0,1.8,4.8,4.3,0.4,0.6
39,Ohio,OH,39035,Cuyahoga County,39035133103,Census Tract 1331.03; Cuyahoga County; Ohio,1.291787639032,3248,407,1823,170,1698,169,697,268,159,132,621,164,278,144,216,131,722,105,373,188,613,200,132,104,0,48,2710,433,521,173,147,72,54,65,193,103,1,2,21.5,7.8,8.1,5.9,36.6,8.9,11.1,5.6,6.7,4.1,22.2,2.9,11.5,5.0,18.9,6.2,7.8,6.1,0.0,1.5,83.4,8.3,28.6,9.1,8.1,3.9,3.2,3.8,11.4,6.0,0.0,0.1,0.5424,0.7778,0.8463,0.6906,0.6109,3.468,0.7733,0.7575,0.0564,0.7566,0.6749,0.0,2.2454,0.4016,0.9432,0.9432,0.9432,0.9105,0.8467,0.8571,0.7651,0.0,3.3794,0.9152,10.036,0.8502,0,0,0,0,0,0,0,0,0,0,0,0,1,1,1,0,0,0,0,1,2,4074,375,123,2496,365,76,131,34,55,0,12,0,12,104,74,0,12,22.1,7.2,76.8,5.5,2.3,3.9,1.0,1.7,0.0,1.1,0.0,1.1,3.2,2.3,0.0,1.1
39,Ohio,OH,39035,Cuyahoga County,39035133104,Census Tract 1331.04; Cuyahoga County; Ohio,1.51956812783,2843,409,2023,278,1925,279,1096,418,156,150,1118,394,318,125,134,100,580,183,319,223,749,265,216,128,0,48,2272,469,1409,338,320,134,51,52,320,139,42,15,39.1,13.8,10.2,9.5,58.1,18.7,13.3,4.8,4.8,3.3,20.4,6.4,11.2,7.2,26.7,9.1,11.2,6.4,0.0,1.7,79.9,11.8,69.6,13.7,15.8,6.4,2.6,2.7,16.6,8.1,1.5,0.5,0.8264,0.8473,0.9905,0.7689,0.4243,3.8574,0.8597,0.6855,0.0539,0.9556,0.8162,0.0,2.5112,0.5644,0.935,0.935,0.935,0.9895,0.9333,0.8029,0.8613,0.7146,4.3016,0.9971,11.6052,0.9648,0,0,1,0,0,1,0,0,1,0,0,1,1,1,1,1,0,0,0,2,5,8759,354,211,2140,421,99,87,0,12,0,12,0,12,33,43,0,12,18.4,10.2,75.3,8.5,3.5,3.0,0.0,1.2,0.0,1.2,0.0,1.2,1.2,1.5,0.0,1.2
39,Ohio,OH,39035,Cuyahoga County,39035134100,Census Tract 1341; Cuyahoga County; Ohio,0.693956954782,1463,218,687,109,676,109,215,75,8,10,200,62,98,55,179,79,352,77,215,58,186,83,10,16,7,47,434,295,158,106,0,12,4,13,30,29,162,3,16.5,5.1,1.1,1.4,29.6,7.8,8.3,4.8,13.8,6.3,24.1,6.3,14.7,3.4,14.3,6.7,1.5,2.4,0.5,3.3,29.7,19.7,23.0,15.0,0.0,5.0,0.6,1.9,4.4,4.4,11.1,1.7,0.4078,0.0803,0.7146,0.5365,0.9242,2.6634,0.5606,0.8367,0.1195,0.5033,0.1156,0.5796,2.1547,0.3524,0.7048,0.7048,0.7048,0.874,0.0,0.4632,0.4289,0.9581,2.7242,0.7286,8.2471,0.6229,0,0,0,0,1,1,0,0,0,0,0,0,0,0,0,0,0,0,1,1,2,1441,105,72,263,116,57,57,16,14,0,12,0,12,62,43,36,71,15.5,10.4,18.0,7.2,3.9,4.2,1.1,0.9,0.0,2.4,0.0,2.4,4.2,2.9,2.5,4.8
39,Ohio,OH,39035,Cuyahoga County,39035134203,Census Tract 1342.03; Cuyahoga County; Ohio,1.478715447414,3203,293,1239,105,1226,104,279,170,44,31,231,74,58,42,98,47,373,47,842,118,275,103,4,13,10,48,701,434,0,16,0,12,0,16,0,12,0,12,8.7,5.3,2.5,1.7,18.8,5.8,2.7,1.9,3.1,1.5,11.6,1.4,26.3,2.3,8.6,3.1,0.3,1.1,0.3,1.6,21.9,13.4,0.0,1.3,0.0,2.8,0.0,1.3,0.0,2.8,0.0,0.4,0.1695,0.2657,0.3444,0.1325,0.2371,1.1492,0.1356,0.1776,0.7828,0.1415,0.041,0.4968,1.6397,0.1225,0.616,0.616,0.616,0.0,0.0,0.0,0.0,0.0,0.0,0.0,3.4049,0.0263,0,0,0,0,0,0,0,0,0,0,0,0,0,0,0,0,0,0,0,0,0,3500,39,30,383,264,132,95,127,114,0,12,0,12,59,34,0,12,3.2,2.4,12.0,8.1,4.1,2.9,4.0,3.6,0.0,1.1,0.0,1.1,1.8,1.1,0.0,1.1
39,Ohio,OH,39035,Cuyahoga County,39035134204,Census Tract 1342.04; Cuyahoga County; Ohio,0.894884435582,3822,416,1837,177,1717,200,1260,402,121,95,502,154,187,89,210,90,877,249,659,167,883,314,102,72,0,48,697,559,528,140,12,19,36,36,228,110,404,13,36.8,10.9,6.7,4.9,29.2,8.3,7.4,3.5,5.9,2.5,22.9,6.6,17.2,3.5,24.6,8.3,5.9,4.1,0.0,1.3,18.2,14.5,28.7,7.1,0.7,1.0,2.1,2.1,13.3,6.1,10.6,1.2,0.7982,0.7032,0.7079,0.4775,0.537,3.2238,0.719,0.7885,0.2153,0.9248,0.5463,0.0,2.4749,0.5422,0.5615,0.5615,0.5615,0.9111,0.6003,0.7448,0.8063,0.9559,4.0184,0.9902,10.2786,0.8746,0,0,0,0,0,0,0,0,1,0,0,1,0,0,1,0,0,0,1,2,3,3403,104,59,252,184,47,41,82,56,0,12,68,55,248,143,0,12,6.1,3.3,6.6,4.7,1.2,1.0,2.1,1.5,0.0,0.9,1.8,1.4,6.5,3.5,0.0,0.9
39,Ohio,OH,39035,Cuyahoga County,39035134205,Census Tract 1342.05; Cuyahoga County; Ohio,0.692024514272,2304,258,1123,121,1047,109,268,126,68,41,225,81,42,31,89,48,690,173,339,85,383,122,28,29,0,48,219,364,65,33,0,12,6,16,12,18,7,2,11.8,5.4,5.7,3.4,21.5,7.4,2.3,1.7,3.9,2.0,29.9,5.7,14.7,3.3,16.6,5.0,2.7,2.8,0.0,2.1,9.5,15.8,5.8,2.9,0.0,3.1,0.6,1.5,1.1,1.7,0.3,0.1,0.2656,0.6356,0.4568,0.1068,0.3224,1.7872,0.3044,0.9591,0.1195,0.6407,0.2298,0.0,1.9491,0.247,0.337,0.337,0.337,0.5806,0.0,0.4632,0.1194,0.4924,1.6556,0.2765,5.7289,0.219,0,0,0,0,0,0,1,0,0,0,0,1,0,0,0,0,0,0,0,0,1,1569,65,42,84,58,53,42,31,46,0,12,0,12,51,45,0,12,6.2,4.0,3.6,2.5,2.3,1.8,1.3,2.0,0.0,1.5,0.0,1.5,2.2,2.0,0.0,1.5
39,Ohio,OH,39035,Cuyahoga County,39035134206,Census Tract 1342.06; Cuyahoga County; Ohio,0.972643833974,3445,591,1414,167,1353,173,497,298,147,94,238,83,31,25,118,57,484,53,863,307,377,101,172,141,0,48,587,790,162,117,0,12,30,35,29,24,3,2,14.5,8.3,7.9,4.4,17.6,5.7,1.4,1.1,3.4,1.8,14.0,3.2,25.1,5.5,11.0,3.3,12.7,10.3,0.0,1.5,17.0,22.7,11.5,8.2,0.0,2.4,2.2,2.6,2.1,1.8,0.1,0.1,0.3466,0.7667,0.2943,0.0536,0.2745,1.7357,0.2902,0.2885,0.7188,0.2815,0.8559,0.0,2.1447,0.3473,0.5349,0.5349,0.5349,0.7197,0.0,0.7575,0.2248,0.3694,2.0714,0.4457,6.4867,0.3397,0,0,0,0,0,0,0,0,0,0,0,0,0,0,0,0,0,0,0,0,0,1330,95,46,237,335,130,91,0,12,0,12,0,12,177,159,43,66,7.0,3.3,6.9,9.3,3.8,2.7,0.0,1.0,0.0,1.0,0.0,1.0,5.1,4.5,1.2,1.9
39,Ohio,OH,39035,Cuyahoga County,39035134300,Census Tract 1343; Cuyahoga County; Ohio,1.000153987576,4313,536,1156,130,1096,133,714,366,73,47,274,96,95,60,310,164,461,50,553,151,333,104,156,119,0,48,1081,679,157,61,8,13,0,16,109,55,1567,64,25.7,12.2,3.3,2.1,25.0,8.2,5.2,3.1,7.3,3.3,10.7,1.8,12.8,3.2,7.8,2.7,14.2,10.7,0.0,1.2,25.1,15.4,13.6,5.1,0.7,1.2,0.0,1.5,9.9,5.0,36.3,4.7,0.6373,0.386,0.5784,0.3148,0.6661,2.5826,0.534,0.1503,0.0751,0.1012,0.886,0.0,1.2126,0.0416,0.6573,0.6573,0.6573,0.7568,0.6003,0.0,0.7162,0.9864,3.0597,0.8467,7.5122,0.5016,0,0,0,0,0,0,0,0,0,0,0,0,0,0,0,0,0,0,1,1,1,9654,69,35,326,150,218,151,158,83,0,12,0,12,379,316,0,12,6.3,3.3,7.6,3.3,5.1,3.6,3.7,2.0,0.0,0.8,0.0,0.8,8.8,6.7,0.0,0.8
39,Ohio,OH,39035,Cuyahoga County,39035135103,Census Tract 1351.03; Cuyahoga County; Ohio,1.350020314876,2444,425,1386,185,1242,196,252,214,188,207,180,79,37,30,15,16,653,189,267,95,322,145,16,17,0,48,261,593,181,57,0,12,0,16,97,48,3,2,10.3,8.6,12.7,11.5,14.5,5.9,1.9,1.6,0.6,0.7,26.7,5.6,10.9,3.7,13.2,6.0,1.3,1.4,0.0,2.0,10.7,24.2,13.0,3.7,0.0,2.5,0.0,1.3,7.8,3.8,0.1,0.1,0.2161,0.901,0.1721,0.0808,0.0187,1.3887,0.1959,0.9144,0.0498,0.4307,0.1022,0.0,1.4971,0.0905,0.3786,0.3786,0.3786,0.7476,0.0,0.0,0.6394,0.3694,1.7564,0.321,5.0208,0.1441,0,1,0,0,0,1,1,0,0,0,0,1,0,0,0,0,0,0,0,0,2,1597,160,85,22,21,10,16,119,95,0,12,0,12,110,102,0,12,12.9,6.9,0.9,0.9,0.4,0.7,4.9,4.0,0.0,1.4,0.0,1.4,4.5,3.9,0.0,1.4
39,Ohio,OH,39035,Cuyahoga County,39035135104,Census Tract 1351.04; Cuyahoga County; Ohio,3.844060083548,4199,432,1632,149,1610,152,243,153,183,154,93,49,94,69,41,38,838,98,877,128,325,83,79,124,42,60,224,618,0,16,0,12,0,16,25,28,16,2,5.8,3.6,7.9,6.1,5.8,3.0,3.1,2.2,1.0,0.9,20.0,2.9,20.9,2.4,7.8,1.9,4.9,7.7,1.1,1.5,5.3,14.7,0.0,1.0,0.0,2.1,0.0,1.0,1.6,1.7,0.4,0.0,0.0797,0.7667,0.0073,0.1579,0.0394,1.051,0.1114,0.663,0.4426,0.1012,0.4644,0.7254,2.3966,0.4943,0.1642,0.1642,0.1642,0.0,0.0,0.0,0.1724,0.5374,0.7098,0.0594,4.3216,0.0806,0,0,0,0,0,0,0,0,0,0,0,0,0,0,0,0,0,0,0,0,0,3263,94,52,27,17,20,32,132,108,6,10,0,12,39,35,0,12,5.8,3.3,0.6,0.4,0.5,0.8,3.1,2.6,0.1,0.2,0.0,0.8,0.9,0.8,0.0,0.8
39,Ohio,OH,39035,Cuyahoga County,39035135105,Census Tract 1351.05; Cuyahoga County; Ohio,5.950970434798,5148,446,2347,278,2097,175,274,190,15,23,313,170,54,66,17,28,1499,399,1069,171,218,122,82,101,12,68,677,621,0,24,0,17,0,24,20,32,139,23,5.5,3.8,0.6,0.9,14.9,8.0,1.4,1.7,0.3,0.6,29.1,6.7,20.8,2.9,4.4,2.4,3.9,4.8,0.3,1.4,13.2,12.0,0.0,1.0,0.0,1.5,0.0,1.1,1.0,1.5,2.7,0.4,0.0752,0.0422,0.1857,0.0536,0.0092,0.3659,0.0089,0.9499,0.4369,0.0152,0.3638,0.4968,2.2626,0.4121,0.4509,0.4509,0.4509,0.0,0.0,0.0,0.1067,0.8085,0.9152,0.0933,3.9946,0.0533,0,0,0,0,0,0,1,0,0,0,0,1,0,0,0,0,0,0,0,0,1,9313,69,59,123,112,7,48,370,209,0,17,0,17,177,152,0,17,3.3,2.8,2.4,2.2,0.1,0.9,7.2,4.0,0.0,0.7,0.0,0.7,3.4,2.9,0.0,0.7
39,Ohio,OH,39035,Cuyahoga County,39035135106,Census Tract 1351.06; Cuyahoga County; Ohio,8.303064822496,1827,365,651,74,625,84,47,37,63,41,75,39,12,13,201,242,342,117,404,86,60,31,16,15,8,48,142,509,0,16,0,12,5,13,0,12,0,12,2.6,2.0,6.3,4.0,12.0,6.0,1.0,1.1,11.0,11.6,18.7,7.0,22.1,2.9,3.3,1.9,2.5,2.4,0.5,2.8,7.8,27.8,0.0,2.5,0.0,5.2,0.8,2.1,0.0,5.4,0.0,0.7,0.0197,0.6781,0.0965,0.0333,0.8566,1.6842,0.2752,0.5821,0.5247,0.0038,0.2114,0.5796,1.9016,0.2229,0.272,0.272,0.272,0.0,0.0,0.5117,0.0,0.0,0.5117,0.0375,4.3695,0.0848,0,0,0,0,0,0,0,0,0,0,0,0,0,0,0,0,0,0,0,0,0,2832,11,16,0,12,14,19,67,68,0,12,0,12,61,68,0,12,1.8,2.6,0.0,1.9,0.8,1.1,3.7,3.7,0.0,1.9,0.0,1.9,3.3,3.7,0.0,1.9
39,Ohio,OH,39035,Cuyahoga County,39035136101,Census Tract 1361.01; Cuyahoga County; Ohio,2.750761691186,6377,570,2845,208,2705,247,480,227,76,62,494,176,197,158,216,171,1158,192,1313,218,397,144,109,96,99,150,539,809,1018,210,0,17,0,24,143,109,5,2,7.5,3.5,2.0,1.6,18.3,6.3,4.2,3.4,3.4,2.7,18.2,2.8,20.6,2.8,6.2,2.3,4.0,3.5,1.7,2.5,8.5,12.7,35.8,6.9,0.0,1.2,0.0,0.9,5.3,4.0,0.1,0.0,0.1358,0.194,0.3248,0.2441,0.2745,1.1732,0.1416,0.5466,0.4271,0.0476,0.3743,0.8094,2.205,0.3787,0.3009,0.3009,0.3009,0.9425,0.0,0.0,0.4917,0.3694,1.8036,0.3384,5.4827,0.1883,0,0,0,0,0,0,0,0,0,0,0,0,0,0,1,0,0,0,0,1,1,2542,370,165,38,47,166,146,221,164,0,17,0,17,114,101,0,17,13.7,5.8,0.6,0.7,2.6,2.3,3.5,2.5,0.0,0.5,0.0,0.5,1.8,1.6,0.0,0.5
39,Ohio,OH,39035,Cuyahoga County,39035136103,Census Tract 1361.03; Cuyahoga County; Ohio,4.913517063512,6095,559,2439,253,2411,248,59,40,63,53,481,305,114,72,29,35,1342,230,1164,304,607,338,91,59,49,83,667,808,0,24,0,17,0,24,23,33,135,3,1.0,0.7,2.2,1.8,20.0,12.5,2.6,1.6,0.5,0.6,22.0,3.4,19.1,4.2,10.2,5.2,3.7,2.4,0.9,1.4,10.9,13.2,0.0,1.0,0.0,1.4,0.0,1.0,1.0,1.4,2.2,0.2,0.0035,0.2238,0.3937,0.1243,0.0152,0.7605,0.0562,0.7505,0.3256,0.2275,0.34,0.6855,2.3291,0.4524,0.3855,0.3855,0.3855,0.0,0.0,0.0,0.1067,0.773,0.8797,0.087,4.3548,0.0838,0,0,0,0,0,0,0,0,0,0,0,0,0,0,0,0,0,0,0,0,0,9439,147,81,56,74,56,57,254,217,0,17,0,17,287,197,14,23,6.1,3.3,0.9,1.2,0.9,0.9,4.2,3.6,0.0,0.6,0.0,0.6,4.7,3.2,0.2,0.4
39,Ohio,OH,39035,Cuyahoga County,39035136104,Census Tract 1361.04; Cuyahoga County; Ohio,3.0083210689379998,3434,532,1495,243,1443,250,570,269,9,18,280,142,73,65,617,420,356,121,934,242,349,214,122,94,39,73,983,810,445,235,0,12,20,26,100,112,4,12,16.6,7.4,0.5,0.9,19.4,9.2,3.6,3.2,18.0,11.0,10.4,3.5,27.2,5.3,10.2,6.1,8.4,6.3,1.2,2.2,28.6,23.2,29.8,15.0,0.0,2.3,1.4,1.8,6.9,7.6,0.1,0.3,0.4116,0.033,0.3708,0.1966,0.9686,1.9806,0.3606,0.1373,0.824,0.2275,0.7051,0.7403,2.6342,0.6444,0.6921,0.6921,0.6921,0.9181,0.0,0.6384,0.5924,0.3694,2.5183,0.6416,7.8252,0.5533,0,0,0,0,1,1,0,0,0,0,0,0,0,0,1,0,0,0,0,1,2,2286,89,72,485,342,106,156,371,288,0,12,0,12,21,27,0,12,6.2,5.2,14.1,9.1,3.1,4.5,10.8,8.8,0.0,1.0,0.0,1.0,0.6,0.8,0.0,1.0
39,Ohio,OH,39035,Cuyahoga County,39035136105,Census Tract 1361.05; Cuyahoga County; Ohio,2.360929559764,3909,388,1946,196,1837,184,128,96,23,36,205,105,37,34,45,48,966,296,698,146,227,83,95,57,42,65,633,591,28,43,0,12,0,16,26,27,5,4,3.3,2.4,1.1,1.7,11.2,5.6,1.2,1.1,1.2,1.2,24.7,6.1,17.9,3.5,5.8,2.0,5.2,3.1,1.1,1.8,16.2,15.0,1.4,2.2,0.0,1.8,0.0,0.9,1.4,1.5,0.1,0.1,0.0301,0.0803,0.074,0.0425,0.0511,0.278,0.0054,0.8532,0.2495,0.0397,0.4921,0.7254,2.3599,0.4714,0.5193,0.5193,0.5193,0.3663,0.0,0.0,0.1476,0.3694,0.8833,0.0876,4.0405,0.0578,0,0,0,0,0,0,0,0,0,0,0,0,0,0,0,0,0,0,0,0,0,2400,27,33,49,70,62,60,311,194,0,12,0,12,211,182,0,12,1.5,1.8,1.3,1.8,1.6,1.5,8.0,5.0,0.0,0.9,0.0,0.9,5.4,4.6,0.0,0.9
39,Ohio,OH,39035,Cuyahoga County,39035137101,Census Tract 1371.01; Cuyahoga County; Ohio,1.99787707696,2475,322,1224,129,1206,128,691,320,93,69,469,134,71,38,239,176,330,58,579,224,559,172,97,54,23,58,1235,428,646,131,0,12,23,21,114,72,5,10,27.9,12.4,7.2,5.1,38.9,10.3,4.3,2.3,9.7,6.6,13.3,2.6,23.4,7.3,22.6,6.2,8.0,4.4,1.0,2.4,49.9,16.0,52.8,9.1,0.0,2.8,1.9,1.7,9.5,5.9,0.2,0.4,0.6776,0.7337,0.8816,0.2508,0.8067,3.3504,0.7467,0.2505,0.6138,0.8851,0.6851,0.707,3.1415,0.8686,0.824,0.824,0.824,0.9759,0.0,0.7219,0.7013,0.4356,2.8347,0.7724,10.1506,0.8616,0,0,0,0,0,0,0,0,0,0,0,0,0,0,1,0,0,0,0,1,1,8363,158,73,499,213,405,284,155,133,0,12,0,12,107,77,69,109,13.1,5.9,20.2,8.6,16.4,10.6,6.3,5.4,0.0,1.4,0.0,1.4,4.3,3.1,2.8,4.4
39,Ohio,OH,39035,Cuyahoga County,39035137102,Census Tract 1371.02; Cuyahoga County; Ohio,1.048675039814,4204,452,2095,246,1840,192,1133,545,104,93,291,124,390,196,460,288,866,198,828,202,586,174,125,107,182,193,1386,579,218,141,0,12,14,26,150,83,26,18,27.1,12.7,4.5,4.1,15.8,6.5,12.6,5.7,11.0,6.3,20.6,4.0,19.7,4.4,14.0,4.7,6.8,5.8,4.6,4.9,33.0,13.3,10.4,6.6,0.0,1.7,0.8,1.4,8.2,4.5,0.6,0.4,0.663,0.534,0.2206,0.7406,0.8566,3.0148,0.6651,0.6969,0.3653,0.4811,0.6051,0.9429,3.0913,0.8521,0.7299,0.7299,0.7299,0.6997,0.0,0.5117,0.6552,0.6059,2.4725,0.6251,9.3085,0.7689,0,0,0,0,0,0,0,0,0,0,1,1,0,0,0,0,0,0,0,0,1,4074,329,181,295,258,467,221,198,159,0,12,0,12,426,284,0,12,17.9,8.6,7.0,6.0,11.1,5.4,4.7,3.5,0.0,0.8,0.0,0.8,10.1,6.3,0.0,0.8
39,Ohio,OH,39035,Cuyahoga County,39035137103,Census Tract 1371.03; Cuyahoga County; Ohio,1.20463630949,4580,439,1786,173,1716,172,1041,398,180,121,414,137,457,223,178,121,1352,233,880,302,776,192,123,72,403,207,1859,618,242,126,6,11,46,47,171,78,3,3,22.9,8.5,8.8,5.2,24.1,7.6,13.5,6.6,3.9,2.6,29.5,4.9,19.2,6.0,16.9,4.2,7.2,4.1,9.2,4.6,40.6,12.9,13.6,6.9,0.3,0.6,2.6,2.7,10.0,4.6,0.1,0.1,0.5798,0.8073,0.5448,0.7774,0.3224,3.0317,0.6721,0.9562,0.3313,0.6598,0.6337,0.9867,3.5677,0.959,0.7838,0.7838,0.7838,0.7568,0.5565,0.8029,0.7203,0.3694,3.2059,0.8806,10.5891,0.9019,0,0,0,0,0,0,1,0,0,0,1,2,0,0,0,0,0,0,0,0,2,5430,261,91,404,330,706,202,525,298,0,12,0,12,216,115,8,14,15.2,5.3,8.8,7.0,15.4,4.3,11.5,6.4,0.0,0.8,0.0,0.8,4.7,2.5,0.2,0.3
39,Ohio,OH,39035,Cuyahoga County,39035138105,Census Tract 1381.05; Cuyahoga County; Ohio,1.546198354974,1359,330,622,106,593,107,385,175,1,4,166,74,102,57,106,68,166,47,380,191,144,62,63,42,11,49,666,343,158,62,14,20,11,16,42,40,10,3,28.6,10.9,0.1,0.6,28.0,11.4,11.6,6.3,7.8,5.1,12.2,5.0,28.0,8.7,10.6,5.2,10.6,6.8,1.0,4.3,49.0,22.3,25.4,9.0,2.3,3.3,1.8,2.7,7.1,6.6,0.7,0.1,0.6871,0.0232,0.681,0.707,0.701,2.7993,0.6013,0.2032,0.8535,0.2542,0.7975,0.707,2.8154,0.739,0.8218,0.8218,0.8218,0.8895,0.7114,0.7079,0.6048,0.6243,3.5379,0.9435,9.9744,0.8435,0,0,0,0,0,0,0,0,0,0,0,0,0,0,0,0,0,0,0,0,0,1378,65,45,412,330,107,65,23,31,0,12,0,12,124,98,0,12,11.0,7.8,30.3,17.8,7.9,5.0,1.7,2.3,0.0,2.5,0.0,2.5,9.1,7.7,0.0,2.5
39,Ohio,OH,39035,Cuyahoga County,39035138106,Census Tract 1381.06; Cuyahoga County; Ohio,0.979037683094,2859,262,1254,190,1241,183,727,351,83,56,170,82,210,79,210,104,638,189,591,106,561,215,108,53,9,48,604,382,73,62,12,18,26,37,65,42,26,6,25.4,12.1,6.0,3.9,13.7,6.3,10.0,3.8,7.3,3.5,22.3,6.0,20.7,2.9,19.6,7.0,8.7,4.1,0.3,1.8,21.1,13.2,5.8,4.9,1.0,1.4,2.1,3.0,5.2,3.5,0.9,0.2,0.6322,0.6559,0.1457,0.6389,0.6661,2.7388,0.5835,0.7613,0.4315,0.7893,0.7194,0.4968,3.1983,0.8854,0.6046,0.6046,0.6046,0.5806,0.6295,0.7448,0.4844,0.6458,3.0851,0.8543,9.6268,0.8067,0,0,0,0,0,0,0,0,0,0,0,0,0,0,0,0,0,0,0,0,0,5040,67,42,79,53,283,174,0,12,11,17,0,12,231,103,0,12,5.4,3.5,2.8,1.8,9.9,5.9,0.0,1.2,0.4,0.6,0.0,1.2,8.1,3.7,0.0,1.2
39,Ohio,OH,39035,Cuyahoga County,39035138107,Census Tract 1381.07; Cuyahoga County; Ohio,0.838420879102,1991,203,887,162,860,165,206,109,42,32,218,129,200,98,117,67,445,135,377,82,363,141,41,34,20,51,345,318,0,16,0,12,29,24,30,22,0,12,10.3,5.4,4.2,3.2,25.3,14.2,13.9,6.4,5.9,3.3,22.4,6.3,18.9,3.7,18.2,6.9,4.8,3.8,1.1,2.7,17.3,15.9,0.0,1.8,0.0,3.9,3.4,2.7,3.5,2.5,0.0,0.6,0.2161,0.4975,0.593,0.7863,0.537,2.6299,0.5498,0.7663,0.3107,0.7204,0.4565,0.7254,2.9793,0.8124,0.5438,0.5438,0.5438,0.0,0.0,0.8708,0.3537,0.0,1.2245,0.1537,7.3775,0.4832,0,0,0,0,0,0,0,0,0,0,0,0,0,0,0,0,0,0,0,0,0,2588,163,121,211,193,121,74,0,12,0,12,1,3,12,17,0,12,19.0,12.1,10.6,9.6,6.1,3.8,0.0,1.7,0.0,1.7,0.1,0.2,0.6,0.8,0.0,1.7
39,Ohio,OH,39035,Cuyahoga County,39035138108,Census Tract 1381.08; Cuyahoga County; Ohio,0.625336976832,4011,621,1674,167,1611,146,447,319,178,108,362,132,325,115,243,117,812,88,733,219,874,280,58,49,4,47,444,917,0,16,0,12,41,63,37,30,13,2,11.1,7.8,7.9,4.6,22.5,7.9,11.0,3.6,6.1,2.7,20.2,3.9,18.3,4.1,21.8,6.6,3.6,3.0,0.1,1.3,11.1,22.8,0.0,1.0,0.0,2.1,2.5,3.9,2.3,1.9,0.3,0.0,0.2437,0.7667,0.4902,0.6855,0.5547,2.7408,0.5841,0.6734,0.272,0.8645,0.3292,0.4245,2.5636,0.599,0.3909,0.3909,0.3909,0.0,0.0,0.7902,0.2429,0.4924,1.5255,0.2378,7.2208,0.4565,0,0,0,0,0,0,0,0,0,0,0,0,0,0,0,0,0,0,0,0,0,1350,221,89,43,63,284,159,59,51,26,33,0,12,32,49,0,12,13.7,5.5,1.1,1.6,7.1,4.3,1.5,1.3,0.6,0.8,0.0,0.9,0.8,1.3,0.0,0.9
39,Ohio,OH,39035,Cuyahoga County,39035138109,Census Tract 1381.09; Cuyahoga County; Ohio,1.599971166616,4263,386,1926,160,1895,167,765,298,161,101,572,171,343,157,204,86,955,198,823,190,769,231,22,20,112,125,839,544,271,99,0,12,24,37,71,48,12,2,17.9,6.8,6.9,4.3,30.2,8.6,10.6,4.7,4.8,2.0,22.4,4.9,19.3,3.9,18.0,5.3,1.2,1.1,2.9,3.2,19.7,12.6,14.1,5.0,0.0,1.8,1.3,1.9,3.7,2.6,0.3,0.0,0.451,0.7143,0.7327,0.6671,0.4243,2.9894,0.6578,0.7663,0.3377,0.7122,0.0937,0.8941,2.804,0.733,0.5866,0.5866,0.5866,0.7663,0.0,0.6181,0.3727,0.4924,2.2495,0.5241,8.6295,0.6784,0,0,0,0,0,0,0,0,0,0,0,0,0,0,0,0,0,0,0,0,0,4736,278,135,223,147,126,80,199,164,5,14,0,12,286,202,0,12,14.7,6.7,5.2,3.4,3.0,1.9,4.7,3.8,0.1,0.3,0.0,0.8,6.7,4.6,0.0,0.8
39,Ohio,OH,39035,Cuyahoga County,39035138110,Census Tract 1381.10; Cuyahoga County; Ohio,0.805231937284,4026,407,1736,193,1609,197,601,232,45,53,273,106,378,232,200,127,861,152,696,97,806,270,38,37,165,120,817,532,96,55,0,12,39,40,117,53,72,3,15.2,5.7,2.4,2.7,17.0,6.3,12.5,7.0,5.0,3.1,21.4,3.6,17.3,2.1,20.3,5.6,2.4,2.3,4.3,3.1,20.3,13.1,5.5,3.1,0.0,2.0,2.4,2.5,7.3,3.2,1.8,0.2,0.3691,0.2514,0.2714,0.7372,0.4487,2.0778,0.3914,0.7299,0.2194,0.8156,0.201,0.9353,2.9012,0.7768,0.5942,0.5942,0.5942,0.5733,0.0,0.7787,0.6159,0.7445,2.7124,0.7241,8.2856,0.6292,0,0,0,0,0,0,0,0,0,0,1,1,0,0,0,0,0,0,0,0,1,1644,194,68,11,25,321,164,344,342,0,12,0,12,141,195,0,12,12.1,4.3,0.3,0.6,8.0,4.0,8.5,8.2,0.0,0.9,0.0,0.9,3.5,4.8,0.0,0.9
39,Ohio,OH,39035,Cuyahoga County,39035140100,Census Tract 1401; Cuyahoga County; Ohio,0.337677859364,1542,263,727,110,615,111,509,242,115,99,175,75,116,51,80,61,503,182,244,103,219,84,14,23,0,48,1152,320,23,28,0,12,0,16,47,37,10,2,33.0,14.6,18.0,14.7,28.5,11.1,10.3,4.0,5.2,3.8,32.6,8.9,15.8,5.6,14.2,5.0,2.3,3.7,0.0,3.4,74.7,16.4,3.2,3.8,0.0,4.7,0.0,2.6,7.6,5.9,0.6,0.1,0.755,0.9622,0.6914,0.6544,0.4706,3.5336,0.7876,0.9778,0.156,0.4919,0.1902,0.0,1.8159,0.1867,0.9163,0.9163,0.9163,0.4797,0.0,0.0,0.6279,0.6059,1.7135,0.3006,7.9793,0.5825,0,1,0,0,0,1,1,0,0,0,0,1,1,1,0,0,0,0,0,0,3,439,95,70,1078,222,31,36,0,12,0,12,0,12,43,38,0,12,15.4,10.4,69.9,11.1,2.0,2.3,0.0,2.2,0.0,2.2,0.0,2.2,2.8,2.4,0.0,2.2
39,Ohio,OH,39035,Cuyahoga County,39035140301,Census Tract 1403.01; Cuyahoga County; Ohio,0.279112363596,1959,263,963,100,801,106,749,201,142,71,323,120,148,91,83,75,422,96,485,145,271,136,136,70,0,48,1871,266,0,16,3,10,18,32,107,70,0,12,38.2,8.9,15.6,7.6,40.3,14.0,11.3,6.5,4.2,3.7,21.5,4.7,24.8,6.5,13.8,6.2,17.0,8.4,0.0,2.6,95.5,4.5,0.0,1.7,0.3,1.1,2.2,4.0,13.4,8.0,0.0,0.6,0.8166,0.9429,0.8987,0.6969,0.3561,3.7112,0.8263,0.7343,0.7004,0.4675,0.9279,0.0,2.8301,0.7448,0.9772,0.9772,0.9772,0.0,0.5565,0.7575,0.8089,0.0,2.1229,0.4727,9.6414,0.8095,0,1,0,0,0,1,0,0,0,1,0,1,1,1,0,0,0,0,0,0,3,982,124,61,1831,260,0,12,0,12,0,12,0,12,40,48,0,12,15.5,7.7,93.5,3.5,0.0,1.8,0.0,1.8,0.0,1.8,0.0,1.8,2.0,2.4,0.0,1.8
39,Ohio,OH,39035,Cuyahoga County,39035140302,Census Tract 1403.02; Cuyahoga County; Ohio,0.371052902346,2287,458,1220,127,1051,151,457,189,44,53,286,134,75,84,23,28,492,118,522,261,286,116,97,101,29,54,1692,482,122,68,0,12,0,16,177,112,9,9,20.0,7.2,3.6,4.5,27.2,12.1,4.9,5.3,1.0,1.2,21.5,5.8,22.8,7.4,12.6,5.4,9.2,9.5,1.3,2.5,74.0,15.0,10.0,5.5,0.0,2.8,0.0,1.5,16.8,9.4,0.4,0.4,0.5065,0.4308,0.6575,0.2955,0.0394,1.9297,0.3438,0.7343,0.5761,0.3897,0.7448,0.7565,3.2014,0.886,0.9134,0.9134,0.9134,0.6905,0.0,0.0,0.8644,0.5374,2.0923,0.4556,8.1368,0.6054,0,0,0,0,0,0,0,0,0,0,0,0,1,1,0,0,0,0,0,0,1,1148,159,97,1502,430,75,102,54,68,0,12,35,35,26,29,0,12,15.1,8.6,65.7,7.9,3.3,4.5,2.4,2.9,0.0,1.5,1.5,1.6,1.1,1.2,0.0,1.5
39,Ohio,OH,39035,Cuyahoga County,39035140400,Census Tract 1404; Cuyahoga County; Ohio,0.446538159958,3692,566,1421,184,1326,190,550,246,157,109,346,134,185,117,56,47,530,203,940,284,188,87,84,57,102,132,2281,693,224,119,0,12,25,40,112,86,14,3,14.9,6.3,7.4,4.6,26.1,9.4,8.1,5.5,1.5,1.3,14.4,5.6,25.5,6.1,5.1,2.3,6.4,4.2,2.9,3.7,61.8,16.2,15.8,8.1,0.0,2.4,1.9,3.0,8.4,6.4,0.4,0.1,0.3618,0.7438,0.6203,0.5206,0.072,2.3185,0.4587,0.3101,0.7378,0.0279,0.58,0.8941,2.5499,0.5889,0.8703,0.8703,0.8703,0.793,0.0,0.7219,0.6635,0.5374,2.7158,0.7251,8.4545,0.6562,0,0,0,0,0,0,0,0,0,0,0,0,0,0,0,0,0,0,0,0,0,2247,103,76,1788,630,0,12,378,385,0,12,0,12,115,112,0,12,7.8,5.6,48.4,13.3,0.0,0.9,10.2,10.8,0.0,0.9,0.0,0.9,3.1,3.1,0.0,0.9
39,Ohio,OH,39035,Cuyahoga County,39035140500,Census Tract 1405; Cuyahoga County; Ohio,0.492320976812,3161,519,1627,176,1452,209,744,360,105,81,350,134,160,126,93,69,559,232,684,256,346,166,181,111,25,74,2028,623,134,80,0,12,0,16,85,62,5,7,23.5,10.7,5.1,3.9,24.1,8.6,7.0,4.8,2.9,2.2,17.7,6.1,21.6,6.9,10.9,4.6,12.5,7.4,0.8,2.4,64.2,16.7,8.2,4.8,0.0,2.1,0.0,1.1,5.9,4.5,0.2,0.2,0.5912,0.5892,0.5448,0.4486,0.2142,2.388,0.4787,0.5117,0.4918,0.2752,0.8492,0.6636,2.7915,0.7283,0.8817,0.8817,0.8817,0.6552,0.0,0.0,0.5349,0.4356,1.6257,0.2676,7.6869,0.5302,0,0,0,0,0,0,0,0,0,0,0,0,0,0,0,0,0,0,0,0,0,1449,128,84,1699,474,90,85,93,127,0,12,0,12,146,153,0,12,8.8,6.0,53.7,11.3,2.8,2.7,2.9,3.9,0.0,1.1,0.0,1.1,4.6,4.7,0.0,1.1
39,Ohio,OH,39035,Cuyahoga County,39035140600,Census Tract 1406; Cuyahoga County; Ohio,0.214968852234,1144,207,559,122,502,129,160,120,58,61,218,116,0,12,34,25,245,107,258,81,132,95,66,35,14,49,522,266,0,16,0,12,0,16,15,12,0,12,14.0,10.2,9.1,9.0,43.4,20.2,0.0,4.3,3.0,2.2,21.4,8.4,22.6,5.5,11.5,7.7,13.2,6.1,1.3,4.6,45.6,21.7,0.0,2.9,0.0,6.1,0.0,3.2,3.0,2.7,0.0,1.0,0.3335,0.8178,0.9295,0.0,0.2291,2.3099,0.4571,0.7299,0.5609,0.3158,0.867,0.7565,3.2301,0.8943,0.8079,0.8079,0.8079,0.0,0.0,0.0,0.3051,0.0,0.3051,0.0229,6.653,0.3698,0,0,1,0,0,1,0,0,0,0,0,0,0,0,0,0,0,0,0,0,1,743,86,94,398,170,63,64,6,9,0,12,0,12,55,59,0,12,17.1,15.9,34.8,11.8,5.5,5.7,0.5,0.8,0.0,3.0,0.0,3.0,4.8,5.1,0.0,3.0
39,Ohio,OH,39035,Cuyahoga County,39035140701,Census Tract 1407.01; Cuyahoga County; Ohio,0.408606727274,2476,464,954,96,868,95,717,414,142,108,273,114,132,85,87,73,460,120,434,294,246,106,61,61,0,48,1946,488,71,52,0,12,10,22,153,90,11,2,29.0,15.8,10.0,6.5,31.5,12.7,8.1,5.4,3.5,2.7,18.6,6.2,17.5,9.7,9.9,3.5,7.0,7.0,0.0,2.0,78.6,13.1,7.4,5.4,0.0,3.6,1.2,2.5,17.6,10.4,0.4,0.0,0.6944,0.8435,0.7603,0.5206,0.2856,3.1044,0.6889,0.5767,0.2305,0.2104,0.62,0.0,1.6376,0.1222,0.9287,0.9287,0.9287,0.6311,0.0,0.6038,0.8749,0.5374,2.6472,0.6971,8.3179,0.6327,0,0,0,0,0,0,0,0,0,0,0,0,1,1,0,0,0,0,0,0,1,2950,74,69,1844,432,45,38,0,12,0,12,0,12,47,39,10,15,8.5,8.0,74.5,6.5,1.8,1.5,0.0,1.4,0.0,1.4,0.0,1.4,1.9,1.6,0.4,0.6
39,Ohio,OH,39035,Cuyahoga County,39035140702,Census Tract 1407.02; Cuyahoga County; Ohio,0.258345481424,2186,943,873,188,796,198,765,880,261,217,382,217,125,90,104,71,203,76,893,714,209,98,188,204,0,48,1794,949,204,89,0,12,43,61,69,54,0,12,35.0,37.3,30.5,21.0,48.0,24.5,11.1,7.6,4.8,4.0,9.3,5.4,40.9,17.3,9.6,5.7,23.6,24.9,0.0,2.3,82.1,25.1,23.4,8.9,0.0,3.9,5.4,7.5,8.7,7.3,0.0,0.5,0.7807,0.994,0.9603,0.6906,0.4243,3.8499,0.8568,0.1024,0.9937,0.1933,0.973,0.0,2.2624,0.4117,0.9407,0.9407,0.9407,0.8762,0.0,0.9486,0.6775,0.0,2.5023,0.6381,9.5553,0.8003,0,1,1,0,0,2,0,1,0,1,0,2,1,1,0,0,1,0,0,1,6,3145,129,72,1716,959,24,34,51,66,0,12,0,12,3,6,0,12,16.2,9.3,78.5,11.7,1.1,1.7,2.3,3.1,0.0,1.6,0.0,1.6,0.1,0.3,0.0,1.6
39,Ohio,OH,39035,Cuyahoga County,39035140800,Census Tract 1408; Cuyahoga County; Ohio,0.73383511375,3826,538,1727,170,1637,167,1319,637,134,95,664,193,67,52,114,69,696,130,1128,428,573,187,63,37,38,64,1545,731,766,152,0,12,82,84,289,128,0,12,34.5,15.9,8.4,5.3,40.6,11.0,2.7,2.2,3.0,1.8,18.2,5.0,29.5,7.9,15.0,4.9,3.8,2.2,1.1,1.8,40.4,18.2,44.4,7.6,0.0,2.0,5.1,5.1,17.7,6.9,0.0,0.3,0.7753,0.7876,0.9029,0.1325,0.2291,2.8274,0.6098,0.5466,0.8998,0.5462,0.3502,0.7254,3.0682,0.8425,0.7828,0.7828,0.7828,0.9616,0.0,0.9413,0.8752,0.0,2.7781,0.7517,9.4565,0.7883,0,0,1,0,0,1,0,0,0,0,0,0,0,0,1,0,1,0,0,2,3,5193,278,99,956,209,90,86,440,249,0,12,0,12,38,60,21,25,17.0,6.4,25.0,5.0,2.4,2.3,11.5,6.4,0.0,0.9,0.0,0.9,1.0,1.6,0.5,0.7
39,Ohio,OH,39035,Cuyahoga County,39035140900,Census Tract 1409; Cuyahoga County; Ohio,0.265179872926,2180,249,894,131,877,131,570,229,25,23,233,86,32,26,107,55,374,89,526,78,165,63,90,48,28,59,1584,288,0,16,0,12,0,16,57,40,0,12,26.3,10.1,2.2,2.1,26.6,9.0,2.1,1.7,4.9,2.3,17.2,3.6,24.1,3.5,7.6,2.7,10.2,5.3,1.4,2.9,72.7,10.3,0.0,1.8,0.0,3.8,0.0,1.8,6.5,4.5,0.0,0.6,0.6477,0.2238,0.6397,0.0938,0.4376,2.0426,0.3794,0.4765,0.6655,0.0952,0.7835,0.7717,2.7924,0.7289,0.91,0.91,0.91,0.0,0.0,0.0,0.5695,0.0,0.5695,0.0451,6.3145,0.3076,0,0,0,0,0,0,0,0,0,0,0,0,1,1,0,0,0,0,0,0,1,949,95,63,1304,201,172,180,42,50,0,12,0,12,66,46,0,12,10.8,6.8,59.8,6.0,7.9,8.1,1.9,2.3,0.0,1.6,0.0,1.6,3.0,2.1,0.0,1.6
39,Ohio,OH,39035,Cuyahoga County,39035141000,Census Tract 1410; Cuyahoga County; Ohio,0.31154763431,884,290,641,64,378,91,443,243,45,51,207,74,48,38,27,23,34,8,262,206,106,64,39,43,0,48,712,294,79,49,0,12,18,29,75,52,0,12,50.1,22.0,8.5,8.8,54.8,14.5,10.6,8.3,3.1,2.7,3.8,1.5,29.6,15.4,12.1,8.0,10.3,11.1,0.0,5.9,80.5,20.2,12.3,7.5,0.0,5.3,4.8,7.6,19.8,11.8,0.0,1.4,0.908,0.7943,0.9844,0.6671,0.2371,3.5909,0.7994,0.0181,0.9033,0.3586,0.7873,0.0,2.0673,0.3063,0.9366,0.9366,0.9366,0.7352,0.0,0.9317,0.8994,0.0,2.5663,0.6644,9.1611,0.7451,1,0,1,0,0,2,0,1,0,0,0,1,1,1,0,0,1,0,0,1,5,549,14,20,620,274,33,29,36,45,0,12,0,12,7,9,16,26,3.7,5.1,70.1,11.3,3.7,3.3,4.1,5.2,0.0,3.9,0.0,3.9,0.8,1.0,1.8,3.0
39,Ohio,OH,39035,Cuyahoga County,39035141100,Census Tract 1411; Cuyahoga County; Ohio,0.410793609002,3586,464,2648,171,2256,243,901,256,180,115,731,206,49,37,109,88,800,241,278,174,460,134,25,42,25,55,1580,640,1273,272,0,12,0,16,560,233,19,4,25.1,6.4,7.9,4.8,32.4,8.4,1.7,1.4,3.0,2.5,22.3,6.4,7.8,4.3,12.8,4.1,1.1,1.9,0.7,1.6,44.1,16.9,48.1,9.8,0.0,1.3,0.0,0.7,24.8,9.8,0.5,0.1,0.6268,0.7667,0.78,0.0694,0.2291,2.472,0.501,0.7613,0.0317,0.4002,0.0829,0.6367,1.9128,0.2273,0.8012,0.8012,0.8012,0.9686,0.0,0.0,0.9368,0.5742,2.4796,0.6286,7.6656,0.527,0,0,0,0,0,0,0,0,0,0,0,0,0,0,1,0,0,1,0,2,2,2029,222,106,632,412,122,122,652,275,28,34,0,12,146,100,0,12,9.8,4.7,17.6,11.0,3.4,3.4,18.2,7.1,0.8,1.0,0.0,1.0,4.1,2.9,0.0,1.0
39,Ohio,OH,39035,Cuyahoga County,39035141200,Census Tract 1412; Cuyahoga County; Ohio,0.52034773489,2962,446,1684,164,1530,182,402,160,74,51,375,154,29,44,223,221,489,127,440,249,197,100,74,58,45,62,826,672,434,138,0,12,11,20,74,43,1,1,13.6,5.0,4.0,2.8,24.5,9.6,1.3,2.0,7.5,7.4,16.5,4.4,14.9,6.6,6.7,3.4,4.9,3.7,1.6,2.1,27.9,22.3,25.8,7.8,0.0,2.1,0.7,1.3,4.8,2.7,0.0,0.0,0.3224,0.4756,0.5597,0.0488,0.6798,2.0863,0.3937,0.4306,0.1259,0.0622,0.4644,0.7971,1.8802,0.2133,0.6871,0.6871,0.6871,0.8917,0.0,0.4873,0.4568,0.0,1.8358,0.3505,6.4894,0.3403,0,0,0,0,0,0,0,0,0,0,0,0,0,0,0,0,0,0,0,0,0,1635,10,16,399,251,39,60,263,130,8,13,0,12,76,53,41,47,0.7,1.1,13.5,8.6,1.3,2.0,8.9,4.6,0.3,0.4,0.0,1.2,2.6,1.9,1.4,1.6
39,Ohio,OH,39035,Cuyahoga County,39035141300,Census Tract 1413; Cuyahoga County; Ohio,0.58640592607,2796,380,985,170,933,169,412,157,33,28,276,114,0,12,89,70,514,305,382,58,122,58,96,65,4,47,886,459,6,15,0,12,0,16,7,11,578,35,18.6,6.3,2.4,2.0,29.6,11.0,0.0,2.3,3.2,2.6,18.4,9.1,13.7,2.5,4.4,2.2,10.3,6.7,0.1,1.7,31.7,15.8,0.6,1.5,0.0,3.5,0.0,1.7,0.8,1.1,20.7,3.1,0.4729,0.2514,0.7146,0.0,0.2491,1.688,0.2759,0.5621,0.0948,0.0152,0.7873,0.4245,1.8839,0.214,0.72,0.72,0.72,0.2886,0.0,0.0,0.0873,0.9762,1.3521,0.1889,5.644,0.2063,0,0,0,0,0,0,0,0,0,0,0,0,0,0,0,0,0,0,1,1,1,2653,18,15,231,128,171,63,202,72,0,12,0,12,80,41,202,304,1.9,1.6,8.3,4.9,6.1,2.3,7.2,2.6,0.0,1.2,0.0,1.2,2.9,1.4,7.2,10.2
39,Ohio,OH,39035,Cuyahoga County,39035141400,Census Tract 1414; Cuyahoga County; Ohio,0.582638342754,2520,211,1039,127,1006,126,148,110,62,43,152,65,5,11,43,32,627,122,488,77,214,67,27,23,0,48,454,310,0,16,0,12,0,16,5,8,133,5,6.2,4.6,5.0,3.4,15.1,6.2,0.3,0.6,1.8,1.4,24.9,4.6,19.4,3.0,9.0,2.7,2.7,2.3,0.0,2.0,18.0,12.2,0.0,1.5,0.0,3.3,0.0,1.6,0.5,0.8,5.3,0.5,0.092,0.58,0.1949,0.0114,0.1022,0.9805,0.094,0.8618,0.3453,0.1593,0.2298,0.0,1.5962,0.1124,0.5583,0.5583,0.5583,0.0,0.0,0.0,0.0524,0.9138,0.9662,0.101,4.1012,0.0622,0,0,0,0,0,0,0,0,0,0,0,0,0,0,0,0,0,0,1,1,1,1315,25,26,190,88,109,96,22,18,0,12,0,12,128,78,5,7,2.5,2.7,7.5,3.6,4.3,3.7,0.9,0.7,0.0,1.4,0.0,1.4,5.1,3.1,0.2,0.3
39,Ohio,OH,39035,Cuyahoga County,39035141500,Census Tract 1415; Cuyahoga County; Ohio,0.372222405304,1581,195,825,100,763,98,264,106,77,37,218,69,28,27,151,103,278,90,254,62,218,68,48,43,0,48,460,277,0,16,0,12,0,16,56,29,25,5,16.7,6.4,7.7,3.6,28.6,8.3,2.3,2.2,9.6,5.7,17.6,4.5,16.1,3.8,13.8,4.4,6.3,5.6,0.0,3.2,29.1,17.1,0.0,1.9,0.0,4.2,0.0,2.1,7.3,4.0,1.6,0.2,0.4154,0.7571,0.6956,0.1068,0.8026,2.7775,0.5959,0.5044,0.1658,0.4675,0.5714,0.0,1.7091,0.1473,0.6972,0.6972,0.6972,0.0,0.0,0.0,0.6159,0.727,1.3429,0.1863,6.5267,0.3463,0,0,0,0,0,0,0,0,0,0,0,0,0,0,0,0,0,0,0,0,0,1282,25,23,368,138,23,29,20,18,0,12,0,12,10,11,39,60,3.3,3.1,23.3,8.5,1.5,1.8,1.3,1.2,0.0,2.2,0.0,2.2,0.6,0.7,2.5,3.7
39,Ohio,OH,39035,Cuyahoga County,39035141601,Census Tract 1416.01; Cuyahoga County; Ohio,0.362835107378,1399,185,731,71,646,75,72,46,17,19,138,63,4,7,24,32,211,42,241,63,120,43,16,19,4,46,218,257,0,16,0,12,0,16,0,12,0,12,5.1,3.2,1.9,2.1,21.4,9.4,0.4,0.6,1.7,2.2,15.1,3.1,17.2,3.1,8.6,3.0,2.5,2.9,0.3,3.5,15.6,18.3,0.0,2.2,0.0,4.7,0.0,2.5,0.0,5.3,0.0,0.9,0.0657,0.1787,0.4521,0.0149,0.092,0.8034,0.0641,0.3472,0.2153,0.1415,0.2114,0.4968,1.4122,0.0705,0.5073,0.5073,0.5073,0.0,0.0,0.0,0.0,0.0,0.0,0.0,2.7229,0.0073,0,0,0,0,0,0,0,0,0,0,0,0,0,0,0,0,0,0,0,0,0,1121,17,14,95,62,5,7,50,39,0,12,0,12,68,58,0,12,2.6,2.0,6.8,4.4,0.4,0.5,3.6,2.7,0.0,2.5,0.0,2.5,4.9,4.1,0.0,2.5
39,Ohio,OH,39035,Cuyahoga County,39035141602,Census Tract 1416.02; Cuyahoga County; Ohio,0.200975357448,1613,309,633,76,625,76,367,325,38,35,171,82,79,61,54,32,296,58,313,138,447,292,73,67,0,48,1079,322,59,30,0,12,0,16,74,64,0,12,22.8,19.7,4.8,4.4,27.4,12.7,7.0,4.7,3.4,2.2,18.4,4.9,19.4,5.4,27.9,13.7,11.6,10.6,0.0,3.1,66.9,15.3,9.3,4.6,0.0,5.4,0.0,2.6,11.8,9.4,0.0,0.7,0.5779,0.5603,0.6635,0.4486,0.2745,2.5248,0.5165,0.5621,0.3453,0.9664,0.8289,0.0,2.7027,0.6829,0.8919,0.8919,0.8919,0.6784,0.0,0.0,0.774,0.0,1.4524,0.2159,7.5718,0.513,0,0,0,0,0,0,0,0,1,0,0,1,0,0,0,0,0,0,0,0,1,1492,22,16,869,309,9,15,52,35,2,3,0,12,147,117,0,12,3.5,2.7,53.9,11.6,0.6,0.9,3.2,2.1,0.1,0.2,0.0,2.1,9.1,7.1,0.0,2.1
39,Ohio,OH,39035,Cuyahoga County,39035141700,Census Tract 1417; Cuyahoga County; Ohio,0.301419792748,1400,182,652,57,605,67,102,76,5,7,96,63,0,12,13,13,252,65,217,39,125,75,14,17,16,45,260,250,0,16,0,12,6,14,0,12,0,12,7.3,5.3,0.6,0.8,15.9,10.3,0.0,3.1,0.9,1.0,18.0,4.8,15.5,2.0,8.9,5.2,2.3,2.8,1.2,3.4,18.6,17.7,0.0,2.5,0.0,5.2,1.0,2.3,0.0,5.6,0.0,0.9,0.1276,0.0422,0.2254,0.0,0.0349,0.4301,0.0137,0.5317,0.1449,0.1552,0.1902,0.7403,1.7623,0.1648,0.5669,0.5669,0.5669,0.0,0.0,0.5676,0.0,0.0,0.5676,0.0438,3.3269,0.0216,0,0,0,0,0,0,0,0,0,0,0,0,0,0,0,0,0,0,0,0,0,1087,9,11,72,48,77,59,32,28,0,12,12,18,50,35,17,25,1.5,1.8,5.1,3.3,5.5,3.9,2.3,2.1,0.0,2.5,0.9,1.3,3.6,2.7,1.2,1.7
39,Ohio,OH,39035,Cuyahoga County,39035150100,Census Tract 1501; Cuyahoga County; Ohio,0.338929215946,1617,339,1180,204,838,200,857,285,177,114,471,179,157,83,79,78,427,145,200,104,261,109,38,44,0,48,1598,339,182,96,0,12,0,16,165,87,0,12,53.0,13.7,27.3,15.0,56.2,16.6,12.3,6.3,4.9,4.8,26.4,8.3,12.4,5.7,16.1,7.1,4.5,5.1,0.0,3.1,98.8,3.2,15.4,7.7,0.0,2.9,0.0,1.9,19.7,9.6,0.0,0.7,0.9238,0.9892,0.9873,0.7308,0.4376,4.0687,0.9025,0.909,0.0682,0.6087,0.4286,0.0,2.0145,0.279,0.9918,0.9918,0.9918,0.7854,0.0,0.0,0.8984,0.0,1.6838,0.2863,8.7588,0.6956,1,1,1,0,0,3,1,0,0,0,0,1,1,1,0,0,0,0,0,0,5,973,264,96,1576,341,20,22,0,12,2,5,0,12,0,12,0,12,31.5,11.4,97.5,2.7,1.2,1.4,0.0,2.1,0.1,0.3,0.0,2.1,0.0,2.1,0.0,2.1
39,Ohio,OH,39035,Cuyahoga County,39035150300,Census Tract 1503; Cuyahoga County; Ohio,0.208339866996,1020,552,706,134,391,138,560,533,139,179,175,107,89,58,46,50,94,65,311,254,77,48,100,56,0,48,941,556,42,38,0,12,20,30,49,40,0,12,54.9,43.0,28.0,26.0,44.8,22.3,15.3,8.9,4.5,5.4,9.2,10.5,30.5,11.0,7.5,5.6,25.6,11.1,0.0,5.8,92.3,21.8,6.0,5.3,0.0,4.8,5.1,7.5,12.5,11.6,0.0,1.2,0.9343,0.9905,0.9403,0.8269,0.3875,4.0795,0.9054,0.0983,0.9264,0.0898,0.9794,0.0,2.0939,0.3194,0.9683,0.9683,0.9683,0.5879,0.0,0.9413,0.7911,0.0,2.3203,0.5587,9.462,0.7886,1,1,1,0,0,3,0,1,0,1,0,2,1,1,0,0,1,0,0,1,7,398,52,39,893,524,0,12,0,12,0,12,0,12,48,60,0,12,13.3,11.2,87.5,10.9,0.0,3.4,0.0,3.4,0.0,3.4,0.0,3.4,4.7,5.3,0.0,3.4
39,Ohio,OH,39035,Cuyahoga County,39035150400,Census Tract 1504; Cuyahoga County; Ohio,0.162784850322,920,452,541,110,316,95,365,150,47,62,104,41,99,86,25,24,138,38,363,382,207,133,46,68,0,48,760,494,0,16,0,12,0,16,99,86,0,12,39.7,25.4,18.1,18.2,32.9,8.4,20.5,15.5,2.7,2.5,15.0,9.4,39.5,25.1,22.5,8.2,14.6,21.1,0.0,6.4,82.6,35.2,0.0,3.0,0.0,6.3,0.0,5.1,31.3,22.9,0.0,1.3,0.8334,0.9635,0.7917,0.9169,0.1888,3.6943,0.8222,0.3431,0.9914,0.8835,0.893,0.0,3.111,0.8575,0.9417,0.9417,0.9417,0.0,0.0,0.0,0.9625,0.0,0.9625,0.1,8.7095,0.6911,0,1,0,1,0,2,0,1,0,0,0,1,1,1,0,0,0,1,0,1,5,510,110,86,760,281,0,12,0,12,0,12,0,12,0,12,0,12,34.8,22.0,82.6,15.2,0.0,3.7,0.0,3.7,0.0,3.7,0.0,3.7,0.0,3.7,0.0,3.7
39,Ohio,OH,39035,Cuyahoga County,39035151200,Census Tract 1512; Cuyahoga County; Ohio,0.31619437188,1685,271,1285,229,1080,233,936,267,229,137,529,157,166,87,153,88,376,176,321,108,579,191,150,66,0,48,1545,304,647,151,0,12,49,43,524,171,20,7,56.1,13.1,29.4,15.1,49.0,10.0,13.2,7.2,9.2,5.1,22.3,9.0,19.1,5.8,34.7,8.7,13.9,5.3,0.0,3.0,91.7,10.4,50.3,7.6,0.0,2.7,4.5,3.9,48.5,12.0,1.2,0.4,0.9432,0.9927,0.9638,0.7644,0.7813,4.4454,0.9663,0.7613,0.3256,0.9924,0.879,0.0,2.9583,0.8041,0.967,0.967,0.967,0.9727,0.0,0.9213,0.9927,0.6814,3.5681,0.9489,11.9388,0.9797,1,1,1,0,0,3,0,0,1,0,0,1,1,1,1,0,1,1,0,3,8,929,366,173,1480,249,10,22,0,12,0,12,0,12,41,35,14,22,33.9,12.9,87.8,7.8,0.6,1.3,0.0,2.1,0.0,2.1,0.0,2.1,2.4,2.2,0.8,1.3
39,Ohio,OH,39035,Cuyahoga County,39035151300,Census Tract 1513; Cuyahoga County; Ohio,0.546078730476,1731,412,1264,158,1012,153,668,166,14,22,338,129,334,123,0,12,727,138,211,115,495,135,75,87,156,144,1463,427,807,149,10,17,0,16,537,148,162,3,42.6,15.4,2.7,4.4,33.4,11.7,22.1,6.9,0.0,2.2,42.0,10.2,12.2,4.4,31.5,10.6,7.4,8.5,9.4,8.3,84.5,14.3,63.8,8.7,0.8,1.4,0.0,1.6,53.1,11.2,9.4,2.2,0.8588,0.2968,0.7994,0.9331,0.0,2.8881,0.6267,0.9965,0.0647,0.9844,0.647,0.9876,3.6802,0.9752,0.9464,0.9464,0.9464,0.986,0.6095,0.0,0.9959,0.9524,3.5438,0.9448,11.0585,0.9337,0,0,0,1,0,1,1,0,1,0,1,3,1,1,1,0,0,1,1,3,8,1187,474,133,1386,420,38,67,20,23,13,15,0,12,6,9,0,12,46.8,10.4,80.1,9.1,2.2,4.0,1.2,1.3,0.8,0.9,0.0,2.0,0.3,0.5,0.0,2.0
39,Ohio,OH,39035,Cuyahoga County,39035151500,Census Tract 1515; Cuyahoga County; Ohio,0.25636207545,1034,207,600,88,373,85,393,163,26,34,178,72,165,79,151,68,249,71,146,50,136,83,37,39,23,48,891,227,156,51,0,12,0,16,125,56,127,6,43.1,15.0,5.3,7.1,47.7,16.0,20.5,9.6,16.6,6.9,24.1,7.8,14.1,4.0,14.9,9.5,9.9,10.2,2.4,5.0,86.2,13.6,26.0,7.6,0.0,5.7,0.0,4.3,33.5,13.4,12.3,2.5,0.8639,0.6057,0.9594,0.9169,0.9578,4.3037,0.9441,0.8367,0.1056,0.5408,0.7752,0.8646,3.1229,0.8606,0.9509,0.9509,0.9509,0.894,0.0,0.0,0.9689,0.962,2.8249,0.7689,11.2024,0.9435,0,0,1,1,1,3,0,0,0,0,0,0,1,1,0,0,0,1,1,2,6,996,97,38,759,227,11,19,75,47,15,23,6,11,0,12,25,31,26.0,9.9,73.4,11.2,1.1,1.9,7.3,4.9,1.5,2.3,0.6,1.1,0.0,3.3,2.4,3.1
39,Ohio,OH,39035,Cuyahoga County,39035151600,Census Tract 1516; Cuyahoga County; Ohio,0.34046088258,1612,424,1113,179,823,180,841,388,147,86,487,174,102,68,87,66,226,146,498,274,442,184,153,90,37,64,1473,443,733,179,0,12,70,45,260,120,1,3,53.7,20.2,20.3,11.3,59.2,16.7,11.6,7.0,5.4,4.0,14.0,9.3,30.9,11.1,27.4,9.6,18.6,10.2,2.8,4.7,91.4,13.3,65.9,12.1,0.0,3.1,8.5,5.1,31.6,12.7,0.1,0.2,0.9273,0.9749,0.9911,0.707,0.4916,4.0919,0.9083,0.2885,0.9356,0.9629,0.9422,0.8884,4.0176,0.9962,0.9654,0.9654,0.9654,0.9879,0.0,0.9835,0.9641,0.3694,3.3049,0.8997,12.3798,0.9917,1,1,1,0,0,3,0,1,1,1,0,3,1,1,1,0,1,1,0,3,10,401,96,52,1314,416,41,39,69,67,0,12,0,12,49,57,0,12,11.7,7.4,81.5,9.7,2.5,2.4,4.3,4.2,0.0,2.1,0.0,2.1,3.0,3.6,0.0,2.1
39,Ohio,OH,39035,Cuyahoga County,39035151700,Census Tract 1517; Cuyahoga County; Ohio,0.19070349984,1287,545,602,162,432,175,594,278,118,133,154,72,107,73,37,42,260,209,394,200,242,110,118,65,0,48,1263,545,92,45,0,12,0,16,82,52,31,5,46.2,9.2,17.6,19.2,35.6,8.4,14.7,6.2,2.9,3.3,20.2,10.2,30.6,7.4,18.8,7.0,27.3,10.2,0.0,4.0,98.1,8.2,15.3,6.2,0.0,5.6,0.0,3.7,19.0,11.7,2.4,1.1,0.8845,0.9606,0.8305,0.8107,0.2142,3.7005,0.8241,0.6734,0.9287,0.7521,0.9863,0.0,3.3405,0.9168,0.9899,0.9899,0.9899,0.7835,0.0,0.0,0.8905,0.7885,2.4625,0.6213,10.4934,0.8937,0,1,0,0,0,1,0,1,0,1,0,2,1,1,0,0,0,0,0,0,4,830,114,53,1221,544,0,12,9,15,0,12,0,12,33,33,0,12,26.4,15.4,94.9,4.2,0.0,2.7,0.7,1.2,0.0,2.7,0.0,2.7,2.6,3.0,0.0,2.7
39,Ohio,OH,39035,Cuyahoga County,39035151800,Census Tract 1518; Cuyahoga County; Ohio,0.228139177556,1426,440,799,106,523,112,754,235,105,58,244,77,151,64,102,75,144,42,516,225,260,105,121,56,12,49,1402,440,160,60,0,12,0,16,178,57,3,2,52.9,2.3,15.8,9.5,46.7,10.8,18.5,6.9,7.2,3.9,10.1,3.7,36.2,6.5,18.2,8.7,23.1,9.5,0.9,3.8,98.3,5.7,20.0,7.0,0.0,4.3,0.0,3.1,34.0,11.7,0.2,0.1,0.9235,0.9457,0.9517,0.8897,0.6557,4.3663,0.9543,0.1262,0.9832,0.7204,0.9705,0.6855,3.4858,0.9451,0.9902,0.9902,0.9902,0.8467,0.0,0.0,0.9708,0.4356,2.2531,0.5276,11.0954,0.9378,1,1,1,0,0,3,0,1,0,1,0,2,1,1,0,0,0,1,0,1,7,445,170,59,1303,435,12,16,0,12,4,7,0,12,78,117,5,8,32.5,10.0,91.4,8.5,0.8,1.1,0.0,2.4,0.3,0.5,0.0,2.4,5.5,8.2,0.4,0.6
39,Ohio,OH,39035,Cuyahoga County,39035152101,Census Tract 1521.01; Cuyahoga County; Ohio,0.411440329852,2282,395,1102,157,963,170,347,286,39,32,159,87,224,210,38,28,561,145,249,135,280,121,6,15,1,46,844,532,0,16,10,17,0,16,36,57,9,9,15.2,12.3,3.2,2.6,16.5,8.6,12.5,10.3,1.7,1.3,24.6,5.9,10.9,5.1,12.3,5.2,0.6,1.6,0.0,2.0,37.0,22.4,0.0,1.5,0.9,1.6,0.0,1.7,3.7,5.9,0.4,0.4,0.3691,0.3711,0.2505,0.7372,0.092,1.8199,0.3124,0.8519,0.0498,0.3745,0.0521,0.0,1.3283,0.0571,0.7578,0.7578,0.7578,0.0,0.6187,0.0,0.3727,0.5374,1.5288,0.2387,5.4348,0.1825,0,0,0,0,0,0,0,0,0,0,0,0,0,0,0,0,0,0,0,0,0,2411,201,161,798,344,0,12,0,12,0,12,0,12,46,40,0,12,20.9,13.9,35.0,13.1,0.0,1.5,0.0,1.5,0.0,1.5,0.0,1.5,2.0,1.8,0.0,1.5
39,Ohio,OH,39035,Cuyahoga County,39035152102,Census Tract 1521.02; Cuyahoga County; Ohio,0.550793421998,5077,648,2338,326,2064,342,658,362,149,120,513,188,211,104,82,64,525,79,1392,298,917,315,96,81,0,68,3499,705,0,24,20,30,0,24,178,92,1,2,13.0,7.0,5.9,5.0,24.9,8.1,6.1,3.0,1.6,1.3,10.3,2.1,27.4,5.3,18.1,5.7,4.7,3.8,0.0,1.5,68.9,10.7,0.0,1.0,0.9,1.3,0.0,1.2,8.6,4.4,0.0,0.0,0.3043,0.6492,0.5752,0.3897,0.0825,2.0009,0.3667,0.1325,0.832,0.7166,0.4476,0.0,2.1287,0.3403,0.8995,0.8995,0.8995,0.0,0.6187,0.0,0.6727,0.0,1.2914,0.1721,6.3205,0.3092,0,0,0,0,0,0,0,0,0,0,0,0,0,0,0,0,0,0,0,0,0,2424,442,275,2738,520,138,176,70,85,0,17,0,17,553,591,0,17,21.4,11.4,53.9,10.6,2.7,3.6,1.4,1.7,0.0,0.7,0.0,0.7,10.9,10.7,0.0,0.7
39,Ohio,OH,39035,Cuyahoga County,39035152201,Census Tract 1522.01; Cuyahoga County; Ohio,0.294552196474,3817,579,2414,316,2149,273,1236,450,177,137,854,268,359,220,510,326,592,232,472,184,801,300,208,122,14,51,3128,604,1879,303,4,8,32,49,731,287,0,12,32.7,10.8,7.4,5.6,39.7,11.4,14.3,7.6,13.4,7.5,15.5,6.1,12.4,4.6,21.0,7.6,9.7,5.5,0.4,1.4,81.9,9.8,77.8,7.3,0.2,0.3,1.5,2.3,34.0,10.8,0.0,0.3,0.7509,0.7438,0.8908,0.7984,0.9191,4.103,0.9114,0.371,0.0682,0.8366,0.7679,0.5412,2.5849,0.613,0.9401,0.9401,0.9401,0.994,0.5527,0.6606,0.9708,0.0,3.1781,0.874,10.8061,0.9165,0,0,0,0,1,1,0,0,0,0,0,0,1,1,1,0,0,1,0,2,4,1183,523,263,2984,605,14,22,0,12,8,14,0,12,122,79,0,12,24.3,10.2,78.2,5.9,0.4,0.6,0.0,0.9,0.2,0.4,0.0,0.9,3.2,2.1,0.0,0.9
39,Ohio,OH,39035,Cuyahoga County,39035152202,Census Tract 1522.02; Cuyahoga County; Ohio,0.852689278512,4393,509,2127,244,1993,248,1575,443,265,195,750,267,267,150,217,129,681,215,1125,296,970,375,335,137,58,69,3283,631,41,37,28,36,0,16,155,110,0,12,35.9,9.2,11.4,7.6,37.6,12.6,9.4,5.5,4.9,2.9,15.5,4.9,25.6,5.5,22.1,8.1,16.8,6.5,1.4,1.7,74.7,11.5,1.9,1.7,1.3,1.7,0.0,0.8,7.8,5.6,0.0,0.3,0.788,0.8721,0.8654,0.5999,0.4376,3.563,0.7943,0.371,0.7429,0.8737,0.9254,0.7717,3.6847,0.9756,0.9163,0.9163,0.9163,0.3975,0.6505,0.0,0.6394,0.0,1.6874,0.2876,9.8514,0.8311,0,0,0,0,0,0,0,0,0,1,0,1,1,1,0,0,0,0,0,0,2,2085,289,128,3095,509,11,19,0,12,0,12,0,12,136,93,41,61,14.5,6.7,70.5,8.2,0.3,0.4,0.0,0.8,0.0,0.8,0.0,0.8,3.1,2.2,0.9,1.4
39,Ohio,OH,39035,Cuyahoga County,39035152301,Census Tract 1523.01; Cuyahoga County; Ohio,0.241843481944,2130,411,1751,225,1182,218,631,290,54,55,441,151,117,76,284,200,301,78,315,169,593,185,71,73,10,49,1270,472,1252,238,0,12,0,16,83,53,3,6,29.6,12.4,4.2,4.5,37.3,10.8,7.4,5.1,13.3,8.8,14.1,4.7,14.8,6.6,27.8,7.5,6.0,6.1,0.5,2.4,59.6,18.9,71.5,10.0,0.0,2.0,0.0,1.4,7.0,4.6,0.1,0.3,0.7049,0.4975,0.8578,0.4775,0.9169,3.4546,0.7692,0.2964,0.123,0.9651,0.5517,0.5796,2.5158,0.566,0.8614,0.8614,0.8614,0.9911,0.0,0.0,0.5994,0.3694,1.9599,0.401,8.7917,0.6997,0,0,0,0,1,1,0,0,1,0,0,1,0,0,1,0,0,0,0,1,3,684,153,71,1093,338,108,102,8,12,0,12,0,12,61,39,0,12,12.9,5.8,51.3,10.4,5.1,4.8,0.4,0.6,0.0,1.6,0.0,1.6,2.9,1.8,0.0,1.6
39,Ohio,OH,39035,Cuyahoga County,39035152302,Census Tract 1523.02; Cuyahoga County; Ohio,0.65653363233,3906,681,1871,251,1635,235,869,358,125,74,366,120,171,78,274,138,626,132,878,243,722,175,180,99,12,51,2369,720,20,26,20,32,0,16,64,50,3,6,22.2,8.3,6.1,3.6,22.4,6.6,6.1,3.0,7.0,3.4,16.0,4.5,22.5,5.5,18.5,4.7,11.0,5.8,0.3,1.4,60.7,15.1,1.1,1.4,1.1,1.8,0.0,1.0,3.9,3.2,0.1,0.2,0.5643,0.6648,0.486,0.3897,0.636,2.7408,0.5841,0.3989,0.5526,0.7369,0.8086,0.4968,2.9938,0.8184,0.8649,0.8649,0.8649,0.3378,0.6378,0.0,0.3892,0.3694,1.7342,0.3098,8.3337,0.6352,0,0,0,0,0,0,0,0,0,0,0,0,0,0,0,0,0,0,0,0,0,2461,138,61,2126,656,69,63,73,60,0,12,0,12,101,96,0,12,8.4,4.0,54.4,9.1,1.8,1.7,1.9,1.6,0.0,0.9,0.0,0.9,2.6,2.4,0.0,0.9
39,Ohio,OH,39035,Cuyahoga County,39035152303,Census Tract 1523.03; Cuyahoga County; Ohio,1.305738662598,4475,531,1920,259,1868,258,706,318,101,76,558,140,329,178,137,105,813,257,810,210,687,283,101,61,0,48,2879,649,45,54,0,12,10,20,45,35,5,2,15.8,6.9,4.0,3.1,29.9,6.3,10.2,5.0,3.1,2.3,18.2,5.7,18.1,4.2,15.4,5.8,5.4,3.2,0.0,1.2,64.3,12.3,2.3,2.8,0.0,1.8,0.5,1.1,2.4,1.9,0.1,0.0,0.385,0.4756,0.7235,0.65,0.2371,2.4712,0.5003,0.5466,0.2613,0.5712,0.5108,0.0,1.8899,0.2178,0.8824,0.8824,0.8824,0.426,0.0,0.4413,0.2514,0.3694,1.4881,0.226,6.7316,0.3835,0,0,0,0,0,0,0,0,0,0,0,0,0,0,0,0,0,0,0,0,0,3375,286,184,2693,499,26,38,28,28,0,12,0,12,132,147,0,12,15.3,8.8,60.2,8.0,0.6,0.9,0.6,0.6,0.0,0.8,0.0,0.8,2.9,3.3,0.0,0.8
39,Ohio,OH,39035,Cuyahoga County,39035152400,Census Tract 1524; Cuyahoga County; Ohio,0.23703960086,2049,458,729,82,683,83,929,461,313,207,243,98,64,39,108,80,215,55,712,272,248,96,136,80,19,56,1549,466,16,25,0,12,9,10,69,48,0,12,45.3,20.1,29.1,14.0,35.6,13.7,5.7,3.5,5.3,3.4,10.5,3.6,34.7,6.3,12.1,3.6,19.9,11.5,1.0,3.0,75.6,15.2,2.2,3.4,0.0,4.7,1.3,1.5,10.1,6.8,0.0,0.6,0.8794,0.9921,0.8305,0.357,0.4808,3.5398,0.7908,0.1424,0.975,0.3586,0.954,0.707,3.137,0.8673,0.9211,0.9211,0.9211,0.4216,0.0,0.6181,0.7232,0.0,1.7629,0.3235,9.3608,0.7762,0,1,0,0,0,1,0,1,0,1,0,2,1,1,0,0,0,0,0,0,4,664,72,37,1440,458,39,42,32,51,0,12,0,12,9,15,29,37,10.5,5.1,70.3,7.6,1.9,2.1,1.6,2.5,0.0,1.7,0.0,1.7,0.4,0.7,1.4,1.9
39,Ohio,OH,39035,Cuyahoga County,39035152501,Census Tract 1525.01; Cuyahoga County; Ohio,0.539155535514,4052,601,1920,240,1725,238,1411,434,239,183,511,188,307,227,426,226,676,115,815,220,388,140,251,99,0,48,3005,634,235,170,0,12,0,16,118,90,134,3,36.0,9.6,10.9,7.9,29.6,10.1,12.1,8.2,10.9,5.1,16.7,3.3,20.1,5.3,9.9,4.0,14.6,5.4,0.0,1.2,74.2,11.1,12.2,8.7,0.0,1.8,0.0,0.9,6.8,5.5,3.3,0.5,0.7896,0.8619,0.7146,0.7242,0.8524,3.9427,0.8771,0.4439,0.3906,0.2104,0.893,0.0,1.9379,0.2397,0.9144,0.9144,0.9144,0.7333,0.0,0.0,0.5879,0.8456,2.1668,0.4876,8.9618,0.7232,0,0,0,0,0,0,0,0,0,0,0,0,1,1,0,0,0,0,0,0,1,2769,312,106,2847,554,74,93,4,10,0,12,0,12,80,119,0,12,18.1,6.5,70.3,6.3,1.8,2.3,0.1,0.3,0.0,0.9,0.0,0.9,2.0,2.9,0.0,0.9
39,Ohio,OH,39035,Cuyahoga County,39035152502,Census Tract 1525.02; Cuyahoga County; Ohio,1.386921627424,2449,400,1148,195,1014,181,626,220,134,97,363,139,176,83,395,244,255,89,549,161,303,115,53,54,0,48,1587,457,23,27,0,12,0,16,112,93,34,7,25.9,8.0,9.5,6.7,35.8,12.1,11.3,5.8,16.4,8.3,10.4,3.9,22.4,5.5,12.5,5.3,5.2,5.2,0.0,2.0,64.8,15.4,2.0,2.3,0.0,3.0,0.0,1.6,11.0,8.7,1.4,0.2,0.6407,0.8317,0.833,0.6969,0.9562,3.9585,0.88,0.1373,0.5466,0.3846,0.4921,0.0,1.5606,0.1048,0.8843,0.8843,0.8843,0.4051,0.0,0.0,0.753,0.7029,1.861,0.3597,8.2644,0.6257,0,0,0,0,1,1,0,0,0,0,0,0,0,0,0,0,0,0,0,0,1,8419,38,29,1570,437,6,12,0,12,11,13,0,12,0,12,0,12,3.7,3.0,64.1,10.2,0.2,0.5,0.0,1.4,0.4,0.5,0.0,1.4,0.0,1.4,0.0,1.4
39,Ohio,OH,39035,Cuyahoga County,39035152605,Census Tract 1526.05; Cuyahoga County; Ohio,1.565727780236,4885,761,2825,221,2432,255,1812,506,129,100,888,254,224,96,382,210,893,188,1212,441,1220,332,360,196,56,62,3816,792,1267,262,25,25,14,25,594,198,46,9,37.1,8.6,6.0,4.7,36.5,9.7,6.9,3.0,7.8,3.8,18.3,4.7,24.8,6.1,25.0,7.2,14.8,7.9,1.2,1.3,78.1,10.7,44.9,8.6,0.9,0.9,0.6,1.0,24.4,7.9,0.9,0.1,0.8007,0.6559,0.8432,0.4423,0.701,3.4431,0.766,0.5549,0.7004,0.9318,0.8975,0.7403,3.8249,0.9879,0.9283,0.9283,0.9283,0.9622,0.6187,0.4632,0.9346,0.6458,3.6245,0.9571,11.8208,0.9752,0,0,0,0,0,0,0,0,1,0,0,1,1,1,1,0,0,1,0,2,4,5009,541,191,3443,720,193,206,4,13,39,41,0,12,104,72,33,50,22.2,7.5,70.5,5.8,4.0,4.3,0.1,0.3,0.8,0.9,0.0,0.7,2.1,1.5,0.7,1.0
39,Ohio,OH,39035,Cuyahoga County,39035152701,Census Tract 1527.01; Cuyahoga County; Ohio,0.334221088158,2105,312,1567,191,1455,207,1223,284,65,52,1084,264,382,161,149,164,948,188,242,184,786,217,94,69,25,61,1959,328,1250,218,0,12,10,19,770,207,163,3,63.0,10.6,12.6,10.1,74.5,14.7,20.5,8.1,7.7,8.0,45.0,9.8,11.5,8.0,40.5,10.1,6.5,4.7,1.2,2.9,93.1,7.2,79.8,9.9,0.0,2.2,0.7,1.3,52.9,10.7,7.7,1.2,0.9705,0.8975,0.9984,0.9169,0.6915,4.4748,0.9692,0.9987,0.0564,0.9978,0.5844,0.7403,3.3776,0.9254,0.9715,0.9715,0.9715,0.9956,0.0,0.4873,0.9952,0.9426,3.4207,0.9235,12.2446,0.9895,1,0,1,1,0,3,1,0,1,0,0,2,1,1,1,0,0,1,1,3,9,2034,724,186,1886,327,14,22,0,12,0,12,0,12,38,48,21,33,49.8,10.0,89.6,6.5,0.7,1.1,0.0,1.6,0.0,1.6,0.0,1.6,1.8,2.3,1.0,1.6
39,Ohio,OH,39035,Cuyahoga County,39035152702,Census Tract 1527.02; Cuyahoga County; Ohio,0.777716764356,2260,521,1193,202,1066,208,535,201,166,151,464,200,175,96,181,98,549,91,314,208,461,160,165,147,0,48,1552,645,147,110,21,35,0,16,177,109,37,4,23.9,7.0,16.8,14.5,43.5,16.7,9.6,5.8,8.1,4.7,24.3,7.0,13.9,7.8,20.6,7.7,15.5,13.5,0.0,2.2,68.7,23.7,12.3,9.0,1.8,3.0,0.0,1.5,16.6,9.7,1.6,0.4,0.5982,0.9546,0.9308,0.6148,0.7226,3.821,0.8502,0.8421,0.0992,0.8258,0.9105,0.0,2.6776,0.6673,0.8989,0.8989,0.8989,0.7352,0.686,0.0,0.8613,0.727,3.0095,0.8327,10.407,0.8841,0,1,1,0,0,2,0,0,0,1,0,1,0,0,0,0,0,0,0,0,3,970,118,86,1337,397,75,92,8,23,0,12,0,12,8,21,124,104,11.1,8.3,59.2,14.6,3.3,4.2,0.4,1.0,0.0,1.5,0.0,1.5,0.4,0.9,5.5,4.6
39,Ohio,OH,39035,Cuyahoga County,39035152703,Census Tract 1527.03; Cuyahoga County; Ohio,0.72027907253,1558,339,740,70,698,81,170,232,45,52,141,67,78,53,105,120,347,91,233,163,265,96,28,34,1,46,982,359,7,16,0,12,0,16,40,38,102,2,11.6,15.7,5.2,5.9,20.2,9.3,6.3,3.8,7.2,8.0,22.3,6.1,15.0,8.1,18.1,6.6,4.0,4.8,0.1,3.1,63.0,18.5,0.9,2.2,0.0,4.6,0.0,2.3,5.7,5.4,6.5,1.4,0.2609,0.5971,0.4029,0.4042,0.6557,2.3208,0.459,0.7613,0.1294,0.7166,0.3743,0.4245,2.4061,0.5019,0.8767,0.8767,0.8767,0.3181,0.0,0.0,0.5241,0.9299,1.7721,0.327,7.3757,0.4829,0,0,0,0,0,0,0,0,0,0,0,0,0,0,0,0,0,0,1,1,1,806,50,49,921,337,9,12,14,15,0,12,0,12,34,29,4,5,7.2,7.1,59.1,10.5,0.6,0.8,0.9,1.0,0.0,2.2,0.0,2.2,2.2,2.0,0.3,0.4
39,Ohio,OH,39035,Cuyahoga County,39035153103,Census Tract 1531.03; Cuyahoga County; Ohio,1.010243991142,2385,223,1097,86,1043,93,330,185,77,55,276,87,38,29,128,103,566,95,491,94,385,157,25,36,14,51,422,313,60,44,0,12,0,16,29,23,1,2,13.9,7.7,5.9,4.1,26.5,8.0,2.1,1.6,5.4,4.1,23.7,3.6,20.6,3.0,16.1,6.0,2.4,3.4,0.6,2.3,17.7,13.0,5.4,4.0,0.0,3.1,0.0,1.5,2.8,2.2,0.0,0.1,0.3304,0.6492,0.6356,0.0938,0.4916,2.2006,0.4276,0.824,0.4271,0.6087,0.201,0.6088,2.6696,0.6638,0.5514,0.5514,0.5514,0.5686,0.0,0.0,0.2848,0.0,0.8534,0.0819,6.275,0.3025,0,0,0,0,0,0,0,0,0,0,0,0,0,0,0,0,0,0,0,0,0,4487,61,43,68,78,100,77,0,12,14,24,0,12,240,147,0,12,5.8,4.1,2.9,3.2,4.2,3.3,0.0,1.5,0.6,1.0,0.0,1.5,10.1,5.8,0.0,1.5
39,Ohio,OH,39035,Cuyahoga County,39035153104,Census Tract 1531.04; Cuyahoga County; Ohio,0.611536533046,3061,449,1417,188,1289,177,128,69,31,28,207,83,41,29,292,171,279,84,648,219,162,72,36,35,0,48,317,645,23,35,0,12,0,16,53,43,0,12,4.2,2.2,1.6,1.4,16.1,6.0,2.0,1.5,9.5,5.2,9.1,3.0,21.2,5.7,5.3,2.5,2.8,2.7,0.0,1.6,10.4,21.0,1.6,2.5,0.0,2.4,0.0,1.2,4.1,3.4,0.0,0.4,0.0479,0.1346,0.2321,0.0881,0.7982,1.3009,0.1698,0.0954,0.4654,0.0321,0.2403,0.0,0.8332,0.0146,0.3694,0.3694,0.3694,0.3787,0.0,0.0,0.4063,0.0,0.785,0.0727,3.2885,0.0197,0,0,0,0,0,0,0,0,0,0,0,0,0,0,0,0,0,0,0,0,0,2194,80,44,0,12,269,168,18,29,0,12,0,12,30,27,0,12,6.2,3.5,0.0,1.1,8.8,5.5,0.6,0.9,0.0,1.1,0.0,1.1,1.0,0.9,0.0,1.1
39,Ohio,OH,39035,Cuyahoga County,39035153105,Census Tract 1531.05; Cuyahoga County; Ohio,0.630648968148,3546,328,1914,136,1845,129,873,248,65,46,660,154,61,47,330,185,659,101,674,134,411,152,126,72,23,51,688,473,595,103,15,21,32,31,207,61,14,3,24.7,6.6,3.1,2.2,35.8,8.0,2.4,1.8,9.3,4.9,18.6,2.8,19.0,2.9,11.6,4.0,6.8,3.9,0.7,1.5,19.4,13.2,31.1,4.9,0.8,1.1,1.7,1.7,11.2,3.1,0.4,0.1,0.6169,0.3537,0.833,0.1135,0.7871,2.7042,0.574,0.5767,0.3183,0.3234,0.6051,0.6367,2.4602,0.5356,0.5815,0.5815,0.5815,0.9241,0.6095,0.6917,0.7594,0.5374,3.5221,0.941,9.268,0.761,0,0,0,0,0,0,0,0,0,0,0,0,0,0,1,0,0,0,0,1,1,4303,239,96,157,95,194,118,108,88,0,12,0,12,229,160,0,12,13.0,5.0,4.4,2.7,5.5,3.4,3.0,2.5,0.0,1.0,0.0,1.0,6.5,4.3,0.0,1.0
39,Ohio,OH,39035,Cuyahoga County,39035153106,Census Tract 1531.06; Cuyahoga County; Ohio,0.769773101808,4066,413,1676,208,1655,218,240,128,69,44,260,86,109,64,269,224,763,213,824,114,334,106,98,71,38,55,515,630,82,84,0,12,0,16,31,29,1,2,5.9,3.1,2.7,1.7,15.7,4.8,3.7,2.2,6.6,5.1,18.8,4.8,20.3,3.1,8.2,2.6,6.0,4.2,1.0,1.4,12.7,15.4,4.9,5.0,0.0,2.1,0.0,1.0,1.9,1.7,0.0,0.0,0.0831,0.2968,0.2175,0.2039,0.6001,1.4014,0.1997,0.5888,0.4065,0.1215,0.5517,0.707,2.3755,0.4832,0.4369,0.4369,0.4369,0.5546,0.0,0.0,0.2029,0.0,0.7575,0.0676,4.9713,0.1375,0,0,0,0,0,0,0,0,0,0,0,0,0,0,0,0,0,0,0,0,0,3202,83,87,54,83,198,184,138,117,0,12,0,12,107,95,18,29,5.0,5.1,1.3,2.0,4.9,4.5,3.4,2.9,0.0,0.9,0.0,0.9,2.6,2.3,0.4,0.7
39,Ohio,OH,39035,Cuyahoga County,39035153107,Census Tract 1531.07; Cuyahoga County; Ohio,1.667194999734,4079,616,1968,210,1895,215,912,635,95,82,564,219,173,120,128,84,935,190,825,306,771,243,185,173,32,56,536,854,706,136,0,12,0,16,226,99,15,8,22.5,15.3,4.1,3.7,29.8,11.1,5.7,4.0,3.1,2.1,22.9,3.0,20.2,4.9,18.9,4.5,9.8,9.1,0.8,1.4,13.1,20.8,35.8,5.8,0.0,1.8,0.0,0.8,11.9,5.2,0.4,0.2,0.5693,0.4867,0.7206,0.357,0.2371,2.3707,0.4749,0.7885,0.397,0.7566,0.7705,0.6636,3.3762,0.9248,0.4477,0.4477,0.4477,0.9425,0.0,0.0,0.7778,0.5374,2.2577,0.5308,8.4523,0.6559,0,0,0,0,0,0,0,0,0,0,0,0,0,0,1,0,0,0,0,1,1,1880,98,54,112,88,98,91,104,106,0,12,0,12,222,165,0,12,5.2,3.0,2.7,2.2,2.4,2.2,2.5,2.7,0.0,0.9,0.0,0.9,5.4,3.9,0.0,0.9
39,Ohio,OH,39035,Cuyahoga County,39035154100,Census Tract 1541; Cuyahoga County; Ohio,0.226449981306,2226,363,1004,165,946,163,841,246,150,62,336,112,229,87,157,74,227,54,543,135,450,148,123,61,35,71,1388,459,0,16,0,12,0,16,86,66,12,4,38.1,9.2,12.6,5.5,35.5,10.1,14.3,5.6,7.1,3.2,10.2,2.6,24.4,5.2,20.2,6.0,13.0,6.0,1.7,3.5,62.4,17.9,0.0,1.6,0.0,3.4,0.0,1.7,9.1,6.8,0.5,0.2,0.8147,0.8975,0.8292,0.7984,0.6452,3.985,0.8854,0.1297,0.6782,0.8134,0.8619,0.8094,3.2926,0.9083,0.8732,0.8732,0.8732,0.0,0.0,0.0,0.6905,0.5742,1.2647,0.1663,9.4155,0.7854,0,0,0,0,0,0,0,0,0,0,0,0,0,0,0,0,0,0,0,0,0,792,91,57,1231,195,103,100,0,12,0,12,0,12,54,49,0,12,9.6,5.8,55.3,8.6,4.6,4.3,0.0,1.6,0.0,1.6,0.0,1.6,2.4,2.2,0.0,1.6
39,Ohio,OH,39035,Cuyahoga County,39035154200,Census Tract 1542; Cuyahoga County; Ohio,0.49538237957,1384,286,877,164,781,168,394,202,126,112,291,131,86,44,230,196,346,101,236,90,226,106,97,49,5,47,720,362,53,35,0,12,6,15,195,105,3,2,28.5,13.4,21.7,16.1,37.3,14.7,8.2,4.4,16.6,12.4,25.0,8.3,17.1,5.7,16.3,7.3,12.4,5.7,0.4,3.4,52.0,23.8,6.0,3.8,0.0,3.9,0.8,1.9,25.0,12.1,0.2,0.1,0.6855,0.9778,0.8578,0.526,0.9578,4.0049,0.8895,0.8678,0.2096,0.6223,0.8473,0.5412,3.0882,0.8498,0.8332,0.8332,0.8332,0.5879,0.0,0.5117,0.9375,0.4356,2.4727,0.6254,10.399,0.8832,0,1,0,0,1,2,0,0,0,0,0,0,0,0,0,0,0,1,0,1,3,702,141,62,691,233,15,20,0,12,0,12,0,12,0,12,14,20,18.1,8.9,49.9,12.9,1.1,1.5,0.0,2.5,0.0,2.5,0.0,2.5,0.0,2.5,1.0,1.5
39,Ohio,OH,39035,Cuyahoga County,39035154400,Census Tract 1544; Cuyahoga County; Ohio,0.865771572578,2812,409,1244,201,1108,212,573,381,83,71,298,166,181,119,122,97,466,233,752,215,398,159,258,199,0,48,1277,602,19,32,0,12,4,14,88,53,1,2,20.4,13.2,6.0,5.1,26.9,14.1,9.8,6.5,4.4,3.6,16.6,7.7,26.7,6.2,14.2,5.5,23.3,17.4,0.0,1.8,45.4,20.4,1.5,2.6,0.0,2.8,0.4,1.3,7.9,4.8,0.0,0.1,0.516,0.6559,0.6492,0.6252,0.3758,2.8221,0.6079,0.4379,0.8022,0.4919,0.9714,0.0,2.7034,0.6832,0.8072,0.8072,0.8072,0.3717,0.0,0.4206,0.6444,0.0,1.4367,0.2108,7.7694,0.5454,0,0,0,0,0,0,0,0,0,1,0,1,0,0,0,0,0,0,0,0,1,1827,134,72,1236,552,0,12,0,12,6,10,0,12,35,45,0,12,12.1,6.6,44.0,16.7,0.0,1.2,0.0,1.2,0.2,0.4,0.0,1.2,1.2,1.7,0.0,1.2
39,Ohio,OH,39035,Cuyahoga County,39035154501,Census Tract 1545.01; Cuyahoga County; Ohio,0.85527963683,3451,625,1616,194,1441,202,1310,517,247,245,593,208,202,88,335,262,690,185,669,348,516,186,118,86,0,48,1721,711,264,130,0,12,6,15,138,124,147,10,40.0,14.0,13.8,12.5,41.2,13.2,8.2,3.1,10.0,7.7,20.0,6.0,19.4,7.9,15.4,5.7,8.2,5.9,0.0,1.5,49.9,18.5,16.3,7.8,0.0,2.1,0.4,1.0,9.6,7.9,4.3,0.8,0.8381,0.9175,0.9092,0.526,0.8197,4.0105,0.8905,0.663,0.3453,0.5712,0.6946,0.0,2.2741,0.4216,0.824,0.824,0.824,0.8013,0.0,0.4206,0.706,0.8849,2.8128,0.7629,9.9214,0.839,0,1,1,0,0,2,0,0,0,0,0,0,0,0,0,0,0,0,0,0,2,6745,269,126,1447,492,104,124,13,21,0,12,0,12,99,92,58,75,18.7,7.8,41.9,9.7,3.0,3.5,0.4,0.6,0.0,1.0,0.0,1.0,2.9,2.5,1.7,2.2
39,Ohio,OH,39035,Cuyahoga County,39035154502,Census Tract 1545.02; Cuyahoga County; Ohio,1.31548619369,3298,492,1468,189,1458,188,717,431,225,143,362,177,336,299,201,157,460,137,453,281,297,133,40,42,12,49,2264,548,230,142,0,12,0,16,85,53,1,2,22.4,13.1,12.0,6.6,24.8,11.7,14.0,10.6,6.1,5.1,13.9,4.5,13.7,8.1,9.0,4.2,2.7,2.9,0.4,1.6,68.6,13.1,15.7,9.5,0.0,2.4,0.0,1.1,5.8,3.7,0.0,0.1,0.5674,0.8841,0.5717,0.7888,0.5547,3.3667,0.7495,0.2841,0.0948,0.1593,0.2298,0.5412,1.3092,0.0543,0.8982,0.8982,0.8982,0.7911,0.0,0.0,0.5292,0.0,1.3203,0.1797,6.8944,0.4121,0,0,0,0,0,0,0,0,0,0,0,0,0,0,0,0,0,0,0,0,0,4153,220,127,2034,484,50,62,30,35,0,12,0,12,150,126,0,12,15.1,8.7,61.7,8.4,1.5,1.9,0.9,1.1,0.0,1.1,0.0,1.1,4.5,3.8,0.0,1.1
39,Ohio,OH,39035,Cuyahoga County,39035154601,Census Tract 1546.01; Cuyahoga County; Ohio,0.958032575988,5347,925,2060,176,1832,203,1563,463,323,181,486,211,620,304,791,538,747,111,1322,413,533,198,163,74,41,74,3701,952,151,81,0,17,14,34,216,124,230,9,30.3,7.2,10.9,4.8,26.5,11.1,17.5,8.0,15.4,8.5,14.0,3.5,24.7,4.2,10.3,4.1,8.9,3.9,0.8,1.5,69.2,13.2,7.4,3.9,0.0,1.7,0.8,1.9,11.8,6.6,4.3,0.8,0.7172,0.8619,0.6356,0.8713,0.9454,4.0314,0.894,0.2885,0.6956,0.2329,0.7311,0.6636,2.6117,0.6283,0.9008,0.9008,0.9008,0.6311,0.0,0.5117,0.774,0.8849,2.8017,0.761,10.3456,0.8784,0,0,0,0,1,1,0,0,0,0,0,0,1,1,0,0,0,0,0,0,2,5314,228,97,2515,618,866,706,0,17,0,17,0,17,37,43,283,303,12.4,5.3,47.0,10.1,16.2,11.4,0.0,0.7,0.0,0.7,0.0,0.7,0.7,0.8,5.3,5.7
39,Ohio,OH,39035,Cuyahoga County,39035154603,Census Tract 1546.03; Cuyahoga County; Ohio,0.487849143448,3214,892,1406,302,1239,312,1261,891,130,108,491,342,140,80,476,409,346,101,999,563,203,83,368,315,7,47,2215,913,0,16,0,12,0,16,48,55,15,2,39.4,25.6,7.0,5.7,39.6,25.7,7.8,4.3,14.9,12.4,10.8,4.3,31.1,9.7,6.3,3.3,29.7,24.3,0.2,1.6,68.9,21.0,0.0,1.1,0.0,2.5,0.0,1.3,3.9,4.1,0.5,0.2,0.8305,0.7222,0.8902,0.5003,0.9391,3.8823,0.8648,0.1538,0.9388,0.0508,0.9892,0.4556,2.5882,0.6146,0.8995,0.8995,0.8995,0.0,0.0,0.0,0.3892,0.5742,0.9634,0.1003,8.3334,0.6349,0,0,0,0,1,1,0,1,0,1,0,2,0,0,0,0,0,0,0,0,3,2063,138,75,2079,928,99,103,10,16,0,12,5,10,1,3,21,24,11.1,7.4,64.7,12.0,3.1,3.4,0.3,0.5,0.0,1.1,0.2,0.3,0.0,0.1,0.7,0.8
39,Ohio,OH,39035,Cuyahoga County,39035154604,Census Tract 1546.04; Cuyahoga County; Ohio,0.553445556636,4230,720,1642,192,1544,202,1216,788,67,83,487,235,150,65,163,112,481,69,1237,382,503,126,197,111,9,48,2738,751,0,16,0,12,0,16,121,85,12,3,28.8,18.0,3.3,4.2,31.5,14.7,6.5,2.7,3.9,2.7,11.4,2.5,29.2,5.4,11.9,3.6,12.7,7.0,0.2,1.2,64.7,13.9,0.0,1.0,0.0,2.1,0.0,1.0,7.8,5.7,0.3,0.0,0.6909,0.386,0.7603,0.4157,0.3224,2.5753,0.5321,0.1718,0.8928,0.345,0.8559,0.4556,2.7211,0.694,0.884,0.884,0.884,0.0,0.0,0.0,0.6394,0.4924,1.1318,0.1311,7.3122,0.4727,0,0,0,0,0,0,0,0,0,0,0,0,0,0,0,0,0,0,0,0,0,1688,189,91,2538,743,86,98,12,18,0,12,0,12,66,100,36,67,12.2,5.7,60.0,8.3,2.0,2.4,0.3,0.4,0.0,0.8,0.0,0.8,1.6,2.3,0.9,1.6
39,Ohio,OH,39035,Cuyahoga County,39035155101,Census Tract 1551.01; Cuyahoga County; Ohio,3.946851246804,5607,317,2318,169,2272,180,432,304,135,102,450,187,53,50,152,196,1702,310,1295,211,537,187,101,115,0,68,726,464,50,78,0,17,50,78,67,68,18,21,7.7,5.4,5.1,4.0,19.8,8.1,1.3,1.2,2.7,3.5,30.4,5.6,23.1,3.3,9.6,3.4,4.4,5.0,0.0,1.3,12.9,8.2,2.2,3.4,0.0,1.5,2.2,3.4,2.9,3.0,0.3,0.4,0.1412,0.5892,0.3863,0.0488,0.1888,1.3543,0.1848,0.9616,0.5948,0.1933,0.4184,0.0,2.1681,0.3594,0.4439,0.4439,0.4439,0.4216,0.0,0.7575,0.2962,0.4924,1.9677,0.4057,5.934,0.2514,0,0,0,0,0,0,1,0,0,0,0,1,0,0,0,0,0,0,0,0,1,10771,128,99,62,95,106,98,431,136,0,17,0,17,127,138,0,17,5.6,4.3,1.1,1.7,1.9,1.8,7.7,2.4,0.0,0.6,0.0,0.6,2.3,2.4,0.0,0.6
39,Ohio,OH,39035,Cuyahoga County,39035155102,Census Tract 1551.02; Cuyahoga County; Ohio,1.20263244011,3045,319,1324,151,1232,155,113,60,59,53,138,66,92,48,57,49,703,152,689,142,353,91,23,28,0,48,263,453,0,16,0,12,0,16,59,38,26,3,3.7,1.9,3.7,3.4,11.2,5.2,4.1,2.2,1.9,1.6,23.1,5.4,22.6,3.3,11.6,3.1,1.8,2.3,0.0,1.7,8.6,14.8,0.0,1.2,0.0,2.6,0.0,1.3,4.8,3.1,0.9,0.0,0.0378,0.4429,0.074,0.2359,0.1104,0.901,0.0816,0.7961,0.5609,0.3234,0.1419,0.0,1.8223,0.1908,0.3047,0.3047,0.3047,0.0,0.0,0.0,0.4568,0.6458,1.1026,0.1248,4.1306,0.0651,0,0,0,0,0,0,0,0,0,0,0,0,0,0,0,0,0,0,0,0,0,2963,97,54,37,36,53,67,83,86,0,12,0,12,72,63,18,16,7.9,4.5,1.2,1.2,1.7,2.3,2.7,2.7,0.0,1.1,0.0,1.1,2.4,2.0,0.6,0.5
39,Ohio,OH,39035,Cuyahoga County,39035156101,Census Tract 1561.01; Cuyahoga County; Ohio,3.448150320544,1497,236,594,82,558,85,50,54,10,9,67,39,28,26,30,27,379,132,296,55,162,61,0,16,2,46,64,334,16,28,0,12,0,16,18,17,0,12,3.3,3.6,1.4,1.3,12.0,6.7,2.5,2.3,2.0,1.9,25.3,5.8,19.8,4.4,10.8,3.8,0.0,2.9,0.1,3.2,4.3,22.3,2.7,4.7,0.0,5.7,0.0,2.9,3.2,2.9,0.0,0.8,0.0301,0.1117,0.0965,0.1192,0.1209,0.4784,0.0197,0.8773,0.3713,0.2691,0.0,0.4245,1.9422,0.2425,0.1189,0.1189,0.1189,0.4533,0.0,0.0,0.3248,0.0,0.7781,0.0708,3.3176,0.0213,0,0,0,0,0,0,0,0,0,0,0,0,0,0,0,0,0,0,0,0,0,25794,32,21,0,12,15,34,33,28,0,12,0,12,16,21,0,12,5.7,3.6,0.0,2.3,1.0,2.3,2.2,1.9,0.0,2.3,0.0,2.3,1.1,1.4,0.0,2.3
39,Ohio,OH,39035,Cuyahoga County,39035156102,Census Tract 1561.02; Cuyahoga County; Ohio,6.077884864912,6042,240,2545,183,2454,161,327,175,42,59,392,164,45,48,274,270,1339,185,1173,170,671,217,112,77,20,73,562,445,0,24,0,17,0,24,26,41,28,21,5.4,2.9,1.3,1.9,16.0,6.6,1.0,1.1,4.5,4.4,22.2,3.0,19.4,2.8,11.1,3.6,4.6,3.1,0.3,1.2,9.3,7.4,0.0,0.9,0.0,1.4,0.0,1.0,1.1,1.7,0.5,0.3,0.073,0.1013,0.2279,0.0333,0.3875,0.823,0.0679,0.7575,0.3453,0.2882,0.4381,0.4968,2.3259,0.4489,0.331,0.331,0.331,0.0,0.0,0.0,0.1194,0.5742,0.6936,0.0568,4.1735,0.0689,0,0,0,0,0,0,0,0,0,0,0,0,0,0,0,0,0,0,0,0,0,7220,127,75,30,75,262,281,136,105,0,17,0,17,134,113,0,17,5.2,3.1,0.5,1.2,4.3,4.6,2.3,1.8,0.0,0.6,0.0,0.6,2.2,1.9,0.0,0.6
39,Ohio,OH,39035,Cuyahoga County,39035160100,Census Tract 1601; Cuyahoga County; Ohio,0.422112189132,1795,208,855,120,788,117,80,47,26,20,89,44,25,21,66,40,315,58,392,66,78,26,5,14,4,46,257,279,0,16,0,12,0,16,23,18,1,1,4.5,2.6,2.4,1.8,11.3,5.3,1.9,1.5,3.7,2.1,17.5,3.0,21.8,3.0,4.3,1.5,0.6,1.8,0.2,2.7,14.3,15.5,0.0,1.9,0.0,4.0,0.0,2.0,2.9,2.4,0.1,0.1,0.0536,0.2514,0.0771,0.0808,0.3021,0.765,0.0575,0.4959,0.5025,0.013,0.0521,0.4556,1.5191,0.0949,0.4784,0.4784,0.4784,0.0,0.0,0.0,0.2962,0.3694,0.6656,0.0543,3.4281,0.0276,0,0,0,0,0,0,0,0,0,0,0,0,0,0,0,0,0,0,0,0,0,755,8,9,58,56,57,50,41,28,0,12,0,12,101,66,0,12,1.0,1.1,3.2,3.0,3.2,2.7,2.3,1.6,0.0,1.9,0.0,1.9,5.6,3.6,0.0,1.9
39,Ohio,OH,39035,Cuyahoga County,39035160200,Census Tract 1602; Cuyahoga County; Ohio,0.18985986697,2318,339,1310,208,1186,214,240,201,50,44,189,69,32,27,132,96,124,36,323,126,187,189,5,15,6,47,231,485,428,210,0,12,0,16,134,187,1,2,10.4,8.5,2.9,2.6,15.9,5.1,1.8,1.6,5.7,4.0,5.3,1.4,13.9,4.5,8.1,7.6,0.4,1.3,0.3,2.2,10.0,20.9,32.7,15.2,0.0,2.6,0.0,1.3,11.3,14.2,0.0,0.1,0.2199,0.327,0.2254,0.0758,0.5176,1.3657,0.1883,0.0273,0.0992,0.1162,0.0435,0.4968,0.783,0.013,0.3567,0.3567,0.3567,0.9311,0.0,0.0,0.7622,0.0,1.6933,0.2921,4.1987,0.0714,0,0,0,0,0,0,0,0,0,0,0,0,0,0,1,0,0,0,0,1,1,1685,125,186,66,57,59,52,19,23,0,12,0,12,87,100,0,12,10.5,14.2,2.8,2.4,2.5,2.2,0.8,1.0,0.0,1.5,0.0,1.5,3.8,4.2,0.0,1.5
39,Ohio,OH,39035,Cuyahoga County,39035160300,Census Tract 1603; Cuyahoga County; Ohio,0.208291218144,1806,214,969,139,914,147,334,142,45,41,155,62,33,27,160,148,213,94,309,100,123,44,47,38,0,48,210,299,0,16,0,12,0,16,46,36,0,12,18.5,7.6,3.7,3.4,17.0,6.2,2.4,2.0,8.9,7.8,11.8,5.4,17.1,4.9,6.8,2.4,5.1,4.1,0.0,2.8,11.6,16.5,0.0,1.7,0.0,3.5,0.0,1.8,5.0,4.0,0.0,0.7,0.47,0.4429,0.2714,0.1135,0.7661,2.0639,0.3854,0.1877,0.2096,0.0666,0.4841,0.0,0.948,0.0203,0.4042,0.4042,0.4042,0.0,0.0,0.0,0.4702,0.0,0.4702,0.0314,3.8863,0.0451,0,0,0,0,0,0,0,0,0,0,0,0,0,0,0,0,0,0,0,0,0,1119,41,37,46,42,45,32,69,60,0,12,0,12,50,36,0,12,4.5,4.1,2.5,2.4,2.5,1.8,3.8,3.1,0.0,1.9,0.0,1.9,2.8,2.0,0.0,1.9
39,Ohio,OH,39035,Cuyahoga County,39035160400,Census Tract 1604; Cuyahoga County; Ohio,0.441065164108,3229,419,1774,241,1653,250,332,189,181,127,489,179,102,98,89,53,403,173,602,123,254,96,51,32,23,60,421,593,438,144,0,12,0,16,116,111,8,1,10.3,5.7,8.5,5.5,29.6,9.9,4.6,4.2,2.8,1.6,12.5,4.9,18.6,3.2,7.9,3.0,3.1,1.9,0.8,2.0,13.0,18.3,24.7,7.4,0.0,2.0,0.0,1.0,7.0,6.3,0.2,0.0,0.2161,0.7943,0.7146,0.2724,0.1996,2.197,0.4263,0.2166,0.2892,0.106,0.2733,0.6636,1.5487,0.1006,0.4448,0.4448,0.4448,0.8848,0.0,0.0,0.5994,0.4356,1.9198,0.3857,6.1103,0.2762,0,0,0,0,0,0,0,0,0,0,0,0,0,0,0,0,0,0,0,0,0,3389,54,34,56,50,239,193,52,58,0,12,0,12,58,41,16,25,3.3,2.1,1.7,1.5,7.4,5.8,1.6,1.8,0.0,1.1,0.0,1.1,1.8,1.3,0.5,0.8
39,Ohio,OH,39035,Cuyahoga County,39035160500,Census Tract 1605; Cuyahoga County; Ohio,0.459091108182,3979,416,2360,313,2170,295,939,334,109,88,586,170,148,60,109,61,1299,282,453,84,976,264,11,20,50,73,488,592,1091,278,0,12,0,16,727,266,160,3,24.5,8.3,5.3,4.0,27.0,6.9,4.6,1.9,2.8,1.6,32.6,5.8,11.4,2.1,25.5,5.8,0.5,0.9,1.3,1.9,12.3,14.8,46.2,10.1,0.0,1.5,0.0,0.7,33.5,9.1,4.0,0.4,0.6135,0.6057,0.6517,0.2724,0.1996,2.3429,0.4663,0.9778,0.0552,0.941,0.0473,0.7565,2.7778,0.7222,0.4255,0.4255,0.4255,0.9644,0.0,0.0,0.9689,0.8757,2.809,0.7622,8.3552,0.6406,0,0,0,0,0,0,1,0,1,0,0,2,0,0,1,0,0,1,0,2,4,3852,584,248,234,133,86,90,88,70,0,12,0,12,80,60,0,12,26.9,9.1,5.9,3.3,2.2,2.3,2.2,1.8,0.0,0.9,0.0,0.9,2.0,1.5,0.0,0.9
39,Ohio,OH,39035,Cuyahoga County,39035160602,Census Tract 1606.02; Cuyahoga County; Ohio,0.248724591788,3033,487,1751,159,1600,162,969,323,133,70,550,132,64,52,617,362,175,49,276,127,492,189,20,25,288,231,1031,568,512,130,0,12,22,22,255,96,80,15,32.8,9.5,6.3,3.6,34.4,7.5,3.0,2.5,20.9,10.1,5.8,1.7,9.1,3.6,16.6,5.8,1.3,1.6,9.8,7.7,34.0,17.9,29.2,6.9,0.0,2.0,1.4,1.4,15.9,6.0,2.6,0.3,0.7518,0.6781,0.8149,0.1512,0.9816,3.3776,0.7511,0.0327,0.0384,0.6407,0.1022,0.9895,1.8035,0.1838,0.7372,0.7372,0.7372,0.913,0.0,0.6384,0.8517,0.8012,3.2043,0.88,9.1226,0.741,0,0,0,0,1,1,0,0,0,0,1,1,0,0,1,0,0,0,0,1,3,2537,130,83,606,447,233,193,69,66,0,12,0,12,123,71,0,12,8.1,5.2,20.0,12.5,7.7,6.4,2.3,2.1,0.0,1.1,0.0,1.1,4.1,2.6,0.0,1.1
39,Ohio,OH,39035,Cuyahoga County,39035160603,Census Tract 1606.03; Cuyahoga County; Ohio,0.095368352306,1460,259,1216,163,1057,204,469,257,94,121,421,225,0,12,243,184,115,65,86,65,225,119,0,16,0,48,340,376,928,251,0,12,9,21,238,160,0,12,32.1,16.7,8.6,10.3,39.8,19.9,0.0,2.8,16.6,10.8,7.9,4.7,5.9,4.3,15.4,7.8,0.0,1.5,0.0,3.4,23.3,25.4,76.3,17.9,0.0,2.8,0.9,2.0,22.5,13.0,0.0,0.8,0.7429,0.7975,0.8921,0.0,0.9578,3.3903,0.7543,0.065,0.0222,0.5712,0.0,0.0,0.6584,0.0092,0.6309,0.6309,0.6309,0.993,0.0,0.5384,0.9222,0.0,2.4536,0.6165,7.1332,0.4438,0,0,0,0,1,1,0,0,0,0,0,0,0,0,1,0,0,1,0,2,3,641,95,145,184,146,87,95,39,35,0,12,0,12,30,40,0,12,9.0,12.5,12.6,9.3,6.0,6.8,2.7,2.4,0.0,2.4,0.0,2.4,2.1,2.8,0.0,2.4
39,Ohio,OH,39035,Cuyahoga County,39035160604,Census Tract 1606.04; Cuyahoga County; Ohio,0.128921774412,3408,510,2890,319,2705,353,889,352,251,230,1317,377,89,86,181,116,895,163,50,50,794,276,20,37,21,55,591,725,2789,321,42,62,0,16,571,258,0,12,26.1,9.6,10.8,9.2,48.7,12.4,2.8,2.7,5.3,3.5,26.3,5.4,1.5,1.4,23.3,7.3,0.7,1.4,0.6,1.6,17.3,21.1,96.5,3.1,1.5,2.2,0.0,0.6,21.1,8.3,0.0,0.4,0.6446,0.86,0.9622,0.1386,0.4808,3.0862,0.6857,0.9055,0.0089,0.9023,0.0546,0.6088,2.4801,0.5448,0.5438,0.5438,0.5438,1.0,0.6667,0.0,0.9111,0.0,2.5778,0.6676,8.6879,0.6876,0,0,1,0,0,1,1,0,1,0,0,2,0,0,1,0,0,1,0,2,5,1367,243,132,186,103,211,163,114,94,21,30,0,12,59,63,0,12,9.0,4.9,5.5,3.0,6.2,4.8,3.3,2.8,0.6,0.9,0.0,1.0,1.7,1.9,0.0,1.0
39,Ohio,OH,39035,Cuyahoga County,39035160900,Census Tract 1609; Cuyahoga County; Ohio,0.644625088344,3396,310,1854,139,1739,160,383,154,93,64,422,137,117,87,330,133,519,158,563,131,269,112,67,67,30,53,336,413,310,110,0,12,14,25,78,60,0,12,11.3,4.4,4.2,3.0,24.3,7.6,4.4,3.2,9.7,3.8,15.3,4.0,16.6,3.1,7.9,3.1,3.8,3.8,0.9,1.6,9.9,12.1,16.7,5.8,0.0,1.9,0.8,1.4,4.5,3.5,0.0,0.4,0.2513,0.4975,0.5524,0.2581,0.8067,2.366,0.473,0.3576,0.1874,0.106,0.3502,0.6855,1.6867,0.1387,0.3542,0.3542,0.3542,0.8089,0.0,0.5117,0.4365,0.0,1.7571,0.3216,6.164,0.2844,0,0,0,0,0,0,0,0,0,0,0,0,0,0,0,0,0,0,0,0,0,2257,69,44,58,76,63,59,80,58,0,12,0,12,135,100,0,12,4.0,2.5,1.7,2.2,1.9,1.7,2.4,1.7,0.0,1.0,0.0,1.0,4.0,2.8,0.0,1.0
39,Ohio,OH,39035,Cuyahoga County,39035161000,Census Tract 1610; Cuyahoga County; Ohio,0.14389249336,1799,230,816,69,779,77,249,107,52,33,126,51,71,44,135,87,135,16,258,46,150,46,15,20,34,69,193,328,32,29,0,12,0,16,23,24,0,12,13.8,5.7,3.9,2.5,16.2,6.3,5.2,3.3,7.5,4.6,7.5,1.4,14.3,2.6,8.3,2.8,1.9,2.6,2.0,4.0,10.7,18.2,3.9,3.5,0.0,4.2,0.0,2.1,3.0,3.1,0.0,0.7,0.3281,0.4644,0.2371,0.3148,0.6798,2.0242,0.3727,0.0545,0.1116,0.1257,0.1517,0.8348,1.2783,0.0498,0.3786,0.3786,0.3786,0.5133,0.0,0.0,0.3051,0.0,0.8184,0.0781,4.4995,0.0968,0,0,0,0,0,0,0,0,0,0,0,0,0,0,0,0,0,0,0,0,0,650,35,31,70,91,71,47,10,13,0,12,0,12,42,33,0,12,4.5,4.1,3.9,5.0,3.9,2.6,0.6,0.7,0.0,1.9,0.0,1.9,2.3,1.9,0.0,1.9
39,Ohio,OH,39035,Cuyahoga County,39035161100,Census Tract 1611; Cuyahoga County; Ohio,0.35020802757,3528,373,1693,114,1528,127,260,178,38,32,301,120,30,31,222,116,456,129,739,169,314,134,80,59,0,48,190,514,216,90,0,12,23,33,28,21,0,12,7.4,5.0,1.8,1.5,19.7,7.7,1.2,1.2,6.3,3.3,12.9,3.7,20.9,3.3,8.9,3.8,5.2,3.8,0.0,1.5,5.4,14.6,12.7,5.2,0.0,2.0,1.5,2.2,1.8,1.4,0.0,0.3,0.1317,0.1654,0.3844,0.0425,0.5763,1.3003,0.1692,0.2302,0.4426,0.1552,0.4921,0.0,1.3201,0.0562,0.1687,0.1687,0.1687,0.7422,0.0,0.6606,0.1933,0.0,1.5961,0.2581,4.3852,0.087,0,0,0,0,0,0,0,0,0,0,0,0,0,0,0,0,0,0,0,0,0,2067,53,48,0,12,93,75,4,7,0,12,0,12,93,92,0,12,3.5,3.1,0.0,1.0,2.6,2.1,0.1,0.2,0.0,1.0,0.0,1.0,2.6,2.6,0.0,1.0
39,Ohio,OH,39035,Cuyahoga County,39035161200,Census Tract 1612; Cuyahoga County; Ohio,0.273030484892,2849,500,1492,189,1357,174,502,181,39,35,404,152,136,113,223,156,391,167,505,186,436,134,22,36,30,65,404,572,186,74,0,12,0,16,123,73,0,12,18.0,5.9,2.2,2.0,29.8,10.5,6.1,4.9,7.8,4.4,13.7,5.7,17.7,4.3,15.3,4.6,1.6,2.6,1.1,2.4,14.2,19.9,12.5,4.7,0.0,2.3,0.0,1.2,9.1,5.2,0.0,0.4,0.4545,0.2238,0.7206,0.3897,0.701,2.4896,0.506,0.2752,0.2419,0.5646,0.1238,0.7254,1.9309,0.2365,0.4769,0.4769,0.4769,0.7387,0.0,0.0,0.6905,0.0,1.4292,0.2089,6.3266,0.3105,0,0,0,0,0,0,0,0,0,0,0,0,0,0,0,0,0,0,0,0,0,2164,147,104,68,80,37,49,30,30,0,12,0,12,269,316,0,12,10.8,6.8,2.4,2.8,1.3,1.7,1.1,1.0,0.0,1.2,0.0,1.2,9.4,9.9,0.0,1.2
39,Ohio,OH,39035,Cuyahoga County,39035161300,Census Tract 1613; Cuyahoga County; Ohio,0.309700522342,2800,324,1483,205,1416,218,631,255,95,71,439,218,62,55,147,111,432,196,511,106,504,198,31,27,26,54,450,463,333,202,0,12,10,20,256,196,12,6,22.7,8.8,6.2,4.6,31.0,14.6,3.0,2.7,5.3,4.0,15.4,6.3,18.3,3.1,18.1,6.3,2.2,1.9,1.0,2.0,16.1,16.4,22.5,13.3,0.0,2.3,0.7,1.4,18.1,11.9,0.4,0.2,0.5744,0.6698,0.7511,0.1512,0.4808,2.6273,0.5483,0.3643,0.272,0.7166,0.1762,0.707,2.2361,0.3956,0.5178,0.5178,0.5178,0.8714,0.0,0.4873,0.88,0.5374,2.7761,0.7505,8.1573,0.6095,0,0,0,0,0,0,0,0,0,0,0,0,0,0,0,0,0,0,0,0,0,1964,75,50,73,84,114,69,139,105,0,12,0,12,46,46,78,123,5.3,3.8,2.6,2.9,4.1,2.6,5.0,3.7,0.0,1.2,0.0,1.2,1.6,1.7,2.8,4.3
39,Ohio,OH,39035,Cuyahoga County,39035161400,Census Tract 1614; Cuyahoga County; Ohio,0.360095327586,3025,443,1621,177,1477,192,443,232,63,52,393,136,212,124,162,144,310,119,419,102,287,116,87,58,81,96,397,602,29,25,0,12,0,16,141,113,1,1,14.6,7.4,3.1,2.6,26.6,8.5,9.1,5.5,5.4,4.5,10.2,3.5,13.9,3.3,9.5,3.6,5.9,3.9,2.7,3.2,13.1,19.8,1.8,1.5,0.0,2.1,0.0,1.1,9.5,7.3,0.0,0.0,0.3494,0.3537,0.6397,0.5821,0.4916,2.4165,0.4835,0.1297,0.0992,0.1872,0.5463,0.8827,1.8451,0.201,0.4477,0.4477,0.4477,0.3917,0.0,0.0,0.7013,0.0,1.093,0.1235,5.8023,0.2314,0,0,0,0,0,0,0,0,0,0,0,0,0,0,0,0,0,0,0,0,0,3695,32,25,192,236,88,55,8,13,0,12,0,12,98,78,11,16,2.2,1.7,6.3,7.4,2.9,1.8,0.3,0.4,0.0,1.1,0.0,1.1,3.2,2.7,0.4,0.5
39,Ohio,OH,39035,Cuyahoga County,39035161500,Census Tract 1615; Cuyahoga County; Ohio,0.390770359282,4048,493,1945,128,1717,141,721,428,94,80,410,163,250,199,135,88,470,120,788,193,307,162,73,47,128,147,463,713,306,127,0,12,44,71,131,81,60,3,18.1,10.5,3.7,3.0,23.9,9.3,9.0,6.9,3.4,2.2,11.6,2.7,19.5,3.6,7.7,3.8,4.3,2.7,3.3,3.8,11.4,17.6,15.7,6.4,0.0,1.8,2.6,4.1,7.6,4.6,1.5,0.2,0.4573,0.4429,0.54,0.5755,0.2745,2.2902,0.4508,0.1776,0.3535,0.0981,0.407,0.9071,1.9433,0.2438,0.4008,0.4008,0.4008,0.7911,0.0,0.8029,0.6279,0.7146,2.9365,0.8073,7.5708,0.5124,0,0,0,0,0,0,0,0,0,0,1,1,0,0,0,0,0,0,0,0,1,2493,165,82,69,52,279,131,37,45,0,12,0,12,69,60,9,14,9.6,4.6,1.7,1.3,6.9,3.3,0.9,1.1,0.0,0.9,0.0,0.9,1.7,1.5,0.2,0.4
39,Ohio,OH,39035,Cuyahoga County,39035161600,Census Tract 1616; Cuyahoga County; Ohio,0.17739263339,2059,185,1099,88,1008,93,612,179,61,38,265,79,208,74,79,55,362,73,337,52,412,106,52,49,21,48,556,306,217,90,0,12,3,13,201,94,17,5,29.8,8.3,4.8,3.0,26.3,7.5,13.7,4.5,3.8,2.7,17.6,3.2,16.4,2.6,20.0,5.0,5.2,4.8,1.1,2.4,27.0,14.7,19.7,8.0,0.0,3.1,0.3,1.3,19.9,8.8,0.8,0.2,0.7071,0.5603,0.6283,0.7815,0.3113,2.9885,0.6571,0.5044,0.1763,0.8074,0.4921,0.7254,2.7056,0.6851,0.6776,0.6776,0.6776,0.8406,0.0,0.4041,0.901,0.6344,2.7801,0.7527,9.1518,0.7435,0,0,0,0,0,0,0,0,0,0,0,0,0,0,0,0,0,1,0,1,1,907,185,84,215,123,152,92,75,63,0,12,0,12,114,71,0,12,18.4,7.9,10.4,5.9,7.4,4.6,3.6,3.1,0.0,1.7,0.0,1.7,5.5,3.4,0.0,1.7
39,Ohio,OH,39035,Cuyahoga County,39035161900,Census Tract 1619; Cuyahoga County; Ohio,0.348577904926,2610,313,1679,125,1581,119,486,130,33,23,517,134,90,55,219,93,206,35,290,142,183,64,50,44,0,48,108,450,923,147,0,12,0,16,112,67,11,2,18.7,4.5,1.6,1.2,32.7,8.1,4.6,2.9,8.4,3.5,7.9,1.6,11.1,4.6,7.0,2.5,3.2,2.8,0.0,1.9,4.1,17.2,54.9,7.7,0.0,2.1,0.0,1.0,7.1,4.3,0.4,0.1,0.4764,0.1346,0.7886,0.2724,0.7417,2.4137,0.4829,0.065,0.0523,0.0724,0.2841,0.0,0.4738,0.0032,0.1097,0.1097,0.1097,0.9781,0.0,0.0,0.6048,0.5374,2.1203,0.4705,5.1175,0.1533,0,0,0,0,0,0,0,0,0,0,0,0,0,0,1,0,0,0,0,1,1,2115,138,65,38,30,58,51,0,12,0,12,0,12,12,14,0,12,8.7,4.1,1.5,1.2,2.2,2.0,0.0,1.3,0.0,1.3,0.0,1.3,0.5,0.5,0.0,1.3
39,Ohio,OH,39035,Cuyahoga County,39035170101,Census Tract 1701.01; Cuyahoga County; Ohio,0.649874917238,3131,447,1673,246,1600,252,520,280,124,80,666,230,60,56,244,209,961,345,430,136,563,230,58,38,21,57,1048,611,67,50,0,12,0,16,351,207,0,12,16.6,8.6,6.8,4.5,41.6,12.8,2.4,2.4,7.8,6.1,30.7,9.2,13.7,4.3,18.0,6.8,3.6,2.3,0.7,1.9,33.5,18.9,4.1,2.9,0.0,2.1,0.0,1.0,21.9,11.1,0.0,0.4,0.4116,0.7079,0.9152,0.1135,0.701,2.8492,0.6162,0.9658,0.0948,0.7122,0.3292,0.6367,2.7387,0.7022,0.7349,0.7349,0.7349,0.5219,0.0,0.0,0.9178,0.0,1.4397,0.2121,7.7625,0.5432,0,0,1,0,0,1,1,0,0,0,0,1,0,0,0,0,0,1,0,1,3,2749,44,28,672,209,281,212,80,74,4,6,0,12,11,18,0,12,2.8,1.9,21.5,6.4,9.0,6.5,2.6,2.4,0.1,0.2,0.0,1.1,0.4,0.6,0.0,1.1
39,Ohio,OH,39035,Cuyahoga County,39035170102,Census Tract 1701.02; Cuyahoga County; Ohio,1.098157872134,4700,481,2015,180,2002,179,260,135,82,64,246,107,66,45,102,79,744,106,1066,366,340,132,176,203,40,62,1063,680,0,16,0,12,0,16,62,53,21,20,5.6,2.8,3.0,2.3,12.3,5.2,1.9,1.3,2.2,1.7,15.8,3.1,22.7,5.9,7.3,3.0,8.8,10.1,0.9,1.4,22.6,14.3,0.0,0.8,0.0,1.7,0.0,0.8,3.1,2.6,0.4,0.4,0.0765,0.3403,0.1063,0.0808,0.1396,0.7435,0.0533,0.3865,0.5669,0.0812,0.7254,0.6855,2.4455,0.5267,0.6237,0.6237,0.6237,0.0,0.0,0.0,0.3143,0.5374,0.8517,0.0813,4.6644,0.1092,0,0,0,0,0,0,0,0,0,0,0,0,0,0,0,0,0,0,0,0,0,2845,62,52,669,229,67,76,107,100,8,12,0,12,212,158,0,12,3.1,2.7,14.2,4.8,1.4,1.6,2.3,2.1,0.2,0.3,0.0,0.7,4.5,3.4,0.0,0.7
39,Ohio,OH,39035,Cuyahoga County,39035170201,Census Tract 1702.01; Cuyahoga County; Ohio,1.687726359686,2155,257,1419,178,1099,167,121,61,56,48,198,76,72,90,0,12,885,150,237,70,257,107,9,18,0,48,525,363,317,76,0,12,0,16,44,29,8,3,5.6,2.8,4.8,3.8,18.0,6.4,4.0,4.8,0.0,1.6,41.1,5.0,11.0,3.0,11.9,4.5,0.8,1.6,0.0,2.3,24.4,16.6,22.3,4.6,0.0,2.4,0.0,1.5,4.0,2.6,0.4,0.1,0.0765,0.5603,0.3114,0.2283,0.0,1.1765,0.1425,0.9959,0.051,0.345,0.0625,0.0,1.4544,0.0784,0.6481,0.6481,0.6481,0.8689,0.0,0.0,0.3981,0.5374,1.8044,0.339,5.0834,0.1495,0,0,0,0,0,0,1,0,0,0,0,1,0,0,0,0,0,0,0,0,1,4374,95,50,384,271,63,64,0,12,0,12,0,12,78,68,0,12,8.6,4.4,17.8,11.9,2.9,3.0,0.0,1.6,0.0,1.6,0.0,1.6,3.6,3.1,0.0,1.6
39,Ohio,OH,39035,Cuyahoga County,39035170202,Census Tract 1702.02; Cuyahoga County; Ohio,0.996385245954,3966,407,2078,225,1956,215,136,54,9,14,500,146,130,68,59,52,1279,157,505,141,421,108,47,46,34,60,459,565,458,126,0,12,0,16,108,78,169,5,3.6,1.4,0.5,0.7,25.6,6.9,4.0,2.1,1.6,1.4,32.2,3.9,12.7,3.1,11.1,3.0,2.4,2.3,0.9,1.6,11.6,14.2,22.0,5.6,0.0,1.7,0.0,0.8,5.5,3.9,4.3,0.5,0.0355,0.033,0.6032,0.2283,0.0825,0.9825,0.0952,0.9756,0.0742,0.2882,0.201,0.6855,2.2245,0.3889,0.4042,0.4042,0.4042,0.8667,0.0,0.0,0.5098,0.8849,2.2614,0.533,5.8726,0.2422,0,0,0,0,0,0,1,0,0,0,0,1,0,0,0,0,0,0,0,0,1,2975,201,90,227,123,31,29,133,119,0,12,0,12,68,49,0,12,10.3,4.6,5.7,3.0,0.8,0.8,3.4,3.0,0.0,0.9,0.0,0.9,1.7,1.3,0.0,0.9
39,Ohio,OH,39035,Cuyahoga County,39035171102,Census Tract 1711.02; Cuyahoga County; Ohio,1.073271667724,4853,716,2152,251,1957,248,1329,685,155,121,523,277,450,258,391,459,886,240,1186,410,549,180,145,171,0,48,4306,770,52,80,0,12,31,60,123,106,5,4,27.4,13.5,6.7,5.7,26.7,13.7,13.9,7.9,8.1,9.4,18.3,4.2,24.4,6.8,11.3,4.0,7.4,8.7,0.0,1.1,88.7,9.0,2.4,3.7,0.0,1.6,1.6,3.1,6.3,5.4,0.1,0.1,0.6684,0.7032,0.6425,0.7863,0.7226,3.523,0.7854,0.5549,0.6782,0.3028,0.647,0.0,2.1829,0.3698,0.9556,0.9556,0.9556,0.4352,0.0,0.6794,0.5603,0.3694,2.0443,0.4365,8.7058,0.6902,0,0,0,0,0,0,0,0,0,0,0,0,1,1,0,0,0,0,0,0,1,6330,254,172,4098,649,27,67,84,100,0,12,0,12,97,89,0,12,13.0,8.4,84.4,4.6,0.6,1.3,1.7,2.1,0.0,0.7,0.0,0.7,2.0,1.9,0.0,0.7
39,Ohio,OH,39035,Cuyahoga County,39035171103,Census Tract 1711.03; Cuyahoga County; Ohio,0.736645550208,3311,725,1637,189,1355,203,1424,777,183,198,393,175,171,112,172,125,485,129,909,486,646,209,164,117,0,48,2622,742,268,115,0,12,0,16,153,93,120,6,44.2,22.0,12.8,13.1,29.0,12.2,8.2,5.2,5.3,3.8,14.6,4.6,27.5,9.6,20.0,5.7,12.1,8.4,0.0,1.5,79.2,14.2,16.4,6.8,0.0,2.1,0.0,1.2,11.3,6.6,3.6,0.8,0.8731,0.9025,0.7035,0.526,0.4808,3.4859,0.7765,0.3212,0.837,0.8074,0.8397,0.0,2.8053,0.734,0.9312,0.9312,0.9312,0.8022,0.0,0.0,0.7622,0.8545,2.4189,0.601,9.6413,0.8092,0,1,0,0,0,1,0,0,0,0,0,0,1,1,0,0,0,0,0,0,2,2335,256,174,2551,715,0,12,0,12,0,12,0,12,71,69,0,12,18.9,11.7,77.0,6.6,0.0,1.0,0.0,1.0,0.0,1.0,0.0,1.0,2.1,2.0,0.0,1.0
39,Ohio,OH,39035,Cuyahoga County,39035171104,Census Tract 1711.04; Cuyahoga County; Ohio,0.617691385028,4790,1149,2222,254,2096,283,1937,1315,222,160,834,301,319,157,342,290,698,237,1324,851,618,164,339,256,0,48,4453,1160,120,107,0,12,0,16,199,137,42,4,40.8,25.8,10.3,7.3,39.8,13.3,9.7,5.1,7.2,5.2,14.6,6.9,27.6,12.3,13.0,4.3,16.2,12.0,0.0,1.1,93.0,9.4,5.4,4.8,0.0,1.6,0.0,0.8,9.5,6.3,0.9,0.2,0.8435,0.8498,0.8921,0.6192,0.6557,3.8603,0.8603,0.3212,0.8408,0.4129,0.9184,0.0,2.4933,0.5546,0.9708,0.9708,0.9708,0.5686,0.0,0.0,0.7013,0.6458,1.9157,0.3832,9.2401,0.7559,0,0,0,0,0,0,0,0,0,1,0,1,1,1,0,0,0,0,0,0,2,2291,336,179,4229,1184,9,22,79,126,0,12,0,12,136,143,0,12,16.0,8.4,88.3,6.6,0.2,0.5,1.6,2.7,0.0,0.7,0.0,0.7,2.8,3.0,0.0,0.7
39,Ohio,OH,39035,Cuyahoga County,39035171203,Census Tract 1712.03; Cuyahoga County; Ohio,0.700693276376,3696,1000,1589,399,1482,399,646,425,109,82,422,273,217,222,102,70,333,140,1013,312,644,342,268,334,0,48,1982,1405,32,39,0,12,17,38,99,68,0,12,17.7,10.6,5.9,4.9,28.5,16.7,8.9,9.0,2.8,2.1,9.0,4.3,27.4,3.5,17.4,5.7,18.1,22.0,0.0,1.4,53.6,35.1,2.0,2.4,0.0,2.2,1.1,2.5,6.7,4.8,0.0,0.3,0.4443,0.6492,0.6914,0.5704,0.1996,2.5549,0.5254,0.0926,0.832,0.6836,0.9368,0.0,2.545,0.587,0.8418,0.8418,0.8418,0.4051,0.0,0.587,0.5816,0.0,1.5737,0.2537,7.5154,0.5022,0,0,0,0,0,0,0,0,0,1,0,1,0,0,0,0,0,0,0,0,1,2337,176,94,1820,346,70,76,0,12,0,12,0,12,92,107,0,12,11.9,6.8,49.2,14.8,1.9,2.1,0.0,0.9,0.0,0.9,0.0,0.9,2.5,3.0,0.0,0.9
39,Ohio,OH,39035,Cuyahoga County,39035171204,Census Tract 1712.04; Cuyahoga County; Ohio,0.666213981674,2154,353,977,142,858,153,657,228,126,76,294,153,28,19,134,84,270,53,540,212,293,111,147,145,7,47,1695,374,37,47,50,47,33,38,44,49,0,12,30.5,9.3,11.5,6.5,34.3,16.8,2.0,1.3,6.2,3.9,12.5,2.6,25.1,7.0,13.6,5.8,17.2,16.6,0.3,2.3,78.7,11.6,3.8,4.8,5.1,5.0,3.8,4.4,5.1,5.7,0.0,0.6,0.7198,0.8746,0.8127,0.0881,0.5659,3.0611,0.68,0.2166,0.7188,0.4532,0.9298,0.4968,2.8152,0.7387,0.9293,0.9293,0.9293,0.5067,0.7851,0.8898,0.4787,0.0,2.6603,0.7029,9.4659,0.7892,0,0,0,0,0,0,0,0,0,1,0,1,1,1,0,0,0,0,0,0,2,1232,174,94,1618,350,42,36,12,17,0,12,0,12,23,30,0,12,20.3,11.3,75.1,7.0,1.9,1.7,0.6,0.8,0.0,1.6,0.0,1.6,1.1,1.4,0.0,1.6
39,Ohio,OH,39035,Cuyahoga County,39035171205,Census Tract 1712.05; Cuyahoga County; Ohio,0.690689373556,2628,427,1429,188,1357,201,547,323,113,111,269,117,325,141,99,54,666,311,567,146,566,241,169,114,20,57,1944,547,434,147,0,12,0,16,35,45,5,3,20.8,11.8,8.5,7.9,19.8,8.1,16.0,7.5,3.8,2.2,25.3,9.6,21.6,4.4,21.5,7.1,12.5,8.2,0.8,2.3,74.0,17.0,30.3,9.5,0.0,2.4,0.0,1.2,2.6,3.4,0.2,0.1,0.5249,0.7943,0.3863,0.8396,0.3113,2.8564,0.6187,0.8773,0.4918,0.8534,0.8492,0.6636,3.7353,0.979,0.9134,0.9134,0.9134,0.9213,0.0,0.0,0.267,0.4356,1.6239,0.2663,9.129,0.7422,0,0,0,0,0,0,0,0,0,0,0,0,1,1,1,0,0,0,0,1,2,2068,128,118,1775,317,149,150,0,12,1,2,0,12,19,27,0,12,9.4,8.3,67.5,9.5,5.7,5.9,0.0,1.3,0.0,0.1,0.0,1.3,0.7,1.0,0.0,1.3
39,Ohio,OH,39035,Cuyahoga County,39035171206,Census Tract 1712.06; Cuyahoga County; Ohio,0.683982395714,2041,323,1127,120,1039,138,293,253,32,37,212,139,103,59,183,177,415,131,398,198,313,125,145,124,0,48,1087,356,0,16,0,12,0,16,85,62,5,6,14.6,12.4,2.8,3.2,20.4,13.1,7.0,3.8,9.0,8.5,20.3,6.4,19.5,7.9,15.3,5.8,14.0,11.8,0.0,2.5,53.3,15.3,0.0,1.4,0.0,3.1,0.0,1.5,8.2,5.7,0.2,0.3,0.3494,0.3133,0.413,0.4486,0.7721,2.2964,0.4543,0.6804,0.3535,0.5646,0.8819,0.0,2.4804,0.5451,0.8408,0.8408,0.8408,0.0,0.0,0.0,0.6552,0.4356,1.0908,0.1232,6.7084,0.3803,0,0,0,0,0,0,0,0,0,0,0,0,0,0,0,0,0,0,0,0,0,906,176,81,1001,277,47,46,0,12,0,12,0,12,24,38,15,23,16.9,7.3,49.0,8.0,2.3,2.2,0.0,1.7,0.0,1.7,0.0,1.7,1.2,1.9,0.7,1.1
39,Ohio,OH,39035,Cuyahoga County,39035172101,Census Tract 1721.01; Cuyahoga County; Ohio,0.493631020898,2540,282,1131,110,1093,117,613,313,25,27,244,105,103,84,25,27,518,166,543,97,257,92,40,37,92,126,567,414,15,26,0,12,11,21,0,12,8,7,24.1,12.0,1.7,1.9,22.3,9.3,5.5,4.4,1.0,1.1,20.4,6.4,21.4,2.8,10.1,3.6,3.7,3.4,3.9,5.3,22.3,16.1,1.3,2.3,0.0,3.0,1.0,1.9,0.0,3.1,0.3,0.3,0.602,0.1492,0.4813,0.3405,0.0394,1.6124,0.2571,0.6855,0.4803,0.2222,0.34,0.9249,2.6529,0.6543,0.6205,0.6205,0.6205,0.359,0.0,0.5676,0.0,0.4924,1.419,0.2057,6.3048,0.306,0,0,0,0,0,0,0,0,0,0,1,1,0,0,0,0,0,0,0,0,1,1238,99,52,104,85,226,186,52,54,0,12,0,12,185,183,0,12,9.1,4.7,4.1,3.3,8.9,7.0,2.0,2.1,0.0,1.4,0.0,1.4,7.3,7.1,0.0,1.4
39,Ohio,OH,39035,Cuyahoga County,39035172102,Census Tract 1721.02; Cuyahoga County; Ohio,0.683746487392,3638,402,1757,219,1711,224,429,220,50,39,370,125,229,106,101,66,610,199,642,120,403,150,81,48,77,79,682,564,72,40,0,12,16,24,47,41,3,2,11.8,5.9,2.2,1.7,21.6,6.7,8.4,3.7,2.8,1.8,16.8,4.9,17.6,2.7,11.1,3.9,4.7,2.7,2.3,2.3,18.7,15.4,4.1,2.2,0.0,2.0,0.9,1.4,2.7,2.4,0.1,0.1,0.2656,0.2238,0.459,0.5428,0.1996,1.6908,0.2778,0.4486,0.2372,0.2882,0.4476,0.8548,2.2764,0.4229,0.571,0.571,0.571,0.5219,0.0,0.5384,0.2752,0.3694,1.7049,0.2975,6.2431,0.2987,0,0,0,0,0,0,0,0,0,0,0,0,0,0,0,0,0,0,0,0,0,3035,196,78,302,183,132,109,195,238,0,12,0,12,28,31,25,30,11.5,4.5,8.3,5.1,3.6,3.0,5.4,6.4,0.0,1.0,0.0,1.0,0.8,0.9,0.7,0.8
39,Ohio,OH,39035,Cuyahoga County,39035172104,Census Tract 1721.04; Cuyahoga County; Ohio,0.314779694152,1572,554,945,210,768,246,182,134,60,70,210,106,52,55,16,30,202,69,258,185,169,98,77,89,64,97,1009,592,402,112,0,12,18,27,58,61,1,1,11.6,7.5,6.6,7.1,27.3,10.7,4.4,4.6,1.0,1.9,12.8,6.6,16.4,7.7,10.8,7.1,10.0,11.1,4.4,6.5,64.2,30.1,42.6,7.1,0.0,3.6,2.3,3.4,7.6,8.0,0.1,0.1,0.2609,0.6965,0.6606,0.2581,0.0394,1.9155,0.3394,0.228,0.1763,0.2691,0.7781,0.9388,2.3903,0.4908,0.8817,0.8817,0.8817,0.9565,0.0,0.7698,0.6279,0.3694,2.7236,0.7279,7.9111,0.5711,0,0,0,0,0,0,0,0,0,0,1,1,0,0,1,0,0,0,0,1,2,1144,0,12,323,119,324,467,325,232,0,12,0,12,37,50,0,12,0.0,4.5,20.5,10.1,20.6,24.6,20.7,13.2,0.0,2.2,0.0,2.2,2.4,3.3,0.0,2.2
39,Ohio,OH,39035,Cuyahoga County,39035172105,Census Tract 1721.05; Cuyahoga County; Ohio,0.29848001212,3915,937,2367,212,2206,222,733,277,120,146,857,224,270,137,30,50,1114,248,623,402,992,308,81,93,263,129,1898,1069,2144,265,0,12,100,159,753,244,107,2,19.2,5.5,5.9,6.5,38.8,9.4,8.7,4.7,0.8,1.4,28.5,10.1,15.9,7.1,26.1,9.2,3.6,4.2,7.0,3.0,48.5,24.7,90.6,7.7,0.0,1.5,4.5,7.2,34.1,9.9,2.7,0.6,0.4875,0.6492,0.8797,0.5574,0.0279,2.6017,0.5381,0.9432,0.1588,0.947,0.3292,0.975,3.3532,0.9194,0.8193,0.8193,0.8193,0.9978,0.0,0.9213,0.9717,0.8085,3.6993,0.967,10.4735,0.8921,0,0,0,0,0,0,1,0,1,0,1,3,0,0,1,0,1,1,0,3,6,3284,310,152,1132,338,46,33,426,257,0,12,0,12,275,378,19,33,14.1,6.9,28.9,5.9,1.2,0.9,10.9,6.7,0.0,0.9,0.0,0.9,7.0,8.6,0.5,0.9
39,Ohio,OH,39035,Cuyahoga County,39035172201,Census Tract 1722.01; Cuyahoga County; Ohio,0.893545047744,3968,467,1820,241,1729,258,548,304,61,66,404,191,229,108,424,198,796,212,874,172,484,141,115,71,175,109,771,658,180,165,10,15,58,55,63,55,9,8,13.9,7.5,2.7,2.9,23.4,10.5,8.2,4.1,10.7,4.7,20.1,4.9,22.0,3.9,12.2,3.7,6.6,4.0,4.8,2.9,19.4,16.4,9.9,9.0,0.5,0.8,3.3,3.1,3.6,3.2,0.2,0.2,0.3304,0.2968,0.52,0.526,0.8458,2.519,0.5152,0.6687,0.5171,0.3659,0.5902,0.9474,3.0893,0.8502,0.5815,0.5815,0.5815,0.6883,0.5717,0.8651,0.3638,0.4356,2.9245,0.8029,9.1143,0.74,0,0,0,0,0,0,0,0,0,0,1,1,0,0,0,0,0,0,0,0,1,3784,252,86,277,190,71,100,161,108,0,12,0,12,256,138,6,9,14.6,4.9,7.0,4.9,1.8,2.5,4.1,2.7,0.0,0.9,0.0,0.9,6.5,3.6,0.2,0.2
39,Ohio,OH,39035,Cuyahoga County,39035172202,Census Tract 1722.02; Cuyahoga County; Ohio,1.484565664918,4494,718,2706,361,2550,389,994,436,353,310,812,276,153,153,327,310,1052,313,873,337,738,415,235,156,212,194,2065,812,1900,378,0,12,81,128,178,155,17,4,22.2,9.1,13.3,9.9,31.8,9.7,4.6,4.5,7.3,6.6,23.4,7.9,19.4,5.7,16.5,8.3,9.2,6.0,5.0,4.5,46.0,16.5,70.2,10.4,0.0,1.3,3.2,5.0,7.0,6.0,0.4,0.1,0.5643,0.9114,0.7686,0.2724,0.6661,3.1828,0.7095,0.8107,0.3453,0.6334,0.7448,0.9521,3.4863,0.9457,0.8104,0.8104,0.8104,0.9905,0.0,0.8571,0.5994,0.5374,2.9844,0.8235,10.4639,0.8911,0,1,0,0,0,1,0,0,0,0,1,1,0,0,1,0,0,0,0,1,3,14987,262,166,1223,585,315,469,68,84,0,12,0,12,444,414,15,23,10.3,6.5,27.2,11.3,7.0,10.0,1.5,1.9,0.0,0.8,0.0,0.8,9.9,8.9,0.3,0.5
39,Ohio,OH,39035,Cuyahoga County,39035173103,Census Tract 1731.03; Cuyahoga County; Ohio,1.275445099678,2773,308,1418,242,1418,242,162,83,30,28,346,128,203,101,117,84,815,155,396,68,338,112,42,41,0,48,315,429,420,239,0,12,15,26,55,36,92,3,6.1,3.1,2.1,2.0,24.4,8.0,9.1,4.3,4.3,2.9,29.4,5.2,14.3,2.3,12.6,3.9,2.9,2.8,0.0,1.8,11.4,15.4,29.6,16.1,0.0,2.4,1.1,1.8,3.9,2.5,3.3,0.4,0.0882,0.2086,0.5559,0.5821,0.3659,1.8007,0.3076,0.9528,0.1116,0.3897,0.2473,0.0,1.7014,0.1425,0.4008,0.4008,0.4008,0.9156,0.0,0.587,0.3892,0.8456,2.7374,0.7343,6.6403,0.3667,0,0,0,0,0,0,1,0,0,0,0,1,0,0,1,0,0,0,0,1,2,3972,232,107,56,63,132,114,55,65,5,8,0,12,67,64,0,12,16.4,7.5,2.0,2.3,4.8,4.0,2.0,2.4,0.2,0.3,0.0,1.3,2.4,2.3,0.0,1.3
39,Ohio,OH,39035,Cuyahoga County,39035173104,Census Tract 1731.04; Cuyahoga County; Ohio,2.853179493808,4275,302,2154,138,2118,142,513,261,40,40,421,151,183,92,86,80,1306,160,576,165,470,160,62,81,61,74,728,448,339,110,0,12,22,33,42,49,203,4,12.6,6.3,1.9,1.8,19.9,7.0,5.2,2.7,2.1,2.0,30.5,4.2,13.5,3.2,11.5,3.6,2.9,3.8,1.5,1.8,17.0,10.4,15.7,5.0,0.0,1.6,1.0,1.6,2.0,2.3,4.7,0.3,0.2897,0.1787,0.3898,0.3148,0.1301,1.3031,0.1705,0.9632,0.0881,0.3158,0.2473,0.7854,2.3998,0.499,0.5349,0.5349,0.5349,0.7911,0.0,0.5676,0.2127,0.8976,2.469,0.6225,6.7068,0.3797,0,0,0,0,0,0,1,0,0,0,0,1,0,0,0,0,0,0,0,0,1,12852,127,79,199,113,417,322,61,94,0,12,0,12,51,47,0,12,6.0,3.7,4.7,2.7,9.8,7.2,1.4,2.2,0.0,0.8,0.0,0.8,1.2,1.1,0.0,0.8
39,Ohio,OH,39035,Cuyahoga County,39035173105,Census Tract 1731.05; Cuyahoga County; Ohio,0.644775668124,2208,196,951,91,924,83,158,84,29,22,159,51,175,57,44,33,692,108,346,92,285,67,32,30,36,48,213,280,0,16,0,12,0,16,9,11,1,2,7.2,3.8,2.7,2.0,17.2,5.3,10.2,3.3,2.0,1.5,31.3,4.3,15.7,3.6,12.9,3.2,3.5,3.2,1.7,2.2,9.6,12.7,0.0,1.7,0.0,3.6,0.0,1.7,1.0,1.2,0.0,0.1,0.125,0.2968,0.2784,0.65,0.1209,1.4711,0.2168,0.9705,0.1525,0.4059,0.3187,0.8094,2.657,0.6575,0.3424,0.3424,0.3424,0.0,0.0,0.0,0.1067,0.0,0.1067,0.0137,4.5772,0.1013,0,0,0,0,0,0,1,0,0,0,0,1,0,0,0,0,0,0,0,0,1,798,110,42,0,12,14,14,133,95,0,12,0,12,66,45,0,12,11.9,4.7,0.0,1.6,0.6,0.6,6.0,4.2,0.0,1.6,0.0,1.6,3.0,2.1,0.0,1.6
39,Ohio,OH,39035,Cuyahoga County,39035173106,Census Tract 1731.06; Cuyahoga County; Ohio,0.90718332869,3946,406,1939,185,1847,183,399,184,50,47,358,134,194,109,94,70,467,121,787,167,465,125,61,40,38,72,1788,545,789,182,13,21,80,55,41,34,1,2,10.1,4.6,2.2,1.9,19.4,7.0,6.8,3.9,2.4,1.8,11.8,3.2,19.9,3.2,11.8,3.2,3.3,2.1,1.1,2.0,45.3,13.0,40.7,8.5,0.7,1.1,4.3,2.9,2.2,1.9,0.0,0.1,0.2091,0.2238,0.3708,0.4344,0.1568,1.3949,0.1975,0.1877,0.3751,0.3351,0.2943,0.7254,1.9176,0.2302,0.8069,0.8069,0.8069,0.9543,0.6003,0.9111,0.2324,0.0,2.6981,0.719,6.8175,0.3987,0,0,0,0,0,0,0,0,0,0,0,0,0,0,1,0,1,0,0,2,2,3268,105,58,121,89,348,242,1128,332,0,12,0,12,142,117,49,74,5.7,3.1,3.1,2.3,8.8,5.7,28.6,7.7,0.0,0.9,0.0,0.9,3.6,3.1,1.2,1.9
39,Ohio,OH,39035,Cuyahoga County,39035173107,Census Tract 1731.07; Cuyahoga County; Ohio,2.382364398396,2716,342,1188,213,1167,211,316,151,15,17,267,151,229,165,87,60,737,203,506,93,615,210,34,33,0,48,307,520,119,78,0,12,0,16,115,70,130,6,12.3,5.7,1.4,1.6,22.9,12.3,10.5,7.3,3.4,2.4,27.1,7.2,18.6,3.0,23.8,6.4,2.9,2.8,0.0,1.9,11.3,19.1,10.0,6.3,0.0,2.9,0.0,1.4,9.9,6.1,4.8,0.6,0.2786,0.1117,0.5041,0.6627,0.2745,1.8316,0.3159,0.9198,0.2892,0.9099,0.2473,0.0,2.3662,0.4768,0.3989,0.3989,0.3989,0.6905,0.0,0.0,0.7162,0.9008,2.3075,0.5517,6.9042,0.4127,0,0,0,0,0,0,1,0,1,0,0,2,0,0,0,0,0,0,1,1,3,9135,225,154,139,114,81,66,36,38,3,7,0,12,48,46,0,12,19.3,11.6,5.1,4.3,3.0,2.6,1.3,1.4,0.1,0.3,0.0,1.3,1.8,1.7,0.0,1.3
39,Ohio,OH,39035,Cuyahoga County,39035174103,Census Tract 1741.03; Cuyahoga County; Ohio,2.02331540723,2662,257,1153,163,1115,165,439,227,74,51,309,107,264,95,185,165,697,101,442,132,471,107,27,37,50,71,276,357,58,36,0,12,0,16,71,42,56,7,16.6,8.4,5.6,3.6,27.7,8.7,13.3,5.0,7.0,6.2,26.2,3.9,16.6,4.4,17.7,4.1,2.4,3.3,1.9,2.7,10.4,13.4,5.0,3.0,0.0,3.0,0.0,1.4,6.4,3.8,2.1,0.2,0.4116,0.6276,0.6717,0.7689,0.636,3.1158,0.6921,0.902,0.1874,0.6995,0.201,0.8275,2.8174,0.7397,0.3694,0.3694,0.3694,0.5578,0.0,0.0,0.5641,0.7644,1.8863,0.3698,8.1889,0.6168,0,0,0,0,0,0,1,0,0,0,0,1,0,0,0,0,0,0,0,0,1,2857,234,159,26,32,155,135,15,19,0,12,8,15,72,63,0,12,21.0,11.9,1.0,1.2,5.8,5.0,0.6,0.7,0.0,1.3,0.3,0.6,2.7,2.3,0.0,1.3
39,Ohio,OH,39035,Cuyahoga County,39035174104,Census Tract 1741.04; Cuyahoga County; Ohio,0.747720499976,2513,374,849,99,829,98,272,110,35,19,136,49,125,52,26,23,683,183,499,79,398,121,16,13,26,49,231,541,23,22,5,8,5,14,15,15,107,9,11.2,4.2,3.0,1.7,16.4,5.6,6.8,3.0,1.1,1.0,27.2,4.6,19.9,3.6,16.3,3.8,2.0,1.6,1.1,2.0,9.2,21.5,2.7,2.6,0.6,1.0,0.6,1.7,1.8,1.8,4.3,0.7,0.2475,0.3403,0.2451,0.4344,0.0451,1.3124,0.1752,0.9214,0.3751,0.6223,0.159,0.7254,2.8032,0.7324,0.3269,0.3269,0.3269,0.4533,0.5876,0.4632,0.1933,0.8849,2.5823,0.6705,7.0248,0.4279,0,0,0,0,0,0,1,0,0,0,0,1,0,0,0,0,0,0,0,0,1,875,50,25,31,45,50,37,67,83,0,12,0,12,76,80,7,11,6.0,3.0,1.2,1.8,2.0,1.5,2.7,3.4,0.0,1.4,0.0,1.4,3.0,3.1,0.3,0.4
39,Ohio,OH,39035,Cuyahoga County,39035174105,Census Tract 1741.05; Cuyahoga County; Ohio,0.988760117556,3107,363,1103,149,1064,154,269,155,51,45,163,72,119,88,196,147,497,171,855,220,288,132,80,83,55,70,436,509,0,16,0,12,9,17,9,13,1,1,8.7,4.9,3.4,2.9,15.3,6.4,6.0,4.5,6.3,4.7,16.0,5.8,27.5,5.2,9.3,4.0,7.5,7.7,1.9,2.4,14.0,16.3,0.0,1.5,0.0,3.1,0.8,1.6,0.8,1.2,0.0,0.0,0.1695,0.3975,0.2003,0.3811,0.5763,1.7247,0.286,0.3989,0.837,0.1755,0.6546,0.8275,2.8935,0.7737,0.4699,0.4699,0.4699,0.0,0.0,0.5117,0.0873,0.0,0.599,0.0479,5.6871,0.214,0,0,0,0,0,0,0,0,0,0,0,0,0,0,0,0,0,0,0,0,0,2745,128,119,99,156,135,170,49,48,0,12,0,12,153,140,0,12,12.0,10.1,3.2,5.0,4.3,5.4,1.6,1.6,0.0,1.1,0.0,1.1,4.9,4.3,0.0,1.1
39,Ohio,OH,39035,Cuyahoga County,39035174106,Census Tract 1741.06; Cuyahoga County; Ohio,0.781329906872,2899,343,1289,91,1240,99,612,266,40,38,294,101,61,45,137,175,444,64,713,173,559,254,53,40,28,51,541,447,303,105,6,10,28,25,46,46,1,2,21.1,8.8,2.5,2.2,23.7,7.9,3.1,2.3,4.7,5.8,15.3,2.9,24.6,4.3,19.3,8.3,4.2,3.2,1.0,1.9,18.7,15.3,23.5,8.0,0.5,0.7,2.3,2.0,3.7,3.7,0.0,0.1,0.5325,0.2657,0.5333,0.1579,0.4135,1.9029,0.3368,0.3576,0.6877,0.7775,0.394,0.707,2.9238,0.787,0.571,0.571,0.571,0.8775,0.5717,0.7698,0.3727,0.0,2.5917,0.6727,7.9894,0.5844,0,0,0,0,0,0,0,0,0,0,0,0,0,0,0,0,0,0,0,0,0,1658,110,41,34,49,292,207,38,39,0,12,0,12,137,154,40,46,8.9,3.4,1.2,1.6,10.1,6.8,1.3,1.4,0.0,1.2,0.0,1.2,4.7,5.2,1.4,1.5
39,Ohio,OH,39035,Cuyahoga County,39035174107,Census Tract 1741.07; Cuyahoga County; Ohio,0.822675639542,4010,753,1755,246,1723,250,467,291,58,57,333,99,47,33,102,68,922,148,886,397,620,256,108,122,6,47,397,1031,61,34,0,12,10,20,35,27,2,4,11.6,6.9,2.7,2.6,19.3,5.0,1.6,1.2,2.5,1.7,23.0,5.5,22.1,6.7,15.5,5.9,6.2,7.0,0.2,1.2,9.9,25.6,3.5,1.9,0.0,2.0,0.6,1.2,2.0,1.6,0.0,0.1,0.2609,0.2968,0.367,0.0647,0.1692,1.1586,0.1378,0.7945,0.5247,0.5773,0.5657,0.4556,2.9178,0.7841,0.3542,0.3542,0.3542,0.4943,0.0,0.4632,0.2127,0.0,1.1702,0.1384,5.6008,0.2,0,0,0,0,0,0,0,0,0,0,0,0,0,0,0,0,0,0,0,0,0,1755,77,39,0,12,83,67,193,170,0,12,0,12,121,68,0,12,4.5,2.4,0.0,0.9,2.1,1.7,4.8,4.0,0.0,0.9,0.0,0.9,3.0,1.7,0.0,0.9
39,Ohio,OH,39035,Cuyahoga County,39035174203,Census Tract 1742.03; Cuyahoga County; Ohio,1.215728247746,2616,213,1137,89,1131,90,85,56,57,46,163,77,35,33,44,58,764,142,511,66,228,74,35,26,0,48,118,317,0,16,0,12,0,16,43,48,1,2,3.2,2.1,4.5,3.7,14.4,6.7,1.8,1.7,1.7,2.2,29.2,4.3,19.5,2.4,8.7,3.0,3.1,2.3,0.0,1.9,4.5,12.1,0.0,1.4,0.0,3.0,0.0,1.4,3.8,4.3,0.0,0.1,0.0279,0.534,0.1679,0.0758,0.092,0.8976,0.081,0.9505,0.3535,0.1476,0.2733,0.0,1.7249,0.153,0.1297,0.1297,0.1297,0.0,0.0,0.0,0.38,0.0,0.38,0.0267,3.1322,0.0143,0,0,0,0,0,0,1,0,0,0,0,1,0,0,0,0,0,0,0,0,1,1813,85,50,40,59,14,21,29,39,0,12,0,12,35,28,0,12,7.5,4.4,1.5,2.3,0.5,0.8,1.1,1.5,0.0,1.3,0.0,1.3,1.3,1.1,0.0,1.3
39,Ohio,OH,39035,Cuyahoga County,39035174204,Census Tract 1742.04; Cuyahoga County; Ohio,1.286323523528,3676,654,1441,194,1340,199,438,267,25,25,187,80,145,83,79,65,639,124,909,298,483,153,40,39,14,47,537,960,0,16,0,12,0,16,6,10,18,5,11.9,7.0,1.2,1.2,14.0,5.6,5.5,3.2,2.2,1.8,17.4,4.0,24.7,4.4,13.1,4.2,2.9,2.9,0.4,1.4,14.6,26.0,0.0,1.1,0.0,2.4,0.0,1.2,0.4,0.7,0.5,0.1,0.2682,0.0898,0.154,0.3405,0.1396,0.9921,0.0971,0.4908,0.6956,0.4199,0.2473,0.5412,2.3948,0.493,0.4838,0.4838,0.4838,0.0,0.0,0.0,0.0476,0.5742,0.6218,0.0508,4.4925,0.0956,0,0,0,0,0,0,0,0,0,0,0,0,0,0,0,0,0,0,0,0,0,4842,74,61,3,9,165,104,236,171,0,12,0,12,133,118,0,12,5.5,4.8,0.1,0.3,4.5,2.9,6.4,5.0,0.0,0.9,0.0,0.9,3.6,3.3,0.0,0.9
39,Ohio,OH,39035,Cuyahoga County,39035174205,Census Tract 1742.05; Cuyahoga County; Ohio,1.791454978598,4746,692,2319,235,2221,240,1266,724,145,130,685,212,206,145,525,558,691,114,882,352,470,150,74,80,475,570,1078,983,975,225,0,12,146,139,91,81,5,9,26.7,14.7,5.3,4.8,30.8,8.9,5.9,4.0,11.1,11.0,14.6,3.5,18.6,6.1,9.9,3.8,3.4,3.6,10.4,12.4,22.7,20.4,42.1,8.7,0.0,1.5,6.6,6.2,4.1,3.7,0.1,0.2,0.6557,0.6057,0.7448,0.3741,0.8607,3.241,0.7235,0.3212,0.2892,0.2104,0.3089,0.9908,2.1205,0.3362,0.6249,0.6249,0.6249,0.9556,0.0,0.9673,0.4063,0.3694,2.6986,0.72,8.685,0.6873,0,0,0,0,0,0,0,0,0,0,1,1,0,0,1,0,1,0,0,2,3,8820,121,89,103,141,693,531,141,173,0,12,0,12,128,120,13,20,5.4,4.0,2.2,3.0,14.6,10.5,3.0,3.7,0.0,0.7,0.0,0.7,2.7,2.5,0.3,0.4
39,Ohio,OH,39035,Cuyahoga County,39035174206,Census Tract 1742.06; Cuyahoga County; Ohio,0.586722143608,2810,675,1138,119,1092,127,500,189,27,25,381,147,94,64,205,149,340,80,841,431,363,141,107,71,70,72,1034,739,290,90,32,50,29,42,69,56,0,12,17.8,5.2,1.7,1.6,34.9,12.8,5.2,3.6,7.3,5.1,12.1,4.0,29.9,9.2,12.9,5.5,9.8,6.4,2.5,2.5,36.8,24.8,25.5,7.4,2.8,4.4,2.7,3.8,6.3,5.3,0.0,0.4,0.4468,0.1492,0.8213,0.3148,0.6661,2.3982,0.48,0.1988,0.9112,0.4059,0.7705,0.8703,3.1567,0.8743,0.7559,0.7559,0.7559,0.8902,0.7263,0.814,0.5603,0.0,2.9908,0.8257,9.3016,0.767,0,0,0,0,0,0,0,1,0,0,0,1,0,0,0,0,0,0,0,0,1,3723,120,66,243,289,560,451,110,73,0,12,0,12,121,86,0,12,11.0,6.3,8.6,9.7,19.9,12.7,3.9,2.8,0.0,1.2,0.0,1.2,4.3,3.2,0.0,1.2
39,Ohio,OH,39035,Cuyahoga County,39035174207,Census Tract 1742.07; Cuyahoga County; Ohio,1.42848859654,3205,270,1385,104,1385,104,542,192,21,19,425,120,177,81,245,148,841,113,554,122,389,128,4,13,91,80,342,408,287,100,0,12,0,16,172,90,177,7,17.8,6.1,1.3,1.1,30.7,8.4,7.4,3.3,8.1,5.0,26.2,3.2,17.3,3.4,12.8,4.0,0.3,0.9,2.9,2.5,10.7,12.7,20.8,7.0,0.0,2.5,0.0,1.2,12.4,6.2,5.5,0.5,0.4468,0.1013,0.7422,0.4775,0.7226,2.4904,0.5063,0.902,0.2194,0.4002,0.041,0.8941,2.4567,0.5337,0.3786,0.3786,0.3786,0.8556,0.0,0.0,0.7883,0.9176,2.5615,0.6616,7.8872,0.5644,0,0,0,0,0,0,1,0,0,0,0,1,0,0,0,0,0,0,1,1,2,2508,212,83,120,83,87,82,50,51,8,12,0,12,77,51,0,12,15.3,6.2,3.7,2.6,2.7,2.5,1.6,1.6,0.2,0.4,0.0,1.1,2.4,1.6,0.0,1.1
39,Ohio,OH,39035,Cuyahoga County,39035175105,Census Tract 1751.05; Cuyahoga County; Ohio,2.74036087551,4797,462,1877,214,1852,218,333,172,181,147,259,89,99,39,76,54,955,185,1011,193,394,144,142,81,11,50,372,656,194,76,0,12,0,16,18,21,5,3,7.0,3.5,6.9,5.0,14.0,4.5,2.9,1.1,1.6,1.1,19.9,3.6,21.1,3.4,8.2,2.9,7.6,4.3,0.2,1.1,7.8,13.7,10.3,3.9,0.0,1.8,0.0,0.9,1.0,1.1,0.1,0.1,0.1181,0.7143,0.154,0.1433,0.0825,1.2122,0.1492,0.6569,0.4569,0.1215,0.661,0.4556,2.3519,0.4657,0.272,0.272,0.272,0.6978,0.0,0.0,0.1067,0.3694,1.1739,0.139,5.01,0.1429,0,0,0,0,0,0,0,0,0,0,0,0,0,0,0,0,0,0,0,0,0,4080,84,44,54,46,118,92,120,88,0,12,0,12,80,78,0,12,4.5,2.5,1.1,1.0,2.5,1.9,2.5,1.8,0.0,0.7,0.0,0.7,1.7,1.6,0.0,0.7
39,Ohio,OH,39035,Cuyahoga County,39035175106,Census Tract 1751.06; Cuyahoga County; Ohio,1.420916364116,2682,233,1108,125,1037,90,120,105,125,100,211,107,51,40,11,18,679,97,461,78,177,72,31,27,28,58,225,335,38,39,11,18,0,16,49,47,3,2,4.5,3.9,8.3,6.0,20.3,10.2,2.6,2.0,0.4,0.7,25.3,4.5,17.2,2.6,6.6,2.8,3.0,2.6,1.1,2.3,8.4,12.5,3.4,3.5,1.0,1.6,0.0,1.5,4.7,4.5,0.1,0.1,0.0536,0.7835,0.4086,0.1243,0.0114,1.3814,0.193,0.8773,0.2153,0.0584,0.2619,0.7254,2.1383,0.3448,0.2977,0.2977,0.2977,0.4895,0.6295,0.0,0.4479,0.3694,1.9363,0.3921,5.7537,0.2238,0,0,0,0,0,0,0,0,0,0,0,0,0,0,0,0,0,0,0,0,0,1198,27,25,71,106,69,51,69,69,0,12,0,12,16,21,0,12,2.6,2.5,2.6,3.9,2.6,1.9,2.6,2.6,0.0,1.3,0.0,1.3,0.6,0.8,0.0,1.3
39,Ohio,OH,39035,Cuyahoga County,39035175107,Census Tract 1751.07; Cuyahoga County; Ohio,2.347792053112,3475,456,1354,162,1345,163,263,184,47,50,175,87,89,55,169,162,652,132,666,164,231,81,32,37,96,92,236,639,0,16,0,12,14,24,0,12,10,3,7.6,5.2,2.6,2.9,13.0,6.3,3.5,2.1,4.9,4.4,18.8,3.8,19.2,2.9,6.6,2.3,2.4,2.7,3.0,2.8,6.8,18.4,0.0,1.2,0.0,2.5,1.0,1.8,0.0,2.6,0.3,0.1,0.1384,0.2822,0.1248,0.1912,0.4376,1.1742,0.1419,0.5888,0.3313,0.0584,0.201,0.8976,2.0771,0.3114,0.2264,0.2264,0.2264,0.0,0.0,0.5676,0.0,0.4924,1.06,0.1156,4.5377,0.0987,0,0,0,0,0,0,0,0,0,0,0,0,0,0,0,0,0,0,0,0,0,2338,28,33,10,3,71,101,76,91,35,47,0,12,44,77,0,12,2.1,2.4,0.3,0.1,2.0,2.8,2.2,2.6,1.0,1.4,0.0,1.0,1.3,2.2,0.0,1.0
39,Ohio,OH,39035,Cuyahoga County,39035175108,Census Tract 1751.08; Cuyahoga County; Ohio,0.589401305386,2817,471,1799,250,1514,251,481,270,40,65,481,236,154,105,217,183,581,205,423,124,428,211,66,66,66,91,997,613,951,284,0,12,0,16,189,191,65,11,17.7,9.5,2.5,3.9,31.8,14.7,7.2,4.8,7.9,6.3,20.6,6.9,15.0,4.1,15.6,7.2,4.4,4.3,2.5,3.4,35.4,20.9,52.8,14.0,0.0,1.9,0.0,1.1,12.5,11.3,2.3,0.1,0.4443,0.2657,0.7686,0.4629,0.709,2.6505,0.5556,0.6969,0.1294,0.5833,0.4184,0.8703,2.6983,0.6775,0.7467,0.7467,0.7467,0.9759,0.0,0.0,0.7911,0.7815,2.5485,0.6556,8.644,0.68,0,0,0,0,0,0,0,0,0,0,0,0,0,0,1,0,0,0,0,1,1,1902,127,64,251,250,233,208,469,327,0,12,0,12,44,39,0,12,8.4,4.5,8.9,8.5,8.3,7.3,16.6,10.6,0.0,1.2,0.0,1.2,1.6,1.4,0.0,1.2
39,Ohio,OH,39035,Cuyahoga County,39035175109,Census Tract 1751.09; Cuyahoga County; Ohio,1.389356000534,2417,244,987,190,971,194,298,234,31,41,183,92,107,71,56,61,820,220,290,43,166,72,19,22,22,57,169,346,42,38,0,12,11,13,150,162,208,3,13.5,10.5,2.4,3.1,18.8,8.7,5.3,3.6,2.5,2.7,33.9,7.4,12.0,2.3,7.5,3.3,1.9,2.2,0.9,2.4,7.0,14.3,4.2,3.8,0.0,3.5,1.1,1.3,15.4,14.1,8.6,0.9,0.3193,0.2514,0.3444,0.3253,0.1692,1.4096,0.2019,0.9832,0.0628,0.0898,0.1517,0.6855,1.973,0.2594,0.234,0.234,0.234,0.5257,0.0,0.587,0.8438,0.949,2.9055,0.7975,6.5221,0.3457,0,0,0,0,0,0,1,0,0,0,0,1,0,0,0,0,0,0,1,1,2,1279,104,70,31,33,102,76,24,34,0,12,0,12,12,15,0,12,10.7,6.8,1.3,1.4,4.2,3.1,1.0,1.4,0.0,1.4,0.0,1.4,0.5,0.6,0.0,1.4
39,Ohio,OH,39035,Cuyahoga County,39035175110,Census Tract 1751.10; Cuyahoga County; Ohio,2.134295793906,5430,745,2676,356,2561,369,514,281,114,100,611,280,213,131,339,211,817,208,747,232,618,196,252,303,365,211,1140,1064,1282,372,0,17,81,101,103,80,29,4,9.5,5.0,3.4,2.9,23.9,10.4,5.3,3.2,6.2,3.8,15.0,4.4,13.8,3.6,11.4,3.9,9.8,11.7,6.8,3.8,21.0,19.4,47.9,12.4,0.0,1.3,3.2,3.9,4.0,3.2,0.5,0.0,0.192,0.3975,0.54,0.3253,0.5659,2.0207,0.3708,0.3431,0.0964,0.3088,0.7705,0.9731,2.4919,0.553,0.6024,0.6024,0.6024,0.9676,0.0,0.8571,0.3981,0.5742,2.797,0.7581,7.912,0.5714,0,0,0,0,0,0,0,0,0,0,1,1,0,0,1,0,0,0,0,1,2,3748,245,147,255,259,525,340,294,276,0,17,0,17,66,104,0,17,9.6,5.5,4.7,4.8,9.7,5.9,5.4,5.1,0.0,0.6,0.0,0.6,1.2,1.9,0.0,0.6
39,Ohio,OH,39035,Cuyahoga County,39035175201,Census Tract 1752.01; Cuyahoga County; Ohio,6.033519814602,6277,577,2973,255,2769,237,556,273,200,118,506,148,130,91,347,208,1100,111,1188,215,514,134,110,69,48,77,908,824,550,203,0,17,11,25,0,17,11,4,8.9,4.3,5.4,2.9,18.3,5.1,2.8,2.0,5.5,3.2,17.5,2.2,18.9,2.8,8.2,2.1,3.9,2.5,0.8,1.3,14.5,13.1,18.5,6.6,0.0,1.2,0.4,0.9,0.0,1.3,0.2,0.1,0.1765,0.6143,0.3248,0.1386,0.5005,1.7547,0.2975,0.4959,0.3107,0.1215,0.3638,0.6636,1.9555,0.2517,0.4816,0.4816,0.4816,0.826,0.0,0.4206,0.0,0.4356,1.6822,0.2854,5.874,0.2429,0,0,0,0,0,0,0,0,0,0,0,0,0,0,0,0,0,0,0,0,0,3790,179,107,54,57,283,240,189,164,0,17,0,17,382,230,0,17,6.5,3.9,0.9,0.9,4.5,3.8,3.0,2.6,0.0,0.6,0.0,0.6,6.1,3.5,0.0,0.6
39,Ohio,OH,39035,Cuyahoga County,39035175202,Census Tract 1752.02; Cuyahoga County; Ohio,4.741318660328,3225,569,1641,290,1492,301,400,192,0,12,369,118,138,89,183,93,706,140,673,265,374,138,66,64,0,48,317,826,562,297,0,12,9,19,77,38,14,6,12.4,5.6,0.0,2.0,24.7,6.1,6.0,4.0,5.7,3.0,21.9,5.3,20.9,5.3,11.6,4.6,4.4,4.2,0.0,1.6,9.8,25.6,34.3,17.1,0.0,2.1,0.6,1.3,5.2,2.8,0.4,0.2,0.2818,0.0,0.567,0.3811,0.5176,1.7475,0.2949,0.7483,0.4426,0.3234,0.4184,0.0,1.9327,0.2375,0.3516,0.3516,0.3516,0.9359,0.0,0.4632,0.4844,0.5374,2.4209,0.6019,6.4527,0.334,0,0,0,0,0,0,0,0,0,0,0,0,0,0,1,0,0,0,0,1,1,4677,150,50,38,48,42,54,144,128,0,12,0,12,93,85,0,12,10.1,4.2,1.2,1.5,1.3,1.7,4.5,4.2,0.0,1.1,0.0,1.1,2.9,2.7,0.0,1.1
39,Ohio,OH,39035,Cuyahoga County,39035176100,Census Tract 1761; Cuyahoga County; Ohio,1.660771034658,2190,321,887,123,841,127,151,72,52,50,132,52,45,45,117,124,556,126,400,62,311,97,27,21,3,47,275,454,66,33,0,12,0,16,39,29,7,6,6.9,3.1,4.2,3.8,15.7,5.7,2.7,2.6,5.3,5.3,25.4,3.5,18.3,3.1,14.2,3.4,3.2,2.4,0.1,2.3,12.6,20.6,7.4,3.6,0.0,3.9,0.0,1.9,4.6,3.3,0.3,0.3,0.1152,0.4975,0.2175,0.1325,0.4808,1.4435,0.2105,0.8811,0.272,0.4919,0.2841,0.4245,2.3536,0.4667,0.4337,0.4337,0.4337,0.6311,0.0,0.0,0.4419,0.4924,1.5654,0.2508,5.7962,0.2308,0,0,0,0,0,0,0,0,0,0,0,0,0,0,0,0,0,0,0,0,0,3106,79,42,70,74,82,59,60,65,0,12,0,12,39,30,24,38,9.4,4.6,3.2,3.3,3.7,2.7,2.7,3.0,0.0,1.6,0.0,1.6,1.8,1.4,1.1,1.8
39,Ohio,OH,39035,Cuyahoga County,39035176200,Census Tract 1762; Cuyahoga County; Ohio,2.091211057828,5266,339,2511,236,2365,211,582,209,91,70,419,138,112,78,231,193,925,162,1264,303,608,249,125,82,63,95,795,497,483,163,0,17,57,61,15,24,94,8,11.2,4.0,3.3,2.7,17.7,5.6,3.0,2.1,4.5,3.7,17.6,3.2,24.0,5.1,11.8,5.0,5.3,3.4,1.3,1.9,15.1,9.4,19.2,6.2,0.0,1.4,2.4,2.6,0.6,1.0,1.8,0.1,0.2475,0.386,0.3006,0.1512,0.3875,1.4728,0.2178,0.5044,0.6582,0.3351,0.5022,0.7565,2.7564,0.7111,0.4965,0.4965,0.4965,0.834,0.0,0.7787,0.0616,0.7445,2.4188,0.6006,7.1445,0.4463,0,0,0,0,0,0,0,0,0,0,0,0,0,0,0,0,0,0,0,0,0,1970,276,158,54,53,392,250,96,113,0,17,0,17,253,183,0,17,11.7,6.5,1.0,1.0,7.4,4.7,1.8,2.1,0.0,0.7,0.0,0.7,4.8,3.4,0.0,0.7
39,Ohio,OH,39035,Cuyahoga County,39035177101,Census Tract 1771.01; Cuyahoga County; Ohio,1.931232782944,4823,824,2301,273,2190,271,1592,620,242,225,574,178,227,109,433,275,920,256,940,329,1022,367,267,138,27,59,1420,1042,983,296,0,12,10,20,134,59,0,12,33.0,11.6,9.1,7.3,26.2,7.5,6.8,3.6,9.0,5.2,19.1,4.5,19.5,5.8,21.2,6.1,12.2,6.1,0.6,1.4,29.4,21.0,42.8,11.8,0.0,1.5,0.5,0.9,6.1,2.8,0.0,0.2,0.755,0.8178,0.6241,0.4344,0.7721,3.4034,0.7568,0.6062,0.3535,0.8426,0.8432,0.6088,3.2543,0.901,0.7013,0.7013,0.7013,0.9575,0.0,0.4413,0.5479,0.0,1.9467,0.3968,9.3057,0.7676,0,0,0,0,0,0,0,0,0,0,0,0,0,0,1,0,0,0,0,1,1,10520,281,100,777,465,463,286,31,55,0,12,0,12,149,146,0,12,12.8,4.7,16.1,9.2,9.6,5.2,0.6,1.2,0.0,0.7,0.0,0.7,3.1,3.0,0.0,0.7
39,Ohio,OH,39035,Cuyahoga County,39035177103,Census Tract 1771.03; Cuyahoga County; Ohio,0.762807821728,4555,539,2064,173,2034,173,859,227,161,83,498,158,146,77,430,204,766,196,618,125,649,217,56,42,276,221,1046,801,406,135,0,12,44,48,173,101,0,12,18.9,4.5,5.6,2.7,24.5,7.5,4.4,2.4,9.4,4.7,16.8,3.5,13.6,2.5,14.2,4.7,2.8,2.1,6.4,5.1,23.0,17.4,19.7,6.3,0.0,1.7,2.2,2.4,8.5,4.8,0.0,0.3,0.4805,0.6276,0.5597,0.2581,0.7928,2.7187,0.5784,0.4486,0.0904,0.4919,0.2403,0.9696,2.2408,0.3984,0.6275,0.6275,0.6275,0.8406,0.0,0.7575,0.6679,0.0,2.266,0.5362,7.853,0.5587,0,0,0,0,0,0,0,0,0,0,1,1,0,0,0,0,0,0,0,0,1,2338,258,104,320,156,479,275,105,118,0,12,0,12,124,104,18,30,12.7,5.4,7.0,3.6,10.5,6.1,2.3,2.5,0.0,0.8,0.0,0.8,2.7,2.3,0.4,0.7
39,Ohio,OH,39035,Cuyahoga County,39035177104,Census Tract 1771.04; Cuyahoga County; Ohio,0.550831646096,3174,414,1419,108,1376,111,676,341,37,37,382,135,261,148,141,102,655,158,551,270,577,144,41,37,17,54,461,579,11,21,18,20,0,16,21,24,22,8,21.6,10.5,1.9,1.9,27.8,9.6,11.1,6.0,4.5,3.3,20.6,6.0,17.4,6.7,18.2,4.9,3.0,2.7,0.6,1.8,14.5,18.1,0.8,1.5,1.3,1.5,0.0,1.2,1.5,1.8,0.7,0.2,0.5452,0.1787,0.6733,0.6906,0.3875,2.4753,0.5013,0.6969,0.2248,0.7204,0.2619,0.6088,2.5128,0.5651,0.4816,0.4816,0.4816,0.3111,0.6505,0.0,0.1597,0.6243,1.7456,0.3162,7.2153,0.4543,0,0,0,0,0,0,0,0,0,0,0,0,0,0,0,0,0,0,0,0,0,2898,137,61,7,11,355,238,7,12,0,12,0,12,92,94,0,12,10.0,4.5,0.2,0.4,11.2,7.5,0.2,0.4,0.0,1.1,0.0,1.1,2.9,2.8,0.0,1.1
39,Ohio,OH,39035,Cuyahoga County,39035177201,Census Tract 1772.01; Cuyahoga County; Ohio,0.43150180367,3964,598,1599,148,1543,156,668,314,224,203,292,94,354,316,283,178,458,70,951,280,561,141,147,75,8,48,791,884,0,16,0,12,52,65,72,49,5,4,16.9,7.5,9.9,7.8,18.9,5.8,13.3,10.7,7.1,4.0,11.6,2.5,24.0,4.1,14.2,4.1,9.5,4.8,0.2,1.3,20.0,22.1,0.0,1.0,0.0,2.2,3.4,4.2,4.7,3.2,0.1,0.1,0.4199,0.8387,0.3483,0.7689,0.6452,3.021,0.6683,0.1776,0.6582,0.4919,0.76,0.4556,2.5433,0.5863,0.5904,0.5904,0.5904,0.0,0.0,0.8708,0.4479,0.3694,1.6881,0.2883,7.8428,0.5571,0,0,0,0,0,0,0,0,0,0,0,0,0,0,0,0,0,0,0,0,0,1360,158,73,74,67,314,211,59,49,0,12,0,12,344,169,0,12,10.2,4.8,1.9,1.7,7.9,5.3,1.5,1.3,0.0,0.9,0.0,0.9,8.7,4.6,0.0,0.9
39,Ohio,OH,39035,Cuyahoga County,39035177202,Census Tract 1772.02; Cuyahoga County; Ohio,0.452166754914,3066,432,1387,118,1288,125,803,277,130,89,246,90,191,93,204,99,419,167,720,188,538,183,114,69,166,194,565,572,17,22,0,12,27,38,4,7,0,12,26.6,8.3,7.7,5.0,19.1,6.7,8.9,4.4,6.7,3.3,13.7,4.5,23.5,5.0,17.6,5.6,8.8,5.3,5.8,6.7,18.4,18.5,1.2,1.6,0.0,2.5,2.1,2.9,0.3,0.5,0.0,0.4,0.6531,0.7571,0.359,0.5704,0.6109,2.9505,0.6448,0.2752,0.6224,0.6947,0.7254,0.9629,3.2806,0.9067,0.565,0.565,0.565,0.3483,0.0,0.7448,0.0438,0.0,1.1369,0.1333,7.933,0.574,0,0,0,0,0,0,0,0,0,0,1,1,0,0,0,0,0,0,0,0,1,2064,179,83,131,127,192,147,65,103,0,12,0,12,177,131,0,12,13.9,6.5,4.3,4.1,6.3,4.8,2.1,3.2,0.0,1.1,0.0,1.1,5.8,4.1,0.0,1.1
39,Ohio,OH,39035,Cuyahoga County,39035177302,Census Tract 1773.02; Cuyahoga County; Ohio,0.71972308565,2474,274,1106,104,1070,115,449,148,34,37,228,104,151,81,56,46,545,87,419,88,530,170,63,50,36,58,255,372,46,35,0,12,0,16,92,74,1,1,18.1,5.6,2.6,2.8,21.3,9.4,7.9,4.0,2.3,1.8,22.0,2.9,16.9,3.0,21.6,6.0,5.9,4.6,1.5,2.4,10.3,15.0,4.2,3.1,0.0,3.1,0.0,1.5,8.6,6.4,0.0,0.0,0.4573,0.2822,0.4483,0.5076,0.1492,1.8446,0.32,0.7505,0.2026,0.8566,0.5463,0.7854,3.1414,0.8683,0.3665,0.3665,0.3665,0.5257,0.0,0.0,0.6727,0.0,1.1984,0.1463,6.5509,0.3514,0,0,0,0,0,0,0,0,0,0,0,0,0,0,0,0,0,0,0,0,0,3492,142,77,60,62,119,118,36,38,0,12,0,12,40,44,0,12,13.3,6.3,2.4,2.4,4.8,4.6,1.5,1.5,0.0,1.4,0.0,1.4,1.6,1.8,0.0,1.4
39,Ohio,OH,39035,Cuyahoga County,39035177303,Census Tract 1773.03; Cuyahoga County; Ohio,0.626038138064,4789,533,2398,270,2338,262,727,299,116,107,583,211,312,209,385,275,887,250,685,182,925,265,184,143,106,99,859,763,0,16,0,12,7,23,33,34,0,12,15.2,6.0,4.1,3.8,24.9,8.6,8.3,5.0,8.0,5.4,18.5,5.2,14.3,3.5,19.3,5.0,7.9,6.1,2.3,2.1,17.9,15.8,0.0,0.7,0.0,1.4,0.3,1.0,1.4,1.5,0.0,0.3,0.3691,0.4867,0.5752,0.5365,0.7166,2.6841,0.5676,0.5698,0.1116,0.7775,0.6813,0.8548,2.995,0.82,0.5558,0.5558,0.5558,0.0,0.0,0.4041,0.1476,0.0,0.5517,0.0425,6.7866,0.3917,0,0,0,0,0,0,0,0,0,0,0,0,0,0,0,0,0,0,0,0,0,2760,96,68,46,45,540,187,179,165,0,12,0,12,94,78,0,12,4.1,3.0,1.0,0.9,11.3,3.8,3.7,3.4,0.0,0.7,0.0,0.7,2.0,1.7,0.0,0.7
39,Ohio,OH,39035,Cuyahoga County,39035177304,Census Tract 1773.04; Cuyahoga County; Ohio,0.633375620472,3656,330,1767,148,1691,153,973,328,175,138,532,153,237,94,377,236,686,86,687,153,476,143,109,56,145,107,1113,454,603,147,0,12,71,56,109,49,306,11,29.0,9.4,8.8,6.6,31.5,8.6,9.4,3.7,11.2,6.7,18.8,2.6,18.8,3.2,14.2,4.5,6.5,3.3,4.4,3.2,30.4,12.1,34.1,7.8,0.0,2.0,4.2,3.3,6.4,2.8,8.4,0.8,0.6944,0.8073,0.7603,0.5999,0.8664,3.7283,0.8298,0.5888,0.3015,0.4919,0.5844,0.9388,2.9054,0.7775,0.7093,0.7093,0.7093,0.9343,0.0,0.907,0.5641,0.9477,3.3531,0.9092,10.6961,0.9092,0,0,0,0,0,0,0,0,0,0,1,1,0,0,1,0,1,0,1,3,4,4089,145,56,303,188,238,177,299,236,0,12,4,10,269,208,0,12,8.6,3.3,8.3,5.3,6.5,4.6,8.2,6.1,0.0,1.0,0.1,0.3,7.4,5.6,0.0,1.0
39,Ohio,OH,39035,Cuyahoga County,39035177403,Census Tract 1774.03; Cuyahoga County; Ohio,0.3790556385,2869,261,1368,137,1183,107,213,96,41,39,182,66,144,73,151,119,385,68,563,70,472,128,98,58,24,57,234,374,32,53,0,12,22,31,71,41,0,12,7.5,3.3,2.4,2.3,15.4,5.4,7.2,3.4,5.3,4.1,13.4,2.6,19.6,2.2,16.5,4.5,8.3,4.8,0.9,2.1,8.2,13.0,2.3,3.9,0.0,2.5,1.9,2.6,6.0,3.7,0.0,0.4,0.1358,0.2514,0.2051,0.4629,0.4808,1.536,0.2337,0.2568,0.3602,0.6334,0.7006,0.6855,2.6365,0.646,0.2892,0.2892,0.2892,0.426,0.0,0.7219,0.5413,0.0,1.6892,0.2889,6.1509,0.2816,0,0,0,0,0,0,0,0,0,0,0,0,0,0,0,0,0,0,0,0,0,1899,146,61,26,43,157,124,5,10,2,4,0,12,27,45,17,22,12.3,5.2,0.9,1.5,5.5,4.2,0.2,0.3,0.1,0.1,0.0,1.2,0.9,1.6,0.6,0.8
39,Ohio,OH,39035,Cuyahoga County,39035177404,Census Tract 1774.04; Cuyahoga County; Ohio,0.361247842056,3003,509,1246,154,1165,160,800,304,81,83,351,140,183,136,92,68,622,264,493,154,417,179,83,84,20,50,872,629,54,83,0,12,25,38,89,87,26,3,26.6,9.1,5.0,4.9,30.1,11.3,8.0,5.5,3.1,2.0,20.7,8.0,16.4,5.5,13.9,4.5,7.2,7.1,0.7,1.8,29.0,20.4,4.3,6.6,0.0,2.8,2.1,3.2,7.6,7.6,0.9,0.2,0.6531,0.58,0.7295,0.5133,0.2371,2.713,0.5762,0.7013,0.1763,0.4754,0.6337,0.6367,2.6234,0.6359,0.6963,0.6963,0.6963,0.5314,0.0,0.7448,0.6279,0.6458,2.5499,0.6568,8.5826,0.6733,0,0,0,0,0,0,0,0,0,0,0,0,0,0,0,0,0,0,0,0,0,1000,74,40,39,65,741,520,45,49,0,12,0,12,47,45,0,12,6.4,3.3,1.3,2.2,24.7,15.0,1.5,1.6,0.0,1.2,0.0,1.2,1.6,1.5,0.0,1.2
39,Ohio,OH,39035,Cuyahoga County,39035177405,Census Tract 1774.05; Cuyahoga County; Ohio,0.702389422462,4818,773,2084,278,2017,285,493,230,85,45,228,88,161,105,317,198,723,146,957,268,786,254,97,64,140,124,949,965,0,16,0,12,13,24,80,67,0,12,10.2,4.5,3.3,1.8,11.3,4.1,4.7,2.9,6.6,3.7,15.0,3.4,19.9,3.8,16.3,4.6,4.8,3.1,3.1,2.7,19.7,19.8,0.0,0.8,0.0,1.7,0.6,1.2,4.0,3.4,0.0,0.2,0.2123,0.386,0.0771,0.2815,0.6001,1.557,0.2406,0.3431,0.3751,0.6223,0.4565,0.9014,2.6984,0.6781,0.5866,0.5866,0.5866,0.0,0.0,0.4632,0.3981,0.0,0.8613,0.0835,5.7033,0.2165,0,0,0,0,0,0,0,0,0,0,1,1,0,0,0,0,0,0,0,0,1,1615,174,82,77,71,800,575,42,39,0,12,0,12,30,34,0,12,8.6,4.3,1.6,1.5,16.6,10.5,0.9,0.8,0.0,0.7,0.0,0.7,0.6,0.7,0.0,0.7
39,Ohio,OH,39035,Cuyahoga County,39035177406,Census Tract 1774.06; Cuyahoga County; Ohio,0.540893380616,3800,425,1585,115,1435,146,486,307,74,50,175,93,185,141,216,101,426,96,856,187,424,140,88,57,74,83,507,544,7,16,0,12,11,22,14,22,5,7,12.8,8.0,3.2,2.2,12.2,6.4,6.9,5.0,5.7,2.3,11.2,2.5,22.5,3.2,11.2,3.3,6.2,3.9,2.2,2.4,13.3,14.2,0.4,1.0,0.0,2.2,0.8,1.5,1.0,1.5,0.1,0.2,0.297,0.3711,0.1032,0.4423,0.5176,1.7312,0.2879,0.1658,0.5526,0.2964,0.5657,0.8491,2.4296,0.514,0.4547,0.4547,0.4547,0.2743,0.0,0.5117,0.1067,0.3694,1.2621,0.1657,5.8776,0.2438,0,0,0,0,0,0,0,0,0,0,0,0,0,0,0,0,0,0,0,0,0,1874,63,41,338,330,94,81,13,22,0,12,0,12,62,54,0,12,4.4,2.8,8.9,8.1,2.5,2.1,0.3,0.6,0.0,0.9,0.0,0.9,1.6,1.4,0.0,0.9
39,Ohio,OH,39035,Cuyahoga County,39035177501,Census Tract 1775.01; Cuyahoga County; Ohio,0.673824824298,4298,505,1986,217,1874,232,769,317,106,62,427,130,219,97,163,108,848,204,780,233,553,152,178,90,180,142,495,699,151,72,0,12,8,17,27,21,9,8,17.9,7.1,4.0,2.3,22.8,6.3,7.0,3.1,3.8,2.5,19.7,4.3,18.1,4.2,12.9,3.5,9.5,4.7,4.4,3.4,11.5,16.2,7.6,3.5,0.0,1.7,0.4,0.9,1.4,1.1,0.2,0.2,0.451,0.4756,0.5,0.4486,0.3113,2.1865,0.4225,0.6468,0.2613,0.4059,0.76,0.9388,3.0128,0.8289,0.402,0.402,0.402,0.6375,0.0,0.4206,0.1476,0.4356,1.6413,0.2717,7.2426,0.46,0,0,0,0,0,0,0,0,0,0,1,1,0,0,0,0,0,0,0,0,1,1550,319,207,0,12,189,108,33,37,0,12,0,12,238,155,35,56,17.0,9.6,0.0,0.8,4.4,2.4,0.8,0.8,0.0,0.8,0.0,0.8,5.5,3.6,0.8,1.3
39,Ohio,OH,39035,Cuyahoga County,39035177503,Census Tract 1775.03; Cuyahoga County; Ohio,2.0722480442,3363,396,1524,182,1406,181,229,129,46,34,303,127,329,136,73,55,936,167,443,63,589,289,44,48,66,61,427,559,243,132,0,12,0,16,185,125,94,6,6.9,3.8,2.6,2.0,21.6,8.6,12.1,4.5,2.2,1.6,27.8,3.7,13.2,2.2,17.8,7.8,3.1,3.4,2.0,1.9,12.7,16.6,15.9,8.5,0.0,2.3,0.0,1.1,13.2,8.1,2.8,0.4,0.1152,0.2822,0.459,0.7242,0.1396,1.7202,0.2838,0.9337,0.0815,0.703,0.2733,0.8348,2.8263,0.7422,0.4369,0.4369,0.4369,0.7952,0.0,0.0,0.8035,0.8161,2.4148,0.599,7.3982,0.4883,0,0,0,0,0,0,1,0,0,0,0,1,0,0,0,0,0,0,0,0,1,3928,185,114,21,51,187,136,161,139,0,12,0,12,48,45,10,16,13.2,7.5,0.6,1.5,5.6,4.0,4.8,4.1,0.0,1.0,0.0,1.0,1.4,1.3,0.3,0.5
39,Ohio,OH,39035,Cuyahoga County,39035177504,Census Tract 1775.04; Cuyahoga County; Ohio,0.797933451178,3767,327,1753,157,1620,154,351,148,65,45,338,109,271,113,100,65,872,226,687,107,495,133,58,38,115,99,280,454,45,50,0,12,10,19,81,44,16,3,9.3,3.9,3.4,2.4,20.9,6.4,9.5,3.9,2.7,1.7,23.1,5.2,18.2,2.7,13.1,3.3,3.6,2.3,3.2,2.7,7.4,12.0,2.6,2.8,0.0,2.0,0.6,1.2,5.0,2.7,0.4,0.1,0.1876,0.3975,0.4314,0.6068,0.1888,1.8121,0.3105,0.7961,0.267,0.4199,0.3292,0.9049,2.7171,0.6908,0.2521,0.2521,0.2521,0.446,0.0,0.4632,0.4702,0.5374,1.9168,0.3844,6.6981,0.3787,0,0,0,0,0,0,0,0,0,0,1,1,0,0,0,0,0,0,0,0,1,1789,200,71,15,21,97,98,0,12,0,12,0,12,168,139,0,12,12.3,4.3,0.4,0.5,2.6,2.6,0.0,0.9,0.0,0.9,0.0,0.9,4.5,3.6,0.0,0.9
39,Ohio,OH,39035,Cuyahoga County,39035177505,Census Tract 1775.05; Cuyahoga County; Ohio,1.417294727356,4352,388,1899,178,1845,189,266,90,69,67,364,118,279,91,124,83,1145,157,673,126,639,169,36,30,91,73,467,496,220,68,0,12,0,16,86,53,0,12,6.1,2.0,2.9,2.7,19.7,6.1,8.3,2.8,2.8,1.9,26.3,3.4,15.5,2.2,14.7,3.7,2.0,1.6,2.2,1.7,10.7,11.4,11.6,3.4,0.0,1.8,0.0,0.9,4.7,2.9,0.0,0.3,0.0882,0.327,0.3844,0.5365,0.1996,1.5357,0.2333,0.9055,0.1449,0.5287,0.159,0.8491,2.5872,0.614,0.3786,0.3786,0.3786,0.7216,0.0,0.0,0.4479,0.0,1.1695,0.1381,5.671,0.2111,0,0,0,0,0,0,1,0,0,0,0,1,0,0,0,0,0,0,0,0,1,2813,284,87,83,64,29,43,141,118,2,4,0,12,185,111,27,43,15.4,4.4,1.9,1.5,0.7,1.0,3.2,2.6,0.0,0.1,0.0,0.8,4.3,2.4,0.6,1.0
39,Ohio,OH,39035,Cuyahoga County,39035177604,Census Tract 1776.04; Cuyahoga County; Ohio,0.866790109654,2038,281,870,107,863,107,239,158,17,16,140,55,161,74,104,81,388,64,364,116,248,105,47,40,20,51,239,345,0,16,0,12,0,16,4,6,11,2,11.7,7.6,1.5,1.3,16.2,6.0,10.1,4.0,5.1,3.7,19.0,3.5,17.9,4.1,12.2,4.9,5.5,4.6,1.0,2.6,11.7,16.9,0.0,1.8,0.0,3.9,0.0,1.9,0.5,0.7,0.5,0.1,0.264,0.1251,0.2371,0.6443,0.4611,1.7316,0.2883,0.6018,0.2495,0.3659,0.5171,0.707,2.4413,0.5222,0.4084,0.4084,0.4084,0.0,0.0,0.0,0.0524,0.5742,0.6266,0.0514,5.2079,0.1613,0,0,0,0,0,0,0,0,0,0,0,0,0,0,0,0,0,0,0,0,0,1588,112,63,14,16,170,141,28,24,0,12,0,12,27,23,0,12,13.0,6.8,0.7,0.8,8.3,6.0,1.4,1.2,0.0,1.7,0.0,1.7,1.3,1.1,0.0,1.7
39,Ohio,OH,39035,Cuyahoga County,39035177605,Census Tract 1776.05; Cuyahoga County; Ohio,0.951693553352,2642,499,1090,103,1022,117,600,435,67,49,208,97,155,111,283,187,574,190,551,273,469,271,54,51,86,75,246,690,0,16,0,12,27,41,9,15,2,3,22.7,15.9,5.2,3.8,20.4,9.2,8.5,6.1,10.7,7.0,21.7,6.5,20.9,7.7,17.8,9.4,5.3,5.0,3.3,2.9,9.3,26.1,0.0,1.5,0.0,3.2,2.6,4.0,0.9,1.4,0.1,0.1,0.5744,0.5971,0.413,0.5482,0.8458,2.9785,0.6533,0.7413,0.4426,0.703,0.5022,0.9071,3.2962,0.9092,0.331,0.331,0.331,0.0,0.0,0.8029,0.0975,0.3694,1.2698,0.167,7.8755,0.5629,0,0,0,0,0,0,0,0,0,0,1,1,0,0,0,0,0,0,0,0,1,1359,107,57,0,12,104,75,17,28,10,13,0,12,86,74,29,48,10.5,5.5,0.0,1.3,3.9,2.8,0.6,1.0,0.4,0.5,0.0,1.3,3.3,2.8,1.1,1.8
39,Ohio,OH,39035,Cuyahoga County,39035177606,Census Tract 1776.06; Cuyahoga County; Ohio,1.22553794126,3457,399,1616,143,1572,135,494,201,80,57,523,173,318,223,101,78,1136,203,431,96,514,139,54,51,157,182,738,488,437,129,17,27,11,20,211,109,245,4,15.4,5.9,4.6,3.0,33.3,10.6,12.0,7.4,3.1,2.4,32.9,3.8,12.5,2.1,16.0,4.0,3.4,3.2,4.6,5.3,21.3,13.9,27.1,7.6,1.1,1.6,0.7,1.3,13.4,6.3,7.1,0.8,0.3751,0.5451,0.7978,0.7207,0.2371,2.6758,0.5657,0.98,0.0704,0.6039,0.3089,0.9429,2.9061,0.7781,0.6081,0.6081,0.6081,0.9006,0.6378,0.4873,0.8089,0.9388,3.7734,0.9749,9.9634,0.8419,0,0,0,0,0,0,1,0,0,0,1,2,0,0,1,0,0,0,1,2,4,7939,249,112,164,155,167,121,219,262,0,12,0,12,160,114,28,52,15.8,6.8,4.7,4.4,4.8,3.5,6.3,7.1,0.0,1.0,0.0,1.0,4.6,3.4,0.8,1.5
39,Ohio,OH,39035,Cuyahoga County,39035177607,Census Tract 1776.07; Cuyahoga County; Ohio,1.165812981186,3505,282,1666,159,1598,169,711,252,61,35,535,170,252,131,190,107,726,101,518,137,466,158,73,53,91,83,480,405,486,152,0,12,14,17,26,24,145,5,21.1,7.3,3.1,1.9,33.5,10.0,9.5,4.8,5.6,3.1,20.7,3.6,14.8,3.6,13.8,4.5,4.5,3.3,2.8,2.5,13.7,11.5,29.2,8.7,0.0,2.1,0.9,1.1,1.6,1.5,4.1,0.4,0.5325,0.3537,0.801,0.6068,0.5075,2.8015,0.6019,0.7013,0.123,0.4675,0.4286,0.8884,2.6088,0.6267,0.4642,0.4642,0.4642,0.913,0.0,0.5384,0.1724,0.877,2.5008,0.6368,8.3753,0.6441,0,0,0,0,0,0,0,0,0,0,0,0,0,0,1,0,0,0,0,1,1,1897,222,127,78,84,195,139,16,26,0,12,0,12,191,134,0,12,13.9,7.3,2.2,2.4,5.6,3.9,0.5,0.7,0.0,1.0,0.0,1.0,5.4,3.7,0.0,1.0
39,Ohio,OH,39035,Cuyahoga County,39035177608,Census Tract 1776.08; Cuyahoga County; Ohio,1.71302839595,6284,1304,3096,483,2718,492,1108,503,680,738,454,171,253,115,576,450,1237,309,839,156,772,299,197,119,109,100,1757,1507,1056,262,0,17,29,56,46,51,44,11,17.8,7.2,17.5,15.2,16.7,5.5,5.9,2.8,9.2,5.8,19.7,6.1,13.4,3.7,12.3,5.1,7.3,4.2,1.8,1.6,28.0,23.3,34.1,6.6,0.0,1.1,1.1,2.1,1.7,1.9,0.7,0.1,0.4468,0.9597,0.2581,0.3741,0.7813,2.82,0.6073,0.6468,0.0853,0.3745,0.6416,0.8183,2.5665,0.6022,0.6883,0.6883,0.6883,0.9343,0.0,0.587,0.1848,0.6243,2.3304,0.5629,8.4052,0.6498,0,1,0,0,0,1,0,0,0,0,0,0,0,0,1,0,0,0,0,1,2,8702,333,156,1048,1120,237,182,248,178,0,17,0,17,140,170,84,135,12.3,5.9,16.7,15.5,3.8,2.9,3.9,2.7,0.0,0.6,0.0,0.6,2.2,2.7,1.3,2.1
39,Ohio,OH,39035,Cuyahoga County,39035177609,Census Tract 1776.09; Cuyahoga County; Ohio,1.047454571392,1890,200,799,63,698,83,232,80,35,25,103,47,70,36,85,57,585,80,291,100,267,53,6,15,14,47,88,271,15,28,0,12,0,16,73,48,181,8,13.1,4.3,3.6,2.7,14.8,6.5,4.7,2.4,4.7,3.1,31.0,5.0,15.4,4.5,14.9,3.1,0.9,2.1,0.8,2.6,4.7,14.3,1.9,3.5,0.0,4.3,0.0,2.3,10.5,6.5,9.6,1.1,0.3078,0.4308,0.1829,0.2815,0.4135,1.6165,0.2581,0.9683,0.1414,0.5408,0.0705,0.6636,2.3846,0.487,0.1395,0.1395,0.1395,0.3975,0.0,0.0,0.7343,0.9534,2.0852,0.4524,6.2258,0.2952,0,0,0,0,0,0,1,0,0,0,0,1,0,0,0,0,0,0,1,1,2,1515,101,50,41,57,20,16,0,12,0,12,0,12,27,29,0,12,14.5,6.6,2.2,2.9,1.1,0.8,0.0,1.8,0.0,1.8,0.0,1.8,1.4,1.5,0.0,1.8
39,Ohio,OH,39035,Cuyahoga County,39035178101,Census Tract 1781.01; Cuyahoga County; Ohio,0.699776284126,2757,421,1409,175,1252,186,564,348,39,40,385,145,168,91,79,50,676,160,607,242,437,114,18,19,45,65,466,563,307,85,0,12,53,64,92,56,23,3,20.6,12.3,3.0,2.9,30.8,10.6,8.5,4.6,2.9,1.8,24.5,5.8,22.0,6.7,15.9,4.5,1.4,1.5,1.8,2.6,16.9,20.3,21.8,5.4,0.0,2.5,4.2,5.1,7.3,4.5,0.8,0.2,0.5198,0.3403,0.7448,0.5482,0.2142,2.3673,0.4737,0.8481,0.5171,0.5985,0.1086,0.8183,2.8906,0.7721,0.533,0.533,0.533,0.8651,0.0,0.907,0.6159,0.6344,3.0224,0.8387,8.8133,0.7032,0,0,0,0,0,0,0,0,0,0,0,0,0,0,0,0,1,0,0,1,1,1617,297,147,100,95,46,40,0,12,7,11,0,12,313,343,0,12,23.7,10.5,3.6,3.4,1.7,1.4,0.0,1.3,0.3,0.4,0.0,1.3,11.4,11.7,0.0,1.3
39,Ohio,OH,39035,Cuyahoga County,39035178102,Census Tract 1781.02; Cuyahoga County; Ohio,0.849218607634,4648,618,2262,249,2219,234,605,254,44,44,574,227,187,102,135,99,754,170,1051,418,390,140,172,142,55,79,1408,1051,594,190,0,12,99,127,116,73,0,12,13.1,5.2,1.7,1.8,25.9,9.9,5.7,3.2,2.9,2.2,16.2,4.0,22.6,6.4,8.4,3.4,7.8,6.3,1.2,1.7,30.3,22.3,26.2,7.9,0.0,1.5,4.5,5.7,5.2,3.4,0.0,0.3,0.3078,0.1492,0.6111,0.357,0.2142,1.6393,0.2641,0.4138,0.5609,0.1311,0.6749,0.7403,2.521,0.5698,0.7089,0.7089,0.7089,0.8952,0.0,0.9213,0.4844,0.0,2.3009,0.5489,7.1701,0.4492,0,0,0,0,0,0,0,0,0,0,0,0,0,0,0,0,1,0,0,1,1,2585,244,123,1117,656,213,213,66,78,0,12,0,12,12,20,0,12,11.0,5.6,24.0,14.6,4.6,4.6,1.4,1.7,0.0,0.7,0.0,0.7,0.3,0.4,0.0,0.7
39,Ohio,OH,39035,Cuyahoga County,39035178201,Census Tract 1782.01; Cuyahoga County; Ohio,0.789606003242,3304,447,1737,195,1573,193,793,329,68,47,462,168,197,96,159,106,690,195,464,129,680,234,90,94,33,63,453,611,331,112,0,12,8,16,35,27,8,3,24.3,9.5,3.6,2.4,29.4,10.1,7.9,3.7,4.8,3.0,20.9,5.1,14.0,3.0,20.6,6.1,5.7,5.9,1.0,2.0,13.7,18.4,19.0,6.1,0.0,2.0,0.5,1.0,2.2,1.7,0.2,0.1,0.6096,0.4308,0.7105,0.5076,0.4243,2.6828,0.5673,0.7093,0.1024,0.8258,0.5317,0.707,2.8762,0.7657,0.4642,0.4642,0.4642,0.8321,0.0,0.4413,0.2324,0.4356,1.9414,0.3943,7.9646,0.5794,0,0,0,0,0,0,0,0,0,0,0,0,0,0,0,0,0,0,0,0,0,1828,89,44,234,183,144,75,17,20,0,12,0,12,58,41,0,12,5.7,2.8,7.1,5.4,4.4,2.4,0.5,0.6,0.0,1.1,0.0,1.1,1.8,1.2,0.0,1.1
39,Ohio,OH,39035,Cuyahoga County,39035178204,Census Tract 1782.04; Cuyahoga County; Ohio,0.614752762706,5196,995,2491,208,2289,223,2231,1257,214,137,962,296,397,177,398,259,924,172,1132,806,769,195,44,58,166,137,2472,1138,1610,319,0,17,213,246,439,204,22,5,43.0,22.8,8.6,5.0,42.0,12.3,11.8,5.3,7.7,5.5,17.8,5.0,21.8,11.9,14.8,5.6,1.9,2.5,3.5,2.9,47.6,19.9,64.6,11.6,0.0,1.4,9.3,10.7,19.2,8.9,0.4,0.1,0.8629,0.7975,0.9181,0.7131,0.6915,3.9831,0.8851,0.5178,0.5025,0.536,0.1517,0.916,2.624,0.6365,0.8155,0.8155,0.8155,0.9867,0.0,0.987,0.8924,0.5374,3.4035,0.9203,10.8261,0.9187,0,0,1,0,0,1,0,0,0,0,1,1,0,0,1,0,1,0,0,2,4,3795,269,124,1558,1309,435,377,313,251,0,17,33,36,23,25,110,172,11.8,5.3,30.0,20.6,8.4,7.3,6.0,5.2,0.0,0.7,0.6,0.7,0.4,0.5,2.1,3.4
39,Ohio,OH,39035,Cuyahoga County,39035178205,Census Tract 1782.05; Cuyahoga County; Ohio,0.44505398387,1898,208,738,81,697,77,233,112,29,26,121,41,138,80,57,41,432,86,310,86,266,97,19,13,30,46,309,285,20,17,19,30,0,16,23,18,159,5,13.4,6.2,2.7,2.3,17.4,5.6,9.3,5.5,3.3,2.3,22.8,4.7,16.3,4.0,15.3,5.3,2.7,1.8,1.7,2.5,16.3,14.9,2.7,2.3,2.6,4.0,0.0,2.3,3.3,2.6,8.4,1.0,0.3164,0.2968,0.2854,0.5951,0.2634,1.7571,0.2981,0.7857,0.1734,0.5646,0.2298,0.8094,2.5629,0.5981,0.5209,0.5209,0.5209,0.4533,0.7197,0.0,0.3346,0.9477,2.4553,0.6175,7.2962,0.4698,0,0,0,0,0,0,0,0,0,0,0,0,0,0,0,0,0,0,1,1,1,1628,35,29,62,45,107,67,43,36,0,12,0,12,93,78,4,6,5.0,4.1,3.3,2.4,5.6,3.5,2.3,1.8,0.0,1.8,0.0,1.8,4.9,4.0,0.2,0.3
39,Ohio,OH,39035,Cuyahoga County,39035178206,Census Tract 1782.06; Cuyahoga County; Ohio,0.798198703252,2903,396,1304,166,1304,166,455,146,23,24,384,117,312,206,93,69,840,249,382,97,735,251,0,16,23,51,572,531,16,21,0,12,14,24,64,45,9,5,15.7,4.6,1.4,1.4,29.4,8.2,13.0,7.7,3.2,2.3,28.9,6.3,13.2,3.0,25.3,7.6,0.0,1.2,0.8,1.8,19.7,18.1,1.2,1.6,0.0,2.6,1.1,1.8,4.9,3.5,0.3,0.2,0.3821,0.1117,0.7105,0.7555,0.2491,2.2089,0.4302,0.9477,0.0815,0.9359,0.0,0.6636,2.6287,0.64,0.5866,0.5866,0.5866,0.3483,0.0,0.587,0.4625,0.4924,1.8902,0.3714,7.3144,0.4733,0,0,0,0,0,0,1,0,1,0,0,2,0,0,0,0,0,0,0,0,2,2041,155,63,223,153,132,116,19,21,86,29,0,12,112,82,0,12,11.9,5.0,7.7,4.9,4.5,3.9,0.7,0.7,3.0,1.0,0.0,1.2,3.9,2.8,0.0,1.2
39,Ohio,OH,39035,Cuyahoga County,39035179101,Census Tract 1791.01; Cuyahoga County; Ohio,3.227767932168,4239,255,1651,121,1607,100,166,114,55,39,155,73,37,34,39,55,1127,200,928,163,270,99,10,20,3,47,1367,440,29,47,0,12,0,16,5,13,231,11,4.1,2.8,2.7,1.9,9.6,4.5,1.3,1.2,0.9,1.3,26.6,5.2,21.9,3.5,6.4,2.5,0.6,1.2,0.1,1.2,32.2,10.2,1.8,2.8,0.0,2.1,0.0,1.0,0.3,0.8,5.4,0.4,0.0463,0.2968,0.0419,0.0488,0.0349,0.4687,0.0187,0.9128,0.5098,0.0527,0.0521,0.4245,1.9519,0.2486,0.7242,0.7242,0.7242,0.3917,0.0,0.0,0.0438,0.9157,1.3512,0.1886,4.496,0.0962,0,0,0,0,0,0,1,0,0,0,0,1,0,0,0,0,0,0,1,1,2,4477,94,66,146,146,225,135,664,304,19,26,21,26,268,179,24,40,5.8,4.0,3.4,3.5,5.3,3.2,15.7,6.9,0.4,0.6,0.5,0.6,6.3,4.2,0.6,1.0
39,Ohio,OH,39035,Cuyahoga County,39035179102,Census Tract 1791.02; Cuyahoga County; Ohio,3.89302399478,2539,256,1082,95,983,106,54,47,0,12,131,74,4,6,14,21,608,89,589,68,70,43,0,16,4,47,451,351,0,16,0,12,0,16,13,15,20,4,2.1,1.9,0.0,2.4,13.3,7.4,0.2,0.3,0.6,0.8,23.9,3.4,23.2,2.2,2.8,1.7,0.0,1.6,0.2,1.9,17.8,13.7,0.0,1.5,0.0,3.2,0.0,1.6,1.3,1.5,0.8,0.1,0.014,0.0,0.1337,0.0092,0.0187,0.1756,0.0025,0.831,0.6005,0.0016,0.0,0.4556,1.8887,0.2168,0.5539,0.5539,0.5539,0.0,0.0,0.0,0.1349,0.6344,0.7693,0.0692,3.3875,0.0248,0,0,0,0,0,0,0,0,0,0,0,0,0,0,0,0,0,0,0,0,0,4339,24,24,189,205,38,35,150,82,6,9,0,12,68,62,0,12,2.4,2.4,7.4,7.7,1.5,1.4,5.9,3.2,0.2,0.3,0.0,1.4,2.7,2.5,0.0,1.4
39,Ohio,OH,39035,Cuyahoga County,39035180102,Census Tract 1801.02; Cuyahoga County; Ohio,1.61103569163,4161,417,1938,225,1921,226,636,228,356,179,498,142,190,111,164,229,1216,202,523,105,593,203,28,30,99,80,2579,506,27,29,0,12,0,16,163,163,46,2,15.4,5.3,15.0,6.4,25.9,6.7,5.7,3.4,4.0,5.4,29.2,4.0,12.6,2.4,14.4,4.6,1.5,1.6,2.5,2.0,62.0,10.5,1.4,1.5,0.0,1.8,0.0,0.8,8.5,8.1,1.1,0.1,0.3751,0.9327,0.6111,0.357,0.3377,2.6136,0.5416,0.9505,0.0717,0.5119,0.1156,0.8703,2.52,0.5689,0.8713,0.8713,0.8713,0.3663,0.0,0.0,0.6679,0.6703,1.7045,0.2968,7.7094,0.5343,0,1,0,0,0,1,1,0,0,0,0,1,0,0,0,0,0,0,0,0,2,2789,284,162,2041,408,147,153,136,99,0,12,0,12,255,209,0,12,14.8,7.8,49.1,7.1,3.5,3.6,3.3,2.4,0.0,0.8,0.0,0.8,6.1,5.1,0.0,0.8
39,Ohio,OH,39035,Cuyahoga County,39035180103,Census Tract 1801.03; Cuyahoga County; Ohio,1.85978383564,3437,405,1437,154,1382,152,508,260,100,95,360,139,161,86,53,50,865,169,586,241,560,191,51,49,8,49,2101,461,0,16,0,12,0,16,83,73,3,3,15.0,7.4,5.6,5.0,26.0,9.6,6.1,3.4,1.5,1.4,25.2,4.9,17.0,6.7,16.3,5.2,3.7,3.5,0.2,1.5,61.1,11.3,0.0,1.1,0.0,2.4,0.0,1.2,6.0,5.1,0.1,0.1,0.3643,0.6276,0.6156,0.3897,0.072,2.0692,0.3876,0.8744,0.2067,0.6223,0.34,0.4556,2.499,0.5565,0.8668,0.8668,0.8668,0.0,0.0,0.0,0.5413,0.3694,0.9107,0.0917,6.3457,0.3143,0,0,0,0,0,0,0,0,0,0,0,0,0,0,0,0,0,0,0,0,0,1337,94,63,2006,418,13,22,0,12,0,12,0,12,0,12,82,116,6.8,4.5,58.4,7.6,0.4,0.6,0.0,1.0,0.0,1.0,0.0,1.0,0.0,1.0,2.4,3.4
39,Ohio,OH,39035,Cuyahoga County,39035180104,Census Tract 1801.04; Cuyahoga County; Ohio,0.961880082418,3116,440,2024,196,1680,210,835,281,128,114,707,204,264,143,266,223,571,128,606,304,686,202,273,148,96,127,2461,473,1817,243,0,12,51,55,349,148,312,12,29.8,8.9,8.0,7.1,42.1,10.9,12.2,6.6,9.5,7.3,18.3,5.0,19.4,8.4,24.5,7.2,16.3,8.6,3.3,4.4,79.0,10.3,89.8,8.3,0.0,1.7,3.0,3.3,20.8,9.4,10.0,1.5,0.7071,0.773,0.9197,0.7273,0.7982,3.9253,0.8746,0.5549,0.3453,0.9235,0.9194,0.9071,3.6502,0.9721,0.9306,0.9306,0.9306,0.9971,0.0,0.8429,0.9095,0.955,3.7045,0.9676,12.2106,0.9879,0,0,1,0,0,1,0,0,1,1,1,3,1,1,1,0,0,1,1,3,8,4552,288,141,2237,497,118,130,1,3,15,24,0,12,49,57,41,67,17.1,8.7,71.8,8.1,3.8,4.2,0.0,0.1,0.5,0.8,0.0,1.1,1.6,1.8,1.3,2.2
39,Ohio,OH,39035,Cuyahoga County,39035181100,Census Tract 1811; Cuyahoga County; Ohio,1.555784881532,7163,594,3249,319,3032,328,452,259,113,87,673,211,177,171,275,222,1708,311,1675,281,339,127,105,73,19,72,373,870,941,333,0,17,18,33,133,96,150,3,6.4,3.7,3.3,2.6,22.2,6.5,3.4,3.2,3.9,3.1,23.8,4.2,23.4,3.4,4.8,1.9,3.4,2.4,0.3,1.1,5.2,12.1,29.0,9.8,0.0,1.1,0.6,1.1,4.4,3.2,2.1,0.2,0.0984,0.386,0.4803,0.1836,0.3224,1.4707,0.2165,0.8269,0.6138,0.0225,0.3089,0.4968,2.2689,0.4168,0.1585,0.1585,0.1585,0.9121,0.0,0.4632,0.4289,0.7644,2.5686,0.6654,6.4667,0.3371,0,0,0,0,0,0,0,0,0,0,0,0,0,0,1,0,0,0,0,1,1,6065,226,112,39,71,76,81,80,69,0,17,0,17,178,149,0,17,7.5,3.9,0.5,1.0,1.1,1.1,1.1,1.0,0.0,0.5,0.0,0.5,2.5,2.1,0.0,0.5
39,Ohio,OH,39035,Cuyahoga County,39035181201,Census Tract 1812.01; Cuyahoga County; Ohio,1.489626303832,6368,739,3113,235,2765,240,804,548,65,51,512,162,166,123,124,99,1673,353,1364,459,1209,477,191,117,147,124,768,1097,623,198,47,77,46,73,324,196,165,4,12.9,8.7,2.1,1.7,18.5,5.6,3.6,2.7,2.0,1.6,26.3,5.7,21.4,6.0,19.5,7.3,6.9,4.2,2.4,2.0,12.1,17.2,20.0,6.2,1.5,2.5,1.7,2.6,11.7,6.7,2.6,0.3,0.3005,0.2086,0.3324,0.1966,0.1209,1.159,0.1384,0.9055,0.4803,0.7855,0.613,0.8646,3.6489,0.9717,0.4204,0.4204,0.4204,0.8467,0.6667,0.6917,0.7737,0.8012,3.78,0.9752,9.0083,0.7302,0,0,0,0,0,0,1,0,0,0,0,1,0,0,0,0,0,0,0,0,1,4998,359,136,162,170,224,201,221,181,25,39,0,17,136,104,0,17,13.0,4.9,2.5,2.7,3.5,3.0,3.5,3.0,0.4,0.6,0.0,0.5,2.1,1.7,0.0,0.5
39,Ohio,OH,39035,Cuyahoga County,39035181203,Census Tract 1812.03; Cuyahoga County; Ohio,0.663144856876,2843,260,1422,119,1347,121,249,127,50,69,220,85,23,22,11,16,534,95,550,71,177,104,46,34,39,66,41,371,249,84,0,12,0,16,66,37,0,12,8.8,4.4,2.6,3.6,16.3,6.1,1.1,1.1,0.4,0.6,18.8,2.5,19.3,2.7,6.2,3.5,3.4,2.5,1.5,2.5,1.4,13.0,17.5,5.7,0.0,2.4,0.0,1.2,4.9,2.8,0.0,0.4,0.173,0.2822,0.2422,0.0384,0.0114,0.7472,0.0537,0.5888,0.3377,0.0476,0.3089,0.7854,2.0684,0.3076,0.0159,0.0159,0.0159,0.8149,0.0,0.0,0.4625,0.0,1.2774,0.1692,4.1089,0.0629,0,0,0,0,0,0,0,0,0,0,0,0,0,0,0,0,0,0,0,0,0,4166,78,45,7,12,7,12,4,7,4,8,0,12,19,20,0,12,5.8,3.4,0.2,0.4,0.2,0.4,0.1,0.3,0.1,0.3,0.0,1.2,0.7,0.7,0.0,1.2
39,Ohio,OH,39035,Cuyahoga County,39035181204,Census Tract 1812.04; Cuyahoga County; Ohio,1.021022800676,5178,702,2710,243,2549,257,341,152,62,52,639,177,54,43,39,32,1289,229,1052,307,715,196,64,53,42,93,389,1029,1043,192,0,17,13,27,266,107,0,17,6.6,2.8,2.1,1.9,25.1,6.5,1.4,1.1,0.8,0.6,24.9,5.1,20.3,4.0,13.8,4.0,2.5,2.1,0.9,2.0,7.5,19.8,38.5,6.2,0.0,1.3,0.5,1.1,10.4,4.0,0.0,0.3,0.1066,0.2086,0.5841,0.0536,0.0279,0.9808,0.0943,0.8618,0.4065,0.4675,0.2114,0.6855,2.6327,0.6429,0.2562,0.2562,0.2562,0.9502,0.0,0.4413,0.7311,0.0,2.1226,0.4724,5.9923,0.2575,0,0,0,0,0,0,0,0,0,0,0,0,0,0,1,0,0,0,0,1,1,5415,280,133,80,90,110,76,110,123,0,17,0,17,75,125,14,23,11.0,5.0,1.5,1.7,2.1,1.5,2.1,2.4,0.0,0.7,0.0,0.7,1.4,2.5,0.3,0.4
39,Ohio,OH,39035,Cuyahoga County,39035182103,Census Tract 1821.03; Cuyahoga County; Ohio,0.915002280292,2641,336,1213,117,1134,106,212,147,37,38,242,88,85,44,108,81,619,89,345,92,144,61,28,36,51,65,328,476,0,16,0,12,0,16,6,10,21,2,8.1,5.5,2.6,2.7,21.3,7.5,4.2,2.1,4.1,3.0,23.4,3.6,13.1,3.0,5.5,2.3,2.5,3.2,2.1,2.6,12.4,18.0,0.0,1.3,0.0,2.8,0.0,1.4,0.5,0.9,0.8,0.1,0.1495,0.2822,0.4483,0.2441,0.3478,1.4719,0.2175,0.8107,0.0802,0.0352,0.2114,0.8427,1.9802,0.2641,0.4277,0.4277,0.4277,0.0,0.0,0.0,0.0524,0.6344,0.6868,0.0562,4.5666,0.1006,0,0,0,0,0,0,0,0,0,0,0,0,0,0,0,0,0,0,0,0,0,2936,72,47,173,182,53,47,96,93,0,12,0,12,6,13,0,12,6.3,4.1,6.6,6.7,2.0,1.8,3.6,3.5,0.0,1.3,0.0,1.3,0.2,0.5,0.0,1.3
39,Ohio,OH,39035,Cuyahoga County,39035182104,Census Tract 1821.04; Cuyahoga County; Ohio,1.121513954318,2374,224,1038,95,979,97,177,106,34,26,192,78,95,97,66,45,595,137,373,84,236,108,0,16,52,67,270,328,0,16,0,12,0,16,0,12,6,2,7.5,4.5,2.5,1.9,19.6,7.7,5.1,5.1,2.8,1.9,25.1,5.9,15.7,2.9,9.9,4.5,0.0,1.6,2.3,2.9,11.4,13.8,0.0,1.5,0.0,3.3,0.0,1.6,0.0,3.5,0.3,0.1,0.1358,0.2657,0.3781,0.3098,0.1996,1.289,0.166,0.8716,0.1525,0.2104,0.0,0.8548,2.0893,0.3168,0.4008,0.4008,0.4008,0.0,0.0,0.0,0.0,0.4924,0.4924,0.0346,4.2715,0.0775,0,0,0,0,0,0,0,0,0,0,0,0,0,0,0,0,0,0,0,0,0,2131,101,61,32,45,56,62,85,63,0,12,0,12,97,75,0,12,10.3,6.1,1.3,1.9,2.4,2.6,3.6,2.6,0.0,1.5,0.0,1.5,4.1,3.1,0.0,1.5
39,Ohio,OH,39035,Cuyahoga County,39035182105,Census Tract 1821.05; Cuyahoga County; Ohio,1.340468537498,3636,433,1414,109,1384,115,514,255,68,60,305,121,196,76,194,94,931,183,604,129,477,148,82,59,105,90,447,636,0,16,0,12,0,16,22,23,0,12,14.2,6.8,4.0,3.4,22.0,8.5,6.9,2.9,5.3,2.7,25.6,3.9,16.6,3.3,13.1,4.1,5.9,4.2,3.1,2.6,12.3,17.4,0.0,1.1,0.0,2.4,0.0,1.2,1.6,1.6,0.0,0.3,0.3374,0.4756,0.4743,0.4423,0.4808,2.2104,0.4305,0.8865,0.1874,0.4199,0.5463,0.9014,2.9415,0.7984,0.4255,0.4255,0.4255,0.0,0.0,0.0,0.1724,0.0,0.1724,0.0181,5.7498,0.2222,0,0,0,0,0,0,0,0,0,0,1,1,0,0,0,0,0,0,0,0,1,1061,69,36,48,44,171,149,182,202,0,12,0,12,29,34,17,25,5.0,2.6,1.3,1.2,4.7,4.2,5.0,5.5,0.0,1.0,0.0,1.0,0.8,1.0,0.5,0.7
39,Ohio,OH,39035,Cuyahoga County,39035182106,Census Tract 1821.06; Cuyahoga County; Ohio,1.524204440646,3030,371,1386,127,1360,131,177,72,95,50,236,100,109,42,168,116,844,211,421,209,506,154,30,32,63,78,428,521,0,16,49,78,23,32,53,48,8,3,5.8,2.3,5.7,2.9,17.4,7.2,4.4,1.7,5.5,3.7,27.9,6.8,13.9,6.3,16.7,4.7,2.2,2.3,2.2,2.7,14.1,17.1,0.0,1.2,3.5,5.7,1.7,2.3,3.9,3.6,0.3,0.1,0.0797,0.6356,0.2854,0.2581,0.5005,1.7593,0.299,0.9347,0.0992,0.6493,0.1762,0.8491,2.7085,0.687,0.4727,0.4727,0.4727,0.0,0.7473,0.6917,0.3892,0.4924,2.3206,0.559,7.2611,0.4638,0,0,0,0,0,0,1,0,0,0,0,1,0,0,0,0,0,0,0,0,1,2586,79,55,0,12,126,113,259,243,0,12,0,12,43,50,0,12,5.8,3.9,0.0,1.1,4.2,3.8,8.5,7.7,0.0,1.1,0.0,1.1,1.4,1.7,0.0,1.1
39,Ohio,OH,39035,Cuyahoga County,39035183100,Census Tract 1831; Cuyahoga County; Ohio,0.745596166772,3067,438,1686,281,1632,275,333,145,52,45,559,171,37,43,172,84,578,157,481,86,136,63,40,32,41,59,1406,492,667,175,0,12,12,20,171,150,0,12,10.9,4.5,2.9,2.5,34.3,8.7,1.5,1.8,5.6,2.9,18.8,4.8,15.7,3.1,4.4,2.2,2.5,1.9,1.4,2.0,45.8,14.6,39.6,8.0,0.0,2.1,0.7,1.2,10.5,8.5,0.0,0.4,0.2374,0.327,0.8127,0.058,0.5075,1.9426,0.3467,0.5888,0.1525,0.0152,0.2114,0.7717,1.7396,0.1587,0.8094,0.8094,0.8094,0.9524,0.0,0.4873,0.7343,0.0,2.174,0.4908,6.6656,0.3721,0,0,0,0,0,0,0,0,0,0,0,0,0,0,1,0,0,0,0,1,1,1584,181,131,758,333,138,159,271,141,10,17,0,12,229,149,0,12,11.1,7.9,24.7,8.6,4.5,4.9,8.8,4.5,0.3,0.5,0.0,1.1,7.5,4.7,0.0,1.1
39,Ohio,OH,39035,Cuyahoga County,39035183200,Census Tract 1832; Cuyahoga County; Ohio,1.102733953038,2638,392,1022,159,971,167,80,39,56,40,103,45,19,14,7,11,618,214,717,76,78,39,22,18,6,47,330,558,72,41,0,12,0,16,11,17,12,3,3.0,1.4,4.0,2.7,10.6,4.3,1.0,0.8,0.3,0.4,23.4,5.5,27.2,3.7,3.0,1.4,2.2,1.8,0.2,1.9,12.5,21.1,7.1,3.9,0.0,3.4,0.0,1.6,1.1,1.7,0.5,0.1,0.0238,0.4756,0.06,0.0333,0.0092,0.6019,0.0337,0.8107,0.824,0.0025,0.1762,0.4556,2.269,0.4171,0.4315,0.4315,0.4315,0.6213,0.0,0.0,0.1194,0.5742,1.3149,0.1787,4.6173,0.1041,0,0,0,0,0,0,0,0,0,0,0,0,0,0,0,0,0,0,0,0,0,2218,6,10,119,101,22,35,79,65,0,12,0,12,104,57,6,8,0.6,1.0,4.5,3.8,0.8,1.3,3.0,2.5,0.0,1.3,0.0,1.3,3.9,2.2,0.2,0.3
39,Ohio,OH,39035,Cuyahoga County,39035183300,Census Tract 1833; Cuyahoga County; Ohio,1.48609115392,4476,513,1689,145,1666,147,80,59,115,74,178,68,8,10,107,65,912,121,1272,262,342,103,81,47,0,48,988,724,99,51,0,12,0,16,34,31,52,8,1.8,1.3,4.9,3.1,10.7,4.0,0.3,0.3,2.4,1.5,20.4,3.3,28.4,3.6,7.7,2.3,4.9,2.8,0.0,1.2,22.1,16.0,5.9,3.0,0.0,2.0,0.0,1.0,2.0,1.8,1.2,0.1,0.0098,0.5711,0.0619,0.0114,0.1568,0.811,0.0657,0.6855,0.8678,0.0981,0.4644,0.0,2.1158,0.3324,0.6183,0.6183,0.6183,0.5848,0.0,0.0,0.2127,0.6814,1.4789,0.2244,5.024,0.1448,0,0,0,0,0,0,0,0,0,0,0,0,0,0,0,0,0,0,0,0,0,5240,0,12,339,112,346,253,143,171,7,11,0,12,106,74,47,49,0.0,2.1,7.6,2.5,7.7,5.5,3.2,3.9,0.2,0.2,0.0,0.8,2.4,1.6,1.1,1.1
39,Ohio,OH,39035,Cuyahoga County,39035183401,Census Tract 1834.01; Cuyahoga County; Ohio,0.47605025243,2206,267,854,81,727,70,132,94,77,53,98,41,41,48,62,44,317,74,626,103,230,91,24,17,68,88,809,324,155,83,0,12,14,21,14,18,4,2,6.0,4.2,6.7,4.1,13.5,5.5,2.7,2.9,2.8,2.0,14.4,3.4,28.4,3.9,10.4,3.6,3.3,2.3,3.4,4.4,36.7,14.0,18.1,9.6,0.0,4.0,1.9,2.9,1.9,2.5,0.2,0.1,0.0844,0.7032,0.1397,0.1325,0.1996,1.2594,0.1597,0.3101,0.8678,0.2396,0.2943,0.9119,2.6237,0.6362,0.7549,0.7549,0.7549,0.8222,0.0,0.7219,0.2029,0.4356,2.1826,0.4943,6.8206,0.3997,0,0,0,0,0,0,0,0,0,0,1,1,0,0,0,0,0,0,0,0,1,4286,101,48,554,208,83,77,117,64,0,12,0,12,55,46,0,12,13.9,6.3,25.1,7.6,3.8,3.6,5.3,2.9,0.0,1.6,0.0,1.6,2.5,2.1,0.0,1.6
39,Ohio,OH,39035,Cuyahoga County,39035183402,Census Tract 1834.02; Cuyahoga County; Ohio,0.25529643393,1798,577,831,112,827,112,410,201,56,41,323,125,7,13,77,55,324,66,401,322,150,73,82,66,4,46,1599,580,222,101,0,12,3,15,91,82,10,2,22.9,8.5,6.3,5.0,39.1,14.2,0.6,1.0,4.4,3.6,18.0,8.1,22.3,11.7,8.6,5.2,9.9,7.9,0.2,2.8,88.9,15.1,26.7,11.6,0.0,4.1,0.4,1.8,11.0,9.7,0.6,0.2,0.5798,0.6781,0.8854,0.0197,0.3758,2.5388,0.5219,0.5317,0.539,0.1415,0.7752,0.4556,2.443,0.5251,0.9569,0.9569,0.9569,0.8981,0.0,0.4206,0.753,0.6059,2.6776,0.7114,8.6163,0.6768,0,0,0,0,0,0,0,0,0,0,0,0,1,1,0,0,0,0,0,0,1,905,91,75,1481,580,19,50,0,12,5,11,0,12,94,85,0,12,11.0,9.0,82.4,8.9,1.1,2.8,0.0,1.9,0.3,0.6,0.0,1.9,5.2,4.9,0.0,1.9
39,Ohio,OH,39035,Cuyahoga County,39035183501,Census Tract 1835.01; Cuyahoga County; Ohio,0.57985377513,3323,535,2021,279,1738,298,542,277,90,66,484,148,64,55,0,12,928,207,578,214,638,353,123,62,63,73,1730,640,1549,308,0,12,180,177,280,197,11,12,16.3,7.9,4.9,3.4,27.8,7.1,2.9,2.6,0.0,1.0,27.9,7.3,17.4,5.6,19.2,9.4,7.1,3.4,2.0,2.2,52.1,17.3,76.6,11.0,0.0,1.7,10.3,10.0,16.1,10.6,0.3,0.4,0.4002,0.5711,0.6733,0.1433,0.0,1.7879,0.3048,0.9347,0.2248,0.7721,0.626,0.8348,3.3924,0.9276,0.8342,0.8342,0.8342,0.9933,0.0,0.9927,0.8556,0.4924,3.334,0.9073,9.3485,0.7746,0,0,0,0,0,0,1,0,0,0,0,1,0,0,1,0,1,0,0,2,3,2539,203,111,1263,511,170,184,104,127,8,12,0,12,179,108,6,11,11.7,6.5,38.0,11.5,5.1,5.5,3.1,3.9,0.2,0.4,0.0,1.0,5.4,3.5,0.2,0.3
39,Ohio,OH,39035,Cuyahoga County,39035183502,Census Tract 1835.02; Cuyahoga County; Ohio,0.618007988668,3493,426,1777,237,1627,249,403,258,40,32,340,139,45,56,15,24,891,245,829,196,521,239,26,31,19,54,1345,537,463,157,0,12,0,16,197,99,19,37,11.7,7.3,2.3,1.9,20.9,7.9,1.8,2.2,0.4,0.7,25.5,6.3,23.7,4.4,15.0,6.5,1.6,1.9,0.6,1.6,38.5,14.6,26.1,8.1,0.0,1.9,0.0,1.0,12.1,6.3,0.5,1.1,0.264,0.2384,0.4314,0.0758,0.0114,1.021,0.1038,0.8843,0.6354,0.5462,0.1238,0.6088,2.7985,0.7305,0.7698,0.7698,0.7698,0.8949,0.0,0.0,0.7806,0.5742,2.2497,0.5244,6.839,0.4041,0,0,0,0,0,0,0,0,0,0,0,0,0,0,0,0,0,0,0,0,0,2465,224,121,785,280,163,162,86,71,0,12,0,12,190,125,121,168,13.8,7.2,22.5,7.3,4.7,4.6,2.5,2.0,0.0,1.0,0.0,1.0,5.4,3.3,3.5,4.7
39,Ohio,OH,39035,Cuyahoga County,39035183603,Census Tract 1836.03; Cuyahoga County; Ohio,0.198333647564,1600,378,713,205,681,209,390,180,0,12,184,57,108,47,41,26,268,76,434,189,229,205,136,70,0,48,1502,383,13,24,0,12,0,16,59,38,6,3,24.4,9.7,0.0,5.3,27.0,1.2,9.7,4.7,2.6,1.7,16.8,5.6,27.1,9.0,14.3,11.7,20.0,8.2,0.0,3.1,93.9,9.0,1.8,3.3,0.0,4.8,0.0,2.3,8.7,6.1,0.4,0.2,0.6116,0.0,0.6517,0.6192,0.1812,2.0637,0.3851,0.4486,0.8205,0.5033,0.9549,0.0,2.7273,0.6984,0.9746,0.9746,0.9746,0.3917,0.0,0.0,0.6775,0.5374,1.6066,0.2606,7.3722,0.4806,0,0,0,0,0,0,0,0,0,1,0,1,1,1,0,0,0,0,0,0,2,793,60,53,1434,384,12,17,0,12,0,12,0,12,56,54,0,12,8.8,8.6,89.6,5.8,0.8,1.0,0.0,2.2,0.0,2.2,0.0,2.2,3.5,3.6,0.0,2.2
39,Ohio,OH,39035,Cuyahoga County,39035183604,Census Tract 1836.04; Cuyahoga County; Ohio,0.277902319928,2308,398,1319,216,1107,213,280,169,150,159,291,156,109,84,101,68,598,173,371,143,362,155,104,61,33,58,1683,425,0,16,0,12,0,16,48,36,7,4,12.1,7.0,11.8,11.3,26.3,13.2,6.2,4.8,4.4,2.9,25.9,7.6,16.1,4.9,15.7,6.6,9.4,5.2,1.5,2.6,72.9,13.5,0.0,1.2,0.0,2.6,0.0,1.4,4.3,3.3,0.3,0.2,0.2742,0.8816,0.6283,0.3966,0.3758,2.5565,0.526,0.8938,0.1658,0.5874,0.754,0.7854,3.1864,0.8816,0.9109,0.9109,0.9109,0.0,0.0,0.0,0.4184,0.4924,0.9108,0.0921,7.5646,0.5108,0,0,0,0,0,0,0,0,0,0,0,0,1,1,0,0,0,0,0,0,1,949,119,65,1482,311,0,12,123,98,0,12,0,12,78,80,0,12,10.7,5.8,64.2,7.8,0.0,1.5,5.3,3.8,0.0,1.5,0.0,1.5,3.4,3.2,0.0,1.5
39,Ohio,OH,39035,Cuyahoga County,39035183605,Census Tract 1836.05; Cuyahoga County; Ohio,0.357079870966,2423,358,1293,101,1070,106,589,356,135,94,300,136,61,55,41,43,626,94,438,134,303,142,3,16,0,48,1377,426,630,154,0,12,6,21,198,91,54,2,24.9,14.6,10.3,7.0,28.0,12.4,3.5,3.2,1.7,1.9,25.8,4.7,18.1,4.8,12.8,5.1,0.3,1.5,0.0,2.2,56.8,15.4,48.8,11.3,0.0,2.7,0.6,2.0,18.5,8.5,2.2,0.3,0.6217,0.8498,0.681,0.1912,0.092,2.4357,0.4892,0.8906,0.2613,0.4002,0.041,0.0,1.5931,0.1121,0.851,0.851,0.851,0.9702,0.0,0.4632,0.8848,0.773,3.0912,0.8556,7.971,0.5813,0,0,0,0,0,0,0,0,0,0,0,0,0,0,1,0,0,0,0,1,1,6566,163,95,1214,346,18,31,54,63,0,12,0,12,91,95,0,12,15.2,8.7,50.1,10.5,0.7,1.3,2.2,2.6,0.0,1.4,0.0,1.4,3.8,4.0,0.0,1.4
39,Ohio,OH,39035,Cuyahoga County,39035183606,Census Tract 1836.06; Cuyahoga County; Ohio,0.19438884342999999,1825,309,832,104,780,109,189,104,20,19,176,74,27,23,27,27,208,47,471,137,132,70,75,51,8,47,1105,351,6,15,0,12,0,16,5,8,0,12,10.4,5.4,1.9,1.9,22.6,8.9,2.3,2.0,1.5,1.4,11.4,3.0,25.8,4.5,7.2,3.5,9.6,6.4,0.5,2.8,60.5,16.3,0.7,1.8,0.0,4.1,0.0,2.1,0.6,1.0,0.0,0.7,0.2199,0.1787,0.494,0.1068,0.072,1.0714,0.1162,0.1718,0.7562,0.0774,0.7654,0.5796,2.3504,0.4638,0.864,0.864,0.864,0.2994,0.0,0.0,0.0616,0.0,0.361,0.0248,4.6468,0.1079,0,0,0,0,0,0,0,0,0,0,0,0,0,0,0,0,0,0,0,0,0,1003,41,34,902,288,31,33,30,28,0,12,0,12,75,42,67,60,5.3,4.4,49.4,10.0,1.7,1.8,1.6,1.6,0.0,1.9,0.0,1.9,4.1,2.4,3.7,3.2
39,Ohio,OH,39035,Cuyahoga County,39035184103,Census Tract 1841.03; Cuyahoga County; Ohio,2.2990729305479998,5199,1141,1753,226,1702,211,224,171,69,59,190,86,331,467,79,89,823,119,1604,680,276,108,37,35,12,68,1321,1552,0,24,0,17,0,24,22,27,0,17,4.3,3.2,2.5,2.1,11.2,4.9,10.0,13.1,1.5,1.7,15.8,5.2,30.9,7.1,5.3,2.4,2.2,2.0,0.3,1.4,25.4,29.3,0.0,1.4,0.0,2.0,0.0,1.4,1.3,1.6,0.0,0.3,0.0489,0.2657,0.074,0.6389,0.072,1.0995,0.1222,0.3865,0.9356,0.0321,0.1762,0.4968,2.0272,0.2863,0.6614,0.6614,0.6614,0.0,0.0,0.0,0.1349,0.0,0.1349,0.0152,3.923,0.0476,0,0,0,0,0,0,0,1,0,0,0,1,0,0,0,0,0,0,0,0,1,2018,93,47,170,106,170,182,392,166,0,17,0,17,589,341,0,17,5.5,2.9,3.3,2.2,3.3,3.6,7.5,3.7,0.0,0.7,0.0,0.7,11.3,5.8,0.0,0.7
39,Ohio,OH,39035,Cuyahoga County,39035184104,Census Tract 1841.04; Cuyahoga County; Ohio,6.292247923108,1672,158,715,88,699,82,197,141,4,8,171,78,40,28,36,30,437,102,301,113,211,87,23,30,5,47,572,209,88,71,0,12,0,16,106,76,97,9,12.5,8.9,0.5,1.0,24.5,10.8,3.1,2.1,2.3,2.0,26.1,6.0,18.0,6.0,13.4,5.0,3.3,4.3,0.3,2.9,34.2,12.1,12.3,9.8,0.0,4.8,0.0,2.3,15.2,9.8,5.8,0.8,0.2847,0.033,0.5597,0.1579,0.1492,1.1845,0.1438,0.9001,0.2565,0.4418,0.2943,0.4968,2.3895,0.4902,0.7387,0.7387,0.7387,0.7352,0.0,0.0,0.8394,0.9217,2.4963,0.6343,6.809,0.3965,0,0,0,0,0,0,1,0,0,0,0,1,0,0,0,0,0,0,1,1,2,27251,88,33,186,62,80,58,172,71,4,7,0,12,130,118,0,12,12.6,4.4,11.1,3.6,4.8,3.5,10.3,4.1,0.2,0.4,0.0,2.1,7.8,6.8,0.0,2.1
39,Ohio,OH,39035,Cuyahoga County,39035184105,Census Tract 1841.05; Cuyahoga County; Ohio,1.261601026366,4385,408,1662,120,1605,132,367,307,104,62,179,85,34,32,144,102,515,90,1204,252,199,74,64,52,24,52,1960,494,62,56,0,12,72,66,29,26,0,12,8.4,7.0,4.1,2.4,11.2,5.2,1.2,1.1,3.3,2.3,11.7,2.3,27.5,4.4,4.5,1.7,4.0,3.2,0.6,1.3,44.7,10.5,3.7,3.4,0.0,2.1,4.4,4.1,1.8,1.6,0.0,0.3,0.1568,0.4867,0.074,0.0425,0.2634,1.0234,0.1051,0.1836,0.837,0.0184,0.3743,0.6088,2.0221,0.2825,0.8047,0.8047,0.8047,0.5048,0.0,0.9168,0.1933,0.0,1.6149,0.2635,5.4651,0.1854,0,0,0,0,0,0,0,0,0,0,0,0,0,0,0,0,1,0,0,1,1,1702,43,52,971,224,196,195,576,150,0,12,8,12,209,100,0,12,2.7,3.2,22.1,4.2,4.5,4.4,13.1,3.4,0.0,0.8,0.2,0.3,4.8,2.2,0.0,0.8
39,Ohio,OH,39035,Cuyahoga County,39035184106,Census Tract 1841.06; Cuyahoga County; Ohio,0.593450743162,2317,286,961,113,870,97,378,196,48,42,150,52,168,149,100,73,440,154,568,114,266,153,76,42,56,61,813,383,31,34,4,6,11,17,84,43,5,9,16.4,8.3,3.9,3.3,17.2,5.7,10.3,8.2,4.3,3.2,19.0,5.4,24.5,3.5,11.5,5.9,8.7,4.7,2.6,2.8,35.1,16.0,3.2,3.5,0.4,0.6,1.3,1.9,9.7,4.9,0.2,0.4,0.4046,0.4644,0.2784,0.6544,0.3659,2.1677,0.4156,0.6018,0.6826,0.3158,0.7194,0.877,3.1966,0.8848,0.7454,0.7454,0.7454,0.4797,0.5625,0.6181,0.7102,0.4356,2.8061,0.7616,8.9158,0.7162,0,0,0,0,0,0,0,0,0,0,0,0,0,0,0,0,0,0,0,0,0,4708,68,35,114,70,101,73,382,196,0,12,0,12,216,117,0,12,7.8,3.9,4.9,3.0,4.4,3.1,16.5,7.5,0.0,1.5,0.0,1.5,9.3,5.0,0.0,1.5
39,Ohio,OH,39035,Cuyahoga County,39035184108,Census Tract 1841.08; Cuyahoga County; Ohio,7.051846851114,7391,739,2706,263,2706,263,444,241,154,103,530,179,316,195,164,154,1801,446,1820,280,781,249,43,49,386,342,2889,991,413,148,0,17,0,24,92,63,32,6,6.0,3.2,4.4,2.9,19.6,6.3,6.0,3.6,2.2,2.1,24.4,4.9,24.6,2.7,10.6,3.4,1.6,1.8,5.4,4.8,39.1,12.8,15.3,5.3,0.0,1.3,0.0,0.9,3.4,2.3,0.4,0.1,0.0844,0.5244,0.3781,0.3811,0.1396,1.5076,0.2279,0.8446,0.6877,0.2542,0.1238,0.9591,2.8694,0.7635,0.7749,0.7749,0.7749,0.7835,0.0,0.0,0.3438,0.5374,1.6647,0.2794,6.8166,0.3981,0,0,0,0,0,0,0,0,0,0,1,1,0,0,0,0,0,0,0,0,1,6200,199,111,868,216,394,347,1477,525,21,36,12,18,30,48,87,117,7.4,4.3,11.7,2.9,5.3,4.8,20.0,6.1,0.3,0.5,0.2,0.3,0.4,0.7,1.2,1.6
39,Ohio,OH,39035,Cuyahoga County,39035185101,Census Tract 1851.01; Cuyahoga County; Ohio,0.6512150772799999,3186,597,1196,123,1118,146,572,390,165,104,290,173,107,113,178,132,309,101,863,223,363,175,197,122,50,97,2942,621,0,16,0,12,0,16,62,49,14,3,18.0,11.8,9.5,5.2,25.9,15.1,6.0,6.3,5.6,3.8,9.7,3.5,27.1,3.7,11.4,5.8,17.6,10.7,1.8,3.4,92.3,9.0,0.0,1.3,0.0,2.9,0.0,1.4,5.5,4.4,0.4,0.1,0.4545,0.8317,0.6111,0.3811,0.5075,2.7859,0.5987,0.1138,0.8205,0.3088,0.9327,0.8183,2.9941,0.819,0.9683,0.9683,0.9683,0.0,0.0,0.0,0.5098,0.5374,1.0472,0.113,7.7955,0.5489,0,0,0,0,0,0,0,0,0,1,0,1,1,1,0,0,0,0,0,0,2,1323,158,103,2603,664,121,142,1,3,0,12,0,12,217,214,0,12,14.1,8.9,81.7,10.7,3.8,4.5,0.0,0.1,0.0,1.1,0.0,1.1,6.8,6.7,0.0,1.1
39,Ohio,OH,39035,Cuyahoga County,39035185102,Census Tract 1851.02; Cuyahoga County; Ohio,0.399572326576,2767,441,1242,168,1173,172,257,158,114,97,113,59,70,54,105,79,404,121,374,187,634,231,86,77,0,48,1646,518,0,16,0,12,16,27,32,37,0,12,9.3,5.5,6.4,5.4,9.6,4.8,3.3,2.6,3.8,2.9,14.6,4.5,13.5,6.1,22.9,7.4,7.3,6.5,0.0,1.8,59.5,16.1,0.0,1.3,0.0,2.8,1.4,2.3,2.7,3.2,0.0,0.4,0.1876,0.6835,0.0419,0.176,0.3113,1.4003,0.1994,0.3212,0.0881,0.8934,0.6416,0.0,1.9443,0.2451,0.8605,0.8605,0.8605,0.0,0.0,0.6384,0.2752,0.0,0.9136,0.093,5.1187,0.154,0,0,0,0,0,0,0,0,0,0,0,0,0,0,0,0,0,0,0,0,0,1174,136,99,1462,428,128,137,0,12,7,12,0,12,49,60,0,12,11.6,8.3,52.8,11.3,4.6,4.9,0.0,1.3,0.3,0.4,0.0,1.3,1.8,2.1,0.0,1.3
39,Ohio,OH,39035,Cuyahoga County,39035185103,Census Tract 1851.03; Cuyahoga County; Ohio,0.372563719472,2400,285,1074,128,1001,135,369,197,95,72,251,116,56,41,263,164,327,55,507,132,203,60,76,48,4,47,1377,338,0,16,0,12,0,16,0,12,0,12,15.7,8.2,6.4,5.0,25.1,11.1,3.4,2.4,11.0,6.0,13.6,2.2,21.1,4.7,8.5,2.3,7.6,4.7,0.2,2.1,57.4,12.3,0.0,1.5,0.0,3.2,0.0,1.6,0.0,3.4,0.0,0.5,0.3821,0.6835,0.5841,0.1836,0.8566,2.6899,0.5692,0.2695,0.4569,0.1371,0.661,0.4556,1.9801,0.2638,0.8526,0.8526,0.8526,0.0,0.0,0.0,0.0,0.0,0.0,0.0,5.5226,0.1914,0,0,0,0,0,0,0,0,0,0,0,0,0,0,0,0,0,0,0,0,0,1262,62,34,1247,247,7,11,24,27,4,10,0,12,95,63,0,12,6.2,3.4,52.0,6.6,0.3,0.4,1.0,1.1,0.2,0.4,0.0,1.4,4.0,2.6,0.0,1.4
39,Ohio,OH,39035,Cuyahoga County,39035185104,Census Tract 1851.04; Cuyahoga County; Ohio,1.305096574972,3375,307,1547,140,1458,157,734,380,50,32,306,120,47,43,109,97,671,100,763,163,514,174,88,89,9,48,1520,458,33,45,16,27,0,16,13,20,35,5,22.6,11.5,2.8,1.9,21.0,7.9,1.9,1.7,3.2,2.9,19.9,2.6,22.6,4.1,15.3,4.7,6.0,6.1,0.3,1.5,45.0,12.9,2.1,2.9,1.0,1.8,0.0,1.1,0.9,1.4,1.0,0.1,0.5712,0.3133,0.4365,0.0808,0.2491,1.6509,0.2673,0.6569,0.5609,0.5646,0.5517,0.4968,2.8309,0.7457,0.8056,0.8056,0.8056,0.4111,0.6295,0.0,0.0975,0.6595,1.7976,0.3352,7.085,0.4359,0,0,0,0,0,0,0,0,0,0,0,0,0,0,0,0,0,0,0,0,0,2285,105,57,1205,277,61,69,80,68,0,12,0,12,146,107,28,36,7.2,3.7,35.7,7.9,1.8,2.0,2.4,2.0,0.0,1.0,0.0,1.0,4.3,3.2,0.8,1.1
39,Ohio,OH,39035,Cuyahoga County,39035185201,Census Tract 1852.01; Cuyahoga County; Ohio,0.275696519202,2120,828,839,155,820,156,798,805,111,76,246,82,45,43,376,287,267,66,453,261,179,69,113,156,12,47,1687,838,260,97,0,12,3,13,118,68,2,1,37.6,35.0,9.2,7.2,30.0,8.2,3.8,3.6,17.7,9.6,12.6,6.2,21.4,6.0,8.4,4.8,13.8,18.8,0.6,2.4,79.6,24.4,31.0,10.0,0.0,4.1,0.4,1.6,14.4,8.4,0.1,0.0,0.8074,0.8222,0.7267,0.2102,0.9664,3.5329,0.7873,0.2229,0.4803,0.1311,0.8759,0.6088,2.319,0.4429,0.9341,0.9341,0.9341,0.9235,0.0,0.4206,0.8263,0.3694,2.5398,0.6521,9.3258,0.7708,0,0,0,0,1,1,0,0,0,0,0,0,1,1,1,0,0,0,0,1,3,1946,114,63,1611,847,22,22,2,3,0,12,0,12,52,55,0,12,13.9,8.5,76.0,12.4,1.0,1.2,0.1,0.2,0.0,1.6,0.0,1.6,2.5,2.6,0.0,1.6
39,Ohio,OH,39035,Cuyahoga County,39035185202,Census Tract 1852.02; Cuyahoga County; Ohio,0.68319976696,4360,753,2131,159,1868,200,632,292,102,97,480,209,72,83,268,168,467,112,1265,496,482,171,122,92,0,48,2437,1098,23,38,0,12,0,16,207,156,2,2,14.5,6.2,4.7,4.5,25.7,10.8,2.6,3.0,6.2,4.0,10.7,3.2,29.0,7.2,11.1,4.2,6.5,4.9,0.0,1.2,55.9,23.3,1.1,1.8,0.0,1.6,0.0,0.9,11.1,8.3,0.0,0.0,0.3466,0.553,0.6067,0.1243,0.5659,2.1965,0.426,0.1503,0.8871,0.2882,0.5844,0.0,1.91,0.2263,0.8484,0.8484,0.8484,0.3378,0.0,0.0,0.7552,0.0,1.093,0.1235,6.0479,0.2667,0,0,0,0,0,0,0,0,0,0,0,0,0,0,0,0,0,0,0,0,0,2467,136,97,2190,483,23,37,0,12,0,12,0,12,169,133,55,77,7.3,5.3,50.2,12.8,0.5,0.9,0.0,0.8,0.0,0.8,0.0,0.8,3.9,3.1,1.3,1.8
39,Ohio,OH,39035,Cuyahoga County,39035185203,Census Tract 1852.03; Cuyahoga County; Ohio,0.971692864748,3546,421,1318,121,1318,121,450,259,69,52,245,89,61,52,150,110,713,130,518,118,378,113,112,87,7,47,1213,559,0,16,0,12,19,30,43,50,566,30,15.1,8.4,3.7,2.7,18.6,6.5,2.9,2.4,4.2,3.1,20.1,4.2,14.6,2.9,10.7,3.3,8.5,6.6,0.2,1.4,34.2,15.2,0.0,1.2,0.0,2.6,1.4,2.3,3.3,3.8,16.0,2.1,0.3669,0.4429,0.3359,0.1433,0.3561,1.6451,0.2651,0.6687,0.1173,0.2615,0.7102,0.4556,2.2133,0.3825,0.7387,0.7387,0.7387,0.0,0.0,0.6384,0.3346,0.9699,1.9429,0.3949,6.54,0.3479,0,0,0,0,0,0,0,0,0,0,0,0,0,0,0,0,0,0,1,1,1,5816,103,59,817,163,101,61,105,71,11,16,0,12,131,98,48,67,7.8,4.4,23.0,4.4,2.8,1.8,3.0,2.0,0.3,0.5,0.0,1.0,3.7,2.7,1.4,1.9
39,Ohio,OH,39035,Cuyahoga County,39035186103,Census Tract 1861.03; Cuyahoga County; Ohio,2.661759774758,5017,585,2124,247,2002,245,389,185,61,56,395,186,86,44,189,116,1448,287,1005,112,594,241,43,51,9,67,323,807,30,37,0,17,0,24,93,59,32,15,7.8,3.6,2.9,2.6,19.7,9.0,2.3,1.2,3.8,2.4,28.9,4.0,20.0,2.4,11.9,4.4,2.1,2.5,0.2,1.4,6.4,16.1,1.4,1.7,0.0,1.6,0.0,1.2,4.6,2.9,0.6,0.3,0.1444,0.327,0.3844,0.1068,0.3113,1.2739,0.1635,0.9477,0.3836,0.345,0.1673,0.4556,2.2992,0.4352,0.2134,0.2134,0.2134,0.3663,0.0,0.0,0.4419,0.6059,1.4141,0.2048,5.2006,0.1606,0,0,0,0,0,0,1,0,0,0,0,1,0,0,0,0,0,0,0,0,1,7968,280,178,27,21,159,152,66,96,0,17,0,17,71,87,0,17,14.0,8.3,0.5,0.4,3.2,2.9,1.3,1.9,0.0,0.7,0.0,0.7,1.4,1.7,0.0,0.7
39,Ohio,OH,39035,Cuyahoga County,39035186104,Census Tract 1861.04; Cuyahoga County; Ohio,1.91649063638,2659,312,1205,279,1196,280,244,132,62,40,143,70,126,82,149,128,613,158,491,77,354,222,27,30,15,48,244,451,90,38,0,12,23,33,61,38,0,12,9.2,4.8,4.4,2.8,12.0,5.1,6.1,4.0,5.6,4.8,23.1,4.9,18.5,3.0,13.3,7.6,2.3,2.4,0.6,1.9,9.2,16.9,7.5,2.6,0.0,2.9,1.9,2.7,5.1,3.0,0.0,0.5,0.1853,0.5244,0.0965,0.3897,0.5075,1.7034,0.2806,0.7961,0.2828,0.4361,0.1902,0.6088,2.314,0.4406,0.3269,0.3269,0.3269,0.6343,0.0,0.7219,0.4787,0.0,1.8349,0.3492,6.1792,0.2873,0,0,0,0,0,0,0,0,0,0,0,0,0,0,0,0,0,0,0,0,0,1250,73,58,19,22,67,62,95,74,0,12,0,12,63,62,0,12,6.1,4.8,0.7,0.8,2.5,2.4,3.6,2.8,0.0,1.3,0.0,1.3,2.4,2.4,0.0,1.3
39,Ohio,OH,39035,Cuyahoga County,39035186105,Census Tract 1861.05; Cuyahoga County; Ohio,1.32904609593,3669,493,1682,219,1655,227,134,71,22,21,242,86,71,34,34,26,1030,167,622,170,394,127,45,47,7,48,295,707,7,16,0,12,7,16,128,121,45,2,3.7,1.9,1.2,1.1,14.6,4.8,2.4,1.2,0.9,0.7,28.1,5.0,17.0,3.8,10.9,3.2,2.7,2.8,0.2,1.4,8.0,19.2,0.4,0.9,0.0,2.1,0.4,1.0,7.7,7.1,1.2,0.2,0.0378,0.0898,0.1762,0.1135,0.0349,0.4522,0.0159,0.9379,0.2067,0.2752,0.2298,0.4556,2.1052,0.3241,0.2825,0.2825,0.2825,0.2743,0.0,0.4206,0.634,0.6814,2.0103,0.421,4.8502,0.127,0,0,0,0,0,0,1,0,0,0,0,1,0,0,0,0,0,0,0,0,1,1714,146,109,62,77,83,59,46,67,0,12,0,12,93,93,11,15,8.8,6.3,1.7,2.2,2.3,1.6,1.3,1.8,0.0,0.9,0.0,0.9,2.5,2.5,0.3,0.4
39,Ohio,OH,39035,Cuyahoga County,39035186106,Census Tract 1861.06; Cuyahoga County; Ohio,2.225813937068,4711,439,2604,272,2441,273,1289,449,163,140,700,224,321,169,123,92,1106,292,669,143,869,308,31,37,112,118,1506,679,1693,318,0,12,100,73,257,106,140,7,28.1,9.4,5.8,4.9,28.7,8.6,8.7,4.7,2.7,2.0,23.5,5.7,14.2,2.9,19.0,6.4,1.3,1.5,2.5,2.6,32.0,14.1,65.0,10.2,0.0,1.3,4.1,3.0,10.5,4.3,3.0,0.3,0.6814,0.6432,0.6987,0.5574,0.1888,2.7695,0.593,0.8171,0.1091,0.7639,0.1022,0.8703,2.6626,0.66,0.7226,0.7226,0.7226,0.987,0.0,0.9006,0.7343,0.8291,3.451,0.9289,9.6057,0.8048,0,0,0,0,0,0,0,0,0,0,0,0,0,0,1,0,1,0,0,2,2,7349,253,113,649,416,222,131,524,351,0,12,0,12,111,87,0,12,10.4,4.8,13.8,8.7,4.7,2.8,11.1,7.5,0.0,0.7,0.0,0.7,2.4,1.9,0.0,0.7
39,Ohio,OH,39035,Cuyahoga County,39035186107,Census Tract 1861.07; Cuyahoga County; Ohio,4.08670434104,6640,702,2680,235,2624,221,236,127,77,56,376,148,226,156,259,169,1682,314,1142,175,688,248,79,74,49,87,752,878,18,32,0,17,0,24,47,44,10,2,3.6,1.9,1.9,1.5,14.3,5.5,4.5,3.0,3.9,2.5,25.3,5.0,17.2,2.2,10.4,3.3,3.1,2.8,0.8,1.4,11.3,13.2,0.7,1.2,0.0,1.3,0.0,0.9,1.8,1.6,0.2,0.0,0.0355,0.1787,0.1641,0.267,0.3224,0.9677,0.0917,0.8773,0.2153,0.2396,0.2733,0.6636,2.2691,0.4175,0.3989,0.3989,0.3989,0.2994,0.0,0.0,0.1933,0.4356,0.9283,0.0975,4.564,0.1003,0,0,0,0,0,0,0,0,0,0,0,0,0,0,0,0,0,0,0,0,0,5539,87,77,2,4,68,69,441,486,0,17,0,17,157,141,84,96,3.3,2.9,0.0,0.1,1.0,1.1,6.6,6.9,0.0,0.5,0.0,0.5,2.4,2.1,1.3,1.5
39,Ohio,OH,39035,Cuyahoga County,39035186201,Census Tract 1862.01; Cuyahoga County; Ohio,2.180056989048,5652,549,2340,168,2279,191,485,254,62,63,644,209,178,139,82,90,1432,275,1203,216,686,198,52,63,37,87,1147,816,479,159,0,17,22,41,259,143,168,5,8.8,4.5,2.3,2.3,28.3,8.9,4.3,3.3,1.5,1.6,25.3,5.3,21.3,2.7,12.5,3.7,2.3,2.8,0.7,1.8,20.3,14.3,20.4,6.6,0.0,1.5,1.0,1.8,11.4,5.9,3.0,0.3,0.173,0.2384,0.6857,0.2508,0.072,1.4199,0.2041,0.8773,0.4743,0.3846,0.1902,0.6367,2.5631,0.5984,0.5942,0.5942,0.5942,0.8514,0.0,0.5676,0.7651,0.8291,3.0132,0.8343,7.5904,0.5149,0,0,0,0,0,0,0,0,0,0,0,0,0,0,0,0,0,0,0,0,0,7719,443,214,71,85,179,212,815,532,0,17,0,17,82,95,0,17,19.4,8.7,1.3,1.5,3.2,3.7,14.4,9.1,0.0,0.6,0.0,0.6,1.5,1.7,0.0,0.6
39,Ohio,OH,39035,Cuyahoga County,39035186202,Census Tract 1862.02; Cuyahoga County; Ohio,1.463308047104,4294,307,1704,133,1597,130,466,283,128,89,187,79,154,102,137,74,1035,203,951,111,361,108,18,21,22,50,364,486,137,72,0,12,20,33,40,36,34,12,10.9,6.6,6.1,4.1,11.7,4.9,5.0,3.5,3.2,1.7,24.1,3.8,22.1,2.2,8.4,2.5,1.1,1.3,0.5,1.2,8.5,11.3,8.0,4.2,0.0,2.0,1.3,2.1,2.5,2.2,0.8,0.3,0.2374,0.6648,0.0895,0.3041,0.2491,1.5449,0.2356,0.8367,0.5247,0.1311,0.0829,0.5796,2.155,0.3527,0.3009,0.3009,0.3009,0.6502,0.0,0.6181,0.2587,0.6344,2.1614,0.4851,6.1622,0.2838,0,0,0,0,0,0,0,0,0,0,0,0,0,0,0,0,0,0,0,0,0,1838,61,45,151,165,48,42,121,84,21,27,5,8,18,20,0,12,3.8,2.7,3.5,3.9,1.1,1.0,2.8,1.9,0.5,0.6,0.1,0.2,0.4,0.5,0.0,0.8
39,Ohio,OH,39035,Cuyahoga County,39035186203,Census Tract 1862.03; Cuyahoga County; Ohio,3.052768745076,3660,390,1478,182,1478,182,89,52,43,34,117,67,43,34,74,61,939,182,747,164,243,72,51,48,38,72,566,557,0,16,0,12,13,22,10,16,0,12,2.4,1.4,2.2,1.7,7.9,4.4,1.5,1.3,2.0,1.7,25.7,5.1,20.4,3.2,6.6,2.1,3.4,3.2,1.1,2.1,15.5,15.1,0.0,1.1,0.0,2.3,0.9,1.5,0.7,1.1,0.0,0.3,0.0175,0.2238,0.0206,0.058,0.1209,0.4408,0.0149,0.8884,0.4134,0.0584,0.3089,0.7254,2.3945,0.4924,0.5054,0.5054,0.5054,0.0,0.0,0.5384,0.0762,0.0,0.6146,0.0498,3.9553,0.0502,0,0,0,0,0,0,0,0,0,0,0,0,0,0,0,0,0,0,0,0,0,2229,99,56,0,12,356,246,185,133,0,12,0,12,25,23,0,12,6.7,3.9,0.0,1.0,9.7,6.5,5.1,3.5,0.0,1.0,0.0,1.0,0.7,0.6,0.0,1.0
39,Ohio,OH,39035,Cuyahoga County,39035186205,Census Tract 1862.05; Cuyahoga County; Ohio,1.83313121458,5548,496,2145,196,2075,213,192,164,79,90,231,97,101,114,132,74,979,191,1281,211,500,191,49,43,70,126,597,696,56,43,0,17,0,24,71,114,0,17,3.5,2.9,2.5,2.8,11.1,4.5,2.6,2.9,2.4,1.3,17.6,3.4,23.1,2.9,9.0,3.3,2.3,2.1,1.3,2.4,10.8,12.5,2.6,2.0,0.0,1.6,0.0,1.2,3.4,5.3,0.0,0.3,0.0336,0.2657,0.0705,0.1243,0.1568,0.6509,0.041,0.5044,0.5948,0.1593,0.1902,0.7565,2.2052,0.379,0.3824,0.3824,0.3824,0.446,0.0,0.0,0.3438,0.0,0.7898,0.0746,4.0283,0.0568,0,0,0,0,0,0,0,0,0,0,0,0,0,0,0,0,0,0,0,0,0,6090,105,121,128,120,148,152,153,116,0,17,0,17,168,165,0,17,5.1,5.5,2.3,2.2,2.7,2.7,2.8,2.1,0.0,0.6,0.0,0.6,3.0,2.9,0.0,0.6
39,Ohio,OH,39035,Cuyahoga County,39035186206,Census Tract 1862.06; Cuyahoga County; Ohio,3.8725837549,4315,579,1512,121,1438,135,397,374,35,31,208,90,124,80,273,351,655,150,1190,378,226,81,32,30,33,69,590,818,11,22,0,12,0,16,108,69,0,12,9.2,8.6,1.8,1.6,14.5,6.1,4.5,2.9,6.3,8.0,15.2,3.6,27.6,6.2,5.2,1.9,2.3,2.1,0.8,1.7,13.7,18.9,0.7,1.5,0.0,2.3,0.0,1.1,7.5,4.8,0.0,0.3,0.1853,0.1654,0.1721,0.267,0.5763,1.3661,0.1886,0.3523,0.8408,0.0305,0.1902,0.6636,2.0774,0.3121,0.4642,0.4642,0.4642,0.2994,0.0,0.0,0.6238,0.0,0.9232,0.0952,4.8309,0.126,0,0,0,0,0,0,0,0,0,0,0,0,0,0,0,0,0,0,0,0,0,6280,118,61,17,38,73,72,378,96,9,14,0,12,66,73,47,61,8.2,4.3,0.4,0.9,1.7,1.7,8.8,2.4,0.2,0.3,0.0,0.8,1.5,1.7,1.1,1.4
39,Ohio,OH,39035,Cuyahoga County,39035187103,Census Tract 1871.03; Cuyahoga County; Ohio,0.361504213784,3015,428,1358,149,1279,138,617,352,188,170,313,119,40,40,5,10,493,144,555,186,337,216,86,67,26,60,1796,510,0,16,0,12,0,16,25,30,15,4,20.5,11.3,10.0,8.8,24.5,8.9,1.8,2.0,0.2,0.3,16.4,3.6,18.4,4.9,11.2,6.4,6.8,5.2,0.9,2.1,59.6,14.6,0.0,1.2,0.0,2.5,0.0,1.3,2.0,2.4,0.5,0.1,0.5176,0.8435,0.5597,0.0758,0.0073,2.0039,0.3679,0.4255,0.279,0.2964,0.6051,0.6855,2.2915,0.4302,0.8614,0.8614,0.8614,0.0,0.0,0.0,0.2127,0.5742,0.7869,0.0733,5.9437,0.2521,0,0,0,0,0,0,0,0,0,0,0,0,0,0,0,0,0,0,0,0,0,1966,114,78,1716,390,59,68,14,34,0,12,0,12,0,12,7,10,8.9,6.1,56.9,8.6,2.0,2.3,0.5,1.1,0.0,1.2,0.0,1.2,0.0,1.2,0.2,0.3
39,Ohio,OH,39035,Cuyahoga County,39035187104,Census Tract 1871.04; Cuyahoga County; Ohio,0.451883356046,3161,229,1435,147,1360,136,302,130,67,47,421,168,37,29,89,65,329,57,653,81,301,102,65,44,0,48,916,308,65,47,10,17,0,16,43,42,2,2,9.6,4.1,3.6,2.5,31.0,12.0,1.7,1.3,2.8,2.1,10.4,1.7,20.7,2.5,9.5,3.2,4.8,3.2,0.0,1.7,29.0,9.5,4.5,3.2,0.7,1.2,0.0,1.2,3.2,3.1,0.1,0.1,0.1939,0.4308,0.7511,0.0694,0.1996,1.6448,0.2648,0.1373,0.4315,0.1872,0.4565,0.0,1.2125,0.0413,0.6963,0.6963,0.6963,0.5397,0.6003,0.0,0.3248,0.3694,1.8342,0.3489,5.3878,0.1775,0,0,0,0,0,0,0,0,0,0,0,0,0,0,0,0,0,0,0,0,0,1140,47,36,695,168,73,58,24,36,3,5,0,12,111,79,10,17,3.5,2.6,22.0,4.8,2.3,1.9,0.8,1.1,0.1,0.1,0.0,1.1,3.5,2.5,0.3,0.6
39,Ohio,OH,39035,Cuyahoga County,39035187105,Census Tract 1871.05; Cuyahoga County; Ohio,0.48059467297,3086,275,1005,148,953,144,627,237,113,68,323,159,105,123,93,61,383,142,361,84,389,149,16,15,158,138,535,408,147,67,0,12,0,16,216,144,954,71,29.2,10.4,6.4,3.4,33.9,15.9,7.8,8.5,3.0,2.0,12.4,4.5,11.7,2.5,12.6,4.9,1.7,1.6,5.3,4.6,17.3,13.1,14.6,6.3,0.0,3.4,0.0,1.7,22.7,12.9,30.9,3.6,0.6979,0.6835,0.8067,0.5003,0.2291,2.9175,0.6324,0.2118,0.0596,0.3897,0.1337,0.9569,1.7517,0.161,0.5438,0.5438,0.5438,0.7737,0.0,0.0,0.9244,0.9838,2.6819,0.7137,7.8949,0.566,0,0,0,0,0,0,0,0,0,0,1,1,0,0,0,0,0,1,1,2,3,7549,178,143,268,126,64,42,141,74,0,12,0,12,62,49,0,12,18.7,13.1,8.7,4.1,2.1,1.4,4.6,2.5,0.0,1.1,0.0,1.1,2.0,1.6,0.0,1.1
39,Ohio,OH,39035,Cuyahoga County,39035187106,Census Tract 1871.06; Cuyahoga County; Ohio,0.532346626744,4387,343,1326,90,1259,97,650,306,51,41,346,122,31,28,84,66,461,81,1454,229,185,75,29,46,7,49,739,508,352,89,0,12,28,33,0,12,471,22,16.5,7.6,2.4,2.0,27.5,9.5,1.5,1.3,1.9,1.5,10.5,1.8,33.1,3.7,4.2,1.7,2.3,3.6,0.2,1.3,16.8,11.5,26.6,6.5,0.0,2.6,2.2,2.6,0.0,2.7,10.7,1.0,0.4078,0.2514,0.6663,0.058,0.1104,1.4939,0.226,0.1424,0.9588,0.0108,0.1902,0.4556,1.7578,0.1629,0.5311,0.5311,0.5311,0.8968,0.0,0.7575,0.0,0.9566,2.6109,0.6822,6.3937,0.3225,0,0,0,0,0,0,0,1,0,0,0,1,0,0,0,0,0,0,1,1,2,3200,15,19,443,188,96,69,90,65,0,12,0,12,97,73,13,22,1.2,1.5,10.1,4.2,2.2,1.6,2.1,1.5,0.0,0.8,0.0,0.8,2.2,1.7,0.3,0.5
39,Ohio,OH,39035,Cuyahoga County,39035188103,Census Tract 1881.03; Cuyahoga County; Ohio,0.562910461064,3243,509,1304,195,1212,171,1205,670,172,99,248,111,97,57,15,23,619,214,1129,365,248,111,139,100,54,78,3178,512,0,16,0,12,0,16,124,75,32,5,37.4,20.0,13.6,6.9,20.5,8.7,5.1,3.0,0.5,0.7,19.1,5.8,34.8,7.8,7.7,3.1,11.4,8.1,1.8,2.6,98.0,3.6,0.0,1.2,0.0,2.6,0.0,1.3,10.2,6.0,1.0,0.2,0.8045,0.9143,0.4171,0.3098,0.0152,2.4609,0.4962,0.6062,0.9759,0.0981,0.8219,0.8183,3.3204,0.9133,0.9892,0.9892,0.9892,0.0,0.0,0.0,0.726,0.6595,1.3855,0.1978,8.156,0.6092,0,1,0,0,0,1,0,1,0,0,0,1,1,1,0,0,0,0,0,0,3,2662,156,97,3082,521,69,106,0,12,0,12,0,12,27,26,0,12,12.9,7.5,95.0,3.9,2.1,3.2,0.0,1.1,0.0,1.1,0.0,1.1,0.8,0.8,0.0,1.1
39,Ohio,OH,39035,Cuyahoga County,39035188106,Census Tract 1881.06; Cuyahoga County; Ohio,0.423499453618,2533,674,1131,164,1092,170,720,299,83,135,494,187,138,90,70,46,538,161,745,336,360,192,163,98,0,48,2448,676,188,94,0,12,26,37,73,53,39,4,28.6,9.1,6.4,9.0,45.2,15.6,8.0,5.2,2.8,2.0,21.2,3.9,29.4,7.0,14.3,6.0,14.9,8.7,0.0,2.1,96.6,7.2,16.6,8.0,0.0,3.0,2.4,3.4,6.7,4.9,1.5,0.4,0.6871,0.6835,0.9441,0.5133,0.1996,3.0276,0.6708,0.7213,0.8963,0.5033,0.899,0.0,3.0199,0.8311,0.9835,0.9835,0.9835,0.8073,0.0,0.7787,0.5816,0.7146,2.8822,0.7892,9.9132,0.8378,0,0,1,0,0,1,0,0,0,0,0,0,1,1,0,0,0,0,0,0,2,1830,184,157,2246,647,15,25,0,12,0,12,0,12,187,186,0,12,16.8,12.4,88.7,8.2,0.6,1.0,0.0,1.4,0.0,1.4,0.0,1.4,7.4,7.1,0.0,1.4
39,Ohio,OH,39035,Cuyahoga County,39035188107,Census Tract 1881.07; Cuyahoga County; Ohio,1.00478412276,2660,685,1445,195,1206,217,934,350,268,195,519,204,166,122,88,70,333,132,823,510,220,112,310,202,0,48,2563,689,974,276,0,12,16,28,136,106,0,12,35.1,9.6,19.7,12.9,43.0,15.0,10.6,8.3,3.3,2.8,12.5,5.6,30.9,12.7,8.3,4.9,25.7,16.1,0.0,2.0,96.4,7.4,67.4,16.8,0.0,2.4,1.3,2.3,11.3,9.3,0.0,0.5,0.782,0.973,0.926,0.6671,0.2634,3.6115,0.8048,0.2166,0.9356,0.1257,0.9803,0.0,2.2582,0.4092,0.9822,0.9822,0.9822,0.9886,0.0,0.6181,0.7622,0.0,2.3689,0.5784,9.2208,0.7537,0,1,1,0,0,2,0,1,0,1,0,2,1,1,1,0,0,0,0,1,6,5965,136,83,2524,689,0,12,8,37,0,12,0,12,31,33,0,12,11.3,6.8,94.9,4.0,0.0,1.3,0.3,1.4,0.0,1.3,0.0,1.3,1.2,1.3,0.0,1.3
39,Ohio,OH,39035,Cuyahoga County,39035189105,Census Tract 1891.05; Cuyahoga County; Ohio,2.58023858458,3793,334,1684,162,1655,164,487,201,24,22,362,108,106,92,44,32,898,131,719,129,413,178,116,72,10,48,550,473,340,133,0,12,0,16,10,17,21,4,12.9,5.2,1.2,1.1,21.9,6.2,3.9,3.3,1.2,0.8,23.7,3.5,19.0,3.2,10.9,4.5,7.0,4.3,0.3,1.4,14.5,12.4,20.2,7.7,0.0,2.1,0.0,1.0,0.6,1.0,0.6,0.1,0.3005,0.0898,0.4702,0.2191,0.0511,1.1307,0.1295,0.824,0.3183,0.2752,0.62,0.4968,2.5343,0.581,0.4816,0.4816,0.4816,0.8495,0.0,0.0,0.0616,0.6059,1.517,0.2359,5.6636,0.2102,0,0,0,0,0,0,0,0,0,0,0,0,0,0,0,0,0,0,0,0,0,9442,144,65,45,34,49,33,179,111,0,12,0,12,259,114,18,30,8.7,4.0,1.2,0.9,1.3,0.9,4.7,2.8,0.0,0.9,0.0,0.9,6.8,3.0,0.5,0.8
39,Ohio,OH,39035,Cuyahoga County,39035189107,Census Tract 1891.07; Cuyahoga County; Ohio,2.23002476548,4761,559,2207,182,2083,227,497,256,39,38,454,166,30,33,110,148,1242,297,852,247,774,272,45,38,22,54,262,773,261,117,0,12,0,16,34,40,137,9,10.7,5.4,1.7,1.6,21.8,7.6,0.9,1.0,2.4,3.1,26.1,6.7,17.9,3.7,16.7,5.6,2.2,1.8,0.5,1.2,5.5,16.2,11.8,5.2,0.0,1.6,0.0,0.8,1.6,1.9,2.9,0.4,0.2307,0.1492,0.4657,0.0289,0.1568,1.0313,0.1067,0.9001,0.2495,0.6493,0.1762,0.5796,2.5547,0.593,0.1737,0.1737,0.1737,0.7267,0.0,0.0,0.1724,0.8224,1.7215,0.3054,5.4812,0.1876,0,0,0,0,0,0,1,0,0,0,0,1,0,0,0,0,0,0,0,0,1,6885,110,74,44,48,56,63,135,114,0,12,0,12,27,39,0,12,5.3,3.5,0.9,1.0,1.2,1.3,2.8,2.4,0.0,0.7,0.0,0.7,0.6,0.8,0.0,0.7
39,Ohio,OH,39035,Cuyahoga County,39035189108,Census Tract 1891.08; Cuyahoga County; Ohio,2.804811724064,4989,760,2112,184,1972,204,263,122,29,31,406,150,242,113,81,86,1489,167,1074,418,655,150,48,42,122,94,879,1102,416,113,0,12,0,16,275,96,281,10,5.5,2.4,1.4,1.5,20.6,7.3,6.4,2.7,1.7,1.6,29.8,4.4,21.5,5.4,13.7,3.8,2.4,2.1,2.6,1.9,17.6,21.9,19.7,5.1,0.0,1.6,0.0,0.8,13.9,4.8,5.6,0.9,0.0752,0.1117,0.4213,0.4112,0.092,1.1114,0.1251,0.9585,0.4848,0.4589,0.201,0.877,2.9802,0.8127,0.5491,0.5491,0.5491,0.8406,0.0,0.0,0.8184,0.9188,2.5778,0.6676,7.2185,0.4556,0,0,0,0,0,0,1,0,0,0,0,1,0,0,0,0,0,0,1,1,2,6859,225,92,80,56,95,91,589,216,2,4,0,12,113,78,0,12,11.4,4.6,1.6,1.1,1.9,1.8,11.8,4.8,0.0,0.1,0.0,0.7,2.3,1.6,0.0,0.7
39,Ohio,OH,39035,Cuyahoga County,39035189109,Census Tract 1891.09; Cuyahoga County; Ohio,1.743651303876,3978,591,1752,197,1660,190,513,330,283,242,388,161,122,101,112,82,808,201,763,209,424,116,43,37,125,104,906,797,495,189,8,12,68,74,118,54,19,4,13.0,8.1,13.2,9.6,23.4,9.3,4.2,3.4,2.8,2.1,20.3,5.1,19.2,4.0,10.7,2.4,2.6,2.2,3.3,2.7,22.8,19.7,28.3,10.3,0.5,0.7,4.1,4.4,7.1,3.3,0.5,0.1,0.3043,0.9102,0.52,0.2441,0.1996,2.1782,0.419,0.6804,0.3313,0.2615,0.2187,0.9071,2.399,0.4981,0.6252,0.6252,0.6252,0.9102,0.5717,0.9006,0.6048,0.5742,3.5615,0.9486,8.7639,0.6965,0,1,0,0,0,1,0,0,0,0,1,1,0,0,1,0,1,0,0,2,4,2118,127,78,266,288,380,199,169,159,0,12,0,12,91,83,0,12,7.7,4.4,6.7,7.0,9.6,5.0,4.2,4.0,0.0,0.9,0.0,0.9,2.3,2.1,0.0,0.9
39,Ohio,OH,39035,Cuyahoga County,39035189110,Census Tract 1891.10; Cuyahoga County; Ohio,2.407586897648,4664,541,2505,292,2322,300,180,116,168,140,758,310,233,215,149,145,861,241,778,136,491,269,170,123,34,57,831,749,1066,305,0,12,20,33,86,79,206,28,4.0,2.6,5.9,4.7,32.6,12.7,6.7,6.0,3.3,3.3,18.5,4.7,16.7,2.8,11.0,5.4,7.3,5.2,0.8,1.3,17.8,15.9,42.5,11.1,0.0,1.4,0.9,1.4,3.7,3.4,4.4,0.3,0.0444,0.6492,0.786,0.4293,0.2634,2.1723,0.4171,0.5698,0.1925,0.2815,0.6416,0.6636,2.349,0.4629,0.5539,0.5539,0.5539,0.9562,0.0,0.5384,0.3727,0.8881,2.7554,0.7419,7.8306,0.5546,0,0,0,0,0,0,0,0,0,0,0,0,0,0,1,0,0,0,0,1,1,10718,212,203,212,161,134,108,288,287,0,12,0,12,197,156,0,12,9.1,8.1,4.5,3.4,2.9,2.3,6.2,6.0,0.0,0.7,0.0,0.7,4.2,3.3,0.0,0.7
39,Ohio,OH,39035,Cuyahoga County,39035189111,Census Tract 1891.11; Cuyahoga County; Ohio,2.75253660208,7290,624,3782,246,3199,251,747,353,70,75,854,279,211,123,167,128,1827,261,1425,258,819,244,96,83,42,94,1355,880,1475,292,61,85,46,57,276,154,254,6,10.6,4.9,1.8,1.9,26.7,8.5,3.8,2.2,2.4,1.8,25.1,4.1,19.5,2.6,11.6,3.7,3.0,2.6,0.6,1.4,18.6,12.0,39.0,7.3,1.6,2.3,1.4,1.8,8.6,4.6,3.5,0.3,0.2279,0.1654,0.6425,0.2102,0.1568,1.4028,0.2006,0.8716,0.3535,0.3234,0.2619,0.6088,2.4192,0.5095,0.5669,0.5669,0.5669,0.9514,0.6749,0.6384,0.6727,0.8516,3.789,0.9765,8.1779,0.6146,0,0,0,0,0,0,0,0,0,0,0,0,0,0,1,0,0,0,0,1,1,13864,150,78,189,118,312,314,740,308,7,14,0,17,90,67,17,28,4.7,2.4,2.6,1.6,4.3,4.2,10.2,4.2,0.1,0.2,0.0,0.5,1.2,0.9,0.2,0.4
39,Ohio,OH,39035,Cuyahoga County,39035189112,Census Tract 1891.12; Cuyahoga County; Ohio,1.414132938078,4552,756,1732,245,1646,252,356,274,27,24,127,70,101,71,76,68,879,231,1232,454,450,214,31,26,42,72,456,1092,0,16,0,12,6,16,0,12,17,2,7.8,5.9,1.2,1.1,7.7,4.1,3.3,2.4,1.7,1.5,19.3,5.8,27.1,6.6,9.9,4.9,1.9,1.6,1.0,1.6,10.0,23.9,0.0,0.9,0.0,2.0,0.4,1.0,0.0,2.1,0.4,0.1,0.1444,0.0898,0.0184,0.176,0.092,0.5206,0.0244,0.6208,0.8205,0.2104,0.1517,0.707,2.5104,0.5641,0.3567,0.3567,0.3567,0.0,0.0,0.4206,0.0,0.5374,0.958,0.0997,4.3457,0.0829,0,0,0,0,0,0,0,0,0,0,0,0,0,0,0,0,0,0,0,0,0,2069,71,49,4,7,65,69,170,111,8,12,0,12,209,119,0,12,4.3,3.1,0.1,0.2,1.4,1.6,3.7,2.6,0.2,0.3,0.0,0.8,4.6,2.7,0.0,0.8
39,Ohio,OH,39035,Cuyahoga County,39035190502,Census Tract 1905.02; Cuyahoga County; Ohio,2.668978723852,2109,314,1455,221,1349,208,314,103,2,10,491,131,92,74,125,97,1209,238,100,88,770,180,33,49,0,48,130,439,136,70,778,176,0,16,227,95,92,3,15.6,4.5,0.3,1.4,36.4,7.9,4.6,3.5,6.2,4.8,57.3,6.5,4.7,4.0,38.1,6.0,2.4,3.6,0.0,2.3,6.2,20.8,9.4,4.6,53.5,7.3,0.0,1.2,16.8,6.6,4.4,0.7,0.3811,0.0263,0.8413,0.2724,0.5659,2.087,0.3943,0.9997,0.0174,0.9968,0.201,0.0,2.2149,0.3841,0.201,0.201,0.201,0.6803,0.9987,0.0,0.8644,0.8881,3.4315,0.9257,7.9344,0.5743,0,0,0,0,0,0,1,0,1,0,0,2,0,0,0,1,0,0,0,1,3,2117,419,131,56,76,6,23,28,33,0,12,0,12,40,43,0,12,31.1,8.2,2.7,3.5,0.3,1.1,1.3,1.6,0.0,1.6,0.0,1.6,1.9,2.0,0.0,1.6
39,Ohio,OH,39035,Cuyahoga County,39035190503,Census Tract 1905.03; Cuyahoga County; Ohio,0.676723678114,1779,329,692,113,673,113,171,124,29,28,88,37,49,31,47,28,459,104,369,152,178,83,26,41,7,47,239,447,0,16,0,12,0,16,0,12,5,2,9.6,6.7,3.1,2.9,13.1,5.0,3.8,2.2,2.6,1.5,25.8,4.9,20.7,5.9,10.0,4.3,3.9,6.1,0.4,2.9,13.4,25.0,0.0,2.3,0.0,4.9,0.0,2.4,0.0,5.1,0.3,0.1,0.1939,0.3537,0.1283,0.2102,0.1812,1.0673,0.1156,0.8906,0.4315,0.2174,0.3638,0.5412,2.4445,0.5254,0.4569,0.4569,0.4569,0.0,0.0,0.0,0.0,0.4924,0.4924,0.0346,4.4611,0.0937,0,0,0,0,0,0,0,0,0,0,0,0,0,0,0,0,0,0,0,0,0,757,12,12,11,15,195,125,1,3,0,12,0,12,24,23,8,11,1.8,1.7,0.6,0.8,11.0,6.6,0.1,0.2,0.0,1.9,0.0,1.9,1.3,1.3,0.4,0.6
39,Ohio,OH,39035,Cuyahoga County,39035190505,Census Tract 1905.05; Cuyahoga County; Ohio,3.017652768176,6348,1222,2103,230,2050,236,167,131,37,45,227,134,87,99,317,358,663,265,2291,892,402,211,60,94,0,68,711,1810,121,86,0,17,0,24,28,47,0,17,2.6,2.0,1.1,1.4,11.1,6.4,2.3,2.6,5.0,5.8,10.4,5.0,36.1,8.2,6.3,3.6,2.9,4.6,0.0,1.1,11.2,28.4,5.8,4.0,0.0,1.6,0.0,1.2,1.4,2.3,0.0,0.3,0.0197,0.0803,0.0705,0.1068,0.4487,0.726,0.0502,0.1373,0.9826,0.0508,0.2473,0.0,1.418,0.0711,0.3944,0.3944,0.3944,0.5806,0.0,0.0,0.1476,0.0,0.7282,0.0616,3.2666,0.0171,0,0,0,0,0,0,0,1,0,0,0,1,0,0,0,0,0,0,0,0,1,2024,41,46,37,61,315,398,90,123,0,17,0,17,269,310,0,17,2.0,2.2,0.6,1.0,5.0,6.4,1.4,2.0,0.0,0.5,0.0,0.5,4.2,5.1,0.0,0.5
39,Ohio,OH,39035,Cuyahoga County,39035190506,Census Tract 1905.06; Cuyahoga County; Ohio,3.684560189042,5457,790,2230,305,2230,305,659,437,81,78,390,195,129,108,233,170,905,321,1589,378,785,259,165,163,60,117,935,1103,122,80,127,85,0,24,184,163,0,17,12.1,7.8,2.9,2.8,17.5,8.4,3.7,3.0,4.3,3.2,16.6,5.6,29.1,4.6,14.4,4.6,7.4,7.2,1.2,2.2,17.1,20.1,5.5,3.5,5.7,3.8,0.0,1.1,8.3,7.1,0.0,0.3,0.2742,0.327,0.2905,0.2039,0.3659,1.4615,0.2143,0.4379,0.8906,0.5119,0.647,0.7403,3.2277,0.8937,0.5387,0.5387,0.5387,0.5733,0.7994,0.0,0.6606,0.0,2.0333,0.4327,7.2612,0.4641,0,0,0,0,0,0,0,0,0,0,0,0,0,0,0,0,0,0,0,0,0,5382,215,134,120,126,608,402,181,198,0,17,0,17,26,42,0,17,9.6,5.5,2.2,2.3,11.1,7.0,3.3,3.6,0.0,0.6,0.0,0.6,0.5,0.8,0.0,0.6
39,Ohio,OH,39035,Cuyahoga County,39035192300,Census Tract 1923; Cuyahoga County; Ohio,1.792386642724,1500,148,588,52,575,51,115,40,11,9,64,24,39,13,23,15,284,51,379,83,167,37,24,20,10,45,114,214,0,16,0,12,1,12,9,9,9,11,7.7,2.6,1.4,1.2,11.1,4.1,3.7,1.3,1.5,1.1,18.9,3.3,25.3,4.0,11.1,2.6,4.2,3.5,0.7,3.2,7.6,14.2,0.0,2.7,0.0,5.8,0.2,2.1,1.6,1.5,0.6,0.7,0.1412,0.1117,0.0705,0.2039,0.072,0.5993,0.0333,0.5973,0.7276,0.2882,0.394,0.6367,2.6438,0.6492,0.2609,0.2609,0.2609,0.0,0.0,0.3905,0.1724,0.6059,1.1688,0.1378,4.6728,0.1105,0,0,0,0,0,0,0,0,0,0,0,0,0,0,0,0,0,0,0,0,0,4786,46,19,33,30,36,29,28,35,0,12,0,12,17,18,0,12,8.0,3.1,2.2,2.0,2.4,1.9,1.9,2.3,0.0,2.3,0.0,2.3,1.1,1.2,0.0,2.3
39,Ohio,OH,39035,Cuyahoga County,39035192800,Census Tract 1928; Cuyahoga County; Ohio,1.03320316047,1422,179,816,96,689,89,66,20,11,17,125,35,10,7,100,115,554,105,100,33,210,61,5,13,0,48,459,213,311,86,3,4,0,16,18,21,12,2,4.6,1.3,1.4,2.1,18.1,4.5,0.8,0.5,7.0,7.6,39.0,7.2,7.0,2.5,14.8,4.1,0.7,1.9,0.0,3.5,32.3,14.4,38.1,9.5,0.4,0.5,0.0,2.3,2.6,3.0,0.8,0.1,0.0568,0.1117,0.3175,0.0241,0.636,1.1461,0.1337,0.9937,0.026,0.536,0.0546,0.0,1.6103,0.1159,0.7254,0.7254,0.7254,0.9492,0.5625,0.0,0.267,0.6344,2.4131,0.5978,5.8949,0.2463,0,0,0,0,0,0,1,0,0,0,0,1,0,0,1,0,0,0,0,1,2,661,45,35,235,75,41,33,49,31,0,12,0,12,126,94,8,9,6.5,4.9,16.5,5.0,2.9,2.3,3.4,2.2,0.0,2.4,0.0,2.4,8.9,6.0,0.6,0.6
39,Ohio,OH,39035,Cuyahoga County,39035192900,Census Tract 1929; Cuyahoga County; Ohio,5.432523480054,1912,252,808,140,777,140,117,48,73,60,177,118,33,16,48,23,516,132,293,37,249,129,44,22,6,45,171,330,0,16,0,12,4,13,8,6,0,12,6.1,2.4,7.6,5.6,22.8,14.6,2.3,1.1,2.5,1.1,27.0,5.4,15.3,2.0,13.0,5.9,5.7,2.6,0.3,2.4,8.9,17.2,0.0,2.0,0.0,4.2,0.5,1.7,1.0,0.8,0.0,0.6,0.0882,0.7527,0.5,0.1068,0.1692,1.6169,0.2584,0.9185,0.1392,0.4129,0.5317,0.4968,2.4991,0.5568,0.3145,0.3145,0.3145,0.0,0.0,0.4413,0.1067,0.0,0.548,0.0419,4.9785,0.139,0,0,0,0,0,0,1,0,0,0,0,1,0,0,0,0,0,0,0,0,1,13767,170,120,0,12,13,11,9,11,0,12,0,12,145,126,4,5,21.9,12.2,0.0,1.8,0.7,0.6,0.5,0.6,0.0,1.8,0.0,1.8,7.6,6.1,0.2,0.3
39,Ohio,OH,39035,Cuyahoga County,39035194100,Census Tract 1941; Cuyahoga County; Ohio,6.752973014954,2140,318,937,145,903,154,206,113,95,34,148,56,91,37,81,83,568,50,214,61,254,68,16,21,0,48,327,458,0,16,0,12,0,16,6,10,105,3,10.2,5.4,7.9,3.4,16.4,5.5,4.9,2.2,4.0,4.1,26.5,4.1,10.0,3.1,12.4,3.9,1.7,2.3,0.0,2.3,15.3,21.3,0.0,1.7,0.0,3.7,0.0,1.8,0.7,1.2,4.9,0.7,0.2123,0.7667,0.2451,0.2955,0.3377,1.8573,0.3235,0.9109,0.0438,0.3802,0.1337,0.0,1.4686,0.0816,0.5013,0.5013,0.5013,0.0,0.0,0.0,0.0762,0.9036,0.9798,0.1032,4.807,0.1248,0,0,0,0,0,0,1,0,0,0,0,1,0,0,0,0,0,0,1,1,2,3471,101,41,263,137,21,37,0,12,0,12,0,12,43,48,0,12,11.2,4.8,12.3,6.4,1.0,1.7,0.0,1.6,0.0,1.6,0.0,1.6,2.0,2.3,0.0,1.6
39,Ohio,OH,39035,Cuyahoga County,39035194300,Census Tract 1943; Cuyahoga County; Ohio,3.938254685774,3344,18,1461,107,1385,83,315,203,161,156,277,103,74,57,57,43,786,167,629,129,351,151,45,32,64,85,183,84,50,55,0,12,24,36,35,31,32,6,9.4,6.1,8.2,7.2,20.0,7.3,3.0,2.3,1.7,1.3,23.5,5.0,18.8,3.9,10.5,4.5,3.3,2.3,2.0,2.6,5.5,2.5,3.4,3.8,0.0,2.4,1.7,2.6,2.5,2.2,1.0,0.2,0.1898,0.7806,0.3937,0.1512,0.092,1.6073,0.2552,0.8171,0.3015,0.2453,0.2943,0.8348,2.493,0.5543,0.1737,0.1737,0.1737,0.4895,0.0,0.6917,0.2587,0.6595,2.0994,0.46,6.3734,0.319,0,0,0,0,0,0,0,0,0,0,0,0,0,0,0,0,0,0,0,0,0,18427,82,47,99,63,16,19,52,49,0,12,0,12,16,18,0,12,5.9,3.3,3.0,1.9,0.5,0.6,1.6,1.5,0.0,1.0,0.0,1.0,0.5,0.5,0.0,1.0
39,Ohio,OH,39035,Cuyahoga County,39035194500,Census Tract 1945; Cuyahoga County; Ohio,8.981860323942,2158,373,849,55,779,62,141,74,49,36,70,37,25,20,41,32,654,91,479,151,162,66,16,14,4,47,235,535,0,16,7,11,0,16,15,14,26,20,6.5,3.2,4.6,3.5,9.0,4.7,1.6,1.3,1.9,1.5,30.3,3.9,22.2,3.9,7.5,3.4,2.1,1.8,0.2,2.3,10.9,24.7,0.0,1.9,0.8,1.3,0.0,2.1,1.9,1.7,1.2,0.9,0.1028,0.5451,0.0324,0.0647,0.1104,0.8554,0.0733,0.9613,0.5336,0.0898,0.1673,0.4556,2.2076,0.38,0.3855,0.3855,0.3855,0.0,0.6095,0.0,0.2029,0.6814,1.4938,0.2292,4.9423,0.1349,0,0,0,0,0,0,1,0,0,0,0,1,0,0,0,0,0,0,0,0,1,2928,37,26,2,20,53,55,96,68,0,12,0,12,60,56,24,21,4.7,3.3,0.1,0.9,2.5,2.5,4.4,3.2,0.0,1.6,0.0,1.6,2.8,2.6,1.1,1.0
39,Ohio,OH,39035,Cuyahoga County,39035195600,Census Tract 1956; Cuyahoga County; Ohio,1.735733896264,4842,484,2605,373,2493,377,1030,402,38,43,794,384,170,106,156,138,1096,330,856,274,658,260,60,72,32,74,4289,515,657,324,26,46,0,16,87,77,0,12,21.3,8.0,1.7,1.9,31.8,14.6,4.7,2.9,3.2,2.8,22.6,6.6,17.7,4.9,13.6,5.4,2.4,2.9,0.7,1.5,88.6,5.9,25.2,11.9,1.0,1.8,0.0,0.6,3.5,3.2,0.0,0.2,0.5376,0.1492,0.7686,0.2815,0.2491,1.986,0.3616,0.7771,0.2419,0.4532,0.201,0.6367,2.3099,0.4397,0.955,0.955,0.955,0.8876,0.6295,0.0,0.3537,0.0,1.8708,0.3648,7.1217,0.4429,0,0,0,0,0,0,0,0,0,0,0,0,1,1,0,0,0,0,0,0,1,2167,295,167,3585,419,439,352,0,12,0,12,0,12,265,334,0,12,11.8,6.9,74.0,8.1,9.1,6.9,0.0,0.7,0.0,0.7,0.0,0.7,5.5,6.8,0.0,0.7
39,Ohio,OH,39035,Cuyahoga County,39035195700,Census Tract 1957; Cuyahoga County; Ohio,6.221236043268,4400,181,1746,146,1627,146,951,309,106,64,403,131,276,99,89,56,1415,209,818,204,633,166,22,22,18,54,2333,389,223,100,117,38,47,55,146,72,296,5,23.0,7.4,5.6,3.4,24.8,7.7,8.3,2.7,2.2,1.3,32.2,5.0,18.6,4.3,15.3,3.9,1.4,1.3,0.4,1.3,53.0,8.6,12.8,5.6,6.7,2.2,2.9,3.4,9.0,4.2,6.7,0.3,0.5824,0.6276,0.5717,0.5365,0.1396,2.4578,0.4952,0.9756,0.2892,0.5646,0.1086,0.5412,2.4792,0.5441,0.8393,0.8393,0.8393,0.7457,0.8219,0.8349,0.6873,0.9328,4.0226,0.9911,9.7989,0.8263,0,0,0,0,0,0,1,0,0,0,0,1,0,0,0,0,0,0,1,1,2,9364,294,107,1819,328,25,33,147,82,0,12,0,12,339,147,3,5,18.1,5.8,41.3,7.0,0.6,0.7,3.3,1.8,0.0,0.8,0.0,0.8,7.7,3.3,0.1,0.1
39,Ohio,OH,39035,Cuyahoga County,39035195800,Census Tract 1958; Cuyahoga County; Ohio,5.36010155571,3788,405,1562,176,1436,178,71,48,7,10,111,47,12,14,37,35,852,175,851,89,122,47,58,46,22,47,894,598,0,16,0,12,0,16,9,14,0,12,1.9,1.3,0.4,0.5,7.7,3.1,0.4,0.5,1.0,0.9,22.5,3.6,22.5,2.9,3.2,1.3,4.1,3.2,0.6,1.3,23.6,15.6,0.0,1.0,0.0,2.2,0.0,1.1,0.6,1.0,0.0,0.3,0.0121,0.0289,0.0184,0.0149,0.0394,0.1137,0.0006,0.7717,0.5526,0.0029,0.3844,0.6088,2.3204,0.4441,0.637,0.637,0.637,0.0,0.0,0.0,0.0616,0.0,0.0616,0.0092,3.1327,0.0146,0,0,0,0,0,0,0,0,0,0,0,0,0,0,0,0,0,0,0,0,0,1866,44,33,453,243,79,81,240,116,2,5,21,31,66,57,33,50,3.1,2.3,12.0,6.5,2.1,2.1,6.3,3.1,0.1,0.1,0.6,0.8,1.7,1.5,0.9,1.3
39,Ohio,OH,39035,Cuyahoga County,39035195900,Census Tract 1959; Cuyahoga County; Ohio,2.575672542328,4282,27,2045,130,1949,110,269,116,76,55,450,120,47,47,100,51,1001,245,943,107,478,287,95,80,25,61,431,183,239,73,0,12,0,16,131,73,51,2,6.4,2.7,3.5,2.4,23.1,6.0,1.5,1.5,2.4,1.2,23.4,5.7,22.0,2.5,11.3,6.8,4.9,4.1,0.6,1.5,10.1,4.3,11.7,3.5,0.0,1.7,0.0,0.8,6.7,3.6,1.2,0.0,0.0984,0.4156,0.5111,0.058,0.1568,1.2399,0.1546,0.8107,0.5171,0.3028,0.4644,0.6088,2.7038,0.6835,0.3592,0.3592,0.3592,0.7244,0.0,0.0,0.5816,0.6814,1.9874,0.4114,6.2903,0.3041,0,0,0,0,0,0,0,0,0,0,0,0,0,0,0,0,0,0,0,0,0,5661,163,76,133,133,59,56,83,89,0,12,0,12,141,76,15,22,8.4,3.8,3.1,3.1,1.4,1.3,1.9,2.1,0.0,0.8,0.0,0.8,3.3,1.8,0.4,0.5
39,Ohio,OH,39035,Cuyahoga County,39035196000,Census Tract 1960; Cuyahoga County; Ohio,0.608567022564,1808,355,890,115,795,117,193,86,94,61,303,118,126,72,107,70,726,146,220,97,444,142,15,20,21,54,1200,446,216,120,16,22,0,16,180,118,9,2,10.7,4.3,13.4,7.7,38.1,13.7,8.3,4.8,5.9,4.1,40.2,5.1,12.2,4.3,24.6,7.1,1.9,2.5,1.2,3.0,66.4,20.9,24.2,13.1,1.8,2.4,0.0,2.0,22.6,12.7,0.5,0.1,0.2307,0.9124,0.8708,0.5365,0.537,3.0874,0.6863,0.9949,0.0647,0.9248,0.1517,0.7403,2.8764,0.766,0.8906,0.8906,0.8906,0.8816,0.686,0.0,0.9238,0.5742,3.0656,0.8486,9.92,0.8387,0,1,0,0,0,1,1,0,1,0,0,2,0,0,0,0,0,1,0,1,4,1424,186,70,1060,228,51,62,5,9,0,12,0,12,61,55,23,33,23.4,8.9,58.6,10.7,2.8,3.5,0.3,0.5,0.0,1.9,0.0,1.9,3.4,3.0,1.3,1.8
39,Ohio,OH,39035,Cuyahoga County,39035196100,Census Tract 1961; Cuyahoga County; Ohio,3.651226845076,2387,375,1251,187,1111,184,528,139,106,65,291,74,198,64,246,124,417,75,419,95,295,76,94,38,50,62,521,550,0,16,5,8,4,13,119,50,0,12,22.1,4.7,7.9,5.1,26.2,5.1,10.7,4.1,10.3,5.5,17.5,4.0,17.6,4.5,12.4,3.7,8.5,3.1,2.2,2.7,21.8,22.8,0.0,1.3,0.4,0.7,0.4,1.2,10.7,4.9,0.0,0.5,0.5611,0.7667,0.6241,0.6741,0.8305,3.4565,0.7698,0.4959,0.2372,0.3802,0.7102,0.8491,2.6726,0.6651,0.6141,0.6141,0.6141,0.0,0.5625,0.4206,0.7438,0.0,1.7269,0.3073,8.4701,0.6578,0,0,0,0,0,0,0,0,0,0,0,0,0,0,0,0,0,0,0,0,0,8549,263,74,271,160,144,109,40,36,3,5,0,12,48,32,15,21,23.7,7.7,11.4,6.6,6.0,4.7,1.7,1.5,0.1,0.2,0.0,1.5,2.0,1.4,0.6,0.9
39,Ohio,OH,39035,Cuyahoga County,39035196200,Census Tract 1962; Cuyahoga County; Ohio,0.780466968902,3841,792,1972,346,1779,363,2503,769,114,85,1203,386,197,112,359,257,207,81,1431,318,831,419,566,150,24,53,3703,796,592,367,0,12,15,26,528,181,0,12,65.2,14.8,8.4,6.4,67.6,16.7,9.7,5.4,9.3,7.1,5.4,2.6,37.3,8.8,21.6,8.1,31.8,5.4,0.7,1.5,96.4,5.9,30.0,17.9,0.0,1.8,0.8,1.5,29.7,10.8,0.0,0.3,0.9759,0.7876,0.9975,0.6192,0.7871,4.1673,0.9219,0.0289,0.9851,0.8566,0.9911,0.6367,3.4984,0.9492,0.9822,0.9822,0.9822,0.9194,0.0,0.5117,0.9594,0.0,2.3905,0.5892,11.0384,0.9333,1,0,1,0,0,2,0,1,0,1,0,2,1,1,1,0,0,1,0,2,7,4284,376,361,3588,769,0,12,17,27,0,12,0,12,98,92,0,12,21.1,16.6,93.4,3.5,0.0,0.9,0.4,0.7,0.0,0.9,0.0,0.9,2.6,2.4,0.0,0.9
39,Ohio,OH,39035,Cuyahoga County,39035196300,Census Tract 1963; Cuyahoga County; Ohio,14.09991221924,4086,198,1853,155,1677,147,191,99,100,66,174,74,32,31,44,31,1300,246,683,96,449,111,16,17,21,49,315,305,0,16,6,9,0,16,85,79,6,3,4.7,2.4,5.0,3.3,10.4,4.3,1.0,0.9,1.1,0.7,31.8,5.3,16.7,2.4,11.0,2.5,1.0,1.0,0.5,1.2,7.7,7.5,0.0,0.9,0.3,0.5,0.0,1.0,5.1,4.6,0.1,0.1,0.0574,0.58,0.0559,0.0333,0.0451,0.7717,0.059,0.9737,0.1925,0.2815,0.0759,0.5796,2.1032,0.3222,0.2666,0.2666,0.2666,0.0,0.5565,0.0,0.4787,0.3694,1.4046,0.2022,4.5461,0.0994,0,0,0,0,0,0,1,0,0,0,0,1,0,0,0,0,0,0,0,0,1,4444,32,28,40,32,75,54,149,105,0,12,0,12,49,47,2,5,1.9,1.7,1.0,0.8,1.8,1.3,3.6,2.5,0.0,0.9,0.0,0.9,1.2,1.1,0.0,0.1
39,Ohio,OH,39035,Cuyahoga County,39035196400,Census Tract 1964; Cuyahoga County; Ohio,0.5067086817399999,2782,404,1223,157,1145,154,1660,437,139,77,518,173,422,146,260,164,323,72,851,285,899,249,175,90,186,111,1819,503,231,114,0,12,85,54,243,129,13,3,59.7,13.1,11.7,6.1,45.2,13.8,25.3,8.0,9.3,6.0,11.6,2.8,30.6,6.9,32.3,7.4,15.3,7.6,7.4,4.3,65.4,15.4,18.9,9.0,0.0,2.8,7.4,4.6,21.2,9.7,0.5,0.1,0.9581,0.8797,0.9441,0.9572,0.7871,4.5262,0.9778,0.1776,0.9287,0.9873,0.9076,0.9775,3.9787,0.9949,0.8865,0.8865,0.8865,0.8295,0.0,0.9733,0.9121,0.5742,3.2891,0.8962,12.6805,0.9978,1,0,1,1,0,3,0,1,1,1,1,4,0,0,0,0,1,1,0,2,9,1406,385,112,858,296,803,241,30,40,0,12,0,12,128,96,0,12,33.6,7.5,30.8,10.5,28.9,6.5,1.1,1.5,0.0,1.2,0.0,1.2,4.6,3.5,0.0,1.2
39,Ohio,OH,39035,Cuyahoga County,39035196800,Census Tract 1968; Cuyahoga County; Ohio,0.806278273704,3948,226,1295,105,1076,111,583,166,132,67,447,135,70,48,118,77,380,142,47,55,461,178,12,38,50,95,1915,376,1004,147,0,12,0,16,378,124,2463,100,38.5,9.3,7.9,3.8,41.5,11.8,5.6,3.8,3.1,2.0,9.6,3.4,1.2,1.4,11.9,4.6,1.1,3.5,1.3,2.4,48.5,9.1,77.5,9.5,0.0,2.7,0.0,1.5,35.1,10.8,62.4,4.4,0.8216,0.7667,0.914,0.3497,0.2371,3.0891,0.6867,0.1103,0.0082,0.345,0.0829,0.7565,1.3029,0.054,0.8193,0.8193,0.8193,0.9937,0.0,0.0,0.9743,0.993,2.961,0.8165,8.1723,0.613,0,0,1,0,0,1,0,0,0,0,0,0,0,0,1,0,0,1,1,3,4,40911,167,61,437,128,260,89,853,175,0,12,0,12,359,164,6,15,15.5,5.6,11.1,3.3,6.6,2.2,21.6,4.4,0.0,0.9,0.0,0.9,9.1,4.2,0.2,0.4
39,Ohio,OH,39035,Cuyahoga County,39035197000,Census Tract 1970; Cuyahoga County; Ohio,2.127145184866,3139,435,1709,181,1593,185,896,287,167,71,705,175,166,71,331,210,1066,413,490,160,462,137,164,76,0,48,2861,454,940,230,0,12,0,16,154,81,146,19,29.9,8.5,12.2,5.1,44.3,9.7,6.5,2.9,11.1,6.8,34.0,10.3,15.6,4.9,15.4,4.9,10.3,4.6,0.0,1.6,91.1,7.1,55.0,12.1,0.0,2.0,0.0,1.0,9.7,4.8,4.7,0.9,0.7093,0.8876,0.9375,0.4157,0.8607,3.8108,0.8467,0.9835,0.1481,0.5712,0.7873,0.0,2.4901,0.5517,0.9629,0.9629,0.9629,0.979,0.0,0.0,0.7102,0.8976,2.5868,0.6708,9.8506,0.8308,0,0,1,0,0,1,1,0,0,0,0,1,1,1,1,0,0,0,0,1,4,6984,251,94,2787,445,3,6,2,4,1,2,0,12,68,55,0,12,15.8,5.9,88.8,4.9,0.1,0.2,0.1,0.1,0.0,0.1,0.0,1.1,2.2,1.8,0.0,1.1
39,Ohio,OH,39035,Cuyahoga County,39035197100,Census Tract 1971; Cuyahoga County; Ohio,4.13568137974,4115,201,1766,139,1660,129,784,434,197,105,399,139,132,83,229,142,944,201,1049,273,387,284,124,80,29,57,1623,385,212,78,0,12,0,16,101,69,13,4,19.1,10.5,9.7,5.4,24.0,8.2,4.6,2.9,5.6,3.4,22.9,5.1,25.5,6.3,9.4,6.8,7.5,4.8,0.7,1.5,39.4,9.2,12.0,4.3,0.0,2.0,0.0,1.0,6.1,4.0,0.3,0.1,0.4859,0.8346,0.5422,0.2724,0.5075,2.6426,0.5533,0.7885,0.7378,0.1787,0.6546,0.6367,2.9963,0.821,0.7765,0.7765,0.7765,0.7308,0.0,0.0,0.5479,0.4924,1.7711,0.3267,8.1865,0.6162,0,0,0,0,0,0,0,0,0,0,0,0,0,0,0,0,0,0,0,0,0,6421,62,50,900,338,190,159,289,175,0,12,0,12,244,133,0,12,3.7,3.0,21.9,8.0,4.6,3.8,7.0,4.2,0.0,0.8,0.0,0.8,5.9,3.2,0.0,0.8
39,Ohio,OH,39035,Cuyahoga County,39035197200,Census Tract 1972; Cuyahoga County; Ohio,0.976908330564,2130,411,1213,217,904,208,1279,436,174,136,493,195,296,115,236,124,414,109,473,284,533,190,82,65,0,48,1949,424,389,105,0,12,0,16,428,110,164,8,66.4,16.9,23.7,17.4,54.5,17.6,20.3,8.9,11.9,5.7,19.4,6.5,22.2,11.4,26.9,9.4,9.1,6.9,0.0,2.4,91.5,9.2,32.1,6.5,0.0,2.8,0.0,1.8,47.3,11.0,7.7,1.5,0.9775,0.9825,0.9835,0.915,0.8842,4.7427,0.9962,0.6287,0.5336,0.9584,0.7403,0.0,2.861,0.759,0.9661,0.9661,0.9661,0.9279,0.0,0.0,0.9908,0.9426,2.8613,0.7825,11.4311,0.9559,1,1,1,1,0,4,0,0,1,0,0,1,1,1,1,0,0,1,1,3,9,5491,227,79,1884,414,52,47,0,12,4,9,0,12,5,8,4,9,25.1,8.2,88.5,5.7,2.4,2.2,0.0,1.6,0.2,0.4,0.0,1.6,0.2,0.4,0.2,0.4
39,Ohio,OH,39035,Cuyahoga County,39035197300,Census Tract 1973; Cuyahoga County; Ohio,0.350828493484,3463,418,1929,273,1767,280,1179,308,305,244,574,140,217,116,630,328,321,110,611,181,560,127,126,78,66,62,1398,524,501,279,8,12,23,30,496,260,0,12,34.0,7.9,13.9,9.9,32.5,6.0,9.2,4.8,18.2,8.6,9.3,3.1,17.6,4.5,16.2,3.9,7.1,4.3,2.0,1.9,40.4,14.3,26.0,14.0,0.4,0.6,1.3,1.7,28.1,11.4,0.0,0.3,0.7702,0.9194,0.7832,0.5875,0.9692,4.0295,0.8937,0.1024,0.2372,0.6144,0.626,0.8348,2.4148,0.5063,0.7828,0.7828,0.7828,0.894,0.5625,0.6181,0.9521,0.0,3.0267,0.8403,10.2538,0.8714,0,1,0,0,1,2,0,0,0,0,0,0,0,0,0,0,0,1,0,1,3,2842,233,97,699,303,318,150,189,156,0,12,0,12,163,114,29,39,13.2,5.9,20.2,7.6,9.2,4.1,5.5,4.3,0.0,1.0,0.0,1.0,4.7,3.3,0.8,1.2
39,Ohio,OH,39035,Cuyahoga County,39035197400,Census Tract 1974; Cuyahoga County; Ohio,0.559810834208,3584,518,1786,196,1667,210,1206,386,280,175,543,146,512,193,312,172,401,88,659,233,597,172,131,80,57,77,1521,641,136,92,0,12,0,16,154,85,36,5,33.7,9.6,13.2,7.7,32.6,7.7,20.0,7.1,8.7,4.7,11.2,3.1,18.4,5.0,16.7,4.6,7.8,4.7,1.6,2.2,42.4,16.8,7.6,5.1,0.0,1.9,0.0,1.0,9.2,5.3,1.0,0.2,0.7639,0.9102,0.786,0.9096,0.7566,4.1263,0.9156,0.1658,0.279,0.6493,0.6749,0.7971,2.5661,0.6013,0.792,0.792,0.792,0.6375,0.0,0.0,0.6937,0.6595,1.9907,0.4127,9.4751,0.7908,0,1,0,1,0,2,0,0,0,0,0,0,0,0,0,0,0,0,0,0,2,2520,210,80,375,230,863,357,59,59,28,35,0,12,196,134,0,12,12.6,5.1,10.5,6.1,24.1,8.6,1.6,1.6,0.8,1.0,0.0,1.0,5.5,3.7,0.0,1.0
39,Ohio,OH,39035,Cuyahoga County,39035197500,Census Tract 1975; Cuyahoga County; Ohio,0.51370291947,3444,470,2200,272,1942,276,1246,411,175,111,724,275,252,126,404,177,266,57,428,206,633,175,73,69,74,76,1225,591,567,152,17,24,0,16,457,257,63,8,36.3,10.9,7.9,4.6,37.3,13.1,9.4,4.7,11.7,5.2,7.7,2.0,12.4,5.3,18.4,5.1,3.8,3.5,2.3,2.3,35.6,16.5,25.8,6.1,0.8,1.1,0.0,0.8,23.5,11.0,1.8,0.3,0.7934,0.7667,0.8578,0.5999,0.8785,3.8963,0.866,0.0609,0.0682,0.7318,0.3502,0.8548,2.0659,0.3051,0.7489,0.7489,0.7489,0.8917,0.6095,0.0,0.9292,0.7445,3.1749,0.8733,9.886,0.8349,0,0,0,0,0,0,0,0,0,0,0,0,0,0,0,0,0,1,0,1,1,3915,125,80,311,128,601,170,68,55,9,14,0,12,226,258,10,16,6.4,4.1,9.0,3.7,17.5,4.6,2.0,1.6,0.3,0.4,0.0,1.0,6.6,7.0,0.3,0.5
39,Ohio,OH,39035,Cuyahoga County,39035197600,Census Tract 1976; Cuyahoga County; Ohio,0.38775258605,3232,424,1614,125,1244,139,1453,344,309,100,525,119,619,157,209,102,334,77,858,216,781,173,188,77,321,133,2277,457,133,57,9,14,8,16,366,104,10,2,45.0,8.9,21.9,6.7,42.2,8.3,30.6,6.3,6.5,3.0,10.3,2.7,26.5,4.2,24.2,4.6,15.1,6.0,10.9,4.3,70.5,10.7,8.2,3.5,0.6,0.9,0.6,1.3,29.4,7.1,0.3,0.0,0.8778,0.9781,0.9206,0.9822,0.5947,4.3534,0.9511,0.1325,0.7945,0.9191,0.9032,0.9914,3.7407,0.9803,0.9046,0.9046,0.9046,0.6552,0.5876,0.4632,0.9578,0.4924,3.1562,0.8698,12.1549,0.9876,0,1,1,1,0,3,0,0,1,1,1,3,1,1,0,0,0,1,0,1,8,2939,242,66,499,176,1600,318,0,12,3,4,0,12,175,213,0,12,19.5,5.2,15.4,5.2,49.5,7.6,0.0,1.1,0.1,0.1,0.0,1.1,5.4,6.3,0.0,1.1
39,Ohio,OH,39035,Cuyahoga County,39035197700,Census Tract 1977; Cuyahoga County; Ohio,0.64795251538,3154,459,1734,222,1480,229,1316,312,121,105,341,96,428,128,209,105,403,117,511,166,567,158,119,47,247,115,1564,571,342,102,0,12,9,15,226,105,69,6,41.8,7.8,6.8,5.4,23.0,5.4,17.6,5.5,6.6,3.3,12.8,4.1,16.2,4.8,18.0,4.6,8.1,2.9,8.2,3.6,49.6,16.6,19.7,5.3,0.0,2.0,0.6,1.0,15.3,7.1,2.2,0.4,0.8521,0.7079,0.5079,0.8735,0.6001,3.5415,0.7914,0.228,0.1703,0.7122,0.6914,0.9822,2.7841,0.7251,0.8237,0.8237,0.8237,0.8406,0.0,0.4632,0.8416,0.773,2.9184,0.8016,10.0677,0.8543,0,0,0,0,0,0,0,0,0,0,1,1,0,0,0,0,0,0,0,0,1,4710,337,100,428,138,955,303,55,60,0,12,0,12,126,93,0,12,22.8,7.1,13.6,4.6,30.3,7.5,1.7,1.9,0.0,1.1,0.0,1.1,4.0,2.8,0.0,1.1
39,Ohio,OH,39035,Cuyahoga County,39035197800,Census Tract 1978; Cuyahoga County; Ohio,0.759953369642,3047,387,2028,144,1717,175,425,234,65,44,378,135,84,46,292,172,221,49,188,136,176,79,0,16,92,123,632,506,155,57,0,12,34,38,75,42,34,3,13.9,7.5,2.6,1.8,22.0,7.5,3.1,1.7,9.6,5.2,7.3,1.6,6.2,4.0,5.8,2.7,0.0,0.9,3.1,4.2,20.7,16.4,7.6,2.8,0.0,1.7,1.9,2.2,4.4,2.5,1.1,0.2,0.3304,0.2822,0.4743,0.1579,0.8026,2.0474,0.3816,0.0504,0.0228,0.0397,0.0,0.9014,1.0143,0.0244,0.5992,0.5992,0.5992,0.6375,0.0,0.7219,0.4289,0.6703,2.4586,0.6187,6.1195,0.2781,0,0,0,0,0,0,0,0,0,0,1,1,0,0,0,0,0,0,0,0,1,3237,167,59,63,53,297,260,121,58,9,12,0,12,133,102,9,13,9.7,3.6,2.1,1.8,9.7,8.0,4.0,2.0,0.3,0.4,0.0,1.1,4.4,3.3,0.3,0.4
39,Ohio,OH,39035,Cuyahoga County,39035197900,Census Tract 1979; Cuyahoga County; Ohio,0.757302779412,1587,283,883,120,677,126,846,272,86,55,220,76,354,117,143,78,237,71,315,106,336,89,57,42,37,64,869,347,174,91,0,12,13,14,202,68,5,10,53.3,14.3,13.4,8.3,32.5,9.5,30.6,7.4,9.0,4.5,14.9,4.8,19.8,5.3,21.2,5.7,8.4,6.0,2.5,4.2,54.8,19.6,19.7,10.0,0.0,3.9,1.9,2.0,29.8,9.3,0.3,0.6,0.9261,0.9124,0.7832,0.9822,0.7721,4.376,0.9568,0.3377,0.3713,0.8426,0.7051,0.8703,3.127,0.8622,0.845,0.845,0.845,0.8406,0.0,0.7219,0.9597,0.4924,3.0146,0.8352,11.3626,0.9521,1,1,0,1,0,3,0,0,0,0,0,0,0,0,0,0,0,1,0,1,4,2105,247,89,621,235,185,125,0,12,5,8,8,15,50,38,0,12,36.5,12.3,39.1,11.5,11.7,7.7,0.0,2.2,0.3,0.5,0.5,0.9,3.2,2.3,0.0,2.2
39,Ohio,OH,39035,Cuyahoga County,39035198000,Census Tract 1980; Cuyahoga County; Ohio,0.773979296996,2587,557,1141,150,950,144,1908,539,160,103,526,135,423,122,160,66,234,88,793,257,454,177,186,89,58,64,1884,658,34,25,0,12,10,17,254,110,35,4,73.8,13.5,19.0,6.8,55.4,11.5,29.2,8.4,6.2,2.5,9.0,4.1,30.7,6.0,17.5,6.9,19.6,8.9,2.3,2.5,72.8,20.0,3.0,2.2,0.0,3.0,1.1,1.8,26.7,11.0,1.4,0.3,0.9892,0.9698,0.9854,0.9784,0.5659,4.4887,0.9711,0.0926,0.9321,0.6903,0.9508,0.8548,3.5206,0.9537,0.9106,0.9106,0.9106,0.4724,0.0,0.587,0.9457,0.7029,2.708,0.7232,11.6279,0.9663,1,1,1,1,0,4,0,1,0,1,0,2,1,1,0,0,0,1,0,1,8,2375,176,87,1492,426,203,177,0,12,0,12,0,12,180,121,9,13,18.5,8.8,57.7,12.8,7.8,6.6,0.0,1.3,0.0,1.3,0.0,1.3,7.0,4.4,0.3,0.5
39,Ohio,OH,39035,Cuyahoga County,39035198100,Census Tract 1981; Cuyahoga County; Ohio,0.255392187226,2293,502,1056,111,963,116,1449,479,122,86,472,133,295,115,287,151,215,88,593,295,582,149,155,95,0,48,1632,529,0,16,15,21,27,41,334,107,7,6,63.4,15.7,12.9,8.1,49.0,12.5,19.3,7.1,12.5,6.9,9.4,4.3,25.9,8.2,25.4,7.1,16.1,9.7,0.0,2.3,71.2,17.0,0.0,1.5,1.4,2.0,2.8,4.2,34.7,10.1,0.3,0.3,0.9711,0.9051,0.9638,0.9001,0.8978,4.6379,0.9908,0.1056,0.7625,0.9391,0.9178,0.0,2.725,0.6971,0.9068,0.9068,0.9068,0.0,0.6597,0.826,0.973,0.4924,2.9511,0.8133,11.2208,0.9448,1,1,1,1,0,4,0,0,1,1,0,2,1,1,0,0,0,1,0,1,8,1809,231,91,1240,517,156,137,36,60,5,9,0,12,119,91,76,121,24.0,9.7,54.1,13.2,6.8,6.6,1.6,2.7,0.2,0.4,0.0,1.5,5.2,4.0,3.3,5.2
39,Ohio,OH,39035,Cuyahoga County,39035198200,Census Tract 1982; Cuyahoga County; Ohio,1.471823140612,3535,498,1756,337,1625,348,1742,433,106,73,938,349,304,170,138,77,822,295,903,172,1083,401,236,103,0,48,3377,505,227,135,0,12,0,16,495,283,14,4,49.8,10.1,9.1,5.9,57.7,17.6,12.5,6.1,3.9,2.2,23.3,7.0,25.5,5.0,30.7,8.6,14.5,5.5,0.0,1.4,95.5,4.8,12.9,7.3,0.0,2.0,0.0,1.0,30.5,14.1,0.4,0.1,0.9064,0.8178,0.9898,0.7372,0.3224,3.7736,0.8394,0.806,0.7378,0.9829,0.8927,0.0,3.4194,0.9324,0.9772,0.9772,0.9772,0.7467,0.0,0.0,0.961,0.5374,2.2451,0.5213,10.4153,0.8854,1,0,1,0,0,2,0,0,1,0,0,1,1,1,0,0,0,1,0,1,5,2651,547,337,2837,610,145,143,0,12,0,12,0,12,275,243,120,94,33.7,17.0,80.3,9.4,4.1,4.2,0.0,1.0,0.0,1.0,0.0,1.0,7.8,6.9,3.4,2.8
39,Ohio,OH,39035,Cuyahoga County,39035198300,Census Tract 1983; Cuyahoga County; Ohio,2.740513771902,3896,592,2093,169,1843,196,1233,342,82,80,825,206,303,171,437,315,1069,254,521,246,634,189,208,143,10,47,3651,597,1299,203,0,12,102,106,419,155,380,19,33.8,7.6,4.3,4.0,44.8,10.1,10.2,5.3,12.0,7.4,27.4,5.9,13.4,5.1,17.4,4.6,11.3,7.7,0.3,1.2,93.7,5.7,62.0,8.3,0.0,1.7,5.6,5.7,22.7,8.0,9.8,1.6,0.7664,0.5117,0.9403,0.65,0.8873,3.7557,0.8356,0.9255,0.0853,0.6836,0.8187,0.4968,3.0099,0.8279,0.9734,0.9734,0.9734,0.9854,0.0,0.953,0.9244,0.954,3.8168,0.979,11.5558,0.9619,0,0,1,0,0,1,1,0,0,0,0,1,1,1,1,0,1,1,1,4,7,8199,486,176,3547,582,36,18,0,12,0,12,0,12,68,76,0,12,26.4,8.8,91.0,3.0,0.9,0.5,0.0,0.9,0.0,0.9,0.0,0.9,1.7,1.9,0.0,0.9
39,Ohio,OH,39035,Cuyahoga County,39035198400,Census Tract 1984; Cuyahoga County; Ohio,0.868280849476,2735,711,1368,285,1216,284,1907,612,140,91,553,269,525,183,226,157,458,134,757,348,775,226,447,271,0,48,2610,713,693,297,0,12,71,75,348,90,255,24,69.7,13.1,13.0,8.3,45.5,19.4,29.5,9.8,8.3,5.5,16.7,5.2,27.7,7.1,28.3,7.2,36.8,20.6,0.0,1.9,95.4,8.0,50.6,19.0,0.0,2.5,5.8,6.0,28.6,9.1,9.3,2.6,0.9829,0.9076,0.946,0.98,0.7363,4.5528,0.9816,0.4439,0.844,0.9683,0.9965,0.0,3.2527,0.9006,0.9765,0.9765,0.9765,0.9737,0.0,0.9575,0.9543,0.9518,3.8373,0.981,12.6193,0.9971,1,1,1,1,0,4,0,0,1,1,0,2,1,1,1,0,1,1,1,4,11,2513,483,127,2588,720,22,27,0,12,0,12,0,12,0,12,0,12,39.7,13.5,94.6,3.2,0.8,1.0,0.0,1.3,0.0,1.3,0.0,1.3,0.0,1.3,0.0,1.3
39,Ohio,OH,39035,Cuyahoga County,39035198500,Census Tract 1985; Cuyahoga County; Ohio,0.536729656648,1965,393,910,121,722,107,622,271,109,90,286,104,229,99,125,58,326,79,550,284,538,204,107,91,0,48,1902,397,8,17,0,12,6,16,71,47,81,2,33.0,12.6,14.0,9.9,39.6,13.2,17.5,6.0,6.6,3.0,16.6,4.5,28.0,10.5,28.5,7.3,14.8,12.4,0.0,2.6,96.8,5.8,0.9,1.9,0.0,3.8,0.8,2.2,9.8,6.5,4.1,0.8,0.755,0.921,0.8902,0.8713,0.6001,4.0376,0.8959,0.4379,0.8535,0.9708,0.8975,0.0,3.1597,0.8762,0.9841,0.9841,0.9841,0.3181,0.0,0.5117,0.7133,0.877,2.4201,0.6016,10.6015,0.9032,0,1,0,0,0,1,0,0,1,0,0,1,1,1,0,0,0,0,0,0,3,1425,129,55,1766,379,49,43,0,12,0,12,0,12,75,71,12,20,17.9,8.0,89.9,4.8,2.5,2.2,0.0,1.8,0.0,1.8,0.0,1.8,3.8,3.6,0.6,1.0
39,Ohio,OH,39035,Cuyahoga County,39035198600,Census Tract 1986; Cuyahoga County; Ohio,0.749604291634,4212,641,2402,222,2066,254,2172,597,162,118,663,179,646,247,301,179,1040,270,639,276,1552,454,227,119,0,48,3633,672,867,218,0,12,57,72,782,210,224,5,54.4,12.1,11.5,7.8,32.1,7.7,19.2,6.0,7.5,4.3,24.7,5.6,15.2,5.7,38.9,9.0,11.0,5.6,0.0,1.2,86.3,9.1,36.1,8.4,0.0,1.4,2.8,3.5,37.9,8.3,5.3,0.8,0.9311,0.8746,0.7737,0.8989,0.6798,4.1581,0.92,0.8532,0.1344,0.9975,0.8086,0.0,2.7937,0.7298,0.9512,0.9512,0.9512,0.9432,0.0,0.826,0.98,0.9138,3.663,0.9622,11.566,0.9625,1,0,0,0,0,1,0,0,1,0,0,1,1,1,1,0,0,1,1,3,6,3691,721,205,3191,568,21,28,7,12,51,49,0,12,193,140,170,171,34.9,8.4,75.8,6.7,0.5,0.7,0.2,0.3,1.2,1.2,0.0,0.8,4.6,3.2,4.0,4.0
39,Ohio,OH,39035,Cuyahoga County,39035198700,Census Tract 1987; Cuyahoga County; Ohio,0.468035161012,2040,610,1269,136,978,108,1220,556,75,55,315,117,430,154,161,169,383,84,443,300,587,234,79,58,25,51,1981,611,475,134,3,15,39,50,251,83,3,3,59.8,20.6,9.9,7.4,32.2,11.4,30.2,10.4,7.9,8.2,18.8,4.3,21.7,8.7,28.8,7.3,8.1,5.9,1.3,2.5,97.1,7.4,37.4,9.8,0.2,1.2,4.0,5.1,25.7,8.2,0.1,0.1,0.9591,0.8387,0.7752,0.9813,0.709,4.2633,0.9368,0.5888,0.4965,0.9737,0.6914,0.7565,3.5069,0.9502,0.9851,0.9851,0.9851,0.9473,0.5527,0.8952,0.9394,0.3694,3.704,0.9673,12.4593,0.9949,1,0,0,1,0,2,0,0,1,0,0,1,1,1,1,0,0,1,0,2,6,1857,325,101,1817,582,12,15,25,28,3,5,0,12,81,74,43,61,33.2,10.2,89.1,5.4,0.6,0.8,1.2,1.4,0.1,0.2,0.0,1.7,4.0,3.6,2.1,3.0
39,Ohio,OH,39035,Cuyahoga County,39035198800,Census Tract 1988; Cuyahoga County; Ohio,0.309080056428,2003,397,1057,148,856,136,822,213,97,59,349,106,295,145,91,94,388,89,425,147,328,112,196,76,0,48,1878,403,243,116,0,12,26,36,316,120,109,2,43.4,6.6,12.6,8.4,40.8,10.6,20.4,7.6,4.8,4.9,19.4,4.6,21.2,6.4,17.3,5.8,22.9,8.1,0.0,2.7,93.8,7.7,23.0,10.5,0.0,3.3,3.0,4.2,36.9,11.9,5.4,1.1,0.8661,0.8975,0.9054,0.9157,0.4243,4.009,0.8902,0.6287,0.4654,0.6776,0.9689,0.0,2.7406,0.7035,0.9743,0.9743,0.9743,0.874,0.0,0.8429,0.9778,0.9157,3.6104,0.9562,11.3343,0.9511,0,0,1,1,0,2,0,0,0,1,0,1,1,1,0,0,0,1,1,2,6,1515,254,101,1753,379,0,12,0,12,0,12,0,12,67,59,58,92,29.7,10.3,87.5,6.9,0.0,1.7,0.0,1.7,0.0,1.7,0.0,1.7,3.3,2.9,2.9,4.6
39,Ohio,OH,39035,Cuyahoga County,39035198900,Census Tract 1989; Cuyahoga County; Ohio,0.251301436536,1753,428,1278,202,760,209,1046,393,92,60,294,88,230,97,176,178,284,72,443,210,331,118,70,50,90,82,1198,508,52,43,11,18,13,23,299,182,13,13,59.7,17.0,13.9,9.2,38.7,4.6,19.2,7.1,10.0,9.3,16.2,6.0,25.3,8.7,18.9,8.2,9.2,6.1,5.7,5.0,68.3,23.7,4.1,3.3,0.9,1.4,1.7,3.0,39.3,15.3,0.7,0.7,0.9581,0.9194,0.8775,0.8989,0.8197,4.4736,0.9689,0.4138,0.7276,0.7566,0.7448,0.9626,3.6054,0.9673,0.8966,0.8966,0.8966,0.5219,0.6187,0.6917,0.9829,0.6243,3.4395,0.926,12.4151,0.9933,1,1,0,0,0,2,0,0,0,0,1,1,0,0,0,0,0,1,0,1,4,1161,241,75,1038,290,103,140,14,16,0,12,0,12,25,25,18,27,31.7,11.7,59.2,13.7,5.9,7.3,0.8,0.9,0.0,2.0,0.0,2.0,1.4,1.5,1.0,1.6
39,Ohio,OH,39035,Cuyahoga County,39035199000,Census Tract 1990; Cuyahoga County; Ohio,0.290669554762,1226,311,755,110,549,119,518,184,51,41,237,78,200,112,118,90,319,200,223,117,390,140,93,58,6,47,1176,313,17,22,0,12,0,16,122,62,46,6,42.3,10.5,12.8,9.9,43.2,10.7,22.4,9.0,9.6,7.4,26.0,13.2,18.2,7.7,31.8,8.0,16.9,9.9,0.5,4.0,95.9,7.7,2.3,2.9,0.0,4.5,0.0,2.9,22.2,11.8,3.8,1.1,0.8566,0.9025,0.9279,0.9356,0.8026,4.4252,0.9622,0.8976,0.267,0.9857,0.9267,0.5796,3.6566,0.9727,0.9797,0.9797,0.9797,0.426,0.0,0.0,0.9197,0.8656,2.2113,0.5057,11.2728,0.9486,0,1,1,1,0,3,0,0,1,1,0,2,1,1,0,0,0,1,0,1,7,1020,202,103,1020,286,22,25,19,31,0,12,0,12,108,94,7,12,36.8,14.0,83.2,9.6,1.8,2.2,1.5,2.5,0.0,2.8,0.0,2.8,8.8,7.0,0.6,1.0
39,Ohio,OH,39035,Cuyahoga County,39035199100,Census Tract 1991; Cuyahoga County; Ohio,0.324611781582,1865,254,1213,131,789,109,644,232,82,53,305,111,241,73,110,81,502,117,351,115,491,134,75,32,0,48,1796,256,22,24,22,25,0,16,203,88,135,9,37.6,12.4,11.1,7.0,38.7,13.0,18.4,5.1,5.9,4.0,26.9,5.3,18.8,4.9,26.3,5.7,9.5,3.8,0.0,2.6,96.3,4.1,1.9,2.0,1.8,2.0,0.0,2.0,25.7,9.1,7.2,1.1,0.8074,0.8663,0.8775,0.8868,0.537,3.975,0.8835,0.9169,0.3015,0.9514,0.76,0.0,2.9298,0.7905,0.9813,0.9813,0.9813,0.3975,0.686,0.0,0.9394,0.9391,2.962,0.8171,10.8481,0.9216,0,0,0,0,0,0,1,0,1,0,0,2,1,1,0,0,0,1,1,2,5,1194,249,88,1639,258,75,54,38,13,5,8,0,12,35,21,4,9,31.6,9.2,87.9,3.9,4.0,2.9,2.0,0.8,0.3,0.4,0.0,1.9,1.9,1.1,0.2,0.5
39,Ohio,OH,39035,Cuyahoga County,39035199200,Census Tract 1992; Cuyahoga County; Ohio,0.301407051382,1587,232,836,119,662,117,594,162,66,85,218,92,233,126,112,80,237,77,455,103,251,107,100,43,0,48,1569,233,66,58,0,12,10,20,106,74,0,12,37.4,8.6,9.3,12.4,32.9,12.6,21.0,9.7,7.1,4.5,14.9,4.1,28.7,6.3,15.8,6.1,15.1,5.9,0.0,3.3,98.9,2.6,7.9,6.8,0.0,4.1,1.5,3.0,16.0,10.5,0.0,0.8,0.8045,0.8257,0.7917,0.9233,0.6452,3.9904,0.8873,0.3377,0.8782,0.5941,0.9032,0.0,2.7132,0.6889,0.993,0.993,0.993,0.6473,0.0,0.6606,0.8533,0.0,2.1612,0.4848,9.8578,0.8317,0,0,0,1,0,1,0,0,0,1,0,1,1,1,0,0,0,0,0,0,3,1115,210,86,1535,240,0,12,0,12,0,12,0,12,34,41,0,12,31.7,12.0,96.7,3.4,0.0,2.2,0.0,2.2,0.0,2.2,0.0,2.2,2.1,2.6,0.0,2.2
39,Ohio,OH,39035,Cuyahoga County,39035199300,Census Tract 1993; Cuyahoga County; Ohio,0.494988169428,1594,459,1476,137,788,169,1037,460,120,89,392,153,171,120,51,41,342,107,390,301,208,107,107,75,0,48,1561,459,507,133,0,12,0,16,273,131,58,8,67.3,22.3,21.5,15.1,49.7,16.2,15.8,11.0,3.3,2.9,21.5,9.4,24.5,13.9,13.4,7.9,13.6,9.1,0.0,3.3,97.9,5.9,34.3,8.4,0.0,2.3,0.0,2.0,34.6,14.6,3.6,1.2,0.9781,0.9775,0.9683,0.8361,0.2634,4.0234,0.8927,0.7343,0.6826,0.4418,0.8717,0.0,2.7304,0.6994,0.9889,0.9889,0.9889,0.9359,0.0,0.0,0.9727,0.8545,2.7631,0.7441,10.5058,0.8952,1,1,1,0,0,3,0,0,0,0,0,0,1,1,1,0,0,1,0,2,6,2659,218,93,1550,468,8,12,0,12,3,5,0,12,0,12,0,12,27.7,12.3,97.2,2.7,0.5,0.8,0.0,2.2,0.2,0.3,0.0,2.2,0.0,2.2,0.0,2.2
39,Ohio,OH,39035,Cuyahoga County,39035980100,Census Tract 9801; Cuyahoga County; Ohio,1.106667174112,0,12,0,12,0,12,0,12,0,12,0,24,0,12,0,12,0,12,0,12,0,12,0,16,0,48,0,16,0,16,0,12,0,16,0,12,0,12,-999.0,-999.0,-999.0,-999.0,-999.0,-999.0,-999.0,-999.0,-999.0,-999.0,-999.0,-999.0,-999.0,-999.0,-999.0,-999.0,-999.0,-999.0,-999.0,-999.0,-999.0,-999.0,-999.0,-999.0,-999.0,-999.0,-999.0,-999.0,-999.0,-999.0,-999.0,-999.0,-999.0,-999.0,-999.0,-999.0,-999.0,-999.0,-999.0,-999.0,-999.0,-999.0,-999.0,-999.0,-999.0,-999.0,-999.0,-999.0,-999.0,-999.0,-999.0,-999.0,-999.0,-999.0,-999.0,-999.0,-999.0,-999.0,-999,-999,-999,-999,-999,-999,-999,-999,-999,-999,-999,-999,-999,-999,-999,-999,-999,-999,-999,-999,-999,693,0,12,0,12,0,12,0,12,0,12,0,12,0,12,0,12,-999.0,-999.0,-999.0,-999.0,-999.0,-999.0,-999.0,-999.0,-999.0,-999.0,-999.0,-999.0,-999.0,-999.0,-999.0,-999.0
39,Ohio,OH,39035,Cuyahoga County,39035980200,Census Tract 9802; Cuyahoga County; Ohio,0.238260069282,0,12,0,12,0,12,0,12,0,12,0,24,0,12,0,12,0,12,0,12,0,12,0,16,0,48,0,16,0,16,0,12,0,16,0,12,0,12,-999.0,-999.0,-999.0,-999.0,-999.0,-999.0,-999.0,-999.0,-999.0,-999.0,-999.0,-999.0,-999.0,-999.0,-999.0,-999.0,-999.0,-999.0,-999.0,-999.0,-999.0,-999.0,-999.0,-999.0,-999.0,-999.0,-999.0,-999.0,-999.0,-999.0,-999.0,-999.0,-999.0,-999.0,-999.0,-999.0,-999.0,-999.0,-999.0,-999.0,-999.0,-999.0,-999.0,-999.0,-999.0,-999.0,-999.0,-999.0,-999.0,-999.0,-999.0,-999.0,-999.0,-999.0,-999.0,-999.0,-999.0,-999.0,-999,-999,-999,-999,-999,-999,-999,-999,-999,-999,-999,-999,-999,-999,-999,-999,-999,-999,-999,-999,-999,91,0,12,0,12,0,12,0,12,0,12,0,12,0,12,0,12,-999.0,-999.0,-999.0,-999.0,-999.0,-999.0,-999.0,-999.0,-999.0,-999.0,-999.0,-999.0,-999.0,-999.0,-999.0,-999.0
39,Ohio,OH,39035,Cuyahoga County,39035980500,Census Tract 9805; Cuyahoga County; Ohio,3.05909772906,0,12,0,12,0,12,0,12,0,12,0,24,0,12,0,12,0,12,0,12,0,12,0,16,0,48,0,16,0,16,0,12,0,16,0,12,0,12,-999.0,-999.0,-999.0,-999.0,-999.0,-999.0,-999.0,-999.0,-999.0,-999.0,-999.0,-999.0,-999.0,-999.0,-999.0,-999.0,-999.0,-999.0,-999.0,-999.0,-999.0,-999.0,-999.0,-999.0,-999.0,-999.0,-999.0,-999.0,-999.0,-999.0,-999.0,-999.0,-999.0,-999.0,-999.0,-999.0,-999.0,-999.0,-999.0,-999.0,-999.0,-999.0,-999.0,-999.0,-999.0,-999.0,-999.0,-999.0,-999.0,-999.0,-999.0,-999.0,-999.0,-999.0,-999.0,-999.0,-999.0,-999.0,-999,-999,-999,-999,-999,-999,-999,-999,-999,-999,-999,-999,-999,-999,-999,-999,-999,-999,-999,-999,-999,5744,0,12,0,12,0,12,0,12,0,12,0,12,0,12,0,12,-999.0,-999.0,-999.0,-999.0,-999.0,-999.0,-999.0,-999.0,-999.0,-999.0,-999.0,-999.0,-999.0,-999.0,-999.0,-999.0
39,Ohio,OH,39035,Cuyahoga County,39035980900,Census Tract 9809; Cuyahoga County; Ohio,0.424295595942,0,12,0,12,0,12,0,12,0,12,0,24,0,12,0,12,0,12,0,12,0,12,0,16,0,48,0,16,0,16,0,12,0,16,0,12,0,12,-999.0,-999.0,-999.0,-999.0,-999.0,-999.0,-999.0,-999.0,-999.0,-999.0,-999.0,-999.0,-999.0,-999.0,-999.0,-999.0,-999.0,-999.0,-999.0,-999.0,-999.0,-999.0,-999.0,-999.0,-999.0,-999.0,-999.0,-999.0,-999.0,-999.0,-999.0,-999.0,-999.0,-999.0,-999.0,-999.0,-999.0,-999.0,-999.0,-999.0,-999.0,-999.0,-999.0,-999.0,-999.0,-999.0,-999.0,-999.0,-999.0,-999.0,-999.0,-999.0,-999.0,-999.0,-999.0,-999.0,-999.0,-999.0,-999,-999,-999,-999,-999,-999,-999,-999,-999,-999,-999,-999,-999,-999,-999,-999,-999,-999,-999,-999,-999,758,0,12,0,12,0,12,0,12,0,12,0,12,0,12,0,12,-999.0,-999.0,-999.0,-999.0,-999.0,-999.0,-999.0,-999.0,-999.0,-999.0,-999.0,-999.0,-999.0,-999.0,-999.0,-999.0
39,Ohio,OH,39035,Cuyahoga County,39035981000,Census Tract 9810; Cuyahoga County; Ohio,1.287202677782,12,2,0,12,0,12,0,12,0,12,0,24,12,2,0,12,12,2,0,12,0,12,0,16,0,48,0,2,0,16,0,12,0,16,0,12,12,2,-999.0,-999.0,-999.0,-999.0,-999.0,-999.0,100.0,88.8,-999.0,-999.0,100.0,88.8,0.0,88.8,-999.0,-999.0,-999.0,-999.0,0.0,100.0,0.0,16.7,-999.0,-999.0,-999.0,-999.0,-999.0,-999.0,-999.0,-999.0,100.0,0.0,-999.0,-999.0,-999.0,1.0,-999.0,-999.0,-999.0,1.0,0.0,-999.0,-999.0,0.0,-999.0,-999.0,0.0,0.0,0.0,-999.0,-999.0,-999.0,-999.0,0.999,-999.0,-999.0,-999.0,-999.0,-999,-999,-999,1,-999,-999,1,0,-999,-999,0,-999,0,0,-999,-999,-999,-999,1,-999,-999,9576,0,12,0,12,0,12,0,12,0,12,0,12,0,12,0,12,-999.0,-999.0,0.0,88.8,0.0,88.8,0.0,88.8,0.0,88.8,0.0,88.8,0.0,88.8,0.0,88.8
39,Ohio,OH,39035,Cuyahoga County,39035981100,Census Tract 9811; Cuyahoga County; Ohio,1.120837503614,0,12,0,12,0,12,0,12,0,12,0,24,0,12,0,12,0,12,0,12,0,12,0,16,0,48,0,16,0,16,0,12,0,16,0,12,0,12,-999.0,-999.0,-999.0,-999.0,-999.0,-999.0,-999.0,-999.0,-999.0,-999.0,-999.0,-999.0,-999.0,-999.0,-999.0,-999.0,-999.0,-999.0,-999.0,-999.0,-999.0,-999.0,-999.0,-999.0,-999.0,-999.0,-999.0,-999.0,-999.0,-999.0,-999.0,-999.0,-999.0,-999.0,-999.0,-999.0,-999.0,-999.0,-999.0,-999.0,-999.0,-999.0,-999.0,-999.0,-999.0,-999.0,-999.0,-999.0,-999.0,-999.0,-999.0,-999.0,-999.0,-999.0,-999.0,-999.0,-999.0,-999.0,-999,-999,-999,-999,-999,-999,-999,-999,-999,-999,-999,-999,-999,-999,-999,-999,-999,-999,-999,-999,-999,2831,0,12,0,12,0,12,0,12,0,12,0,12,0,12,0,12,-999.0,-999.0,-999.0,-999.0,-999.0,-999.0,-999.0,-999.0,-999.0,-999.0,-999.0,-999.0,-999.0,-999.0,-999.0,-999.0
39,Ohio,OH,39037,Darke County,39037500100,Census Tract 5001; Darke County; Ohio,106.77555249755,3924,303,1524,131,1352,112,572,209,11,12,143,63,141,57,148,62,713,156,1070,147,441,114,36,34,1,46,148,434,8,17,88,60,33,26,19,17,4,3,14.6,5.2,0.6,0.6,10.6,4.6,5.7,2.3,3.8,1.6,18.2,3.6,27.3,2.7,11.2,3.0,2.7,2.5,0.0,1.3,3.8,11.1,0.5,1.1,5.8,3.9,2.4,1.9,1.4,1.3,0.1,0.1,0.3494,0.0422,0.06,0.357,0.3113,1.1199,0.126,0.5466,0.8282,0.2964,0.2298,0.0,1.901,0.2225,0.0967,0.0967,0.0967,0.2819,0.8022,0.7787,0.1476,0.3694,2.3798,0.5829,5.4974,0.1889,0,0,0,0,0,0,0,0,0,0,0,0,0,0,0,0,0,0,0,0,0,1790,136,43,122,112,1,2,6,10,0,12,0,12,19,26,0,12,10.1,3.1,3.1,2.8,0.0,0.1,0.2,0.3,0.0,0.9,0.0,0.9,0.5,0.7,0.0,0.9
39,Ohio,OH,39037,Darke County,39037510100,Census Tract 5101; Darke County; Ohio,62.554046803008,4065,458,1739,163,1545,159,1430,413,103,68,289,85,323,95,242,112,650,89,1060,243,568,154,115,73,59,63,516,662,4,5,163,96,13,19,127,62,48,6,36.1,9.8,5.6,3.6,18.7,5.2,12.5,3.5,6.0,2.4,16.0,2.7,26.1,3.8,14.1,3.3,7.5,4.7,1.5,1.6,12.7,16.2,0.3,0.3,9.4,5.5,0.8,1.2,8.2,3.8,1.2,0.1,0.7902,0.6276,0.339,0.7372,0.5459,3.0399,0.6733,0.3989,0.7736,0.4862,0.6546,0.7854,3.0987,0.8549,0.4369,0.4369,0.4369,0.2683,0.8698,0.5117,0.6552,0.6814,2.9864,0.8241,9.5619,0.8016,0,0,0,0,0,0,0,0,0,0,0,0,0,0,0,0,0,0,0,0,0,2510,170,51,47,44,347,147,80,103,0,12,0,12,42,30,0,12,11.0,3.3,1.2,1.1,8.5,3.8,2.0,2.6,0.0,0.9,0.0,0.9,1.0,0.8,0.0,0.9
39,Ohio,OH,39037,Darke County,39037520100,Census Tract 5201; Darke County; Ohio,72.4508433838,3439,333,1415,128,1325,130,538,232,21,24,217,81,171,68,270,131,560,136,854,144,418,120,48,38,0,48,96,468,0,16,158,81,34,25,35,28,0,12,15.7,6.6,1.1,1.3,16.4,5.9,7.8,3.0,7.9,3.9,16.3,3.8,24.8,3.2,12.2,3.6,3.6,2.8,0.0,1.5,2.8,13.6,0.0,1.1,11.2,5.5,2.6,1.9,2.6,2.1,0.0,0.3,0.3821,0.0803,0.2451,0.5003,0.709,1.9168,0.3403,0.4195,0.7004,0.3659,0.3292,0.0,1.815,0.1863,0.0587,0.0587,0.0587,0.0,0.8908,0.8029,0.267,0.0,1.9607,0.4013,5.7512,0.2229,0,0,0,0,0,0,0,0,0,0,0,0,0,0,0,0,0,0,0,0,0,2699,111,40,0,12,86,59,0,12,0,12,0,12,10,13,0,12,8.4,3.2,0.0,1.0,2.5,1.7,0.0,1.0,0.0,1.0,0.0,1.0,0.3,0.4,0.0,1.0
39,Ohio,OH,39037,Darke County,39037530100,Census Tract 5301; Darke County; Ohio,31.82311757606,4470,23,1905,129,1804,111,364,146,26,19,243,91,123,75,137,102,853,107,1008,104,343,108,55,34,0,48,110,99,12,17,0,12,0,16,35,26,119,2,8.4,3.4,1.1,0.8,13.5,5.0,3.9,2.4,3.1,2.3,19.1,2.4,22.6,2.3,7.9,2.5,3.0,1.9,0.0,1.1,2.5,2.2,0.6,0.9,0.0,1.8,0.0,0.9,1.9,1.4,2.7,0.0,0.1568,0.0803,0.1397,0.2191,0.2371,0.833,0.0695,0.6062,0.5609,0.106,0.2619,0.0,1.535,0.0981,0.0514,0.0514,0.0514,0.2886,0.0,0.0,0.2029,0.8085,1.3,0.1743,3.7194,0.04,0,0,0,0,0,0,0,0,0,0,0,0,0,0,0,0,0,0,0,0,0,6187,205,89,8,26,18,24,0,12,0,12,0,12,84,85,0,12,11.4,4.6,0.2,0.6,0.4,0.5,0.0,0.8,0.0,0.8,0.0,0.8,1.9,1.9,0.0,0.8
39,Ohio,OH,39037,Darke County,39037540100,Census Tract 5401; Darke County; Ohio,37.152231357454,3333,19,1343,103,1220,98,550,199,23,19,174,80,236,88,405,161,644,107,820,94,406,107,46,32,0,48,79,68,0,16,94,89,11,13,54,37,0,12,16.5,6.0,1.4,1.2,14.3,6.5,10.2,3.8,12.2,4.8,19.3,3.2,24.6,2.8,12.2,3.2,3.8,2.6,0.0,1.6,2.4,2.0,0.0,1.2,7.0,6.5,0.9,1.1,4.4,3.0,0.0,0.4,0.4078,0.1117,0.1641,0.65,0.8908,2.2244,0.433,0.6208,0.6877,0.3659,0.3502,0.0,2.0246,0.2851,0.0479,0.0479,0.0479,0.0,0.8276,0.5384,0.4289,0.0,1.7949,0.3333,6.0918,0.2721,0,0,0,0,0,0,0,0,0,0,0,0,0,0,0,0,0,0,0,0,0,1806,218,79,0,12,42,51,0,12,0,12,0,12,29,35,8,12,17.9,5.9,0.0,1.0,1.3,1.5,0.0,1.0,0.0,1.0,0.0,1.0,0.9,1.0,0.2,0.4
39,Ohio,OH,39037,Darke County,39037550100,Census Tract 5501; Darke County; Ohio,39.626351737844,3329,346,1436,169,1297,158,716,237,0,12,154,72,162,75,99,87,626,119,749,149,216,77,51,43,0,48,87,490,0,16,0,12,8,20,36,30,4,2,21.5,6.8,0.0,2.0,11.9,5.4,6.9,3.1,3.0,2.6,18.8,3.5,22.5,3.5,6.5,2.3,3.9,3.3,0.0,1.5,2.6,14.7,0.0,1.1,0.0,2.4,0.6,1.5,2.8,2.3,0.1,0.1,0.5424,0.0,0.094,0.4423,0.2291,1.3078,0.1724,0.5888,0.5526,0.0549,0.3638,0.0,1.5601,0.1044,0.0542,0.0542,0.0542,0.0,0.0,0.4632,0.2848,0.3694,1.1174,0.1273,4.0395,0.0575,0,0,0,0,0,0,0,0,0,0,0,0,0,0,0,0,0,0,0,0,0,1499,85,51,29,45,38,38,0,12,0,12,0,12,20,21,0,12,6.6,3.8,0.9,1.3,1.1,1.1,0.0,1.0,0.0,1.0,0.0,1.0,0.6,0.6,0.0,1.0
39,Ohio,OH,39037,Darke County,39037555001,Census Tract 5550.01; Darke County; Ohio,0.876666984916,2287,379,1139,183,1083,170,244,121,23,33,158,106,115,74,167,158,630,153,462,175,357,160,75,59,0,48,23,535,99,73,0,12,0,16,89,75,80,2,11.1,5.1,2.1,2.9,14.6,9.5,6.7,4.3,7.6,7.0,27.5,6.5,20.2,5.4,16.2,7.3,6.9,5.3,0.0,2.2,1.0,23.4,8.7,6.3,0.0,3.0,0.0,1.5,8.2,6.9,3.5,0.6,0.2437,0.2086,0.1762,0.4293,0.6855,1.7433,0.2927,0.9271,0.397,0.6144,0.613,0.0,2.5515,0.5902,0.0092,0.0092,0.0092,0.666,0.0,0.0,0.6552,0.8516,2.1728,0.4895,6.4768,0.3387,0,0,0,0,0,0,1,0,0,0,0,1,0,0,0,0,0,0,0,0,1,2683,225,153,0,12,0,12,0,12,11,17,0,12,12,27,0,12,20.8,12.4,0.0,1.5,0.0,1.5,0.0,1.5,0.5,0.7,0.0,1.5,0.5,1.2,0.0,1.5
39,Ohio,OH,39037,Darke County,39037555002,Census Tract 5550.02; Darke County; Ohio,4.531396933438,4236,662,1730,197,1717,197,748,434,57,57,224,99,159,94,164,144,1303,419,1023,266,675,228,51,57,0,48,83,909,176,103,0,12,14,25,86,64,134,2,18.5,10.3,3.3,3.4,13.0,5.6,5.2,3.0,4.0,3.7,30.8,8.0,24.2,4.6,16.5,5.2,3.0,3.3,0.0,1.2,2.0,21.5,10.2,5.8,0.0,2.0,0.8,1.5,5.0,3.7,3.2,0.5,0.47,0.386,0.1248,0.3148,0.3377,1.6333,0.2632,0.9667,0.669,0.6334,0.2619,0.0,2.531,0.5781,0.0333,0.0333,0.0333,0.6959,0.0,0.5117,0.4702,0.8405,2.5183,0.6416,6.7159,0.3822,0,0,0,0,0,0,1,0,0,0,0,1,0,0,0,0,0,0,0,0,1,5749,307,132,0,12,27,32,0,12,0,12,0,12,37,38,19,33,17.9,7.4,0.0,0.8,0.6,0.7,0.0,0.8,0.0,0.8,0.0,0.8,0.9,0.9,0.4,0.7
39,Ohio,OH,39037,Darke County,39037555101,Census Tract 5551.01; Darke County; Ohio,4.463347228142,3492,461,1842,266,1687,267,1268,446,68,50,540,216,405,160,264,146,1024,244,652,166,645,149,51,56,25,60,300,630,126,57,106,56,0,16,320,110,177,16,37.9,12.3,4.7,3.4,32.0,11.8,15.2,6.0,7.9,4.1,29.3,6.3,18.7,3.2,19.3,4.4,3.0,3.3,0.7,1.8,8.6,18.0,6.8,2.9,5.8,3.1,0.0,0.9,19.0,5.7,5.1,0.8,0.8121,0.553,0.7724,0.8228,0.709,3.6693,0.8171,0.9518,0.2964,0.7775,0.2619,0.6367,2.9243,0.7873,0.3047,0.3047,0.3047,0.613,0.8022,0.0,0.8905,0.9087,3.2144,0.8825,10.1127,0.8568,0,0,0,0,0,0,1,0,0,0,0,1,0,0,0,0,0,0,1,1,2,4138,372,137,47,42,100,84,51,82,0,12,0,12,102,69,0,12,22.1,7.2,1.3,1.2,2.9,2.4,1.5,2.3,0.0,1.0,0.0,1.0,2.9,1.9,0.0,1.0
39,Ohio,OH,39037,Darke County,39037555102,Census Tract 5551.02; Darke County; Ohio,4.166579578392,3541,436,1813,176,1685,191,1708,420,82,61,629,179,333,100,340,132,526,153,761,191,759,239,145,90,0,48,270,595,22,27,132,75,48,51,99,56,5,2,48.2,10.3,4.5,3.3,37.3,9.7,15.2,4.4,9.6,3.6,14.9,4.3,21.5,3.8,21.4,6.2,8.6,5.3,0.0,1.4,7.6,16.8,1.2,1.5,7.3,4.1,2.8,3.0,5.9,3.1,0.1,0.1,0.8981,0.534,0.8578,0.8228,0.8026,3.9153,0.8714,0.3377,0.4848,0.8493,0.7156,0.0,2.3874,0.4883,0.2609,0.2609,0.2609,0.3483,0.834,0.826,0.5349,0.3694,2.9126,0.799,9.4762,0.7911,0,0,0,0,0,0,0,0,0,0,0,0,0,0,0,0,0,0,0,0,0,6486,271,134,41,49,79,51,0,12,0,12,0,12,150,94,0,12,16.1,6.9,1.2,1.4,2.2,1.4,0.0,1.0,0.0,1.0,0.0,1.0,4.2,2.5,0.0,1.0
39,Ohio,OH,39037,Darke County,39037560101,Census Tract 5601.01; Darke County; Ohio,68.691214155102,3437,336,1496,149,1382,169,561,225,25,18,160,62,239,92,100,51,621,168,864,163,472,183,53,34,0,48,110,471,0,16,33,27,5,7,35,21,0,12,16.3,6.3,1.5,1.1,11.6,4.3,10.0,3.9,2.9,1.5,18.1,4.4,25.1,3.4,13.7,4.8,3.8,2.4,0.0,1.5,3.2,13.7,0.0,1.1,2.2,1.8,0.3,0.5,2.5,1.5,0.0,0.3,0.4002,0.1251,0.0863,0.6389,0.2142,1.4647,0.2152,0.539,0.7188,0.4589,0.3502,0.0,2.0669,0.306,0.0751,0.0751,0.0751,0.0,0.707,0.4041,0.2587,0.0,1.3698,0.1937,4.9765,0.1387,0,0,0,0,0,0,0,0,0,0,0,0,0,0,0,0,0,0,0,0,0,2862,246,143,0,12,15,15,38,52,0,12,0,12,57,40,0,12,17.8,9.1,0.0,1.0,0.4,0.4,1.1,1.5,0.0,1.0,0.0,1.0,1.7,1.1,0.0,1.0
39,Ohio,OH,39037,Darke County,39037560102,Census Tract 5601.02; Darke County; Ohio,56.074402729792,3218,460,1461,189,1373,169,1076,408,104,86,280,122,240,107,234,110,617,102,786,285,618,226,94,93,3,46,239,630,0,16,160,79,29,35,39,46,0,12,33.5,11.7,7.1,6.0,20.4,8.5,11.0,4.7,7.3,3.1,19.2,4.1,24.4,6.3,19.2,6.2,6.8,6.7,0.1,1.6,7.4,19.5,0.0,1.1,11.0,5.3,2.1,2.5,2.8,3.2,0.0,0.4,0.7626,0.7283,0.413,0.6855,0.6661,3.2555,0.7251,0.6129,0.6782,0.7721,0.6051,0.4245,3.0928,0.8527,0.2521,0.2521,0.2521,0.0,0.887,0.7448,0.2848,0.0,1.9166,0.3838,8.517,0.6648,0,0,0,0,0,0,0,0,0,0,0,0,0,0,0,0,0,0,0,0,0,1263,268,99,18,30,39,33,31,43,4,6,0,12,122,60,25,41,19.5,7.0,0.6,0.9,1.2,1.0,1.0,1.3,0.1,0.2,0.0,1.1,3.8,1.7,0.8,1.3
39,Ohio,OH,39037,Darke County,39037570101,Census Tract 5701.01; Darke County; Ohio,54.222634757774,3148,429,1267,205,1211,211,516,205,49,61,196,116,136,124,398,246,580,175,776,154,329,148,84,72,0,48,104,606,0,16,11,16,22,26,36,52,0,12,16.4,6.1,3.2,3.7,16.2,9.2,6.4,5.7,12.7,7.3,18.4,4.7,24.7,3.5,10.5,4.6,6.9,5.8,0.0,1.7,3.3,19.2,0.0,1.3,0.9,1.3,1.8,2.1,3.0,4.2,0.0,0.4,0.4046,0.3711,0.2371,0.4112,0.9038,2.3278,0.4613,0.5621,0.6956,0.2453,0.613,0.0,2.116,0.333,0.0793,0.0793,0.0793,0.0,0.6187,0.7079,0.3051,0.0,1.6317,0.2692,6.1548,0.2829,0,0,0,0,1,1,0,0,0,0,0,0,0,0,0,0,0,0,0,0,1,1434,263,147,24,38,32,57,0,12,0,12,0,12,48,47,0,12,21.7,10.0,0.8,1.2,1.0,1.8,0.0,1.1,0.0,1.1,0.0,1.1,1.5,1.5,0.0,1.1
39,Ohio,OH,39037,Darke County,39037570102,Census Tract 5701.02; Darke County; Ohio,54.693549853604,5832,263,2509,178,2345,131,1209,239,75,50,587,192,372,166,580,215,979,143,1349,151,676,265,113,55,0,68,288,369,0,24,12,17,14,24,47,39,0,17,20.8,4.0,2.4,1.6,25.0,8.1,9.5,4.0,10.0,3.6,16.8,2.2,23.1,2.3,11.6,4.5,4.8,2.3,0.0,1.2,4.9,6.3,0.0,1.0,0.5,0.7,0.6,1.0,2.0,1.7,0.0,0.3,0.5249,0.2514,0.5784,0.6068,0.8197,2.7812,0.5978,0.4486,0.5948,0.3234,0.4565,0.0,1.8233,0.1911,0.1474,0.1474,0.1474,0.0,0.5717,0.4632,0.2127,0.0,1.2476,0.1619,5.9995,0.259,0,0,0,0,0,0,0,0,0,0,0,0,0,0,0,0,0,0,0,0,0,4015,438,126,28,25,70,63,0,17,0,17,0,17,190,133,0,17,18.7,5.0,0.5,0.4,1.2,1.1,0.0,0.6,0.0,0.6,0.0,0.6,3.3,2.2,0.0,0.6
39,Ohio,OH,39039,Defiance County,39039958100,Census Tract 9581; Defiance County; Ohio,94.238149512274,4773,554,1729,134,1618,127,454,276,61,49,145,69,103,67,438,305,764,110,1215,322,531,214,19,27,36,62,719,700,4,13,112,64,64,52,55,42,9,10,9.6,5.8,2.4,1.9,9.0,4.2,3.2,2.1,9.2,6.1,16.0,2.7,25.5,4.6,11.1,4.4,1.2,1.7,0.8,1.4,15.1,14.6,0.2,0.8,6.5,3.6,4.0,3.2,3.4,2.6,0.2,0.2,0.1939,0.2514,0.0324,0.1671,0.7813,1.4261,0.2063,0.3989,0.7378,0.2882,0.0937,0.6636,2.1822,0.3692,0.4965,0.4965,0.4965,0.261,0.8181,0.8952,0.3438,0.4356,2.7537,0.74,6.8585,0.4067,0,0,0,0,0,0,0,0,0,0,0,0,0,0,0,0,0,0,0,0,0,5965,196,81,62,83,567,346,21,20,8,15,0,12,61,47,0,12,12.1,5.0,1.3,1.7,11.9,6.6,0.4,0.4,0.2,0.3,0.0,0.7,1.3,1.0,0.0,0.7
39,Ohio,OH,39039,Defiance County,39039958200,Census Tract 9582; Defiance County; Ohio,130.75080329283,4905,604,1786,157,1605,152,1079,525,275,125,286,101,240,129,636,424,703,145,1383,348,463,124,63,40,0,48,169,851,0,16,33,33,15,21,62,64,0,12,22.0,10.4,10.8,4.4,17.8,6.1,7.9,4.1,13.0,7.6,14.3,3.1,28.2,4.5,9.4,2.6,3.9,2.5,0.0,1.0,3.4,17.3,0.0,0.9,1.8,1.8,0.9,1.3,3.9,3.8,0.0,0.2,0.5576,0.86,0.3038,0.5076,0.9108,3.1398,0.699,0.3047,0.8608,0.1787,0.3638,0.0,1.708,0.1463,0.0824,0.0824,0.0824,0.0,0.686,0.5384,0.3892,0.0,1.6136,0.2632,6.5438,0.3492,0,0,0,0,1,1,0,0,0,0,0,0,0,0,0,0,0,0,0,0,1,2731,209,85,1,2,80,71,4,6,0,12,0,12,84,62,0,12,13.0,4.9,0.0,0.1,1.6,1.4,0.1,0.1,0.0,0.7,0.0,0.7,1.7,1.3,0.0,0.7
39,Ohio,OH,39039,Defiance County,39039958300,Census Tract 9583; Defiance County; Ohio,19.677134759732,3953,402,1592,195,1556,187,655,235,64,43,194,81,281,114,275,139,688,145,1027,206,430,123,111,62,122,131,616,582,23,25,81,45,58,50,139,71,48,1,16.8,5.8,3.1,2.1,12.5,5.0,10.8,4.1,7.0,3.5,17.4,3.3,26.0,3.9,11.0,3.1,7.1,3.9,3.3,3.6,15.6,14.6,1.4,1.6,5.1,2.8,3.7,3.2,8.9,4.3,1.2,0.1,0.418,0.3537,0.1124,0.6782,0.636,2.1983,0.4267,0.4908,0.7689,0.2815,0.626,0.9071,3.0743,0.8444,0.5073,0.5073,0.5073,0.3663,0.7851,0.8841,0.6848,0.6814,3.4017,0.9194,9.1816,0.7483,0,0,0,0,0,0,0,0,0,0,1,1,0,0,0,0,0,0,0,0,1,4267,300,134,20,28,435,250,0,12,0,12,0,12,137,139,24,38,19.3,7.8,0.5,0.7,11.0,6.1,0.0,0.9,0.0,0.9,0.0,0.9,3.5,3.5,0.6,1.0
39,Ohio,OH,39039,Defiance County,39039958400,Census Tract 9584; Defiance County; Ohio,92.244311062234,3756,363,1618,153,1520,172,468,182,58,41,234,108,137,61,30,23,633,105,988,186,476,103,76,49,0,48,358,479,0,16,51,38,0,16,6,6,0,12,12.5,4.7,2.9,2.1,15.4,6.9,5.5,2.2,0.8,0.6,16.9,2.6,26.3,3.5,12.7,2.9,5.0,3.2,0.0,1.4,9.5,12.7,0.0,1.0,3.2,2.3,0.0,1.1,0.4,0.4,0.0,0.3,0.2847,0.327,0.2051,0.3405,0.0279,1.1852,0.1441,0.4575,0.7828,0.3951,0.4762,0.0,2.1116,0.3289,0.337,0.337,0.337,0.0,0.7413,0.0,0.0476,0.0,0.7889,0.074,4.4227,0.0895,0,0,0,0,0,0,0,0,0,0,0,0,0,0,0,0,0,0,0,0,0,1828,230,106,2,5,275,145,39,29,0,12,0,12,42,33,0,12,15.1,6.3,0.1,0.1,7.3,3.5,1.0,0.8,0.0,0.9,0.0,0.9,1.1,0.9,0.0,0.9
39,Ohio,OH,39039,Defiance County,39039958500,Census Tract 9585; Defiance County; Ohio,4.763636128132,3899,303,1744,174,1622,177,917,252,192,91,446,142,188,82,236,100,914,183,744,160,637,159,158,88,59,69,1001,422,177,94,45,41,0,16,125,86,370,16,26.0,6.8,10.0,4.6,27.5,8.2,7.2,3.2,6.3,2.6,23.4,4.5,19.1,3.6,16.9,4.0,9.8,5.3,1.6,1.9,25.7,10.6,10.1,5.3,2.6,2.3,0.0,1.0,7.7,5.1,9.5,0.8,0.6423,0.8435,0.6663,0.4629,0.5763,3.1913,0.7117,0.8107,0.3256,0.6598,0.7705,0.7971,3.3637,0.9219,0.6655,0.6655,0.6655,0.6933,0.7197,0.0,0.634,0.9528,2.9998,0.8286,10.2203,0.8673,0,0,0,0,0,0,0,0,0,0,0,0,0,0,0,0,0,0,1,1,1,5237,291,148,152,121,672,201,27,23,8,11,6,12,118,65,18,28,17.9,8.2,3.9,3.0,17.2,4.7,0.7,0.6,0.2,0.3,0.2,0.3,3.0,1.7,0.5,0.7
39,Ohio,OH,39039,Defiance County,39039958600,Census Tract 9586; Defiance County; Ohio,7.089542761578,3863,425,1851,138,1609,187,776,346,55,39,287,122,309,121,275,157,521,128,1050,286,468,144,249,114,26,57,824,585,55,48,45,38,41,48,123,68,0,12,20.1,8.7,2.7,1.9,17.8,7.3,12.7,5.0,7.1,4.0,13.5,3.2,27.2,5.5,12.1,3.6,15.5,6.9,0.7,1.6,21.3,15.0,3.0,2.6,2.4,2.1,2.5,3.0,7.6,4.1,0.0,0.3,0.5087,0.2968,0.3038,0.7454,0.6452,2.4999,0.5098,0.2616,0.824,0.3586,0.9105,0.6367,2.9914,0.8168,0.6081,0.6081,0.6081,0.4724,0.7143,0.7902,0.6279,0.0,2.6048,0.6794,8.7042,0.6895,0,0,0,0,0,0,0,0,0,1,0,1,0,0,0,0,0,0,0,0,1,4453,189,91,74,70,640,234,0,12,0,12,0,12,110,91,0,12,11.7,5.2,1.9,1.9,16.6,5.6,0.0,0.9,0.0,0.9,0.0,0.9,2.8,2.3,0.0,0.9
39,Ohio,OH,39039,Defiance County,39039958700,Census Tract 9587; Defiance County; Ohio,4.229365941224,4916,433,2249,176,2101,182,936,356,144,92,354,125,368,165,304,204,1282,212,959,183,880,232,141,92,20,55,859,602,157,72,0,12,29,47,176,71,122,2,19.7,7.3,5.9,3.6,16.8,5.8,10.0,4.5,6.3,4.2,26.1,4.2,19.5,3.1,18.4,4.8,6.7,4.3,0.4,1.2,17.5,12.1,7.0,3.2,0.0,1.5,1.4,2.2,8.4,3.4,2.5,0.2,0.4998,0.6492,0.2635,0.6389,0.5763,2.6277,0.5486,0.9001,0.3535,0.7318,0.5975,0.5412,3.1241,0.8613,0.5469,0.5469,0.5469,0.6171,0.0,0.6384,0.6635,0.7949,2.7139,0.7248,9.0126,0.7305,0,0,0,0,0,0,1,0,0,0,0,1,0,0,0,0,0,0,0,0,1,4496,290,120,111,76,654,196,0,12,8,12,0,12,86,65,0,12,13.8,5.3,2.3,1.5,13.3,3.8,0.0,0.7,0.2,0.2,0.0,0.7,1.7,1.3,0.0,0.7
39,Ohio,OH,39039,Defiance County,39039958800,Census Tract 9588; Defiance County; Ohio,2.919291353166,3450,464,1712,166,1491,203,941,365,81,60,335,132,212,95,281,138,484,106,534,187,727,257,50,45,69,72,664,633,126,83,28,34,0,16,42,34,16,9,27.7,10.1,4.3,3.1,22.5,8.3,8.4,3.7,8.1,3.8,14.0,3.6,15.5,4.4,21.1,7.0,3.3,3.0,2.1,2.2,19.2,18.2,7.3,4.8,1.6,2.0,0.0,1.1,2.8,2.3,0.5,0.3,0.6728,0.5117,0.4902,0.5428,0.7226,2.9401,0.64,0.2885,0.1449,0.8391,0.2943,0.8427,2.4095,0.5038,0.5777,0.5777,0.5777,0.6283,0.6749,0.0,0.2848,0.5742,2.1622,0.486,8.0895,0.5987,0,0,0,0,0,0,0,0,0,0,0,0,0,0,0,0,0,0,0,0,0,3606,197,83,134,86,469,216,15,20,16,16,0,12,30,24,0,12,13.2,6.1,3.9,2.5,13.6,5.8,0.4,0.6,0.5,0.5,0.0,1.0,0.9,0.7,0.0,1.0
39,Ohio,OH,39039,Defiance County,39039958900,Census Tract 9589; Defiance County; Ohio,55.526964534174,4785,533,2282,188,2140,195,566,268,29,33,344,143,269,134,161,118,1275,237,796,279,661,192,111,82,0,48,412,736,0,16,283,111,0,16,49,41,23,4,11.9,5.5,1.2,1.4,16.1,6.5,7.2,3.7,3.4,2.5,26.6,4.8,16.6,4.7,13.8,4.3,5.2,3.8,0.0,1.0,8.6,15.4,0.0,0.7,12.4,5.0,0.0,0.7,2.3,1.9,0.5,0.1,0.2682,0.0898,0.2321,0.4629,0.2745,1.3275,0.1787,0.9128,0.1874,0.4675,0.4921,0.0,2.0598,0.3013,0.3047,0.3047,0.3047,0.0,0.9038,0.0,0.2429,0.5742,1.7209,0.3051,5.4129,0.179,0,0,0,0,0,0,1,0,0,0,0,1,0,0,0,1,0,0,0,1,2,4051,234,116,2,11,313,174,1,10,0,12,0,12,96,82,0,12,10.9,5.4,0.0,0.2,6.5,3.5,0.0,0.2,0.0,0.7,0.0,0.7,2.0,1.8,0.0,0.7
39,Ohio,OH,39041,Delaware County,39041010100,Census Tract 101; Delaware County; Ohio,1.088256286344,5483,568,1947,262,1794,254,626,221,133,62,396,125,174,75,387,134,694,153,707,165,818,207,77,56,7,66,1037,805,281,130,0,17,49,54,47,29,1275,34,14.7,4.8,4.0,2.0,22.1,6.2,5.2,2.5,7.1,2.5,12.7,2.4,12.9,2.3,15.1,4.0,4.3,3.1,0.1,1.2,18.9,14.6,14.4,6.4,0.0,1.8,2.8,3.0,2.6,1.7,23.3,2.5,0.3548,0.4756,0.4768,0.3148,0.6452,2.2672,0.4454,0.2257,0.077,0.5528,0.407,0.4245,1.687,0.139,0.5745,0.5745,0.5745,0.7717,0.0,0.826,0.267,0.9794,2.8441,0.7756,7.3728,0.4813,0,0,0,0,0,0,0,0,0,0,0,0,0,0,0,0,0,0,1,1,1,7096,82,40,429,177,305,169,105,83,0,17,0,17,171,87,27,43,4.6,2.3,7.8,3.3,5.6,3.0,1.9,1.5,0.0,0.6,0.0,0.6,3.1,1.6,0.5,0.8
39,Ohio,OH,39041,Delaware County,39041010200,Census Tract 102; Delaware County; Ohio,4.96943003854,5778,602,2595,361,2383,364,1206,537,101,80,484,203,230,107,485,254,711,339,1189,223,802,398,222,114,0,68,1092,886,111,80,266,298,0,24,248,302,153,17,21.4,9.3,3.2,2.4,20.3,7.9,5.8,2.7,8.7,4.2,12.3,5.5,20.6,3.5,14.3,6.6,9.3,4.6,0.0,1.2,18.9,15.2,4.3,3.0,10.3,10.5,0.0,1.0,10.4,11.6,2.6,0.1,0.5401,0.3711,0.4086,0.3662,0.7566,2.4426,0.4921,0.2074,0.4271,0.5033,0.7495,0.0,1.8873,0.2159,0.5745,0.5745,0.5745,0.5314,0.8784,0.0,0.7311,0.8012,2.9421,0.8098,7.8465,0.5575,0,0,0,0,0,0,0,0,0,0,0,0,0,0,0,0,0,0,0,0,0,4678,184,112,323,292,77,75,333,303,10,14,0,17,307,185,42,69,7.7,4.7,5.6,5.1,1.3,1.3,5.8,5.2,0.2,0.3,0.0,0.6,5.3,3.3,0.7,1.2
39,Ohio,OH,39041,Delaware County,39041010420,Census Tract 104.20; Delaware County; Ohio,1.368611126176,2810,289,1122,95,1112,98,249,120,18,24,207,85,75,59,165,83,372,77,574,148,267,131,84,59,0,48,264,408,41,35,0,12,0,16,40,48,2,2,8.9,4.2,1.1,1.4,18.6,7.5,3.9,2.9,5.9,2.9,13.2,2.7,20.4,4.3,9.5,4.5,7.6,5.3,0.0,1.8,9.4,14.5,3.6,3.1,0.0,3.1,0.0,1.4,3.6,4.2,0.1,0.1,0.1765,0.0803,0.3359,0.2191,0.537,1.3488,0.1832,0.2457,0.4134,0.1872,0.661,0.0,1.5073,0.0924,0.3345,0.3345,0.3345,0.5013,0.0,0.0,0.3638,0.3694,1.2345,0.1575,4.4251,0.0902,0,0,0,0,0,0,0,0,0,0,0,0,0,0,0,0,0,0,0,0,0,2692,38,37,0,12,8,25,60,62,0,12,0,12,182,135,14,21,3.4,3.2,0.0,1.2,0.3,0.9,2.1,2.2,0.0,1.2,0.0,1.2,6.5,4.7,0.5,0.8
39,Ohio,OH,39041,Delaware County,39041010421,Census Tract 104.21; Delaware County; Ohio,1.334465423602,2741,435,1339,264,1270,265,319,181,15,20,339,150,39,37,83,60,833,266,622,211,387,133,87,83,0,48,259,598,346,161,0,12,0,16,67,57,114,3,12.1,6.6,1.3,1.8,26.7,10.4,1.9,1.8,3.2,2.2,30.4,8.4,22.7,6.4,14.7,5.8,6.9,6.4,0.0,1.9,9.4,21.8,25.8,10.9,0.0,2.6,0.0,1.3,5.3,4.6,4.2,0.7,0.2742,0.1013,0.6425,0.0808,0.2491,1.3479,0.1829,0.9616,0.5669,0.5287,0.613,0.0,2.6702,0.6641,0.3345,0.3345,0.3345,0.8917,0.0,0.0,0.4917,0.8824,2.2658,0.5359,6.6184,0.3635,0,0,0,0,0,0,1,0,0,0,0,1,0,0,0,0,0,0,0,0,1,1646,129,85,99,110,139,123,0,12,0,12,0,12,21,27,0,12,10.2,6.7,3.6,4.0,5.1,4.4,0.0,1.3,0.0,1.3,0.0,1.3,0.8,1.0,0.0,1.3
39,Ohio,OH,39041,Delaware County,39041010422,Census Tract 104.22; Delaware County; Ohio,2.398733192686,6165,705,2363,217,2317,237,665,292,72,71,722,205,111,97,355,218,883,156,1763,328,662,177,147,100,0,68,1262,1001,127,93,0,17,20,36,102,80,0,17,10.8,4.6,2.3,2.2,31.2,8.3,2.8,2.4,5.8,3.4,14.3,2.7,28.6,3.1,10.8,3.0,6.3,4.3,0.0,1.2,20.5,16.1,5.3,3.9,0.0,1.5,0.9,1.6,4.4,3.5,0.0,0.3,0.2342,0.2384,0.7546,0.1386,0.5294,1.8952,0.3337,0.3047,0.876,0.2691,0.5714,0.0,2.0212,0.2819,0.5977,0.5977,0.5977,0.566,0.0,0.5384,0.4289,0.0,1.5333,0.2406,6.0474,0.2663,0,0,0,0,0,0,0,0,0,0,0,0,0,0,0,0,0,0,0,0,0,5575,114,89,253,207,459,263,77,100,0,17,21,39,393,273,59,89,4.9,3.9,4.1,3.4,7.4,4.1,1.2,1.7,0.0,0.6,0.3,0.6,6.4,4.4,1.0,1.5
39,Ohio,OH,39041,Delaware County,39041010520,Census Tract 105.20; Delaware County; Ohio,4.384741108064,7361,819,2881,315,2755,326,594,273,219,161,495,157,363,160,641,625,1032,210,1796,323,782,203,214,111,95,112,1241,1198,112,70,0,17,10,22,90,73,58,3,8.2,3.7,4.8,3.5,18.0,5.3,7.4,3.2,8.8,8.1,14.0,3.0,24.4,3.1,10.7,2.9,7.8,3.9,1.4,1.7,16.9,16.2,3.9,2.4,0.0,1.2,0.4,0.8,3.3,2.7,0.8,0.1,0.1514,0.5603,0.3114,0.4775,0.7623,2.2629,0.4438,0.2885,0.6782,0.2615,0.6749,0.7717,2.6748,0.6663,0.533,0.533,0.533,0.5133,0.0,0.4206,0.3346,0.6344,1.9029,0.3765,7.3736,0.4819,0,0,0,0,0,0,0,0,0,0,0,0,0,0,0,0,0,0,0,0,0,6094,100,72,420,247,137,147,270,201,0,17,0,17,376,273,38,46,3.6,2.6,5.7,3.5,1.9,2.0,3.7,2.8,0.0,0.5,0.0,0.5,5.1,3.7,0.5,0.6
39,Ohio,OH,39041,Delaware County,39041010530,Census Tract 105.30; Delaware County; Ohio,0.983429979446,3249,400,1367,136,1302,147,925,259,47,42,391,127,220,109,126,73,453,126,688,212,629,208,38,47,0,48,457,554,159,72,269,113,35,54,106,60,48,2,29.0,7.2,3.0,2.7,30.0,9.1,10.7,4.7,3.9,2.3,13.9,4.3,21.2,5.0,19.7,5.9,2.9,3.6,0.0,1.6,14.1,17.0,11.6,5.1,19.7,7.3,2.7,4.1,8.1,4.4,1.5,0.2,0.6944,0.3403,0.7267,0.6741,0.3224,2.7579,0.5911,0.2841,0.4654,0.794,0.2473,0.0,1.7908,0.1778,0.4727,0.4727,0.4727,0.7216,0.9562,0.814,0.6505,0.7146,3.8569,0.9829,8.8783,0.7098,0,0,0,0,0,0,0,0,0,0,0,0,0,0,0,1,0,0,0,1,1,2548,133,82,161,105,133,133,0,12,0,12,0,12,163,111,0,12,10.2,5.7,5.0,3.2,4.1,3.9,0.0,1.1,0.0,1.1,0.0,1.1,5.0,3.4,0.0,1.1
39,Ohio,OH,39041,Delaware County,39041011101,Census Tract 111.01; Delaware County; Ohio,32.400371726424,2898,338,1290,158,1193,159,747,259,22,20,313,137,199,135,430,235,415,59,615,99,282,87,64,37,0,48,167,469,9,9,116,52,3,13,29,18,13,3,26.0,8.5,1.5,1.3,26.2,10.9,9.5,5.8,14.8,7.3,14.3,2.0,21.2,3.4,9.7,3.0,5.4,3.0,0.0,1.7,5.8,16.2,0.7,0.7,9.0,3.9,0.3,1.1,2.4,1.5,0.4,0.1,0.6423,0.1251,0.6241,0.6068,0.9375,2.9358,0.6381,0.3047,0.4654,0.2003,0.5108,0.0,1.4812,0.0867,0.1855,0.1855,0.1855,0.2994,0.8619,0.4041,0.2514,0.5374,2.3542,0.5702,6.9567,0.4168,0,0,0,0,1,1,0,0,0,0,0,0,0,0,0,0,0,0,0,0,1,1440,173,120,34,43,7,12,0,12,0,12,0,12,126,60,0,12,14.5,8.8,1.2,1.5,0.2,0.4,0.0,1.2,0.0,1.2,0.0,1.2,4.3,2.0,0.0,1.2
39,Ohio,OH,39041,Delaware County,39041011102,Census Tract 111.02; Delaware County; Ohio,62.136334632268,5204,404,2113,249,2027,228,456,275,76,73,365,217,88,53,401,270,1010,239,1036,186,456,151,22,31,0,68,378,554,81,108,0,17,9,22,28,32,0,17,8.8,5.3,2.7,2.6,18.0,10.5,2.4,1.4,7.7,5.0,19.4,4.9,19.9,3.2,8.8,2.8,1.1,1.5,0.0,1.4,7.3,10.6,3.8,5.1,0.0,1.6,0.4,1.1,1.4,1.6,0.0,0.3,0.173,0.2968,0.3114,0.1135,0.6915,1.5862,0.2489,0.6287,0.3751,0.1526,0.0829,0.0,1.2393,0.0448,0.2489,0.2489,0.2489,0.5067,0.0,0.4206,0.1476,0.0,1.0749,0.119,4.1493,0.066,0,0,0,0,0,0,0,0,0,0,0,0,0,0,0,0,0,0,0,0,0,1459,72,72,14,23,119,105,30,46,0,17,0,17,215,141,0,17,3.6,3.4,0.3,0.4,2.3,2.0,0.6,0.9,0.0,0.7,0.0,0.7,4.1,2.6,0.0,0.7
39,Ohio,OH,39041,Delaware County,39041011200,Census Tract 112; Delaware County; Ohio,35.95243792535,3593,451,1538,181,1481,185,826,269,30,40,390,116,158,115,181,115,804,194,522,131,795,208,72,50,26,51,332,623,115,73,226,95,9,18,118,73,0,12,23.1,7.0,1.6,2.2,26.3,7.1,5.6,4.1,5.1,3.2,22.4,5.2,14.5,3.1,22.2,5.5,4.9,3.3,0.8,1.5,9.2,17.3,7.5,4.7,14.7,6.4,0.6,1.2,8.0,4.6,0.0,0.3,0.5843,0.1346,0.6283,0.3497,0.4611,2.158,0.4127,0.7663,0.1148,0.875,0.4644,0.6636,2.8841,0.7705,0.3269,0.3269,0.3269,0.6343,0.9254,0.4632,0.6479,0.0,2.6708,0.7079,8.0398,0.5905,0,0,0,0,0,0,0,0,0,0,0,0,0,0,0,1,0,0,0,1,1,2924,110,70,172,154,74,85,30,49,2,4,0,12,32,32,22,33,7.4,4.9,4.8,4.2,2.1,2.3,0.8,1.3,0.1,0.1,0.0,1.0,0.9,0.9,0.6,0.9
39,Ohio,OH,39041,Delaware County,39041011411,Census Tract 114.11; Delaware County; Ohio,1.830713829958,3351,300,1270,119,1228,111,171,95,68,41,202,102,42,37,63,56,605,109,746,119,287,101,105,66,0,48,495,447,0,16,0,12,4,13,15,23,0,12,5.1,2.8,4.1,2.4,16.4,8.2,1.8,1.6,1.9,1.7,18.1,3.6,22.3,3.4,8.6,3.2,8.6,5.3,0.0,1.5,14.8,13.3,0.0,1.3,0.0,2.7,0.3,1.1,1.2,1.9,0.0,0.4,0.0657,0.4867,0.2451,0.0758,0.1104,0.9837,0.0956,0.539,0.539,0.1415,0.7156,0.0,1.9351,0.2381,0.488,0.488,0.488,0.0,0.0,0.4041,0.1276,0.0,0.5317,0.0397,3.9385,0.0489,0,0,0,0,0,0,0,0,0,0,0,0,0,0,0,0,0,0,0,0,0,2765,11,16,53,70,256,206,75,63,0,12,0,12,107,67,4,8,0.9,1.3,1.6,2.1,7.6,6.0,2.2,1.9,0.0,1.0,0.0,1.0,3.2,2.1,0.1,0.2
39,Ohio,OH,39041,Delaware County,39041011412,Census Tract 114.12; Delaware County; Ohio,4.826741797318,4597,429,1582,122,1582,122,161,98,8,12,130,55,57,56,60,61,716,120,1312,223,184,79,45,39,20,48,679,600,0,16,0,12,0,16,36,50,79,11,3.6,2.1,0.4,0.6,8.2,3.4,1.9,1.9,1.3,1.4,15.6,2.7,28.5,3.0,4.1,1.9,2.8,2.5,0.5,1.1,14.8,13.0,0.0,1.0,0.0,2.2,0.0,1.0,2.3,3.2,1.7,0.2,0.0355,0.0289,0.0238,0.0808,0.0593,0.2283,0.0035,0.3763,0.8719,0.0095,0.2403,0.5796,2.0776,0.3124,0.488,0.488,0.488,0.0,0.0,0.0,0.2429,0.7381,0.981,0.1035,3.7749,0.0413,0,0,0,0,0,0,0,0,0,0,0,0,0,0,0,0,0,0,0,0,0,2506,43,55,42,19,168,129,285,101,1,2,0,12,128,101,55,68,2.7,3.4,0.9,0.4,3.7,2.8,6.2,2.2,0.0,0.1,0.0,0.8,2.8,2.1,1.2,1.5
39,Ohio,OH,39041,Delaware County,39041011421,Census Tract 114.21; Delaware County; Ohio,3.595054409504,6857,556,2413,191,2356,190,74,47,128,96,130,67,171,120,217,181,1221,238,2034,244,303,112,154,103,123,127,1157,784,0,24,0,17,0,24,28,35,14,4,1.1,0.7,3.8,2.7,5.5,2.8,3.8,2.5,3.2,2.6,17.8,3.2,29.7,2.6,4.4,1.6,6.5,4.3,1.9,2.0,16.9,11.4,0.0,1.0,0.0,1.4,0.0,1.0,1.2,1.5,0.2,0.1,0.0041,0.4524,0.006,0.2102,0.2491,0.9218,0.0851,0.5178,0.9055,0.0152,0.5844,0.8275,2.8504,0.7537,0.533,0.533,0.533,0.0,0.0,0.0,0.1276,0.4356,0.5632,0.0435,4.8684,0.1286,0,0,0,0,0,0,0,1,0,0,0,1,0,0,0,0,0,0,0,0,1,5783,87,92,108,71,72,96,819,380,52,55,0,17,94,79,12,19,3.7,3.7,1.6,1.0,1.1,1.4,11.9,5.2,0.8,0.8,0.0,0.5,1.4,1.1,0.2,0.3
39,Ohio,OH,39041,Delaware County,39041011423,Census Tract 114.23; Delaware County; Ohio,5.6015292058,7395,853,2511,224,2339,228,72,72,129,75,89,61,58,60,324,360,1327,434,1741,211,316,136,52,61,0,68,887,1240,0,24,0,17,0,24,20,27,0,17,1.0,1.0,3.3,1.9,3.8,2.6,1.1,1.2,4.4,4.6,17.9,4.6,23.5,3.3,4.3,1.9,2.2,2.6,0.0,1.0,12.0,16.7,0.0,1.0,0.0,1.4,0.0,1.0,0.9,1.2,0.0,0.2,0.0035,0.386,0.0016,0.0384,0.3758,0.8053,0.0644,0.5231,0.6224,0.013,0.1762,0.0,1.3347,0.0581,0.4169,0.4169,0.4169,0.0,0.0,0.0,0.0975,0.0,0.0975,0.013,2.6544,0.006,0,0,0,0,0,0,0,0,0,0,0,0,0,0,0,0,0,0,0,0,0,2962,32,39,117,133,107,107,231,120,0,17,0,17,138,108,294,224,1.4,1.7,1.6,1.8,1.4,1.4,3.1,1.6,0.0,0.5,0.0,0.5,1.9,1.5,4.0,3.1
39,Ohio,OH,39041,Delaware County,39041011430,Census Tract 114.30; Delaware County; Ohio,2.322674187502,3437,572,1540,213,1448,209,134,82,0,12,241,79,44,41,64,38,815,136,789,265,358,121,67,40,40,68,873,637,338,134,0,12,0,16,85,65,6,2,3.9,2.3,0.0,2.1,16.6,4.9,1.9,1.8,1.9,1.1,23.7,5.1,23.0,5.1,10.4,3.7,4.6,2.7,1.2,2.1,25.4,18.0,21.9,8.2,0.0,2.2,0.0,1.1,5.9,4.3,0.2,0.0,0.0419,0.0,0.2546,0.0808,0.1104,0.4877,0.021,0.824,0.5862,0.2396,0.4381,0.7403,2.8282,0.7435,0.6614,0.6614,0.6614,0.8663,0.0,0.0,0.5349,0.4356,1.8368,0.3517,5.8141,0.2346,0,0,0,0,0,0,0,0,0,0,0,0,0,0,0,0,0,0,0,0,0,5092,166,86,18,22,29,47,749,488,0,12,0,12,77,57,0,12,11.5,5.7,0.5,0.6,0.8,1.4,21.8,11.6,0.0,1.0,0.0,1.0,2.2,1.8,0.0,1.0
39,Ohio,OH,39041,Delaware County,39041011431,Census Tract 114.31; Delaware County; Ohio,7.84014087976,1255,170,442,45,438,47,190,215,48,68,63,71,3,7,146,211,282,97,187,107,180,82,0,16,0,48,248,244,0,16,0,12,0,16,0,12,13,3,15.1,17.0,6.0,8.6,14.4,16.1,0.3,0.7,11.6,16.9,22.5,8.2,14.9,7.7,14.3,6.3,0.0,3.7,0.0,3.9,19.8,19.3,0.0,3.6,0.0,7.6,0.0,3.7,0.0,7.7,1.0,0.2,0.3669,0.6559,0.1679,0.0114,0.8753,2.0774,0.3911,0.7717,0.1259,0.5033,0.0,0.0,1.4009,0.0667,0.5888,0.5888,0.5888,0.0,0.0,0.0,0.0,0.6595,0.6595,0.0533,4.7266,0.1156,0,0,0,0,0,0,0,0,0,0,0,0,0,0,0,0,0,0,0,0,0,643,18,19,10,7,234,140,0,12,0,12,0,12,4,7,0,12,4.1,4.2,0.8,0.6,18.6,10.6,0.0,2.7,0.0,2.7,0.0,2.7,0.3,0.6,0.0,2.7
39,Ohio,OH,39041,Delaware County,39041011432,Census Tract 114.32; Delaware County; Ohio,12.858678073374,7708,442,2835,183,2649,188,153,87,168,94,250,118,64,89,131,86,1559,407,2106,322,570,198,77,67,0,68,921,704,9,23,0,17,22,27,29,32,0,17,2.0,1.1,4.4,2.4,9.4,4.4,1.2,1.7,1.7,1.1,20.2,5.1,27.3,3.4,7.4,2.6,2.9,2.5,0.0,0.9,11.9,9.1,0.3,0.8,0.0,1.2,0.9,1.0,1.1,1.2,0.0,0.2,0.013,0.5244,0.0378,0.0425,0.092,0.7097,0.0479,0.6734,0.8282,0.0847,0.2473,0.0,1.8336,0.1956,0.4144,0.4144,0.4144,0.2683,0.0,0.5384,0.1194,0.0,0.9261,0.0959,3.8838,0.0448,0,0,0,0,0,0,0,0,0,0,0,0,0,0,0,0,0,0,0,0,0,5374,40,37,180,194,44,59,555,134,0,17,0,17,142,101,0,17,1.5,1.4,2.3,2.5,0.6,0.8,7.2,1.9,0.0,0.5,0.0,0.5,1.8,1.3,0.0,0.5
39,Ohio,OH,39041,Delaware County,39041011520,Census Tract 115.20; Delaware County; Ohio,2.128892296416,4212,602,1827,295,1781,302,516,264,65,55,372,108,61,46,288,199,799,247,868,145,326,103,140,105,110,95,847,878,79,57,0,12,12,23,31,22,0,12,12.3,6.0,2.6,2.2,20.9,4.9,2.0,1.5,6.8,4.6,19.0,5.8,20.6,3.5,7.7,2.5,7.9,5.7,2.8,2.4,20.1,20.6,4.4,3.0,0.0,1.9,0.7,1.3,1.7,1.3,0.0,0.3,0.2786,0.2822,0.4314,0.0881,0.6211,1.7014,0.2803,0.6018,0.4271,0.0981,0.6813,0.8884,2.6967,0.6768,0.5916,0.5916,0.5916,0.5359,0.0,0.4873,0.1848,0.0,1.208,0.1492,6.1977,0.2905,0,0,0,0,0,0,0,0,0,0,0,0,0,0,0,0,0,0,0,0,0,7455,44,36,222,178,305,196,265,183,0,12,0,12,55,43,0,12,2.5,2.0,5.3,4.2,7.2,4.6,6.3,4.5,0.0,0.8,0.0,0.8,1.3,1.0,0.0,0.8
39,Ohio,OH,39041,Delaware County,39041011530,Census Tract 115.30; Delaware County; Ohio,0.900085229522,4990,802,1492,165,1492,165,130,120,99,87,132,87,48,44,86,74,290,83,1373,265,215,78,83,76,81,76,1455,1090,116,76,0,12,4,13,0,12,0,12,2.6,2.4,3.1,2.4,8.8,5.7,1.6,1.5,1.7,1.6,5.8,1.7,27.5,2.8,4.3,1.8,5.6,5.1,1.8,1.7,29.2,21.3,7.8,5.0,0.0,2.3,0.3,0.9,0.0,2.3,0.0,0.2,0.0197,0.3537,0.0298,0.0647,0.092,0.5599,0.0276,0.0327,0.837,0.013,0.5241,0.8183,2.2251,0.3898,0.6975,0.6975,0.6975,0.6444,0.0,0.4041,0.0,0.0,1.0485,0.1137,4.531,0.0984,0,0,0,0,0,0,0,0,0,0,0,0,0,0,0,0,0,0,0,0,0,2746,17,19,139,127,107,94,977,301,0,12,0,12,232,174,0,12,1.1,1.3,2.8,2.6,2.1,1.9,19.6,5.8,0.0,0.7,0.0,0.7,4.6,3.5,0.0,0.7
39,Ohio,OH,39041,Delaware County,39041011540,Census Tract 115.40; Delaware County; Ohio,3.773223494016,6535,646,2270,200,2223,214,254,179,130,85,250,88,27,32,145,147,728,149,1961,319,312,115,187,130,65,81,1558,786,0,24,0,17,0,24,13,21,17,2,3.9,2.7,3.6,2.3,11.2,3.8,0.7,0.8,2.2,2.3,11.1,2.2,30.0,3.1,4.8,1.8,8.4,5.8,1.1,1.3,23.8,11.8,0.0,1.1,0.0,1.5,0.0,1.1,0.6,0.9,0.3,0.0,0.0419,0.4308,0.074,0.0216,0.1396,0.7079,0.0476,0.1617,0.9138,0.0225,0.7051,0.7254,2.5285,0.5756,0.6411,0.6411,0.6411,0.0,0.0,0.0,0.0616,0.4924,0.554,0.0429,4.4315,0.0911,0,0,0,0,0,0,0,1,0,0,0,1,0,0,0,0,0,0,0,0,1,4336,14,22,518,426,95,128,867,207,0,17,0,17,78,59,0,17,0.6,1.0,7.9,6.0,1.5,2.0,13.3,3.2,0.0,0.5,0.0,0.5,1.2,0.9,0.0,0.5
39,Ohio,OH,39041,Delaware County,39041011561,Census Tract 115.61; Delaware County; Ohio,2.80231866345,6979,533,2937,295,2637,252,861,476,149,111,556,237,143,122,252,240,238,91,2123,383,250,135,320,178,81,124,2594,791,758,283,0,17,89,67,34,49,0,17,12.3,6.8,3.8,2.8,21.1,8.8,3.5,2.9,3.6,3.4,3.4,1.3,30.4,4.5,3.6,2.0,12.1,6.7,1.2,1.9,37.2,11.0,25.8,9.3,0.0,1.2,3.3,2.5,1.3,1.9,0.0,0.2,0.2786,0.4524,0.4403,0.1912,0.2945,1.657,0.2683,0.0155,0.9242,0.0057,0.8397,0.7403,2.5254,0.5727,0.7587,0.7587,0.7587,0.8917,0.0,0.8651,0.1349,0.0,1.8917,0.3717,6.8328,0.4029,0,0,0,0,0,0,0,1,0,0,0,1,0,0,0,0,0,0,0,0,1,5515,73,67,814,493,300,254,1222,334,0,17,0,17,222,166,36,59,2.8,2.5,11.7,6.8,4.3,3.7,17.5,4.7,0.0,0.5,0.0,0.5,3.2,2.3,0.5,0.8
39,Ohio,OH,39041,Delaware County,39041011562,Census Tract 115.62; Delaware County; Ohio,14.724810970302,7499,658,2582,212,2426,224,137,116,116,71,136,86,156,208,495,348,528,179,2493,325,334,147,96,112,201,220,2443,901,0,24,328,161,12,27,43,64,0,17,1.8,1.5,2.8,1.7,5.6,3.5,3.4,4.5,6.6,4.5,7.0,2.3,33.2,2.6,4.5,1.9,3.9,4.6,2.8,3.1,32.6,11.7,0.0,0.9,12.7,6.2,0.5,1.1,1.8,2.6,0.0,0.2,0.0098,0.3133,0.0067,0.1836,0.6001,1.1135,0.1254,0.0466,0.9597,0.0184,0.3638,0.8884,2.2769,0.4232,0.7273,0.7273,0.7273,0.0,0.9086,0.4413,0.1933,0.0,1.5432,0.2444,5.6609,0.2095,0,0,0,0,0,0,0,1,0,0,0,1,0,0,0,1,0,0,0,1,2,9773,83,110,406,104,118,120,1196,393,0,17,0,17,713,347,10,16,3.4,4.4,5.4,1.4,1.6,1.6,15.9,4.9,0.0,0.5,0.0,0.5,9.5,4.5,0.1,0.2
39,Ohio,OH,39041,Delaware County,39041011563,Census Tract 115.63; Delaware County; Ohio,4.0940468427739996,6687,974,2221,304,2175,312,245,221,39,42,201,125,128,114,88,73,777,189,2292,416,422,168,105,97,52,80,2852,1097,43,53,0,17,107,105,102,101,32,4,3.7,3.3,1.2,1.3,9.2,5.6,3.0,2.8,1.3,1.1,11.6,3.1,34.3,2.4,6.3,2.6,4.8,4.4,0.8,1.3,42.6,15.2,1.9,2.4,0.0,1.6,4.9,4.8,4.7,4.9,0.5,0.1,0.0378,0.0898,0.0359,0.1512,0.0593,0.374,0.0092,0.1776,0.9705,0.0508,0.4565,0.6636,2.319,0.4429,0.793,0.793,0.793,0.3975,0.0,0.9356,0.4479,0.5742,2.3552,0.5708,5.8412,0.2375,0,0,0,0,0,0,0,1,0,0,0,1,0,0,0,0,1,0,0,1,2,4640,58,54,626,318,172,157,1492,636,0,17,0,17,562,366,0,17,2.7,2.5,9.4,4.4,2.6,2.4,22.3,7.5,0.0,0.5,0.0,0.5,8.4,5.3,0.0,0.5
39,Ohio,OH,39041,Delaware County,39041011564,Census Tract 115.64; Delaware County; Ohio,3.097543449608,5774,868,1616,180,1616,180,269,270,24,30,179,93,50,52,267,195,365,82,1870,434,167,120,54,55,29,69,757,1226,0,24,0,17,0,24,0,17,0,17,4.7,4.6,0.8,1.0,11.1,5.6,1.5,1.6,4.6,3.3,6.3,1.7,32.4,3.6,2.9,2.1,3.3,3.4,0.5,1.3,13.1,21.1,0.0,1.5,0.0,2.1,0.0,1.5,0.0,2.1,0.0,0.3,0.0574,0.0578,0.0705,0.058,0.3996,0.6433,0.0403,0.0393,0.9543,0.0022,0.2943,0.5796,1.8697,0.2086,0.4477,0.4477,0.4477,0.0,0.0,0.0,0.0,0.0,0.0,0.0,2.9607,0.0114,0,0,0,0,0,0,0,1,0,0,0,1,0,0,0,0,0,0,0,0,1,1445,0,17,35,44,180,173,351,138,0,17,0,17,191,118,0,17,0.0,2.1,0.6,0.8,3.1,3.0,6.1,2.6,0.0,0.6,0.0,0.6,3.3,2.0,0.0,0.6
39,Ohio,OH,39041,Delaware County,39041011565,Census Tract 115.65; Delaware County; Ohio,12.063616834974,4252,473,1294,140,1252,131,227,147,38,39,65,45,0,12,214,174,336,84,1271,187,197,83,57,62,18,52,879,678,0,16,0,12,0,16,0,12,0,12,5.4,3.4,1.6,1.7,5.2,3.6,0.0,1.3,5.0,4.3,7.9,2.3,29.9,3.1,4.6,2.1,4.6,4.9,0.5,1.3,20.7,15.8,0.0,1.2,0.0,2.7,0.0,1.3,0.0,2.8,0.0,0.3,0.073,0.1346,0.0051,0.0,0.4487,0.6614,0.0419,0.065,0.9112,0.0203,0.4381,0.5796,2.0142,0.2787,0.5992,0.5992,0.5992,0.0,0.0,0.0,0.0,0.0,0.0,0.0,3.2748,0.019,0,0,0,0,0,0,0,1,0,0,0,1,0,0,0,0,0,0,0,0,1,1859,0,12,103,107,99,106,201,176,0,12,0,12,448,249,28,46,0.0,2.8,2.4,2.6,2.3,2.5,4.7,4.2,0.0,0.8,0.0,0.8,10.5,5.4,0.7,1.1
39,Ohio,OH,39041,Delaware County,39041011604,Census Tract 116.04; Delaware County; Ohio,20.406668697202,9497,435,3500,247,3358,242,383,175,94,65,508,177,145,100,443,283,1001,134,2851,265,653,162,228,100,33,80,1074,658,233,138,0,17,7,20,132,75,23,3,4.0,1.8,1.8,1.2,15.1,5.2,2.4,1.7,4.7,3.0,10.5,1.6,30.0,2.4,6.9,1.7,6.8,2.9,0.4,0.9,11.3,6.9,6.7,3.9,0.0,1.0,0.2,0.6,3.9,2.2,0.2,0.0,0.0444,0.1654,0.1949,0.1135,0.4135,0.9317,0.0863,0.1424,0.9138,0.0689,0.6051,0.5412,2.2714,0.4194,0.3989,0.3989,0.3989,0.6092,0.0,0.3905,0.3892,0.4356,1.8245,0.346,5.4265,0.1816,0,0,0,0,0,0,0,1,0,0,0,1,0,0,0,0,0,0,0,0,1,8462,108,76,177,144,378,266,299,222,0,17,0,17,200,132,20,32,3.2,2.2,1.9,1.5,4.0,2.7,3.1,2.3,0.0,0.4,0.0,0.4,2.1,1.4,0.2,0.3
39,Ohio,OH,39041,Delaware County,39041011710,Census Tract 117.10; Delaware County; Ohio,2.219923564956,6355,679,2812,340,2626,310,277,168,0,17,434,201,64,47,157,157,1825,305,1420,335,579,211,66,64,20,74,948,963,379,175,2,8,0,24,243,145,87,7,4.4,2.6,0.0,1.1,16.5,7.4,1.3,0.9,2.5,2.4,28.7,5.2,22.3,4.0,9.2,3.2,2.5,2.4,0.3,1.2,14.9,15.1,13.5,6.0,0.1,0.3,0.0,0.9,9.3,5.3,1.4,0.2,0.0517,0.0,0.2505,0.0488,0.1692,0.5202,0.0238,0.9458,0.539,0.1711,0.2114,0.4968,2.3641,0.4749,0.4911,0.4911,0.4911,0.7562,0.5502,0.0,0.6968,0.7029,2.7061,0.7229,6.0815,0.2714,0,0,0,0,0,0,1,0,0,0,0,1,0,0,0,0,0,0,0,0,1,9044,179,121,286,226,210,216,168,122,0,17,0,17,284,163,0,17,6.8,4.7,4.5,3.5,3.3,3.3,2.6,1.9,0.0,0.5,0.0,0.5,4.5,2.5,0.0,0.5
39,Ohio,OH,39041,Delaware County,39041011740,Census Tract 117.40; Delaware County; Ohio,2.25791484345,5107,739,1862,157,1767,175,143,91,42,41,188,76,40,40,366,354,1003,229,1288,310,366,140,24,41,11,68,713,1036,0,24,0,17,0,24,9,16,0,17,2.8,1.7,1.6,1.5,10.6,4.2,1.2,1.1,7.2,6.4,19.6,5.4,25.2,3.6,7.2,2.6,1.4,2.3,0.2,1.4,14.0,20.2,0.0,1.3,0.0,1.9,0.0,1.4,0.5,0.9,0.0,0.3,0.0219,0.1346,0.06,0.0425,0.6557,0.9147,0.0844,0.6411,0.7248,0.0774,0.1086,0.4556,2.0075,0.2743,0.4699,0.4699,0.4699,0.0,0.0,0.0,0.0524,0.0,0.0524,0.0079,3.4445,0.0289,0,0,0,0,0,0,0,0,0,0,0,0,0,0,0,0,0,0,0,0,0,1734,20,21,344,222,88,71,236,176,0,17,0,17,34,55,11,18,1.1,1.2,6.7,4.2,1.7,1.4,4.6,3.4,0.0,0.7,0.0,0.7,0.7,1.1,0.2,0.3
39,Ohio,OH,39041,Delaware County,39041011760,Census Tract 117.60; Delaware County; Ohio,27.702067917712,5128,322,1962,213,1920,215,433,213,102,68,277,129,127,71,319,204,716,141,1135,130,526,175,37,28,11,68,429,486,0,24,247,128,50,49,55,53,0,17,8.4,4.1,3.4,2.3,14.4,6.5,3.5,2.0,6.2,4.1,14.0,2.7,22.1,1.9,10.3,3.5,1.9,1.4,0.2,1.4,8.4,9.5,0.0,1.2,12.6,6.3,2.6,2.5,2.9,2.7,0.0,0.3,0.1568,0.3975,0.1679,0.1912,0.5659,1.4793,0.2194,0.2885,0.5247,0.2329,0.1517,0.4556,1.6534,0.1273,0.2977,0.2977,0.2977,0.0,0.9057,0.8029,0.2962,0.0,2.0048,0.4184,5.4352,0.1829,0,0,0,0,0,0,0,0,0,0,0,0,0,0,0,1,0,0,0,1,1,1952,92,70,35,57,158,112,4,7,0,17,0,17,232,129,0,17,4.8,3.6,0.7,1.1,3.1,2.2,0.1,0.1,0.0,0.7,0.0,0.7,4.5,2.5,0.0,0.7
39,Ohio,OH,39041,Delaware County,39041011762,Census Tract 117.62; Delaware County; Ohio,3.11515394793,6825,917,2520,177,2333,206,302,176,93,65,316,125,73,57,141,86,1204,312,2021,462,438,151,88,83,0,68,350,1310,202,109,20,32,0,24,0,17,0,17,4.4,2.5,2.7,2.0,13.5,5.2,1.8,1.4,2.1,1.3,17.6,5.4,29.6,4.2,6.4,2.4,3.7,3.5,0.0,1.1,5.1,19.2,8.0,4.3,0.8,1.3,0.0,1.0,0.0,1.5,0.0,0.2,0.0517,0.2968,0.1397,0.0758,0.1301,0.6941,0.0463,0.5044,0.9033,0.0527,0.34,0.0,1.8004,0.1819,0.1544,0.1544,0.1544,0.6502,0.6095,0.0,0.0,0.0,1.2597,0.1651,3.9086,0.0457,0,0,0,0,0,0,0,1,0,0,0,1,0,0,0,0,0,0,0,0,1,8312,56,51,89,101,53,83,173,116,0,17,0,17,21,33,14,21,2.4,2.2,1.3,1.5,0.8,1.2,2.5,1.7,0.0,0.5,0.0,0.5,0.3,0.5,0.2,0.3
39,Ohio,OH,39041,Delaware County,39041011763,Census Tract 117.63; Delaware County; Ohio,4.17739777033,4833,396,1469,107,1469,107,81,70,86,98,94,70,80,48,227,229,491,94,1464,179,379,184,24,38,5,47,704,540,0,16,0,12,0,16,0,12,0,12,1.7,1.4,3.2,3.6,6.4,4.7,2.7,1.6,4.7,4.7,10.2,2.0,30.3,2.5,7.8,3.8,1.6,2.6,0.1,1.1,14.6,11.1,0.0,1.1,0.0,2.4,0.0,1.1,0.0,2.4,0.0,0.2,0.0089,0.3711,0.0102,0.1325,0.4135,0.9362,0.0873,0.1297,0.923,0.1012,0.1238,0.4245,1.7022,0.1435,0.4838,0.4838,0.4838,0.0,0.0,0.0,0.0,0.0,0.0,0.0,3.1222,0.0137,0,0,0,0,0,0,0,1,0,0,0,1,0,0,0,0,0,0,0,0,1,2690,78,74,120,116,148,132,159,108,7,11,0,12,222,194,48,77,5.3,5.0,2.5,2.4,3.1,2.8,3.3,2.2,0.1,0.2,0.0,0.7,4.6,3.8,1.0,1.6
39,Ohio,OH,39041,Delaware County,39041011764,Census Tract 117.64; Delaware County; Ohio,5.424573639874,2167,232,956,118,828,138,93,84,60,52,130,115,3,7,18,24,454,129,410,39,178,90,4,15,0,48,316,328,0,16,0,12,0,16,0,12,0,12,4.3,3.9,4.8,4.0,15.7,13.6,0.2,0.4,0.8,1.1,21.0,5.3,18.9,2.1,8.2,4.1,0.5,1.8,0.0,2.4,14.6,15.1,0.0,1.7,0.0,3.6,0.0,1.9,0.0,4.1,0.0,0.6,0.0489,0.5603,0.2175,0.0092,0.0279,0.8638,0.0746,0.7121,0.3107,0.1215,0.0473,0.0,1.1916,0.0394,0.4838,0.4838,0.4838,0.0,0.0,0.0,0.0,0.0,0.0,0.0,2.5392,0.0038,0,0,0,0,0,0,0,0,0,0,0,0,0,0,0,0,0,0,0,0,0,958,48,40,68,96,18,28,97,123,8,10,0,12,125,134,0,12,5.8,4.7,3.1,4.4,0.8,1.3,4.5,5.5,0.4,0.5,0.0,1.6,5.8,6.2,0.0,1.6
39,Ohio,OH,39041,Delaware County,39041011765,Census Tract 117.65; Delaware County; Ohio,1.05062601322,2488,310,803,89,803,89,130,132,24,33,113,65,84,69,75,65,428,68,593,150,201,88,20,33,0,48,494,470,28,31,0,12,0,16,29,34,0,12,5.2,5.3,1.9,2.6,14.1,7.9,5.3,4.2,3.0,2.6,17.2,3.0,23.8,4.8,8.1,3.4,2.5,4.1,0.0,2.0,19.9,18.7,3.5,3.8,0.0,4.3,0.0,2.0,3.6,4.1,0.0,0.5,0.0685,0.1787,0.1581,0.3253,0.2291,0.9597,0.0908,0.4765,0.6439,0.1162,0.2114,0.0,1.448,0.0771,0.5891,0.5891,0.5891,0.4943,0.0,0.0,0.3638,0.0,0.8581,0.0829,3.8549,0.0432,0,0,0,0,0,0,0,0,0,0,0,0,0,0,0,0,0,0,0,0,0,1087,16,22,33,39,62,62,144,103,0,12,0,12,255,196,0,12,2.0,2.7,1.3,1.6,2.5,2.5,5.8,4.1,0.0,1.4,0.0,1.4,10.2,7.6,0.0,1.4
39,Ohio,OH,39041,Delaware County,39041011766,Census Tract 117.66; Delaware County; Ohio,1.705901725234,4366,531,1580,126,1553,129,54,115,39,52,262,135,0,12,88,82,724,204,1093,255,296,124,135,80,27,63,803,789,0,16,0,12,0,16,0,12,0,12,1.2,2.6,1.7,2.2,16.9,8.6,0.0,1.2,2.0,1.8,16.6,4.7,25.0,4.0,6.8,2.7,8.7,5.1,0.7,1.5,18.4,17.9,0.0,1.0,0.0,2.2,0.0,1.0,0.0,2.2,0.0,0.3,0.0044,0.1492,0.2676,0.0,0.1209,0.5421,0.0267,0.4379,0.7131,0.0666,0.7194,0.6367,2.5737,0.6063,0.565,0.565,0.565,0.0,0.0,0.0,0.0,0.0,0.0,0.0,3.6808,0.0378,0,0,0,0,0,0,0,0,0,0,0,0,0,0,0,0,0,0,0,0,0,8166,0,12,395,247,176,102,93,111,0,12,26,42,113,113,0,12,0.0,2.2,9.0,5.5,4.0,2.4,2.1,2.6,0.0,0.8,0.6,1.0,2.6,2.7,0.0,0.8
39,Ohio,OH,39041,Delaware County,39041011900,Census Tract 119; Delaware County; Ohio,3.41430191651,5897,516,2468,262,2331,222,135,118,32,50,289,119,10,18,52,49,1119,261,1492,263,560,219,58,52,85,131,1189,741,162,93,0,17,0,24,25,32,0,17,2.3,2.0,1.0,1.6,12.4,5.0,0.2,0.4,0.9,0.8,19.0,4.2,25.3,3.2,9.5,3.6,2.5,2.2,1.5,2.3,20.2,12.4,6.5,3.7,0.0,1.4,0.0,1.0,1.1,1.3,0.0,0.3,0.0152,0.0714,0.1098,0.0092,0.0349,0.2405,0.0041,0.6018,0.7276,0.1872,0.2114,0.7854,2.5134,0.5654,0.5923,0.5923,0.5923,0.6013,0.0,0.0,0.1194,0.0,0.7207,0.0606,4.0669,0.0594,0,0,0,0,0,0,0,0,0,0,0,0,0,0,0,0,0,0,0,0,0,4694,47,41,124,85,169,163,685,202,0,17,0,17,211,149,0,17,2.0,1.8,2.1,1.5,2.9,2.8,11.6,3.3,0.0,0.6,0.0,0.6,3.6,2.5,0.0,0.6
39,Ohio,OH,39041,Delaware County,39041012000,Census Tract 120; Delaware County; Ohio,85.070893046584,5758,417,2105,211,2047,206,349,197,46,34,183,76,33,25,334,178,902,181,1352,141,400,135,45,41,0,68,336,579,0,24,65,45,10,19,18,28,0,17,6.1,3.4,1.3,1.0,8.9,3.6,0.9,0.7,5.8,3.1,15.7,2.8,23.5,2.1,6.9,2.4,2.2,2.0,0.0,1.3,5.8,10.0,0.0,1.1,3.1,2.2,0.5,0.9,0.9,1.3,0.0,0.3,0.0882,0.1013,0.0314,0.0289,0.5294,0.7792,0.0597,0.3814,0.6224,0.0689,0.1762,0.0,1.2489,0.0457,0.1855,0.1855,0.1855,0.0,0.7371,0.4413,0.0975,0.0,1.2759,0.1686,3.4895,0.0314,0,0,0,0,0,0,0,0,0,0,0,0,0,0,0,0,0,0,0,0,0,2527,209,116,10,13,135,116,52,80,0,17,0,17,128,68,11,18,10.2,5.5,0.2,0.2,2.3,2.0,0.9,1.4,0.0,0.6,0.0,0.6,2.2,1.2,0.2,0.3
39,Ohio,OH,39041,Delaware County,39041012100,Census Tract 121; Delaware County; Ohio,14.59237180667,10165,765,3372,339,3292,318,457,380,226,121,313,157,92,66,106,122,843,227,3446,340,559,204,97,67,86,104,2065,1033,71,83,0,19,50,73,20,32,0,19,4.5,3.7,4.2,2.1,9.5,4.7,1.5,1.0,1.0,1.2,8.3,2.3,33.9,2.4,5.5,2.0,3.0,2.0,0.9,1.1,20.3,10.0,2.1,2.5,0.0,1.0,1.5,2.2,0.6,1.0,0.0,0.2,0.0536,0.4975,0.04,0.058,0.0394,0.6885,0.0454,0.0742,0.9664,0.0352,0.2619,0.6855,2.0232,0.2835,0.5942,0.5942,0.5942,0.4111,0.0,0.6606,0.0616,0.0,1.1333,0.1321,4.4392,0.0921,0,0,0,0,0,0,0,1,0,0,0,1,0,0,0,0,0,0,0,0,1,8549,74,59,15,25,276,187,1280,355,0,19,0,19,494,271,0,19,2.2,1.8,0.1,0.2,2.7,1.8,12.6,3.4,0.0,0.3,0.0,0.3,4.9,2.5,0.0,0.3
39,Ohio,OH,39041,Delaware County,39041012200,Census Tract 122; Delaware County; Ohio,8.47368986003,5242,624,2281,347,2181,349,544,276,50,33,525,142,137,72,293,163,916,131,918,174,818,438,88,57,66,88,576,899,163,83,32,29,0,24,29,28,138,30,10.7,5.3,1.6,1.1,24.1,5.2,3.6,1.9,5.6,3.1,17.5,2.3,17.5,2.8,15.7,7.4,4.0,2.5,1.3,1.7,11.0,17.1,7.2,3.5,1.4,1.3,0.0,1.1,1.3,1.3,2.6,0.5,0.2307,0.1346,0.5448,0.1966,0.5075,1.6142,0.2578,0.4959,0.2305,0.5874,0.3743,0.7565,2.4446,0.5257,0.3893,0.3893,0.3893,0.6241,0.6597,0.0,0.1349,0.8012,2.2199,0.5108,6.668,0.3743,0,0,0,0,0,0,0,0,0,0,0,0,0,0,0,0,0,0,0,0,0,4818,149,85,125,73,148,104,204,147,0,17,0,17,91,57,8,13,6.8,4.0,2.4,1.4,2.8,2.0,3.9,2.8,0.0,0.7,0.0,0.7,1.7,1.1,0.2,0.3
39,Ohio,OH,39041,Delaware County,39041012300,Census Tract 123; Delaware County; Ohio,30.32802638452,5297,647,1985,213,1885,225,762,251,75,46,332,118,238,116,209,135,913,115,1116,197,610,132,180,91,36,79,430,914,0,24,0,17,5,18,42,52,21,1,14.5,4.4,2.6,1.6,17.6,5.9,6.5,3.2,4.0,2.5,17.2,2.5,21.1,3.3,11.6,2.9,9.5,4.7,0.7,1.6,8.1,17.2,0.0,1.2,0.0,1.7,0.3,1.0,2.2,2.7,0.4,0.1,0.3466,0.2822,0.2943,0.4157,0.3377,1.6765,0.273,0.4765,0.4569,0.3234,0.76,0.6367,2.6535,0.6546,0.2873,0.2873,0.2873,0.0,0.0,0.4041,0.2324,0.5374,1.1739,0.139,5.7912,0.2305,0,0,0,0,0,0,0,0,0,0,0,0,0,0,0,0,0,0,0,0,0,5021,127,56,86,88,187,204,18,19,5,7,0,17,134,97,0,17,6.7,3.1,1.6,1.7,3.5,3.8,0.3,0.4,0.1,0.1,0.0,0.7,2.5,1.8,0.0,0.7
39,Ohio,OH,39041,Delaware County,39041012400,Census Tract 124; Delaware County; Ohio,3.729746478306,10139,804,5069,355,4787,366,910,376,682,325,953,291,231,138,443,250,764,154,1626,357,733,261,223,111,228,158,3756,1125,2373,421,0,19,159,88,97,73,0,19,9.0,3.6,9.9,4.5,19.9,5.9,3.2,1.9,4.4,2.5,7.5,1.6,16.0,2.7,7.2,2.7,4.7,2.3,2.4,1.6,37.0,10.7,46.8,7.6,0.0,0.7,3.3,1.8,2.0,1.5,0.0,0.2,0.1796,0.8387,0.3898,0.1671,0.3758,1.951,0.3495,0.0545,0.1623,0.0774,0.4476,0.8646,1.6064,0.1149,0.7578,0.7578,0.7578,0.9657,0.0,0.8651,0.2127,0.0,2.0435,0.4362,6.3587,0.3159,0,0,0,0,0,0,0,0,0,0,0,0,0,0,1,0,0,0,0,1,1,38919,120,88,1064,335,344,194,1941,436,0,19,0,19,407,211,0,19,2.5,1.8,10.5,3.2,3.4,1.9,19.1,4.2,0.0,0.3,0.0,0.3,4.0,2.1,0.0,0.3
39,Ohio,OH,39043,Erie County,39043040100,Census Tract 401; Erie County; Ohio,3.724605530176,5428,199,2773,248,2270,209,385,279,108,74,339,133,124,90,395,188,1074,245,1070,223,952,214,106,75,0,68,390,355,85,60,0,17,28,46,13,21,31,2,7.1,5.2,3.5,2.4,14.9,5.7,3.1,2.3,7.3,3.5,19.8,4.4,19.7,3.9,17.6,3.9,4.7,3.3,0.0,1.3,7.2,6.5,3.0,2.1,0.0,1.3,1.2,2.0,0.6,0.9,0.6,0.0,0.1228,0.4156,0.1857,0.1579,0.6661,1.5481,0.2378,0.6512,0.3653,0.6947,0.4476,0.0,2.1588,0.3549,0.2435,0.2435,0.2435,0.4724,0.0,0.6038,0.0616,0.6059,1.7437,0.3143,5.6941,0.2159,0,0,0,0,0,0,0,0,0,0,0,0,0,0,0,0,0,0,0,0,0,5310,182,101,0,17,287,193,14,24,0,17,0,17,89,118,0,17,8.0,4.2,0.0,0.6,5.3,3.5,0.3,0.4,0.0,0.6,0.0,0.6,1.6,2.2,0.0,0.6
39,Ohio,OH,39043,Erie County,39043040200,Census Tract 402; Erie County; Ohio,18.176280223638,4050,200,2219,175,1711,158,321,152,85,52,252,87,256,111,194,101,870,130,664,135,581,150,13,20,4,47,208,320,24,25,279,96,40,50,46,49,0,12,7.9,3.7,3.9,2.3,14.7,4.9,8.4,3.6,4.8,2.5,21.5,3.4,16.4,3.0,14.4,3.9,0.8,1.2,0.1,1.2,5.1,7.9,1.1,1.1,12.6,4.3,2.4,2.9,2.7,2.8,0.0,0.3,0.1457,0.4644,0.18,0.5428,0.4243,1.7572,0.2984,0.7343,0.1763,0.5119,0.0625,0.4245,1.9095,0.226,0.1544,0.1544,0.1544,0.3378,0.9057,0.7787,0.2752,0.0,2.2974,0.5476,6.1185,0.2775,0,0,0,0,0,0,0,0,0,0,0,0,0,0,0,1,0,0,0,1,1,1449,288,105,37,61,171,136,0,12,0,12,0,12,0,12,0,12,16.8,6.1,0.9,1.5,4.2,3.4,0.0,0.9,0.0,0.9,0.0,0.9,0.0,0.9,0.0,0.9
39,Ohio,OH,39043,Erie County,39043040300,Census Tract 403; Erie County; Ohio,56.45637112178,5816,323,2768,236,2381,249,661,255,165,90,458,157,291,136,123,110,1500,201,1075,199,753,203,103,92,0,68,727,467,0,24,114,85,32,31,47,40,28,4,11.4,4.3,5.7,3.3,19.2,6.3,6.9,3.2,2.1,1.9,25.8,3.4,18.5,3.2,12.9,3.2,4.3,3.8,0.0,1.2,12.5,8.0,0.0,0.9,4.1,3.0,1.3,1.3,2.0,1.6,0.5,0.1,0.2542,0.6356,0.3641,0.4423,0.1301,1.8263,0.314,0.8906,0.2828,0.4059,0.407,0.0,1.9863,0.2657,0.4315,0.4315,0.4315,0.0,0.7641,0.6181,0.2127,0.5742,2.1691,0.4883,6.4132,0.3289,0,0,0,0,0,0,0,0,0,0,0,0,0,0,0,0,0,0,0,0,0,3450,364,153,10,34,518,244,30,46,1,2,0,17,168,75,0,17,15.3,6.1,0.2,0.6,8.9,4.1,0.5,0.8,0.0,0.1,0.0,0.6,2.9,1.3,0.0,0.6
39,Ohio,OH,39043,Erie County,39043040400,Census Tract 404; Erie County; Ohio,19.37852308683,6060,478,3273,286,2692,245,661,440,85,91,555,189,266,162,117,160,2188,340,1176,235,796,231,152,146,92,122,360,704,174,138,0,17,0,24,97,83,116,3,11.1,7.3,3.5,3.5,20.6,6.8,5.8,3.4,2.0,2.6,36.1,5.6,19.4,3.4,13.4,3.9,5.7,5.4,1.6,2.1,5.9,11.6,5.3,4.2,0.0,1.1,0.0,0.9,3.6,3.1,1.9,0.2,0.2437,0.4156,0.4213,0.3662,0.1209,1.5677,0.2432,0.9899,0.3453,0.4418,0.5317,0.7971,3.1058,0.8559,0.1883,0.1883,0.1883,0.566,0.0,0.0,0.3638,0.7524,1.6822,0.2854,6.544,0.3495,0,0,0,0,0,0,1,0,0,0,0,1,0,0,0,0,0,0,0,0,1,7110,425,194,24,33,179,155,77,92,0,17,0,17,80,76,0,17,15.8,7.0,0.4,0.5,3.0,2.6,1.3,1.5,0.0,0.6,0.0,0.6,1.3,1.2,0.0,0.6
39,Ohio,OH,39043,Erie County,39043040500,Census Tract 405; Erie County; Ohio,2.065520989054,4034,405,2155,187,1982,229,647,291,104,107,459,182,166,128,398,263,1334,318,660,231,539,197,161,104,0,48,508,592,281,118,0,12,0,16,142,104,87,2,16.4,7.2,4.5,4.4,23.2,8.8,5.5,4.2,10.1,6.3,33.1,7.5,16.4,5.0,13.7,4.9,8.1,5.2,0.0,1.2,12.6,14.6,13.0,5.4,0.0,1.6,0.0,0.8,7.2,5.1,2.2,0.2,0.4046,0.534,0.5143,0.3405,0.8232,2.6166,0.5429,0.9807,0.1763,0.4589,0.6914,0.0,2.3073,0.4387,0.4337,0.4337,0.4337,0.7476,0.0,0.0,0.6111,0.773,2.1317,0.4746,7.4893,0.499,0,0,0,0,0,0,1,0,0,0,0,1,0,0,0,0,0,0,0,0,1,4679,368,165,65,67,64,70,0,12,10,15,0,12,310,144,59,87,18.6,8.0,1.6,1.7,1.6,1.7,0.0,0.9,0.2,0.4,0.0,0.9,7.7,3.6,1.5,2.1
39,Ohio,OH,39043,Erie County,39043040700,Census Tract 407; Erie County; Ohio,1.608226027376,3809,449,2113,247,1717,244,887,267,177,145,409,143,379,190,165,99,835,229,604,175,643,194,126,78,33,65,1492,539,365,182,188,117,0,16,245,94,471,101,23.3,6.4,7.9,6.4,23.8,7.6,13.1,6.6,4.3,2.5,21.9,6.1,15.9,3.7,16.9,4.9,7.3,4.4,0.9,1.8,39.2,13.4,17.3,8.4,8.9,5.4,0.0,0.9,14.3,5.9,12.4,2.2,0.5877,0.7667,0.5368,0.7609,0.3659,3.018,0.6667,0.7483,0.1588,0.6598,0.6416,0.6855,2.894,0.774,0.7752,0.7752,0.7752,0.8143,0.859,0.0,0.8241,0.9623,3.4597,0.9308,10.1469,0.8606,0,0,0,0,0,0,0,0,0,0,0,0,0,0,0,0,0,0,1,1,1,3260,249,89,921,301,247,181,23,37,30,35,0,12,245,254,26,38,14.5,5.5,24.2,6.4,6.5,4.7,0.6,1.0,0.8,0.9,0.0,0.9,6.4,6.4,0.7,1.0
39,Ohio,OH,39043,Erie County,39043040801,Census Tract 408.01; Erie County; Ohio,0.402897437,1986,585,1363,213,986,265,645,385,155,164,362,211,213,191,173,159,244,144,332,200,355,220,180,152,0,48,763,729,43,51,0,12,0,16,155,164,7,2,32.5,16.9,14.1,12.6,36.7,19.0,15.8,12.2,8.7,7.6,12.3,7.7,16.7,9.4,17.9,9.4,18.3,14.6,0.0,2.7,38.4,34.9,3.2,3.7,0.0,2.5,0.0,1.6,15.7,14.9,0.4,0.2,0.748,0.9216,0.8489,0.8361,0.7566,4.1112,0.9124,0.2074,0.1925,0.708,0.9384,0.0,2.0463,0.2943,0.7676,0.7676,0.7676,0.4797,0.0,0.0,0.8498,0.5374,1.8669,0.3632,8.792,0.7,0,1,0,0,0,1,0,0,0,1,0,1,0,0,0,0,0,0,0,0,2,2772,230,135,655,328,0,12,0,12,0,12,0,12,108,114,0,12,23.3,13.9,33.0,13.4,0.0,1.7,0.0,1.7,0.0,1.7,0.0,1.7,5.4,5.8,0.0,1.7
39,Ohio,OH,39043,Erie County,39043040802,Census Tract 408.02; Erie County; Ohio,0.486914004404,1490,243,1399,230,927,205,773,214,137,138,303,140,46,31,176,107,253,54,251,72,321,143,42,25,0,48,304,350,791,241,0,12,3,15,225,139,0,12,51.9,11.6,16.3,13.6,32.7,13.3,4.3,2.8,11.8,6.9,17.0,4.3,16.8,5.2,21.5,8.7,4.5,2.5,0.0,3.5,20.4,23.3,56.5,14.5,0.0,2.5,0.3,1.6,24.3,12.7,0.0,0.8,0.9194,0.9511,0.7886,0.2508,0.881,3.7909,0.8422,0.4632,0.1972,0.8534,0.4286,0.0,1.9424,0.2432,0.5964,0.5964,0.5964,0.9806,0.0,0.4041,0.9337,0.0,2.3184,0.5578,8.6481,0.681,1,1,0,0,0,2,0,0,0,0,0,0,0,0,1,0,0,1,0,2,4,2386,256,166,176,122,110,134,0,12,9,13,0,12,9,18,0,12,27.6,15.0,11.8,7.8,7.4,9.0,0.0,2.3,0.6,0.9,0.0,2.3,0.6,1.2,0.0,2.3
39,Ohio,OH,39043,Erie County,39043040900,Census Tract 409; Erie County; Ohio,3.010200999576,3166,356,1551,167,1415,199,1149,326,52,41,283,140,162,102,416,183,483,127,686,184,666,174,141,109,26,62,844,472,167,140,49,27,0,16,74,44,142,17,37.0,9.6,3.4,2.7,20.0,9.5,6.9,4.0,13.3,5.2,15.3,3.7,21.7,4.9,21.2,5.4,9.9,7.6,0.9,2.1,26.7,14.6,10.8,9.0,3.2,1.7,0.0,1.1,5.2,2.9,4.5,0.2,0.7997,0.3975,0.3937,0.4423,0.9169,2.9501,0.6444,0.3576,0.4965,0.8426,0.7752,0.6855,3.1574,0.8749,0.6734,0.6734,0.6734,0.7057,0.7413,0.0,0.4844,0.8922,2.8236,0.7679,9.6045,0.8041,0,0,0,0,1,1,0,0,0,0,0,0,0,0,0,0,0,0,0,0,1,3298,279,118,547,235,141,141,70,113,0,12,0,12,57,48,29,35,19.7,7.9,17.3,6.8,4.5,4.4,2.2,3.5,0.0,1.1,0.0,1.1,1.8,1.6,0.9,1.1
39,Ohio,OH,39043,Erie County,39043041000,Census Tract 410; Erie County; Ohio,0.83006524572,3398,501,1366,200,1278,208,1399,551,123,90,274,130,378,156,92,66,616,156,963,285,552,192,162,107,23,65,1756,604,77,103,0,12,14,25,126,105,157,8,43.4,15.7,9.7,6.7,21.4,9.6,18.1,6.7,2.8,2.0,18.1,5.1,28.3,5.8,17.0,5.9,12.7,8.1,0.7,2.1,51.7,16.1,5.6,7.5,0.0,2.5,1.1,1.9,9.9,8.2,4.6,0.7,0.8661,0.8346,0.4521,0.8814,0.1996,3.2338,0.7219,0.539,0.8646,0.6646,0.8559,0.6367,3.5608,0.9581,0.8316,0.8316,0.8316,0.5762,0.0,0.587,0.7162,0.8954,2.7748,0.7498,10.401,0.8835,0,0,0,0,0,0,0,0,0,0,0,0,0,0,0,0,0,0,0,0,0,2258,274,133,1223,422,202,169,23,46,0,12,0,12,99,113,209,260,21.4,10.8,36.0,11.2,5.9,4.8,0.7,1.3,0.0,1.0,0.0,1.0,2.9,3.4,6.2,7.4
39,Ohio,OH,39043,Erie County,39043041100,Census Tract 411; Erie County; Ohio,0.47593905505399997,4179,543,1862,221,1622,222,1027,323,328,187,331,121,294,196,190,128,353,109,1069,267,686,229,301,111,0,48,1410,746,0,16,0,12,0,16,87,82,1,1,24.6,7.0,13.5,7.4,20.4,6.9,11.3,6.7,4.5,3.1,8.4,2.5,25.6,5.8,16.4,5.1,18.6,6.4,0.0,1.2,33.7,17.3,0.0,0.9,0.0,1.9,0.0,1.0,5.4,5.0,0.0,0.0,0.6157,0.9133,0.413,0.6969,0.3875,3.0264,0.6705,0.0777,0.7429,0.6296,0.9422,0.0,2.3924,0.4914,0.7362,0.7362,0.7362,0.0,0.0,0.0,0.4994,0.0,0.4994,0.0365,6.6544,0.3702,0,1,0,0,0,1,0,0,0,1,0,1,0,0,0,0,0,0,0,0,2,3762,257,142,594,188,323,180,0,12,5,8,0,12,488,227,0,12,15.8,8.4,14.2,4.3,7.7,4.3,0.0,0.8,0.1,0.2,0.0,0.8,11.7,5.4,0.0,0.8
39,Ohio,OH,39043,Erie County,39043041200,Census Tract 412; Erie County; Ohio,0.691248449252,2514,369,1371,227,1217,216,854,334,69,54,517,196,288,179,451,247,272,63,607,171,336,161,282,155,0,48,1026,550,34,40,0,12,0,16,113,91,0,12,34.0,12.3,5.3,4.2,42.5,14.2,16.8,10.3,17.9,9.6,10.8,3.1,24.1,6.2,13.4,5.5,23.2,12.1,0.0,2.0,40.8,21.0,2.5,2.9,0.0,2.5,0.0,1.3,9.3,7.2,0.0,0.5,0.7702,0.6057,0.9232,0.8576,0.9679,4.1246,0.9149,0.1538,0.6655,0.4418,0.9711,0.0,2.2322,0.3946,0.785,0.785,0.785,0.4413,0.0,0.0,0.6968,0.0,1.1381,0.1337,8.2799,0.6276,0,0,1,0,1,2,0,0,0,1,0,1,0,0,0,0,0,0,0,0,3,1583,337,197,632,200,273,161,0,12,30,41,0,12,91,93,0,12,27.7,14.6,25.1,8.1,10.9,6.2,0.0,1.4,1.2,1.6,0.0,1.4,3.6,3.7,0.0,1.4
39,Ohio,OH,39043,Erie County,39043041300,Census Tract 413; Erie County; Ohio,1.182398378698,3594,509,1795,196,1603,191,1175,394,150,94,598,177,372,182,273,140,658,177,797,228,552,163,241,117,52,70,1397,710,239,114,0,12,0,16,125,73,33,6,33.0,10.0,8.3,4.8,37.3,10.1,15.1,7.4,7.7,4.0,18.3,5.5,22.2,4.8,15.5,5.3,15.1,7.1,1.6,2.1,38.9,19.0,13.3,6.2,0.0,1.9,0.0,1.0,7.8,4.6,0.9,0.1,0.755,0.7835,0.8578,0.8196,0.6915,3.9074,0.8692,0.5549,0.5336,0.5773,0.9032,0.7971,3.3661,0.9222,0.7727,0.7727,0.7727,0.753,0.0,0.0,0.6394,0.6458,2.0382,0.4349,10.0844,0.8559,0,0,0,0,0,0,0,0,0,1,0,1,0,0,0,0,0,0,0,0,1,4238,222,120,835,264,306,181,0,12,13,18,0,12,243,141,0,12,13.8,7.4,23.2,7.0,8.5,5.2,0.0,1.0,0.4,0.5,0.0,1.0,6.8,3.9,0.0,1.0
39,Ohio,OH,39043,Erie County,39043041400,Census Tract 414; Erie County; Ohio,1.648588358252,2906,321,1075,124,1048,120,346,124,35,34,188,64,171,87,25,30,653,86,681,179,310,79,69,64,19,50,433,406,107,50,22,17,0,16,104,56,362,14,13.7,4.6,2.7,2.5,17.9,5.8,8.2,4.2,1.0,1.2,22.5,3.5,23.4,4.5,12.2,3.4,6.6,6.1,0.7,1.8,14.9,13.9,9.9,4.5,2.0,1.6,0.0,1.5,9.9,5.3,12.5,1.5,0.3247,0.2968,0.3073,0.526,0.0394,1.4942,0.2263,0.7717,0.6138,0.3659,0.5902,0.6367,2.9783,0.8111,0.4911,0.4911,0.4911,0.6883,0.6978,0.0,0.7162,0.9629,3.0652,0.8483,8.0288,0.5892,0,0,0,0,0,0,0,0,0,0,0,0,0,0,0,0,0,0,1,1,1,4959,134,72,235,164,24,27,0,12,2,4,11,16,161,128,0,12,12.8,6.2,8.1,5.3,0.8,0.9,0.0,1.2,0.1,0.1,0.4,0.5,5.5,4.0,0.0,1.2
39,Ohio,OH,39043,Erie County,39043041600,Census Tract 416; Erie County; Ohio,20.425532482616,5512,538,2303,168,2101,188,970,520,28,37,367,142,198,137,67,56,1084,232,1318,317,667,178,138,88,0,68,524,799,62,54,15,25,15,28,102,63,53,2,17.8,9.4,1.1,1.5,17.5,6.6,5.2,3.8,1.2,1.1,19.7,4.2,23.9,4.5,12.2,3.4,6.6,4.1,0.0,1.3,9.5,14.5,2.7,2.3,0.7,1.1,0.7,1.3,4.9,2.9,1.0,0.1,0.4468,0.0803,0.2905,0.3148,0.0511,1.1835,0.1435,0.6468,0.6516,0.3659,0.5902,0.0,2.2545,0.407,0.337,0.337,0.337,0.4533,0.6003,0.4873,0.4625,0.6595,2.6629,0.7035,6.4379,0.3321,0,0,0,0,0,0,0,0,0,0,0,0,0,0,0,0,0,0,0,0,0,7391,203,97,365,278,11,19,0,17,0,17,0,17,148,154,0,17,9.7,4.3,6.6,5.1,0.2,0.4,0.0,0.6,0.0,0.6,0.0,0.6,2.7,2.7,0.0,0.6
39,Ohio,OH,39043,Erie County,39043041701,Census Tract 417.01; Erie County; Ohio,18.31680436315,3524,309,1441,161,1252,166,783,369,80,77,273,109,242,104,115,86,750,202,932,245,618,210,72,59,9,49,835,468,0,16,131,92,0,16,13,16,0,12,22.3,10.3,5.3,5.0,21.8,8.2,9.9,4.4,3.3,2.5,21.3,5.2,26.4,5.6,17.5,5.7,5.8,4.6,0.3,1.4,23.7,13.1,0.0,1.1,9.1,6.4,0.0,1.3,1.0,1.3,0.0,0.3,0.5659,0.6057,0.4657,0.6319,0.2634,2.5326,0.5197,0.7251,0.7882,0.6903,0.54,0.4968,3.2404,0.8965,0.6386,0.6386,0.6386,0.0,0.8632,0.0,0.1067,0.0,0.9699,0.1019,7.3815,0.4854,0,0,0,0,0,0,0,0,0,0,0,0,0,0,0,0,0,0,0,0,0,6676,128,58,30,41,266,165,83,95,1,2,0,12,309,272,146,193,10.2,4.4,0.9,1.2,7.5,4.7,2.4,2.8,0.0,0.1,0.0,1.0,8.8,7.6,4.1,5.4
39,Ohio,OH,39043,Erie County,39043041702,Census Tract 417.02; Erie County; Ohio,14.171212903376,2500,301,1469,178,1204,145,396,191,161,131,381,134,213,93,161,129,759,176,131,44,559,152,11,9,0,48,218,429,202,133,93,69,3,13,67,48,9,3,15.9,7.4,11.2,8.3,31.6,10.5,10.0,4.6,6.5,5.0,30.4,6.1,5.2,1.7,22.4,5.6,0.9,0.7,0.0,1.9,8.7,17.1,13.8,8.9,6.3,4.6,0.2,1.1,5.6,3.9,0.4,0.1,0.3884,0.8679,0.7644,0.6389,0.5947,3.2543,0.7248,0.9616,0.019,0.8804,0.0705,0.0,1.9315,0.2371,0.3085,0.3085,0.3085,0.7622,0.8127,0.3905,0.5175,0.5374,3.0203,0.8381,8.5146,0.6641,0,0,0,0,0,0,1,0,0,0,0,1,0,0,0,0,0,0,0,0,1,1664,249,94,71,69,130,96,3,5,1,3,0,12,13,16,0,12,20.7,7.4,2.8,2.8,5.2,3.7,0.1,0.2,0.0,0.1,0.0,1.4,0.5,0.6,0.0,1.4
39,Ohio,OH,39043,Erie County,39043041800,Census Tract 418; Erie County; Ohio,77.496956368356,6189,328,2658,218,2503,208,373,189,60,41,169,75,145,94,311,344,1429,261,1135,360,672,222,44,55,7,66,93,470,0,24,15,23,120,103,45,45,104,3,6.1,3.1,1.9,1.2,6.8,2.9,3.2,2.0,5.1,5.6,23.1,4.3,18.3,5.6,11.0,3.7,1.8,2.2,0.1,1.1,1.5,7.6,0.0,0.9,0.6,0.9,4.8,4.1,1.8,1.8,1.7,0.1,0.0882,0.1787,0.0127,0.1671,0.4611,0.9078,0.0832,0.7961,0.272,0.2815,0.1419,0.4245,1.916,0.2292,0.02,0.02,0.02,0.0,0.5876,0.9317,0.1933,0.7381,2.4507,0.6152,5.2945,0.1692,0,0,0,0,0,0,0,0,0,0,0,0,0,0,0,0,1,0,0,1,1,7030,198,88,18,23,26,25,3,6,0,17,10,17,36,34,0,17,7.9,3.5,0.3,0.4,0.4,0.4,0.0,0.1,0.0,0.6,0.2,0.3,0.6,0.6,0.0,0.6
39,Ohio,OH,39043,Erie County,39043041900,Census Tract 419; Erie County; Ohio,10.739695084788,5144,471,3344,258,2194,234,555,249,208,151,305,101,215,89,228,192,1589,230,919,163,688,174,38,29,32,77,883,684,69,78,45,21,2,17,77,50,119,5,11.1,4.8,8.0,5.4,13.9,4.4,5.5,2.3,4.5,3.8,30.9,4.1,17.9,2.8,13.7,2.9,1.7,1.3,0.6,1.6,17.2,13.2,2.0,2.3,1.3,0.6,0.1,0.8,3.5,2.2,2.3,0.2,0.2437,0.773,0.1511,0.3405,0.3875,1.8958,0.334,0.9677,0.2495,0.4589,0.1337,0.6088,2.4186,0.5089,0.5412,0.5412,0.5412,0.4051,0.6505,0.3819,0.3537,0.7815,2.5727,0.6663,7.4283,0.4927,0,0,0,0,0,0,1,0,0,0,0,1,0,0,0,0,0,0,0,0,1,7508,314,122,141,71,314,194,232,176,23,31,0,17,173,112,0,17,14.3,5.5,2.7,1.4,6.1,3.8,4.5,3.4,0.4,0.6,0.0,0.7,3.4,2.1,0.0,0.7
39,Ohio,OH,39045,Fairfield County,39045030100,Census Tract 301; Fairfield County; Ohio,11.86869246807,3819,286,2134,136,1678,139,585,189,162,98,458,121,232,91,173,117,846,131,559,126,663,159,37,25,15,53,260,427,3,12,66,40,8,16,69,43,0,12,15.4,4.8,7.4,4.0,27.3,6.8,8.3,3.3,4.5,3.1,22.2,3.9,14.6,3.4,17.4,4.2,2.2,1.5,0.4,1.4,6.8,11.2,0.1,0.6,3.1,1.9,0.5,1.0,4.1,2.6,0.0,0.3,0.3751,0.7438,0.6606,0.5365,0.3875,2.7035,0.5733,0.7575,0.1173,0.6836,0.1762,0.5412,2.2758,0.4225,0.2264,0.2264,0.2264,0.2556,0.7371,0.4413,0.4063,0.0,1.8403,0.353,7.046,0.4298,0,0,0,0,0,0,0,0,0,0,0,0,0,0,0,0,0,0,0,0,0,2209,155,51,39,40,80,74,17,27,7,10,0,12,104,59,13,22,9.2,3.1,1.0,1.0,2.1,2.0,0.4,0.7,0.2,0.3,0.0,0.9,2.7,1.6,0.3,0.6
39,Ohio,OH,39045,Fairfield County,39045030200,Census Tract 302; Fairfield County; Ohio,36.196468675124,2867,289,1263,160,1172,161,462,189,58,39,306,179,156,77,127,53,635,202,504,115,600,183,16,13,2,46,125,410,0,16,25,14,17,19,6,10,24,4,16.2,6.4,4.3,2.9,26.1,14.8,7.1,3.5,4.4,1.8,22.1,6.4,17.6,3.4,20.9,5.8,1.4,1.1,0.1,1.7,4.4,14.3,0.0,1.3,2.0,1.1,1.5,1.6,0.5,0.9,0.8,0.1,0.3951,0.5117,0.6203,0.4569,0.3758,2.3598,0.4724,0.7546,0.2372,0.8328,0.1086,0.4245,2.3577,0.4692,0.1249,0.1249,0.1249,0.0,0.6978,0.6606,0.0524,0.6344,2.0452,0.4368,6.8876,0.4108,0,0,0,0,0,0,0,0,0,0,0,0,0,0,0,0,0,0,0,0,0,1167,370,173,5,7,20,23,0,12,0,12,0,12,85,58,15,23,31.6,11.9,0.2,0.2,0.7,0.8,0.0,1.2,0.0,1.2,0.0,1.2,3.0,2.0,0.5,0.8
39,Ohio,OH,39045,Fairfield County,39045030300,Census Tract 303; Fairfield County; Ohio,7.09126709311,3410,233,1472,144,1449,153,881,259,90,70,523,153,137,82,302,138,575,123,935,193,528,154,103,54,0,48,256,319,41,50,0,12,15,24,119,68,8,2,26.6,7.6,5.8,4.3,36.1,9.8,6.3,3.7,8.9,4.1,16.9,3.6,27.4,4.6,15.5,4.5,7.1,3.7,0.0,1.5,7.5,9.3,2.8,3.4,0.0,2.3,1.0,1.7,8.2,4.8,0.2,0.1,0.6531,0.6432,0.8384,0.4042,0.7661,3.305,0.739,0.4575,0.832,0.5773,0.626,0.0,2.4928,0.554,0.2562,0.2562,0.2562,0.4622,0.0,0.5676,0.6552,0.4356,2.1206,0.4711,8.1746,0.614,0,0,0,0,0,0,0,0,0,0,0,0,0,0,0,0,0,0,0,0,0,3028,277,142,42,51,25,39,26,43,0,12,0,12,163,113,0,12,19.1,9.1,1.2,1.5,0.7,1.1,0.8,1.2,0.0,1.0,0.0,1.0,4.8,3.2,0.0,1.0
39,Ohio,OH,39045,Fairfield County,39045030400,Census Tract 304; Fairfield County; Ohio,43.239627072932,4812,228,1675,127,1631,121,206,103,40,30,201,69,122,79,343,189,859,141,1107,197,385,100,59,48,0,48,87,339,0,16,26,28,0,16,4,7,0,12,4.3,2.1,1.6,1.2,12.3,4.1,3.8,2.4,7.1,3.9,17.9,2.9,23.0,3.7,8.0,2.1,3.6,2.9,0.0,1.1,1.8,7.0,0.0,1.0,1.6,1.6,0.0,1.0,0.2,0.4,0.0,0.2,0.0489,0.1346,0.1063,0.2102,0.6452,1.1452,0.1333,0.5231,0.5862,0.1104,0.3292,0.0,1.5489,0.101,0.0282,0.0282,0.0282,0.0,0.6749,0.0,0.0413,0.0,0.7162,0.06,3.4385,0.0283,0,0,0,0,0,0,0,0,0,0,0,0,0,0,0,0,0,0,0,0,0,1698,124,66,0,12,0,12,3,5,0,12,0,12,84,75,0,12,7.6,4.0,0.0,0.7,0.0,0.7,0.1,0.1,0.0,0.7,0.0,0.7,1.7,1.6,0.0,0.7
39,Ohio,OH,39045,Fairfield County,39045030601,Census Tract 306.01; Fairfield County; Ohio,4.912224394016,8249,829,2383,230,2369,230,163,152,180,127,258,121,126,84,315,312,626,187,2854,454,747,266,101,86,0,68,2903,1065,0,24,0,17,20,35,14,22,0,17,2.0,1.9,4.2,2.7,10.9,5.0,2.6,1.7,3.8,3.8,7.6,2.5,34.6,3.0,9.1,2.9,4.2,3.6,0.0,0.9,35.2,12.4,0.0,1.0,0.0,1.5,0.8,1.5,0.6,0.9,0.0,0.2,0.013,0.4975,0.0657,0.1243,0.3113,1.0118,0.1006,0.0571,0.9734,0.1644,0.394,0.0,1.5889,0.1105,0.7457,0.7457,0.7457,0.0,0.0,0.5117,0.0616,0.0,0.5733,0.046,3.9197,0.047,0,0,0,0,0,0,0,1,0,0,0,1,0,0,0,0,0,0,0,0,1,6807,51,49,1297,569,429,265,579,395,0,17,0,17,548,328,50,75,2.2,2.1,15.7,6.5,5.2,3.2,7.0,4.7,0.0,0.4,0.0,0.4,6.6,3.9,0.6,0.9
39,Ohio,OH,39045,Fairfield County,39045030602,Census Tract 306.02; Fairfield County; Ohio,1.788299753054,4247,697,1408,285,1408,285,477,319,15,25,132,83,51,58,45,54,366,113,1339,263,296,123,154,105,0,48,1089,993,0,16,0,12,0,16,8,13,0,12,11.2,7.3,0.6,1.0,9.4,5.6,1.9,2.2,1.1,1.3,8.6,2.9,31.5,5.9,7.0,2.8,10.9,7.1,0.0,1.2,25.6,23.0,0.0,1.1,0.0,2.5,0.0,1.1,0.6,0.9,0.0,0.3,0.2475,0.0422,0.0378,0.0808,0.0451,0.4534,0.0162,0.0812,0.9432,0.0724,0.8057,0.0,1.9025,0.2241,0.6642,0.6642,0.6642,0.0,0.0,0.0,0.0616,0.0,0.0616,0.0092,3.0817,0.0127,0,0,0,0,0,0,0,1,0,0,0,1,0,0,0,0,0,0,0,0,1,1984,65,91,751,159,0,12,144,146,2,4,0,12,192,178,0,12,4.6,6.3,17.7,4.5,0.0,0.8,3.4,3.4,0.0,0.1,0.0,0.8,4.5,4.3,0.0,0.8
39,Ohio,OH,39045,Fairfield County,39045030700,Census Tract 307; Fairfield County; Ohio,10.100390868106,4465,398,1545,122,1497,120,282,139,36,23,194,62,68,38,178,151,793,198,1126,163,455,102,18,19,0,48,535,576,0,16,8,12,26,26,31,28,5,2,6.3,3.1,1.7,1.0,13.0,4.0,2.3,1.3,4.0,3.4,17.8,4.3,25.2,3.1,10.3,2.3,1.2,1.3,0.0,1.1,12.0,12.9,0.0,1.0,0.5,0.8,1.7,1.7,2.1,1.9,0.1,0.0,0.0952,0.1492,0.1248,0.1068,0.3377,0.8137,0.0667,0.5178,0.7248,0.2329,0.0937,0.0,1.5692,0.1063,0.4169,0.4169,0.4169,0.0,0.5717,0.6917,0.2248,0.3694,1.8576,0.3581,4.6574,0.1086,0,0,0,0,0,0,0,0,0,0,0,0,0,0,0,0,0,0,0,0,0,2074,79,45,93,69,181,129,34,46,7,10,0,12,220,117,0,12,5.3,3.0,2.1,1.5,4.1,2.9,0.8,1.0,0.2,0.2,0.0,0.8,4.9,2.7,0.0,0.8
39,Ohio,OH,39045,Fairfield County,39045030800,Census Tract 308; Fairfield County; Ohio,27.059791487834,5783,398,2008,179,1929,185,822,393,62,71,386,151,53,42,290,223,1148,242,1344,162,767,340,108,84,0,68,403,572,0,24,11,17,0,24,51,54,7,2,14.3,6.7,1.9,2.3,20.0,7.6,1.3,1.0,5.0,3.8,19.9,4.0,23.2,2.8,13.3,5.8,5.6,4.3,0.0,1.2,7.0,9.9,0.0,1.2,0.5,0.9,0.0,1.2,2.6,2.8,0.1,0.0,0.3393,0.1787,0.3937,0.0488,0.4487,1.4092,0.2016,0.6569,0.6005,0.4361,0.5241,0.0,2.2176,0.3854,0.234,0.234,0.234,0.0,0.5717,0.0,0.267,0.3694,1.2081,0.1495,5.0689,0.1486,0,0,0,0,0,0,0,0,0,0,0,0,0,0,0,0,0,0,0,0,0,2394,105,65,49,65,119,93,0,17,0,17,0,17,235,206,0,17,5.4,3.3,0.8,1.1,2.1,1.6,0.0,0.6,0.0,0.6,0.0,0.6,4.1,3.5,0.0,0.6
39,Ohio,OH,39045,Fairfield County,39045030901,Census Tract 309.01; Fairfield County; Ohio,11.543207323764,5610,895,2056,174,1943,194,349,300,18,28,455,176,115,64,109,80,914,210,1694,571,979,320,64,60,22,68,369,1272,10,24,280,101,0,24,44,48,145,4,6.4,5.4,0.7,1.1,23.4,8.8,3.1,1.7,2.0,1.5,16.3,4.6,30.2,6.1,17.9,5.5,3.3,3.1,0.4,1.3,6.6,22.6,0.5,1.2,13.6,5.1,0.0,1.2,2.3,2.5,2.6,0.4,0.0984,0.0502,0.52,0.1579,0.1209,0.9474,0.0892,0.4195,0.9188,0.708,0.2943,0.5412,2.8818,0.7692,0.22,0.22,0.22,0.2819,0.9178,0.0,0.2429,0.8012,2.2438,0.52,6.293,0.3048,0,0,0,0,0,0,0,1,0,0,0,1,0,0,0,1,0,0,0,1,2,5181,133,78,165,177,56,63,82,76,5,12,0,17,61,77,0,17,6.8,4.1,2.9,3.2,1.0,1.1,1.5,1.4,0.1,0.2,0.0,0.6,1.1,1.4,0.0,0.6
39,Ohio,OH,39045,Fairfield County,39045030902,Census Tract 309.02; Fairfield County; Ohio,20.104131139164,4182,321,1592,181,1480,145,141,83,60,60,128,60,94,79,77,60,882,185,784,151,397,156,21,17,52,83,94,441,2,12,4,6,6,15,0,12,0,12,3.4,2.0,2.8,2.7,8.6,4.0,3.2,2.8,1.9,1.5,21.1,4.2,18.7,3.1,9.8,3.7,1.4,1.1,1.3,2.1,2.2,10.5,0.1,0.8,0.3,0.4,0.4,1.0,0.0,2.3,0.0,0.3,0.033,0.3133,0.027,0.1671,0.1104,0.6508,0.0406,0.7191,0.2964,0.2056,0.1086,0.7565,2.0862,0.3159,0.0412,0.0412,0.0412,0.2556,0.5565,0.4206,0.0,0.0,1.2327,0.1565,4.0109,0.0543,0,0,0,0,0,0,0,0,0,0,0,0,0,0,0,0,0,0,0,0,0,3666,57,44,0,12,0,12,0,12,0,12,0,12,94,116,0,12,3.9,3.0,0.0,0.8,0.0,0.8,0.0,0.8,0.0,0.8,0.0,0.8,2.2,2.7,0.0,0.8
39,Ohio,OH,39045,Fairfield County,39045031000,Census Tract 310; Fairfield County; Ohio,33.260894242312,5355,303,2370,184,2263,183,478,237,172,186,306,142,376,342,297,181,1110,288,784,212,821,349,23,21,0,68,243,460,50,40,17,24,5,6,57,49,0,17,8.9,4.4,5.4,6.1,13.5,6.2,9.0,7.8,5.5,3.4,20.7,5.5,14.6,3.8,15.3,6.3,1.0,0.9,0.0,1.3,4.5,8.6,2.1,1.7,0.7,1.0,0.2,0.3,2.5,2.2,0.0,0.3,0.1765,0.6143,0.1397,0.5755,0.5005,2.0065,0.3686,0.7013,0.1173,0.5646,0.0759,0.0,1.4591,0.0794,0.1297,0.1297,0.1297,0.4111,0.6003,0.3905,0.2587,0.0,1.6606,0.2781,5.2559,0.1654,0,0,0,0,0,0,0,0,0,0,0,0,0,0,0,0,0,0,0,0,0,2499,252,221,4,7,102,111,0,17,0,17,0,17,89,85,48,76,11.1,9.3,0.1,0.1,1.9,2.1,0.0,0.7,0.0,0.7,0.0,0.7,1.7,1.6,0.9,1.4
39,Ohio,OH,39045,Fairfield County,39045031100,Census Tract 311; Fairfield County; Ohio,61.908293910722,6610,327,2496,218,2381,209,1159,364,122,116,480,167,177,84,217,75,1115,194,1626,199,895,189,159,60,21,74,418,498,118,118,92,55,36,28,35,30,106,11,17.8,5.5,3.7,3.6,20.2,6.8,4.1,1.9,3.3,1.2,16.9,3.0,24.6,3.2,13.7,3.0,6.6,2.5,0.3,1.2,6.3,7.5,4.7,4.7,3.7,2.2,1.5,1.2,1.5,1.2,1.6,0.1,0.4468,0.4429,0.4029,0.2359,0.2634,1.7919,0.306,0.4575,0.6877,0.4589,0.5902,0.4968,2.6911,0.6737,0.208,0.208,0.208,0.5476,0.7533,0.6606,0.1597,0.727,2.8482,0.7778,7.5392,0.5057,0,0,0,0,0,0,0,0,0,0,0,0,0,0,0,0,0,0,0,0,0,4485,332,154,2,2,50,45,48,69,0,17,90,113,228,108,0,17,13.9,6.2,0.0,0.1,0.8,0.7,0.7,1.0,0.0,0.5,1.4,1.7,3.4,1.6,0.0,0.5
39,Ohio,OH,39045,Fairfield County,39045031200,Census Tract 312; Fairfield County; Ohio,42.651315733492,4923,234,1991,178,1927,183,888,330,81,67,475,202,206,91,183,114,1126,231,1114,225,917,225,130,92,0,48,143,353,0,16,276,98,23,25,50,33,9,6,18.1,6.7,3.7,3.1,24.6,10.2,5.7,2.5,3.7,2.3,22.9,4.7,22.6,4.1,18.6,4.6,6.8,4.7,0.0,1.1,2.9,7.2,0.0,0.8,13.9,5.0,1.2,1.3,2.6,1.7,0.2,0.1,0.4573,0.4429,0.5635,0.357,0.3021,2.1228,0.4044,0.7885,0.5609,0.7407,0.6051,0.0,2.6952,0.6762,0.0618,0.0618,0.0618,0.0,0.9203,0.6038,0.267,0.4356,2.2267,0.5133,7.1065,0.4394,0,0,0,0,0,0,0,0,0,0,0,0,0,0,0,1,0,0,0,1,1,2863,284,123,9,15,30,43,3,6,0,12,0,12,101,80,0,12,14.7,6.5,0.2,0.3,0.6,0.9,0.1,0.1,0.0,0.7,0.0,0.7,2.1,1.6,0.0,0.7
39,Ohio,OH,39045,Fairfield County,39045031300,Census Tract 313; Fairfield County; Ohio,4.153041683966,3301,460,1408,149,1363,175,768,384,26,32,325,130,147,75,200,126,946,221,607,219,404,118,172,107,5,47,239,643,210,99,52,41,47,74,124,81,210,9,24.5,11.7,1.7,2.2,23.8,9.0,6.0,3.2,6.4,3.7,28.7,6.3,18.4,5.4,12.8,4.0,12.6,7.7,0.2,1.5,7.2,19.5,14.9,6.9,3.7,2.9,3.4,5.4,9.1,5.7,6.4,0.9,0.6135,0.1492,0.5368,0.3811,0.5849,2.2655,0.4444,0.9458,0.279,0.4002,0.8511,0.4556,2.9317,0.7917,0.2435,0.2435,0.2435,0.7787,0.7533,0.8708,0.6905,0.929,4.0223,0.9908,9.463,0.7889,0,0,0,0,0,0,1,0,0,0,0,1,0,0,0,0,0,0,1,1,2,6288,201,72,119,102,35,35,17,28,0,12,0,12,68,80,0,12,14.7,5.4,3.6,3.0,1.1,1.1,0.5,0.8,0.0,1.1,0.0,1.1,2.1,2.4,0.0,1.1
39,Ohio,OH,39045,Fairfield County,39045031401,Census Tract 314.01; Fairfield County; Ohio,4.33502970336,2290,311,966,119,915,133,83,64,11,17,62,54,86,55,33,41,494,125,473,113,224,99,0,16,0,48,224,450,44,42,10,17,0,16,102,78,57,4,3.7,2.8,0.9,1.4,6.8,5.8,5.4,3.6,1.5,1.9,21.6,5.4,20.7,4.3,10.0,4.5,0.0,1.7,0.0,2.2,9.8,19.6,4.6,4.3,1.0,1.7,0.0,1.7,11.1,8.0,2.5,0.4,0.0378,0.0654,0.0127,0.3339,0.072,0.5218,0.0248,0.7384,0.4315,0.2174,0.0,0.0,1.3873,0.0644,0.3516,0.3516,0.3516,0.5441,0.6295,0.0,0.7552,0.7949,2.7237,0.7283,4.9844,0.14,0,0,0,0,0,0,0,0,0,0,0,0,0,0,0,0,0,0,0,0,0,5907,139,86,14,22,139,123,0,12,6,12,0,12,46,74,19,31,15.2,8.8,0.6,0.9,6.1,5.4,0.0,1.5,0.3,0.5,0.0,1.5,2.0,3.3,0.8,1.3
39,Ohio,OH,39045,Fairfield County,39045031402,Census Tract 314.02; Fairfield County; Ohio,1.550291036174,4789,814,2200,293,2058,267,1267,466,46,49,739,218,214,128,338,223,1045,156,1186,397,933,261,139,100,0,48,303,1198,322,154,0,12,25,46,357,172,125,5,27.7,8.9,2.1,2.4,35.9,9.5,6.5,3.9,7.2,4.5,21.8,4.7,24.8,5.0,20.0,5.2,6.8,4.8,0.0,1.0,6.3,25.0,14.6,6.7,0.0,1.6,1.2,2.2,17.3,8.1,2.6,0.5,0.6728,0.2086,0.8349,0.4157,0.6557,2.7877,0.5994,0.7445,0.7004,0.8074,0.6051,0.0,2.8574,0.7565,0.208,0.208,0.208,0.7737,0.0,0.6038,0.8708,0.8012,3.0495,0.8438,8.9026,0.7143,0,0,0,0,0,0,0,0,0,0,0,0,0,0,0,0,0,0,0,0,0,2603,338,140,155,174,74,71,0,12,0,12,47,83,27,29,0,12,16.4,7.0,3.2,3.8,1.5,1.5,0.0,0.7,0.0,0.7,1.0,1.7,0.6,0.6,0.0,0.7
39,Ohio,OH,39045,Fairfield County,39045031500,Census Tract 315; Fairfield County; Ohio,1.15175577957,3281,739,1502,159,1337,171,1082,577,110,60,425,153,101,47,430,293,600,73,966,509,850,306,72,50,0,48,318,1014,251,105,0,12,37,45,64,50,8,2,33.8,16.5,7.3,3.9,31.8,10.7,5.0,2.4,13.2,8.1,18.3,5.0,29.4,10.9,26.1,5.3,5.4,3.7,0.0,1.6,9.7,30.8,16.7,6.8,0.0,2.3,2.8,3.3,4.8,3.7,0.2,0.0,0.7664,0.7387,0.7686,0.3041,0.9143,3.4921,0.7794,0.5549,0.8963,0.947,0.5108,0.0,2.909,0.7794,0.3478,0.3478,0.3478,0.8089,0.0,0.826,0.4568,0.4356,2.5273,0.6463,9.2762,0.7622,0,0,0,0,1,1,0,0,1,0,0,1,0,0,0,0,0,0,0,0,2,4554,299,101,28,47,178,211,21,54,0,12,0,12,91,61,0,12,22.4,7.5,0.9,1.4,5.4,6.2,0.6,1.6,0.0,1.1,0.0,1.1,2.8,2.0,0.0,1.1
39,Ohio,OH,39045,Fairfield County,39045031600,Census Tract 316; Fairfield County; Ohio,4.727057982958,6602,771,3112,341,2921,352,2027,555,99,72,1150,373,354,171,334,225,1283,133,1320,260,1282,310,116,85,18,71,347,1074,204,132,16,25,9,23,213,141,16,3,31.4,7.7,3.5,2.7,39.4,11.9,7.6,3.6,5.1,3.2,19.4,2.8,20.0,3.4,19.5,5.2,4.0,2.9,0.3,1.2,5.3,16.3,6.6,4.2,0.5,0.8,0.3,0.8,7.3,4.8,0.2,0.0,0.7325,0.4156,0.8876,0.4876,0.4611,2.9844,0.6556,0.6287,0.3836,0.7855,0.3743,0.4968,2.6689,0.6632,0.1642,0.1642,0.1642,0.6063,0.5717,0.4041,0.6159,0.4356,2.6336,0.6943,8.4511,0.6556,0,0,0,0,0,0,0,0,0,0,0,0,0,0,0,0,0,0,0,0,0,2793,377,159,0,17,57,92,0,17,9,18,0,17,281,198,0,17,12.9,5.4,0.0,0.5,0.9,1.4,0.0,0.5,0.1,0.3,0.0,0.5,4.3,2.9,0.0,0.5
39,Ohio,OH,39045,Fairfield County,39045031700,Census Tract 317; Fairfield County; Ohio,0.693956182578,4000,681,1719,145,1491,158,1400,478,184,80,572,194,395,186,562,225,414,58,851,172,1032,350,90,74,0,48,339,960,0,16,6,11,44,70,87,67,13,3,35.5,10.4,8.4,4.1,38.4,12.4,15.7,5.5,14.1,5.8,10.4,2.2,21.3,4.9,25.8,5.7,6.0,4.9,0.0,1.3,8.5,24.0,0.0,0.9,0.3,0.6,2.9,4.7,5.8,4.2,0.3,0.1,0.7842,0.7876,0.874,0.8339,0.9292,4.2089,0.9283,0.1373,0.4743,0.9448,0.5517,0.0,2.1081,0.3263,0.3009,0.3009,0.3009,0.0,0.5565,0.8349,0.5292,0.4924,2.413,0.5968,9.0309,0.7333,0,0,0,0,1,1,0,0,1,0,0,1,0,0,0,0,0,0,0,0,2,4410,305,103,2,4,135,165,5,10,0,12,0,12,197,217,0,12,20.5,6.8,0.1,0.1,3.4,4.1,0.1,0.3,0.0,0.9,0.0,0.9,4.9,5.4,0.0,0.9
39,Ohio,OH,39045,Fairfield County,39045032000,Census Tract 320; Fairfield County; Ohio,0.81695515231,3539,539,1607,200,1385,203,1290,388,285,148,465,134,189,81,423,264,291,67,775,269,811,273,96,60,0,48,823,689,76,43,0,12,30,37,225,86,299,25,39.3,9.9,15.8,6.2,33.6,8.3,8.8,3.7,12.9,7.0,8.2,2.3,21.9,5.4,24.7,6.2,6.9,4.2,0.0,1.4,23.3,19.1,4.8,2.6,0.0,2.2,2.2,2.7,16.2,6.3,8.4,1.5,0.8289,0.9457,0.8025,0.5647,0.9089,4.0507,0.8987,0.0726,0.5098,0.9267,0.613,0.0,2.1221,0.3375,0.6309,0.6309,0.6309,0.5511,0.0,0.7575,0.8565,0.9477,3.1128,0.8606,9.9165,0.8381,0,1,0,0,1,2,0,0,1,0,0,1,0,0,0,0,0,0,1,1,4,6002,209,82,141,81,54,51,121,169,7,14,0,12,500,372,0,12,15.1,6.1,4.0,2.6,1.5,1.5,3.4,4.8,0.2,0.4,0.0,1.0,14.1,9.3,0.0,1.0
39,Ohio,OH,39045,Fairfield County,39045032100,Census Tract 321; Fairfield County; Ohio,0.473215491546,2912,513,1459,148,1267,184,421,171,14,18,284,116,149,93,229,218,633,83,617,218,371,95,35,38,0,48,181,725,0,16,0,12,14,25,26,27,0,12,14.5,5.3,0.9,1.2,22.4,8.6,7.2,4.2,7.9,6.7,21.7,3.5,21.2,4.8,12.7,3.0,2.8,3.0,0.0,1.8,6.2,24.9,0.0,1.1,0.0,2.4,1.1,2.0,2.1,2.1,0.0,0.4,0.3466,0.0654,0.486,0.4629,0.709,2.0699,0.3879,0.7413,0.4654,0.3951,0.2403,0.0,1.8421,0.2003,0.201,0.201,0.201,0.0,0.0,0.587,0.2248,0.0,0.8118,0.0771,4.9248,0.133,0,0,0,0,0,0,0,0,0,0,0,0,0,0,0,0,0,0,0,0,0,1105,120,64,20,33,16,29,0,12,0,12,0,12,145,83,0,12,9.5,4.8,0.7,1.1,0.5,1.0,0.0,1.2,0.0,1.2,0.0,1.2,5.0,3.0,0.0,1.2
39,Ohio,OH,39045,Fairfield County,39045032200,Census Tract 322; Fairfield County; Ohio,1.247005984664,2847,475,1557,110,1231,159,924,323,61,60,480,152,243,111,356,177,415,165,467,182,780,219,69,67,23,59,263,645,47,52,0,12,0,16,65,55,45,9,33.1,10.1,4.4,4.3,39.0,11.3,12.3,5.3,12.7,6.1,14.6,6.1,16.4,4.8,27.8,6.8,5.6,5.4,0.9,2.2,9.2,22.6,3.0,3.3,0.0,2.2,0.0,1.3,5.3,4.5,1.6,0.2,0.7575,0.5244,0.8835,0.7308,0.9038,3.8,0.8441,0.3212,0.1763,0.9651,0.5241,0.6855,2.6722,0.6648,0.3269,0.3269,0.3269,0.4724,0.0,0.0,0.4917,0.727,1.6911,0.2908,8.4902,0.661,0,0,0,0,1,1,0,0,1,0,0,1,0,0,0,0,0,0,0,0,2,3591,213,90,0,12,235,244,6,12,0,12,0,12,22,21,0,12,17.3,7.2,0.0,1.2,8.3,8.1,0.2,0.4,0.0,1.2,0.0,1.2,0.8,0.7,0.0,1.2
39,Ohio,OH,39045,Fairfield County,39045032300,Census Tract 323; Fairfield County; Ohio,2.649940806436,3939,392,1881,202,1815,212,1184,404,76,62,407,141,354,135,515,259,878,219,632,180,727,240,128,83,0,48,141,548,17,19,18,30,0,16,125,65,75,7,30.6,10.0,3.7,3.1,22.4,7.3,11.5,4.8,13.3,6.3,22.3,5.3,16.0,3.9,18.8,5.7,7.1,4.5,0.0,1.3,3.6,13.9,0.9,1.0,1.0,1.6,0.0,0.9,6.9,3.6,1.9,0.3,0.721,0.4429,0.486,0.7036,0.9169,3.2704,0.7289,0.7613,0.1623,0.7521,0.626,0.0,2.3017,0.4362,0.0885,0.0885,0.0885,0.3181,0.6295,0.0,0.5924,0.7524,2.2924,0.5441,7.953,0.5778,0,0,0,0,1,1,0,0,0,0,0,0,0,0,0,0,0,0,0,0,1,2076,317,112,5,8,42,44,0,12,0,12,0,12,77,49,17,26,17.5,6.4,0.1,0.2,1.1,1.1,0.0,0.9,0.0,0.9,0.0,0.9,2.0,1.3,0.4,0.7
39,Ohio,OH,39045,Fairfield County,39045032501,Census Tract 325.01; Fairfield County; Ohio,47.832023875248,3119,386,1261,187,1146,162,497,199,53,46,245,89,151,80,184,121,761,112,634,126,531,147,61,52,6,48,135,537,98,62,143,81,0,16,98,56,231,9,17.3,6.5,3.8,3.3,21.4,7.2,6.8,3.5,6.4,4.1,24.4,3.4,20.3,2.8,18.3,4.3,5.3,4.5,0.2,1.6,4.3,17.2,7.8,4.8,11.3,6.0,0.0,1.4,8.6,4.7,7.4,1.0,0.4338,0.4524,0.4521,0.4344,0.5849,2.3576,0.4717,0.8446,0.4065,0.7271,0.5022,0.4556,2.936,0.7943,0.1189,0.1189,0.1189,0.6444,0.8921,0.0,0.6727,0.9398,3.149,0.8689,8.5615,0.6705,0,0,0,0,0,0,0,0,0,0,0,0,0,0,0,0,0,0,1,1,1,1922,240,91,25,64,41,44,42,62,0,12,0,12,27,28,0,12,20.9,7.2,0.8,2.1,1.3,1.3,1.3,2.0,0.0,1.1,0.0,1.1,0.9,0.9,0.0,1.1
39,Ohio,OH,39045,Fairfield County,39045032502,Census Tract 325.02; Fairfield County; Ohio,13.241775813712,3159,293,672,133,672,133,115,103,13,21,29,28,393,85,166,105,301,150,240,64,324,182,0,16,9,48,779,421,0,16,12,20,34,30,0,12,1327,43,6.3,5.5,1.2,2.0,4.3,4.1,15.7,3.4,9.0,5.0,9.5,4.9,7.6,2.3,17.6,8.4,0.0,2.4,0.3,1.6,24.7,13.1,0.0,2.4,1.8,2.9,5.1,4.3,0.0,5.1,42.0,4.1,0.0952,0.0898,0.0022,0.8339,0.7721,1.7932,0.3063,0.1084,0.0298,0.6947,0.0,0.4968,1.3297,0.0578,0.6525,0.6525,0.6525,0.0,0.686,0.9413,0.0,0.9886,2.6159,0.6844,6.3913,0.3222,0,0,0,0,0,0,0,0,0,0,0,0,0,0,0,0,1,0,1,2,2,3535,187,147,583,107,50,38,0,12,20,25,6,11,120,65,0,12,27.8,19.1,18.5,3.7,1.6,1.2,0.0,1.1,0.6,0.8,0.2,0.4,3.8,2.1,0.0,1.1
39,Ohio,OH,39045,Fairfield County,39045032601,Census Tract 326.01; Fairfield County; Ohio,27.277844908946,3378,225,1183,116,1140,117,698,275,75,77,107,56,264,159,339,274,540,184,799,113,457,164,26,26,0,48,41,321,0,16,96,66,36,30,2,3,0,12,20.8,8.1,4.6,4.6,9.4,4.8,11.8,6.7,10.0,8.0,16.0,5.1,23.7,3.1,13.5,4.7,2.3,2.3,0.0,1.5,1.2,9.5,0.0,1.4,8.1,5.5,3.2,2.6,0.2,0.3,0.0,0.4,0.5249,0.5451,0.0378,0.7131,0.8197,2.6406,0.5527,0.3989,0.6354,0.4478,0.1902,0.0,1.6723,0.1333,0.0114,0.0114,0.0114,0.0,0.8467,0.8571,0.0413,0.0,1.7451,0.3159,6.0694,0.2695,0,0,0,0,0,0,0,0,0,0,0,0,0,0,0,0,0,0,0,0,0,1219,200,104,0,12,25,31,0,12,0,12,0,12,10,13,6,9,17.5,9.1,0.0,1.0,0.7,0.9,0.0,1.0,0.0,1.0,0.0,1.0,0.3,0.4,0.2,0.3
39,Ohio,OH,39045,Fairfield County,39045032602,Census Tract 326.02; Fairfield County; Ohio,45.89441191506,3411,225,1333,130,1305,123,554,228,82,64,340,127,205,100,80,52,634,140,591,93,515,133,50,47,15,51,219,347,0,16,73,57,3,12,1,3,1,1,16.3,6.6,4.5,3.5,26.1,9.4,8.1,4.0,2.4,1.5,18.6,3.6,17.3,2.6,15.1,3.9,3.8,3.6,0.5,1.6,6.4,10.2,0.0,1.2,5.5,4.2,0.2,0.9,0.1,0.3,0.0,0.0,0.4002,0.534,0.6203,0.5206,0.1568,2.2319,0.4352,0.5767,0.2194,0.5528,0.3502,0.5796,2.2787,0.4241,0.2134,0.2134,0.2134,0.0,0.794,0.3905,0.04,0.0,1.2245,0.1537,5.9485,0.2527,0,0,0,0,0,0,0,0,0,0,0,0,0,0,0,0,0,0,0,0,0,3119,219,87,44,41,4,6,27,31,0,12,0,12,106,86,38,46,16.8,6.1,1.3,1.2,0.1,0.2,0.8,0.9,0.0,1.0,0.0,1.0,3.1,2.5,1.1,1.4
39,Ohio,OH,39045,Fairfield County,39045032701,Census Tract 327.01; Fairfield County; Ohio,1.34395542466,4733,607,1815,202,1798,206,300,157,87,72,385,162,48,58,181,126,443,98,1107,254,451,153,160,82,83,89,1765,752,42,41,0,12,0,16,53,54,0,12,6.4,3.2,2.9,2.4,21.4,8.7,1.5,1.7,3.8,2.7,9.4,2.0,23.4,3.4,9.5,3.1,8.9,4.4,1.8,2.0,37.3,15.2,2.4,2.2,0.0,1.9,0.0,0.9,2.9,2.8,0.0,0.3,0.0984,0.327,0.4521,0.058,0.3113,1.2468,0.1562,0.1056,0.6138,0.1872,0.7311,0.8183,2.456,0.533,0.759,0.759,0.759,0.4352,0.0,0.0,0.2962,0.0,0.7314,0.0619,5.1932,0.16,0,0,0,0,0,0,0,0,0,0,0,0,0,0,0,0,0,0,0,0,0,3865,71,59,1271,372,119,81,93,108,0,12,0,12,275,164,7,12,3.9,3.4,26.9,6.7,2.5,1.8,2.0,2.3,0.0,0.7,0.0,0.7,5.8,3.1,0.1,0.2
39,Ohio,OH,39045,Fairfield County,39045032703,Census Tract 327.03; Fairfield County; Ohio,0.480383475176,4307,491,1142,150,1097,157,322,268,18,33,297,149,189,137,260,174,196,82,1228,260,267,158,97,105,285,162,2881,698,124,104,0,12,16,19,64,47,0,12,7.5,6.2,0.7,1.4,27.1,13.0,7.7,5.4,6.0,4.1,4.6,1.8,28.5,4.4,6.2,3.5,8.8,9.5,7.2,4.0,66.9,14.3,10.9,9.0,0.0,3.0,1.4,1.7,5.8,4.2,0.0,0.3,0.1358,0.0502,0.6549,0.4933,0.5459,1.8801,0.3295,0.0228,0.8719,0.0476,0.7254,0.9762,2.6439,0.6495,0.8919,0.8919,0.8919,0.7073,0.0,0.6384,0.5292,0.0,1.8749,0.3663,7.2908,0.4692,0,0,0,0,0,0,0,0,0,0,1,1,0,0,0,0,0,0,0,0,1,1959,9,16,1585,585,183,205,936,475,0,12,0,12,92,154,85,152,0.8,1.5,36.8,12.5,4.2,4.6,21.7,10.3,0.0,0.8,0.0,0.8,2.1,3.6,2.0,3.6
39,Ohio,OH,39045,Fairfield County,39045032704,Census Tract 327.04; Fairfield County; Ohio,1.671683049382,4374,561,2032,243,1907,269,1813,550,90,107,1158,295,261,208,589,291,465,99,1167,323,326,166,416,145,392,267,3200,680,564,224,14,24,233,197,92,102,137,3,42.8,11.7,3.9,4.5,60.7,12.9,10.4,8.2,13.9,6.9,10.6,2.4,26.7,5.4,7.7,3.8,21.8,7.0,9.5,6.4,73.2,12.4,27.7,10.5,0.7,1.2,12.2,10.2,4.8,5.1,3.1,0.4,0.8616,0.4644,0.9937,0.6582,0.9257,3.9036,0.8683,0.1462,0.8022,0.0981,0.9641,0.9883,2.9989,0.8225,0.9115,0.9115,0.9115,0.9051,0.6003,0.9943,0.4568,0.8358,3.7923,0.9775,11.6063,0.9651,0,0,1,0,1,2,0,0,0,1,1,2,1,1,1,0,1,0,0,2,7,4688,134,186,2079,421,624,344,475,288,5,12,0,12,17,90,0,12,7.0,9.5,47.5,7.6,14.3,7.4,10.9,6.4,0.1,0.3,0.0,0.8,0.4,2.1,0.0,0.8
39,Ohio,OH,39045,Fairfield County,39045032800,Census Tract 328; Fairfield County; Ohio,1.325462683268,4463,585,1465,160,1450,157,225,139,72,49,95,46,124,74,95,76,787,147,1131,248,445,203,90,79,61,65,1120,765,0,16,26,41,13,19,22,25,92,3,5.1,3.1,3.1,2.1,6.6,3.1,3.9,2.2,2.2,1.7,17.6,3.5,25.3,3.3,10.2,4.5,6.2,5.4,1.5,1.6,25.1,16.8,0.0,1.1,1.8,2.8,0.9,1.3,1.5,1.7,2.1,0.3,0.0657,0.3537,0.0114,0.2191,0.1396,0.7895,0.0619,0.5044,0.7276,0.2275,0.5657,0.7854,2.8106,0.7359,0.6573,0.6573,0.6573,0.0,0.686,0.5384,0.1597,0.7644,2.1485,0.4803,6.4059,0.3251,0,0,0,0,0,0,0,0,0,0,0,0,0,0,0,0,0,0,0,0,0,6695,57,47,646,343,241,167,82,97,3,8,0,12,136,152,12,20,3.9,3.2,14.5,6.8,5.4,3.6,1.8,2.2,0.1,0.2,0.0,0.8,3.0,3.5,0.3,0.4
39,Ohio,OH,39045,Fairfield County,39045032901,Census Tract 329.01; Fairfield County; Ohio,7.7431149915679995,6083,720,2068,195,1989,201,595,355,200,123,143,87,34,47,372,275,833,207,1840,320,418,184,0,24,44,80,1654,1021,0,24,0,17,0,24,9,14,0,17,9.8,5.7,6.2,3.6,7.2,4.3,0.9,1.2,6.2,4.4,13.7,3.3,30.2,3.7,6.9,2.8,0.0,1.2,0.7,1.4,27.2,16.5,0.0,1.2,0.0,1.7,0.0,1.2,0.5,0.7,0.0,0.3,0.2012,0.6698,0.0156,0.0289,0.5659,1.4814,0.2203,0.2752,0.9188,0.0689,0.0,0.6367,1.8996,0.2219,0.6788,0.6788,0.6788,0.0,0.0,0.0,0.0524,0.0,0.0524,0.0079,4.1122,0.0635,0,0,0,0,0,0,0,1,0,0,0,1,0,0,0,0,0,0,0,0,1,6784,51,47,1006,283,102,89,125,138,0,17,0,17,421,270,0,17,2.6,2.4,16.5,4.8,1.7,1.5,2.1,2.3,0.0,0.6,0.0,0.6,6.9,4.2,0.0,0.6
39,Ohio,OH,39045,Fairfield County,39045032902,Census Tract 329.02; Fairfield County; Ohio,2.33522983844,5637,648,1793,124,1729,130,394,285,160,92,88,63,57,72,117,109,641,120,1550,337,601,197,30,29,21,75,1108,896,0,24,0,17,6,18,6,10,8,3,7.0,5.0,5.5,3.2,5.1,3.6,1.6,2.0,2.1,1.8,11.4,2.3,27.5,3.6,10.7,3.2,1.8,1.7,0.4,1.4,19.7,15.7,0.0,1.3,0.0,1.9,0.3,1.0,0.3,0.6,0.1,0.1,0.1181,0.621,0.0044,0.0647,0.1301,0.9383,0.0879,0.1718,0.837,0.2615,0.1419,0.5412,1.9534,0.2502,0.5866,0.5866,0.5866,0.0,0.0,0.4041,0.0438,0.3694,0.8173,0.0778,4.2956,0.0787,0,0,0,0,0,0,0,0,0,0,0,0,0,0,0,0,0,0,0,0,0,2932,57,69,556,303,160,170,151,186,0,17,0,17,241,146,0,17,3.3,4.0,9.9,5.1,2.8,3.0,2.7,3.2,0.0,0.6,0.0,0.6,4.3,2.7,0.0,0.6
39,Ohio,OH,39045,Fairfield County,39045033000,Census Tract 330; Fairfield County; Ohio,15.442309336228,5193,496,1964,218,1934,209,252,157,32,32,243,113,203,131,558,220,714,126,1404,258,558,161,41,52,20,72,1156,694,0,24,0,17,0,24,14,16,0,17,4.9,3.0,1.2,1.2,12.6,5.7,5.5,3.5,10.7,4.1,13.7,2.3,27.0,3.2,10.7,3.1,2.1,2.7,0.4,1.5,22.3,13.2,0.0,1.2,0.0,1.8,0.0,1.2,0.7,0.8,0.0,0.3,0.0609,0.0898,0.1159,0.3405,0.8458,1.4529,0.2121,0.2752,0.8158,0.2615,0.1673,0.5412,2.061,0.3016,0.6205,0.6205,0.6205,0.0,0.0,0.0,0.0762,0.0,0.0762,0.0105,4.2106,0.0717,0,0,0,0,0,0,0,0,0,0,0,0,0,0,0,0,0,0,0,0,0,3978,64,37,927,249,81,59,0,17,0,17,0,17,148,126,0,17,3.3,2.0,17.9,4.6,1.6,1.1,0.0,0.7,0.0,0.7,0.0,0.7,2.8,2.4,0.0,0.7
39,Ohio,OH,39045,Fairfield County,39045033101,Census Tract 331.01; Fairfield County; Ohio,4.523915821086,4515,558,1735,175,1687,181,342,226,1,3,248,117,351,172,215,158,797,185,1210,234,603,132,194,116,165,115,1076,789,87,75,0,12,0,16,19,33,6,12,7.6,4.9,0.0,0.1,14.7,6.8,11.5,5.2,4.8,3.4,17.7,4.4,26.8,4.3,13.4,2.6,11.5,6.8,3.8,2.6,23.8,17.2,5.1,4.3,0.0,2.0,0.0,0.9,1.1,2.0,0.1,0.3,0.1384,0.0,0.18,0.7036,0.4243,1.4463,0.2111,0.5117,0.805,0.4418,0.8248,0.9236,3.5069,0.9502,0.6411,0.6411,0.6411,0.5613,0.0,0.0,0.1194,0.3694,1.0501,0.114,6.6444,0.367,0,0,0,0,0,0,0,0,0,0,1,1,0,0,0,0,0,0,0,0,1,2448,165,87,535,216,0,12,370,269,0,12,0,12,171,166,0,12,9.8,5.1,11.8,4.4,0.0,0.8,8.2,5.9,0.0,0.8,0.0,0.8,3.8,3.7,0.0,0.8
39,Ohio,OH,39045,Fairfield County,39045033102,Census Tract 331.02; Fairfield County; Ohio,1.730052791436,5167,684,2476,305,1959,293,547,410,92,99,489,239,183,113,184,120,729,165,1293,230,874,427,270,159,82,109,1706,856,849,321,0,17,119,123,85,58,9,2,10.8,7.9,3.3,3.4,25.0,11.6,5.3,3.2,3.6,2.3,14.1,3.5,25.0,3.9,17.3,8.2,13.8,7.8,1.7,2.2,33.0,16.0,34.2,12.3,0.0,1.4,6.1,6.2,4.3,2.9,0.2,0.0,0.2342,0.386,0.5784,0.3253,0.2945,1.8184,0.3121,0.2964,0.7131,0.6776,0.8759,0.8094,3.3724,0.9238,0.7299,0.7299,0.7299,0.9352,0.0,0.9616,0.4184,0.4356,2.7508,0.7394,8.6715,0.6854,0,0,0,0,0,0,0,0,0,0,0,0,0,0,1,0,1,0,0,2,2,2843,0,17,1156,433,326,306,83,136,0,17,0,17,132,126,9,17,0.0,1.8,22.4,6.7,6.3,5.8,1.6,2.6,0.0,0.7,0.0,0.7,2.6,2.3,0.2,0.3
39,Ohio,OH,39047,Fayette County,39047925800,Census Tract 9258; Fayette County; Ohio,124.182307882966,3624,411,1372,134,1337,133,627,172,32,38,193,65,329,111,365,160,671,132,849,188,680,190,30,34,47,76,195,583,0,16,82,40,65,49,55,38,0,12,17.3,4.3,1.9,2.3,14.4,4.6,12.9,4.3,10.1,4.2,18.5,4.0,23.4,3.8,18.8,4.9,2.2,2.5,1.4,2.3,5.4,16.1,0.0,1.2,6.0,2.9,4.8,3.6,4.1,2.8,0.0,0.3,0.4338,0.1787,0.1679,0.7524,0.8232,2.356,0.4705,0.5698,0.6138,0.7521,0.1762,0.7717,2.8836,0.7698,0.1687,0.1687,0.1687,0.0,0.807,0.9317,0.4063,0.0,2.145,0.479,7.5533,0.5086,0,0,0,0,0,0,0,0,0,0,0,0,0,0,0,0,1,0,0,1,1,4205,237,79,0,12,145,131,13,23,9,11,0,12,26,32,2,3,17.7,5.6,0.0,1.0,4.0,3.6,0.4,0.6,0.2,0.3,0.0,1.0,0.7,0.9,0.1,0.1
39,Ohio,OH,39047,Fayette County,39047925900,Census Tract 9259; Fayette County; Ohio,106.11641074621,3663,299,1684,168,1509,159,826,241,58,37,468,172,181,73,292,106,791,233,878,183,773,213,109,64,0,48,135,433,6,13,124,86,9,19,56,34,0,12,22.6,6.3,3.5,2.2,31.0,10.9,7.3,2.9,8.0,3.0,21.6,6.2,24.0,4.2,21.1,6.1,7.2,4.2,0.0,1.4,3.7,11.8,0.4,0.8,7.4,5.0,0.6,1.3,3.7,2.3,0.0,0.3,0.5712,0.4156,0.7511,0.4715,0.7166,2.926,0.6346,0.7384,0.6582,0.8391,0.6337,0.0,2.8694,0.7635,0.0932,0.0932,0.0932,0.2743,0.8375,0.4632,0.3727,0.0,1.9477,0.3978,7.8363,0.5559,0,0,0,0,0,0,0,0,0,0,0,0,0,0,0,0,0,0,0,0,0,3598,216,77,16,21,21,27,3,9,0,12,0,12,95,54,0,12,14.3,5.1,0.4,0.6,0.6,0.7,0.1,0.2,0.0,0.9,0.0,0.9,2.6,1.5,0.0,0.9
39,Ohio,OH,39047,Fayette County,39047926000,Census Tract 9260; Fayette County; Ohio,15.484783645044,3999,413,1872,143,1651,154,1165,355,176,113,353,116,614,216,118,62,693,129,723,151,1008,264,26,39,0,48,272,572,37,35,54,47,0,16,190,90,115,18,29.9,8.5,9.9,6.1,21.4,6.7,20.5,6.0,3.0,1.6,17.3,3.3,18.1,3.6,25.9,6.6,1.6,2.4,0.0,1.2,6.8,14.3,2.0,1.9,2.9,2.5,0.0,1.0,11.5,5.1,2.9,0.3,0.7093,0.8387,0.4521,0.9169,0.2291,3.1461,0.701,0.4845,0.2613,0.9464,0.1238,0.0,1.816,0.1873,0.2264,0.2264,0.2264,0.4051,0.7317,0.0,0.7679,0.8224,2.7271,0.7308,7.9156,0.5724,0,0,0,1,0,1,0,0,1,0,0,1,0,0,0,0,0,0,0,0,2,5685,294,107,87,56,0,12,46,71,0,12,0,12,106,86,33,46,17.8,6.1,2.2,1.4,0.0,0.9,1.2,1.8,0.0,0.9,0.0,0.9,2.7,2.1,0.8,1.1
39,Ohio,OH,39047,Fayette County,39047926100,Census Tract 9261; Fayette County; Ohio,6.9879211012799995,5289,527,2266,195,2069,197,2317,394,166,90,612,173,625,227,381,192,741,154,1434,288,1243,242,175,85,0,68,652,760,152,81,0,17,27,36,180,80,77,8,44.5,6.1,8.1,4.2,29.6,7.9,18.0,5.6,7.3,3.4,14.0,2.9,27.1,4.1,23.7,4.7,8.4,4.0,0.0,1.4,12.3,14.3,6.7,3.5,0.0,1.5,1.3,1.7,8.7,4.0,1.5,0.0,0.8743,0.7778,0.7146,0.8798,0.6661,3.9126,0.8698,0.2885,0.8205,0.9086,0.7051,0.0,2.7227,0.6956,0.4255,0.4255,0.4255,0.6092,0.0,0.6181,0.6775,0.7146,2.6194,0.6854,9.6802,0.813,0,0,0,0,0,0,0,0,1,0,0,1,0,0,0,0,0,0,0,0,1,3621,327,118,178,120,0,17,48,69,0,17,0,17,426,190,0,17,15.8,5.7,3.4,2.3,0.0,0.7,0.9,1.3,0.0,0.7,0.0,0.7,8.1,3.6,0.0,0.7
39,Ohio,OH,39047,Fayette County,39047926200,Census Tract 9262; Fayette County; Ohio,13.875188499976,4568,443,2167,166,1971,180,933,302,85,81,324,118,472,208,251,139,882,140,890,197,799,205,159,100,0,48,592,612,71,66,0,12,0,16,154,106,128,3,21.0,6.5,3.4,3.2,16.4,5.8,14.7,6.0,5.7,3.1,19.3,3.4,19.5,3.4,18.0,4.4,8.1,5.0,0.0,1.1,13.0,13.3,3.3,3.0,0.0,1.6,0.0,0.8,7.8,5.1,2.8,0.3,0.5297,0.3975,0.2451,0.8107,0.5176,2.5006,0.5105,0.6208,0.3535,0.7122,0.6914,0.0,2.3779,0.4844,0.4448,0.4448,0.4448,0.4844,0.0,0.0,0.6394,0.8161,1.9399,0.394,7.2632,0.4648,0,0,0,0,0,0,0,0,0,0,0,0,0,0,0,0,0,0,0,0,0,6546,259,143,171,82,310,203,0,12,0,12,9,16,102,86,0,12,13.1,6.7,3.7,1.8,6.8,4.2,0.0,0.8,0.0,0.8,0.2,0.4,2.2,1.9,0.0,0.8
39,Ohio,OH,39047,Fayette County,39047926300,Census Tract 9263; Fayette County; Ohio,6.389168405454,3713,553,1613,214,1565,219,794,262,49,39,378,142,335,105,160,83,615,92,876,197,651,187,125,94,0,48,354,760,0,16,72,54,0,16,87,64,0,12,21.7,6.4,2.6,2.1,24.2,8.4,13.8,4.1,4.3,2.3,16.6,3.2,23.6,2.9,17.5,5.6,8.0,5.9,0.0,1.4,9.5,20.4,0.0,1.0,4.5,3.4,0.0,1.0,5.6,4.2,0.0,0.3,0.5497,0.2822,0.5486,0.7834,0.3659,2.5298,0.519,0.4379,0.6287,0.6903,0.6851,0.0,2.442,0.5235,0.337,0.337,0.337,0.0,0.7743,0.0,0.5175,0.0,1.2918,0.1727,6.6006,0.3606,0,0,0,0,0,0,0,0,0,0,0,0,0,0,0,0,0,0,0,0,0,1964,214,78,125,99,40,68,126,111,0,12,0,12,63,61,0,12,13.7,5.4,3.4,2.7,1.1,1.8,3.4,2.9,0.0,0.9,0.0,0.9,1.7,1.6,0.0,0.9
39,Ohio,OH,39047,Fayette County,39047926400,Census Tract 9264; Fayette County; Ohio,133.32494725734,4045,479,1711,182,1518,187,572,238,20,20,200,74,415,215,689,447,714,165,1099,248,459,151,76,62,0,48,321,679,0,16,104,66,51,48,49,46,14,1,14.4,5.7,1.0,1.0,13.2,4.6,15.6,6.9,17.1,9.8,17.7,4.0,27.2,4.5,11.4,3.9,5.1,4.0,0.0,1.3,7.9,16.8,0.0,0.9,6.1,3.8,3.4,3.1,3.2,2.9,0.3,0.0,0.3437,0.0714,0.1298,0.8323,0.9606,2.3378,0.4638,0.5117,0.824,0.3088,0.4841,0.0,2.1286,0.34,0.2771,0.2771,0.2771,0.0,0.8092,0.8708,0.3248,0.4924,2.4972,0.6349,7.2407,0.459,0,0,0,0,1,1,0,0,0,0,0,0,0,0,0,0,0,0,0,0,1,1488,194,82,85,90,159,125,0,12,0,12,0,12,77,59,0,12,12.8,5.4,2.1,2.3,3.9,3.1,0.0,0.9,0.0,0.9,0.0,0.9,1.9,1.5,0.0,0.9
39,Ohio,OH,39049,Franklin County,39049000110,Census Tract 1.10; Franklin County; Ohio,0.756903549944,3405,382,1914,254,1803,259,340,185,30,22,364,108,82,66,178,126,704,235,445,106,471,271,37,38,0,48,221,538,7,16,0,12,0,16,46,45,0,12,10.0,5.3,1.3,1.0,20.2,5.2,2.8,2.4,5.2,3.4,20.7,5.9,13.1,2.4,13.8,6.8,2.1,2.1,0.0,1.5,6.5,15.8,0.4,0.8,0.0,1.8,0.0,0.9,2.6,2.5,0.0,0.4,0.205,0.1013,0.4029,0.1386,0.4706,1.3184,0.1768,0.7013,0.0802,0.4675,0.1673,0.0,1.4163,0.0708,0.215,0.215,0.215,0.2743,0.0,0.0,0.267,0.0,0.5413,0.0413,3.491,0.0321,0,0,0,0,0,0,0,0,0,0,0,0,0,0,0,0,0,0,0,0,0,1567,100,62,61,49,109,70,14,18,0,12,0,12,37,25,0,12,5.5,3.4,1.8,1.4,3.2,2.1,0.4,0.5,0.0,1.0,0.0,1.0,1.1,0.8,0.0,1.0
39,Ohio,OH,39049,Franklin County,39049000120,Census Tract 1.20; Franklin County; Ohio,1.112581484548,3339,358,1729,191,1698,200,263,117,20,23,294,119,34,40,87,57,822,153,522,137,427,164,71,47,7,46,271,474,37,55,0,12,11,21,91,69,5,3,7.9,3.4,1.0,1.2,17.3,6.7,1.2,1.5,2.6,1.7,24.6,4.5,15.6,3.4,12.8,4.8,4.1,2.7,0.2,1.4,8.1,14.2,2.1,3.2,0.0,2.0,0.6,1.2,5.4,4.2,0.1,0.1,0.1457,0.0714,0.2819,0.0425,0.1812,0.7227,0.0498,0.8519,0.1481,0.4002,0.3844,0.4556,2.2402,0.3978,0.2873,0.2873,0.2873,0.4111,0.0,0.4632,0.4994,0.3694,1.7431,0.314,4.9933,0.1406,0,0,0,0,0,0,0,0,0,0,0,0,0,0,0,0,0,0,0,0,0,5970,39,31,82,101,31,30,60,40,0,12,0,12,85,70,13,17,2.3,1.8,2.5,3.0,0.9,0.9,1.8,1.2,0.0,1.0,0.0,1.0,2.5,2.0,0.4,0.5
39,Ohio,OH,39049,Franklin County,39049000210,Census Tract 2.10; Franklin County; Ohio,0.658947542034,3127,387,1655,202,1571,202,162,83,44,39,271,86,8,11,79,47,602,126,426,143,256,84,62,43,0,48,426,504,246,129,0,12,0,16,122,113,3,3,5.2,2.6,2.1,1.9,17.3,5.0,0.3,0.4,2.5,1.5,19.3,4.1,13.6,4.3,8.2,2.5,3.9,2.7,0.0,1.6,13.6,16.0,14.9,7.6,0.0,2.1,0.0,1.0,7.8,6.8,0.1,0.1,0.0685,0.2086,0.2819,0.0114,0.1692,0.7396,0.053,0.6208,0.0904,0.1215,0.3638,0.0,1.1965,0.0397,0.4607,0.4607,0.4607,0.7787,0.0,0.0,0.6394,0.3694,1.7875,0.3314,4.1843,0.0692,0,0,0,0,0,0,0,0,0,0,0,0,0,0,0,0,0,0,0,0,0,1927,27,27,47,56,79,56,157,151,0,12,0,12,143,124,0,12,1.7,1.8,1.5,1.8,2.5,1.8,5.0,4.7,0.0,1.1,0.0,1.1,4.6,3.8,0.0,1.1
39,Ohio,OH,39049,Franklin County,39049000220,Census Tract 2.20; Franklin County; Ohio,0.751087309416,4106,403,2022,225,1918,237,263,149,166,123,388,183,19,21,27,24,1024,328,623,97,265,85,22,22,7,47,514,565,286,57,0,12,0,16,6,12,0,12,6.4,3.6,6.8,4.7,20.2,9.2,0.6,0.6,0.7,0.6,24.9,6.3,15.2,2.4,6.5,2.1,1.1,1.1,0.2,1.2,12.5,13.7,14.1,2.3,0.0,1.7,0.0,0.8,0.3,0.6,0.0,0.3,0.0984,0.7079,0.4029,0.0197,0.0235,1.2524,0.1575,0.8618,0.1344,0.0549,0.0829,0.4556,1.5896,0.1111,0.4315,0.4315,0.4315,0.7663,0.0,0.0,0.0438,0.0,0.8101,0.0768,4.0836,0.0606,0,0,0,0,0,0,0,0,0,0,0,0,0,0,0,0,0,0,0,0,0,2612,31,29,15,17,146,85,122,103,0,12,0,12,231,118,0,12,1.6,1.5,0.4,0.4,3.6,2.1,3.0,2.4,0.0,0.8,0.0,0.8,5.6,2.9,0.0,0.8
39,Ohio,OH,39049,Franklin County,39049000310,Census Tract 3.10; Franklin County; Ohio,0.712075563336,2968,249,1427,74,1219,139,739,241,143,96,342,132,315,135,239,116,374,103,669,121,480,129,132,93,38,53,1111,362,80,87,0,12,21,21,85,58,8,2,24.9,7.8,8.8,5.6,28.1,10.3,14.9,6.2,8.1,3.8,12.6,3.5,22.5,4.2,16.2,3.9,10.8,7.5,1.4,1.9,37.4,11.8,5.6,6.1,0.0,2.4,1.7,1.7,7.0,4.6,0.3,0.1,0.6217,0.8073,0.6819,0.8161,0.7226,3.6496,0.8117,0.2229,0.5526,0.6144,0.8032,0.7717,2.9648,0.8073,0.7597,0.7597,0.7597,0.5762,0.0,0.6917,0.5994,0.4924,2.3597,0.5733,9.7338,0.819,0,0,0,0,0,0,0,0,0,0,0,0,0,0,0,0,0,0,0,0,0,2595,106,75,623,189,164,153,130,91,0,12,0,12,183,119,11,17,8.7,6.0,21.0,6.1,5.5,5.1,4.4,3.1,0.0,1.2,0.0,1.2,6.2,4.1,0.4,0.6
39,Ohio,OH,39049,Franklin County,39049000320,Census Tract 3.20; Franklin County; Ohio,0.492544143768,2991,635,1347,317,1347,317,570,363,41,60,317,104,384,155,234,219,340,101,481,192,531,309,118,82,23,49,945,789,0,16,0,12,0,16,196,110,0,12,19.2,11.5,2.5,3.5,23.5,5.4,16.6,5.6,7.8,6.7,11.4,3.1,16.1,5.9,17.8,9.2,8.7,5.7,0.8,1.7,31.6,25.5,0.0,1.2,0.0,2.6,0.0,1.2,14.6,8.2,0.0,0.4,0.4875,0.2657,0.5254,0.8513,0.701,2.8309,0.6117,0.1718,0.1658,0.703,0.7194,0.6636,2.4236,0.5124,0.7191,0.7191,0.7191,0.0,0.0,0.0,0.8292,0.0,0.8292,0.0784,6.8028,0.3952,0,0,0,0,0,0,0,0,0,0,0,0,0,0,0,0,0,0,0,0,0,1241,381,310,222,152,98,81,20,39,0,12,0,12,388,354,217,292,28.3,17.6,7.4,5.2,3.3,2.9,0.7,1.3,0.0,1.2,0.0,1.2,13.0,10.9,7.3,9.2
39,Ohio,OH,39049,Franklin County,39049000330,Census Tract 3.30; Franklin County; Ohio,0.307271940762,2662,508,1167,96,1087,108,1168,387,55,45,398,111,488,305,289,133,220,31,647,178,397,169,77,62,11,48,1180,698,50,34,0,12,40,54,47,48,5,7,43.9,11.9,4.1,3.3,36.6,9.5,25.3,12.9,10.9,4.8,8.3,2.0,24.3,3.0,14.9,6.3,7.1,5.7,0.4,1.9,44.3,24.8,4.2,2.9,0.0,3.0,3.7,5.0,4.3,4.5,0.2,0.3,0.8721,0.4867,0.8463,0.9572,0.8524,4.0147,0.8911,0.0742,0.6734,0.5408,0.626,0.5412,2.4556,0.5321,0.8031,0.8031,0.8031,0.5257,0.0,0.8841,0.4184,0.4356,2.2638,0.5346,9.5372,0.7981,0,0,0,1,0,1,0,0,0,0,0,0,0,0,0,0,0,0,0,0,1,740,183,99,648,212,76,97,36,46,0,12,0,12,351,280,69,102,16.8,9.6,24.3,9.0,2.9,3.8,1.4,1.8,0.0,1.3,0.0,1.3,13.2,10.3,2.6,3.8
39,Ohio,OH,39049,Franklin County,39049000410,Census Tract 4.10; Franklin County; Ohio,0.299020168818,2464,223,1207,82,1183,93,296,114,105,55,221,84,34,42,180,127,120,70,413,80,180,78,30,24,0,48,182,311,0,16,0,12,31,28,61,37,0,12,12.1,4.5,5.8,2.8,18.7,6.9,1.8,2.2,7.3,5.2,4.9,2.8,16.8,2.8,7.3,3.2,2.5,2.0,0.0,2.1,7.4,12.6,0.0,1.3,0.0,2.9,2.7,2.4,5.2,3.1,0.0,0.5,0.2742,0.6432,0.339,0.0758,0.6661,1.9983,0.3657,0.025,0.1972,0.0812,0.2114,0.0,0.5148,0.0038,0.2521,0.2521,0.2521,0.0,0.0,0.814,0.4844,0.0,1.2984,0.174,4.0636,0.0587,0,0,0,0,0,0,0,0,0,0,0,0,0,0,0,0,0,0,0,0,0,1183,51,50,35,41,37,38,41,33,0,12,0,12,69,80,0,12,4.3,4.2,1.4,1.6,1.5,1.5,1.7,1.3,0.0,1.4,0.0,1.4,2.8,3.2,0.0,1.4
39,Ohio,OH,39049,Franklin County,39049000420,Census Tract 4.20; Franklin County; Ohio,0.565467228508,3516,568,1658,197,1614,209,208,105,34,32,344,156,139,189,53,34,559,105,573,162,285,103,0,16,39,71,317,805,78,43,0,12,0,16,63,43,5,8,5.9,2.8,1.5,1.5,21.3,9.3,4.9,6.1,1.5,1.0,15.9,2.9,16.3,3.3,8.1,2.7,0.0,1.0,1.2,2.2,9.0,22.8,4.7,2.5,0.0,2.1,0.0,1.0,3.9,2.6,0.1,0.2,0.0831,0.1251,0.4483,0.2955,0.072,1.024,0.1054,0.3922,0.1734,0.1162,0.0,0.7403,1.4221,0.0717,0.3177,0.3177,0.3177,0.5476,0.0,0.0,0.3892,0.3694,1.3062,0.1768,4.07,0.06,0,0,0,0,0,0,0,0,0,0,0,0,0,0,0,0,0,0,0,0,0,3070,56,37,37,32,30,30,89,74,0,12,0,12,149,77,12,18,3.5,2.3,1.1,0.9,0.9,0.9,2.5,2.1,0.0,1.0,0.0,1.0,4.2,2.2,0.3,0.5
39,Ohio,OH,39049,Franklin County,39049000500,Census Tract 5; Franklin County; Ohio,0.487369604764,4367,772,2129,272,2129,272,979,553,62,53,490,167,55,62,265,275,270,73,594,336,211,110,45,47,43,84,730,1031,296,100,2,4,56,93,75,53,3,6,22.4,12.0,2.0,1.7,23.0,7.3,1.7,1.9,6.1,5.9,6.2,2.0,13.6,6.5,4.8,2.8,2.1,2.2,1.0,2.0,16.7,23.4,13.9,4.3,0.1,0.2,2.6,4.4,3.5,2.6,0.1,0.1,0.5674,0.194,0.5079,0.0694,0.5547,1.8934,0.333,0.0374,0.0904,0.0225,0.1673,0.707,1.0246,0.0248,0.5285,0.5285,0.5285,0.7632,0.5502,0.8029,0.3537,0.3694,2.8394,0.774,6.2859,0.3038,0,0,0,0,0,0,0,0,0,0,0,0,0,0,0,0,0,0,0,0,0,2577,84,68,37,39,143,118,327,196,0,12,0,12,223,216,0,12,3.9,3.3,0.8,0.9,3.3,2.7,7.5,4.5,0.0,0.8,0.0,0.8,5.1,4.6,0.0,0.8
39,Ohio,OH,39049,Franklin County,39049000600,Census Tract 6; Franklin County; Ohio,0.37982591199,4035,653,2000,154,1740,197,1353,454,110,61,519,134,76,55,303,104,157,34,274,88,415,152,44,34,24,52,716,880,196,104,0,12,29,36,218,90,0,12,33.7,9.9,3.4,2.0,29.8,6.9,3.0,2.1,7.5,2.9,3.9,0.9,6.8,2.1,10.3,3.8,2.5,1.9,0.6,1.3,17.7,21.6,9.9,5.1,0.0,1.7,1.7,2.1,12.5,4.8,0.0,0.3,0.7639,0.3975,0.7206,0.1512,0.6798,2.713,0.5762,0.0193,0.025,0.2329,0.2114,0.6088,1.0974,0.0292,0.5514,0.5514,0.5514,0.6883,0.0,0.6917,0.7911,0.0,2.1711,0.4886,6.5329,0.347,0,0,0,0,0,0,0,0,0,0,0,0,0,0,0,0,0,0,0,0,0,2182,41,35,209,121,262,130,68,59,0,12,0,12,177,86,0,12,2.4,2.0,5.2,2.8,6.5,3.2,1.7,1.4,0.0,0.9,0.0,0.9,4.4,2.1,0.0,0.9
39,Ohio,OH,39049,Franklin County,39049000710,Census Tract 7.10; Franklin County; Ohio,0.50571060807,3348,719,1520,167,1383,197,1425,451,235,113,560,185,349,136,311,162,275,125,968,381,527,176,261,171,61,82,2144,782,0,16,0,12,22,31,199,133,0,12,42.9,10.0,13.6,6.4,40.5,12.1,16.0,6.6,9.3,4.5,8.2,4.1,28.9,6.3,15.7,5.7,18.9,12.1,2.0,2.6,64.0,18.9,0.0,1.1,0.0,2.3,1.6,2.2,14.4,9.3,0.0,0.4,0.8623,0.9143,0.9016,0.8396,0.7871,4.3049,0.9444,0.0726,0.884,0.5874,0.9457,0.8348,3.3245,0.9143,0.8808,0.8808,0.8808,0.0,0.0,0.6794,0.8263,0.0,1.5057,0.2321,10.0159,0.8495,0,1,1,0,0,2,0,0,0,1,0,1,0,0,0,0,0,0,0,0,3,1120,163,110,1638,707,221,169,17,31,0,12,0,12,211,196,57,79,11.8,8.0,48.9,14.2,6.6,5.0,0.5,0.9,0.0,1.0,0.0,1.0,6.3,6.0,1.7,2.4
39,Ohio,OH,39049,Franklin County,39049000720,Census Tract 7.20; Franklin County; Ohio,0.844259513546,2775,531,1181,140,1080,141,1377,513,162,101,546,169,360,144,468,167,322,73,925,358,520,177,287,120,16,52,2208,574,0,16,0,12,10,20,307,134,0,12,49.8,15.9,13.6,7.8,50.6,14.2,22.5,8.0,16.9,6.1,11.6,3.0,33.3,7.5,18.7,5.0,26.5,10.6,0.6,2.0,79.6,14.0,0.0,1.4,0.0,2.9,0.9,1.8,28.4,10.2,0.0,0.4,0.9064,0.9143,0.9721,0.9363,0.9594,4.6885,0.9937,0.1776,0.9613,0.7477,0.9841,0.6088,3.4795,0.9444,0.9341,0.9341,0.9341,0.0,0.0,0.5384,0.953,0.0,1.4914,0.2283,10.5935,0.9025,1,1,1,1,1,5,0,1,0,1,0,2,1,1,0,0,0,1,0,1,9,2410,193,80,1832,468,161,138,0,12,0,12,0,12,92,62,123,161,17.9,7.3,66.0,9.6,5.8,4.8,0.0,1.3,0.0,1.3,0.0,1.3,3.3,2.2,4.4,5.8
39,Ohio,OH,39049,Franklin County,39049000730,Census Tract 7.30; Franklin County; Ohio,0.40274878773,3366,760,1633,167,1339,177,2390,743,212,276,664,217,424,209,427,188,332,123,1054,533,389,175,228,164,52,80,3069,840,0,16,70,86,6,23,437,200,0,12,71.8,15.3,13.1,15.8,49.6,14.8,20.9,10.4,12.7,6.0,9.9,3.8,31.3,10.9,11.6,5.7,17.0,12.0,1.8,2.7,91.2,14.1,0.0,1.0,4.3,5.2,0.4,1.7,32.6,14.1,0.0,0.4,0.9864,0.9089,0.9679,0.9217,0.9038,4.6887,0.994,0.1214,0.942,0.3234,0.9279,0.8183,3.133,0.8654,0.9639,0.9639,0.9639,0.0,0.7695,0.4206,0.966,0.0,2.1561,0.4835,10.9417,0.926,1,1,1,1,1,5,0,1,0,1,0,2,1,1,0,0,0,1,0,1,9,1545,350,174,2692,642,263,208,0,12,0,12,0,12,104,92,10,15,26.1,12.0,80.0,9.3,7.8,6.2,0.0,1.0,0.0,1.0,0.0,1.0,3.1,2.7,0.3,0.4
39,Ohio,OH,39049,Franklin County,39049000810,Census Tract 8.10; Franklin County; Ohio,0.383905851824,2783,545,1271,173,1220,162,732,320,126,93,452,156,448,192,290,274,223,79,635,312,241,117,63,72,0,48,1102,765,3,13,0,12,51,70,150,92,0,12,26.3,10.3,7.9,6.2,37.0,11.8,23.0,8.1,10.4,8.5,8.0,3.4,22.8,7.9,8.7,4.5,5.2,5.9,0.0,1.8,39.6,26.4,0.2,1.0,0.0,2.7,4.2,5.7,12.3,6.8,0.0,0.4,0.6477,0.7667,0.8533,0.9401,0.8347,4.0425,0.8971,0.0682,0.5761,0.1476,0.4921,0.0,1.284,0.0508,0.7787,0.7787,0.7787,0.261,0.0,0.907,0.7854,0.0,1.9534,0.399,8.0586,0.5949,0,0,0,1,0,1,0,0,0,0,0,0,0,0,0,0,1,0,0,1,2,1065,126,93,580,260,73,122,225,283,3,5,0,12,221,200,0,12,10.3,7.4,20.8,9.5,2.6,4.4,8.1,9.9,0.1,0.2,0.0,1.2,7.9,7.5,0.0,1.2
39,Ohio,OH,39049,Franklin County,39049000820,Census Tract 8.20; Franklin County; Ohio,0.558754073034,3751,460,1693,214,1614,230,1311,342,119,100,410,126,595,298,585,386,419,163,733,199,649,216,175,87,438,291,2221,541,36,42,34,43,44,53,111,68,7,4,35.0,8.0,5.2,4.4,25.4,6.9,21.5,8.6,15.6,9.5,11.2,4.2,19.5,4.8,17.3,5.7,10.8,5.2,12.2,7.9,59.2,12.5,2.1,2.5,2.0,2.6,2.7,3.3,6.9,4.2,0.2,0.1,0.7807,0.5971,0.5962,0.9293,0.947,3.8503,0.8571,0.1658,0.3535,0.6776,0.8032,0.9937,2.9938,0.8184,0.8592,0.8592,0.8592,0.4111,0.6978,0.814,0.5924,0.4356,2.9509,0.813,10.6542,0.9063,0,0,0,1,1,2,0,0,0,0,1,1,0,0,0,0,0,0,0,0,3,1815,117,64,1441,353,455,386,222,255,0,12,0,12,103,74,0,12,7.2,4.1,38.4,9.3,12.1,9.6,5.9,6.5,0.0,0.9,0.0,0.9,2.7,1.9,0.0,0.9
39,Ohio,OH,39049,Franklin County,39049000910,Census Tract 9.10; Franklin County; Ohio,0.495187784162,3361,521,1489,129,1240,146,1623,432,173,102,611,157,373,152,531,287,304,109,1024,266,490,148,317,109,0,48,2673,561,0,16,24,29,41,41,181,77,0,12,48.6,10.5,12.2,6.5,49.3,11.3,18.3,6.1,15.8,7.5,9.0,3.4,30.5,6.0,14.6,4.8,25.6,8.3,0.0,1.6,79.5,11.3,0.0,1.1,1.6,2.0,3.4,3.3,14.6,5.9,0.0,0.4,0.9013,0.8876,0.9663,0.8859,0.9492,4.5903,0.9851,0.0926,0.9264,0.5236,0.9794,0.0,2.522,0.5708,0.9331,0.9331,0.9331,0.0,0.6749,0.8708,0.8292,0.0,2.3749,0.581,10.4203,0.8863,1,0,1,0,1,3,0,1,0,1,0,2,1,1,0,0,0,0,0,0,6,2787,269,113,2499,480,82,80,0,12,0,12,0,12,78,73,14,23,21.7,8.5,74.4,6.8,2.4,2.4,0.0,1.0,0.0,1.0,0.0,1.0,2.3,2.0,0.4,0.7
39,Ohio,OH,39049,Franklin County,39049000920,Census Tract 9.20; Franklin County; Ohio,0.353435454188,2176,598,906,120,703,119,1486,547,101,77,377,116,408,194,468,326,148,32,828,374,217,66,151,70,62,67,1760,613,0,16,0,12,89,71,97,58,0,12,68.3,16.7,15.1,10.2,53.6,13.8,34.2,10.6,21.5,11.8,6.8,2.3,38.1,11.0,10.0,3.9,21.4,9.3,3.1,3.3,80.9,17.3,0.0,1.8,0.0,3.8,12.7,9.9,13.8,8.0,0.0,0.6,0.9803,0.9346,0.9825,0.9902,0.9838,4.8714,0.9994,0.0447,0.988,0.2174,0.9619,0.9014,3.1134,0.8587,0.9382,0.9382,0.9382,0.0,0.0,0.9956,0.8168,0.0,1.8124,0.3413,10.7354,0.9117,1,1,1,1,1,5,0,1,0,1,1,3,1,1,0,0,1,0,0,1,10,803,134,64,1458,541,179,115,10,15,1,8,0,12,105,155,7,12,19.1,8.5,67.0,10.3,8.2,5.4,0.5,0.7,0.0,0.4,0.0,1.6,4.8,6.8,0.3,0.5
39,Ohio,OH,39049,Franklin County,39049001000,Census Tract 10; Franklin County; Ohio,0.345199512426,5413,1006,2210,302,2089,314,3154,804,356,272,1034,288,98,106,743,493,79,56,120,81,638,312,47,44,0,68,1268,1256,469,173,0,17,3,19,110,82,5,10,58.3,10.2,8.9,5.7,49.5,11.6,4.4,4.8,13.8,7.8,1.5,1.1,2.2,1.4,11.8,5.1,2.2,2.1,0.0,1.3,23.4,22.8,21.3,7.3,0.0,1.6,0.1,0.9,5.3,3.9,0.1,0.2,0.953,0.8117,0.967,0.2581,0.9242,3.914,0.8708,0.007,0.0117,0.3351,0.1762,0.0,0.53,0.0048,0.6335,0.6335,0.6335,0.8597,0.0,0.3819,0.4917,0.3694,2.1027,0.4622,7.1802,0.4495,1,0,1,0,1,3,0,0,0,0,0,0,0,0,0,0,0,0,0,0,3,1767,160,127,552,374,211,141,351,145,0,17,0,17,146,90,8,13,7.7,5.9,10.2,5.9,3.9,2.4,6.5,2.7,0.0,0.6,0.0,0.6,2.7,1.8,0.1,0.2
39,Ohio,OH,39049,Franklin County,39049001110,Census Tract 11.10; Franklin County; Ohio,0.204378460476,2996,415,1341,160,1056,144,1847,353,211,106,684,142,4,1,86,59,26,33,16,23,205,106,0,16,7,48,906,552,591,128,6,9,15,18,180,102,451,147,72.6,7.7,12.2,5.4,64.8,10.1,0.8,0.4,2.9,1.9,0.9,1.1,0.5,0.8,6.8,3.5,0.0,1.5,0.2,1.6,30.2,17.9,44.0,8.0,0.4,0.6,1.5,1.7,17.0,8.4,15.1,4.4,0.987,0.8876,0.9962,0.0241,0.2142,3.1091,0.6898,0.0051,0.0054,0.0666,0.0,0.4556,0.5327,0.0051,0.7083,0.7083,0.7083,0.9606,0.5625,0.6606,0.8673,0.9686,4.0196,0.9905,8.3697,0.6432,1,0,1,0,0,2,0,0,0,0,0,0,0,0,1,0,0,0,1,2,4,1892,112,66,149,96,62,60,540,182,0,12,0,12,148,69,7,10,10.6,6.1,5.0,3.0,2.1,1.9,18.0,5.8,0.0,1.2,0.0,1.2,4.9,2.3,0.2,0.3
39,Ohio,OH,39049,Franklin County,39049001121,Census Tract 11.21; Franklin County; Ohio,0.347704928304,9949,559,62,40,50,34,88,121,428,208,6,30,0,17,111,90,0,17,92,78,691,301,3,17,50,85,2639,880,36,34,0,17,0,24,7,7,9790,511,55.3,38.3,11.3,5.2,12.0,59.4,0.0,34.0,1.1,0.9,0.0,0.4,0.9,0.8,6.9,3.2,6.0,33.8,0.5,0.9,26.5,8.7,58.1,40.0,0.0,39.1,0.0,48.0,14.0,19.1,98.4,7.5,0.9372,0.8695,0.0965,0.0,0.0451,1.9483,0.3489,0.0,0.007,0.0689,0.5517,0.5796,1.2072,0.0406,0.6709,0.6709,0.6709,0.9822,0.0,0.0,0.8194,0.9975,2.7991,0.7594,6.6255,0.3648,1,0,0,0,0,1,0,0,0,0,0,0,0,0,1,0,0,0,1,2,3,65633,9,8,554,242,389,197,1374,539,1,3,0,17,298,204,23,24,18.0,21.4,5.6,2.5,3.9,1.9,13.8,5.2,0.0,0.1,0.0,0.4,3.0,2.1,0.2,0.2
39,Ohio,OH,39049,Franklin County,39049001122,Census Tract 11.22; Franklin County; Ohio,2.335746829018,2471,226,761,134,521,117,465,138,30,48,251,73,0,12,145,90,74,13,62,40,149,53,8,16,85,64,1092,304,495,139,0,12,6,16,52,28,1566,102,51.4,10.9,3.1,4.9,48.2,8.9,0.0,7.2,5.9,3.7,3.0,0.6,2.5,1.6,6.0,2.1,1.5,3.1,3.4,2.6,44.2,11.6,65.0,14.2,0.0,4.5,1.2,3.1,10.0,5.6,63.4,7.1,0.9172,0.3537,0.961,0.0,0.537,2.7689,0.5927,0.013,0.013,0.0444,0.1156,0.9119,1.0979,0.0295,0.8022,0.8022,0.8022,0.987,0.0,0.6038,0.7203,0.9933,3.3044,0.8994,7.9734,0.5816,1,0,1,0,0,2,0,0,0,0,1,1,0,0,1,0,0,0,1,2,5,34403,86,47,193,108,136,80,687,163,0,12,0,12,44,35,32,36,16.5,8.7,7.8,4.2,5.5,3.2,27.8,6.1,0.0,1.4,0.0,1.4,1.8,1.4,1.3,1.5
39,Ohio,OH,39049,Franklin County,39049001200,Census Tract 12; Franklin County; Ohio,0.259147415278,4225,498,1511,128,1208,137,2764,420,146,74,708,152,27,21,256,143,33,31,23,38,490,193,0,16,35,59,827,720,603,146,0,12,8,16,189,86,421,60,72.2,6.1,6.0,3.1,58.6,10.7,4.1,3.4,6.1,3.2,0.8,0.7,0.5,0.9,11.6,4.5,0.0,1.3,0.8,1.4,19.6,16.9,39.9,9.1,0.0,2.3,0.7,1.3,15.6,6.7,10.0,0.8,0.9867,0.6559,0.9908,0.2359,0.5547,3.424,0.7622,0.0038,0.0054,0.3234,0.0,0.6636,0.9962,0.0229,0.5853,0.5853,0.5853,0.953,0.0,0.4873,0.8479,0.955,3.2432,0.887,8.2487,0.6238,1,0,1,0,0,2,0,0,0,0,0,0,0,0,1,0,0,0,1,2,4,2414,86,55,237,125,179,87,196,109,0,12,0,12,147,95,68,111,7.1,4.4,5.6,3.0,4.2,2.0,4.6,2.6,0.0,0.8,0.0,0.8,3.5,2.3,1.6,2.6
39,Ohio,OH,39049,Franklin County,39049001301,Census Tract 13.01; Franklin County; Ohio,0.141271246882,3128,592,1187,165,1077,141,1690,385,169,112,539,172,37,53,341,212,93,91,97,91,227,153,16,20,46,72,657,852,278,114,0,12,18,30,42,44,26,5,54.4,6.8,7.8,5.4,50.0,14.6,3.4,5.2,10.9,7.3,3.0,2.8,3.1,2.9,7.3,4.7,1.5,1.8,1.5,2.3,21.0,26.9,23.4,9.0,0.0,2.9,1.7,2.8,3.9,4.0,0.8,0.1,0.9311,0.7616,0.9698,0.1836,0.8524,3.6985,0.8232,0.013,0.0143,0.0812,0.1156,0.7854,1.0095,0.0241,0.6024,0.6024,0.6024,0.8762,0.0,0.6917,0.3892,0.6344,2.5915,0.6724,7.9019,0.5679,1,0,1,0,0,2,0,0,0,0,0,0,0,0,0,0,0,0,0,0,2,861,68,83,190,120,58,62,198,117,0,12,0,12,154,125,57,53,6.3,7.5,6.1,4.2,1.9,2.0,6.3,3.5,0.0,1.1,0.0,1.1,4.9,4.2,1.8,1.7
39,Ohio,OH,39049,Franklin County,39049001302,Census Tract 13.02; Franklin County; Ohio,0.122834104178,2309,434,823,191,581,133,1091,342,58,48,506,176,0,12,45,45,0,12,0,12,225,127,0,16,6,45,422,618,578,211,0,12,13,25,150,78,975,70,81.8,36.5,4.3,3.9,87.1,22.8,0.0,34.3,1.9,2.0,0.0,1.5,0.0,1.5,9.7,4.8,0.0,2.8,0.3,1.9,18.3,26.5,70.2,19.8,0.0,4.2,2.2,4.3,25.8,13.7,42.2,8.5,0.9965,0.5117,0.9994,0.0,0.1104,2.618,0.5438,0.0,0.0,0.2003,0.0,0.4968,0.6971,0.0105,0.5631,0.5631,0.5631,0.9905,0.0,0.7575,0.9406,0.9889,3.6775,0.9641,7.5557,0.5092,1,0,1,0,0,2,0,0,0,0,0,0,0,0,1,0,0,1,1,3,5,1413,29,36,83,69,103,65,203,106,0,12,0,12,20,23,13,22,5.0,6.0,3.6,2.9,4.5,3.0,8.8,4.8,0.0,1.5,0.0,1.5,0.9,1.0,0.6,1.0
39,Ohio,OH,39049,Franklin County,39049001400,Census Tract 14; Franklin County; Ohio,0.716124228908,1447,323,642,71,528,83,808,214,92,60,241,98,156,68,236,177,81,29,448,103,305,133,169,69,0,48,1289,348,5,15,0,12,0,16,89,53,114,12,56.6,7.5,15.9,9.9,45.6,17.1,19.5,8.0,16.3,11.3,5.6,2.2,31.0,4.1,21.1,6.6,32.0,12.1,0.0,3.7,89.1,13.5,0.8,2.3,0.0,5.3,0.0,3.0,16.9,9.5,7.9,1.9,0.947,0.9473,0.9467,0.9033,0.9549,4.6992,0.9952,0.0308,0.9379,0.8391,0.9917,0.0,2.7995,0.7308,0.9575,0.9575,0.9575,0.3111,0.0,0.0,0.8663,0.9448,2.1222,0.4721,10.5784,0.9006,1,1,1,1,1,5,0,1,0,1,0,2,1,1,0,0,0,0,1,1,9,2635,164,62,1022,269,159,173,0,12,0,12,0,12,89,94,19,27,31.1,10.3,70.6,13.0,11.0,11.3,0.0,2.4,0.0,2.4,0.0,2.4,6.2,5.6,1.3,2.0
39,Ohio,OH,39049,Franklin County,39049001500,Census Tract 15; Franklin County; Ohio,0.506627986422,1922,412,903,132,738,122,900,288,148,73,194,82,135,66,256,114,301,183,695,242,293,86,241,104,83,76,1867,414,30,31,9,14,41,33,158,67,0,12,46.8,11.1,21.4,9.6,26.3,10.2,13.0,7.1,13.3,6.0,15.7,8.3,36.2,7.8,15.2,5.4,32.6,13.0,4.8,4.2,97.1,5.5,3.3,3.4,1.0,1.6,5.6,4.4,21.4,9.0,0.0,0.6,0.8886,0.9771,0.6283,0.7555,0.9169,4.1664,0.9213,0.3814,0.9832,0.5592,0.9933,0.9474,3.8645,0.9921,0.9851,0.9851,0.9851,0.4844,0.6295,0.953,0.9137,0.0,2.9806,0.8225,11.9966,0.9813,0,1,0,0,1,2,0,1,0,1,1,3,1,1,0,0,1,1,0,2,8,1915,188,96,1685,402,168,149,0,12,0,12,0,12,14,17,0,12,25.5,12.2,87.7,7.6,8.7,7.4,0.0,1.8,0.0,1.8,0.0,1.8,0.7,0.9,0.0,1.8
39,Ohio,OH,39049,Franklin County,39049001600,Census Tract 16; Franklin County; Ohio,0.18926140887,2406,322,1330,164,1203,162,1074,228,30,29,446,137,63,54,253,128,54,24,349,66,398,133,148,47,0,48,1176,370,260,128,0,12,0,16,218,98,9,2,44.6,7.4,1.9,1.7,37.1,10.2,4.1,3.4,10.6,5.0,2.2,0.9,14.5,2.6,16.6,4.8,12.3,3.5,0.0,2.1,48.9,13.9,19.5,9.3,0.0,2.6,0.0,1.3,18.1,7.2,0.4,0.1,0.8753,0.1787,0.8543,0.2359,0.8423,2.9865,0.6562,0.0105,0.1148,0.6407,0.8454,0.0,1.6114,0.1165,0.8215,0.8215,0.8215,0.839,0.0,0.0,0.88,0.5374,2.2564,0.5292,7.6758,0.5283,0,0,0,0,0,0,0,0,0,0,0,0,0,0,0,0,0,0,0,0,0,863,107,62,708,166,117,82,123,76,0,12,0,12,218,158,10,15,8.9,5.4,29.4,5.8,4.9,3.3,5.1,3.1,0.0,1.4,0.0,1.4,9.1,5.9,0.4,0.6
39,Ohio,OH,39049,Franklin County,39049001700,Census Tract 17; Franklin County; Ohio,0.198129013504,3524,515,1882,215,1667,209,2097,536,313,160,781,165,72,90,144,122,95,58,230,114,171,68,105,38,48,62,1202,712,887,212,0,12,43,40,244,83,119,5,61.5,12.7,12.1,5.6,46.9,8.0,5.2,6.2,4.1,3.4,2.7,1.7,6.5,3.2,4.9,2.0,6.3,2.1,1.4,1.8,34.1,19.6,47.1,9.9,0.0,1.8,2.6,2.4,14.6,4.7,3.4,0.5,0.9641,0.8854,0.954,0.3148,0.3478,3.4661,0.7724,0.0117,0.0241,0.0251,0.5714,0.7717,1.404,0.0679,0.7375,0.7375,0.7375,0.9663,0.0,0.8029,0.8292,0.8494,3.4478,0.9276,9.0554,0.7346,1,0,1,0,0,2,0,0,0,0,0,0,0,0,1,0,0,0,0,1,3,3656,178,82,557,180,161,134,330,150,0,12,0,12,144,82,10,17,10.7,4.8,15.8,5.3,4.6,3.7,9.4,4.3,0.0,1.0,0.0,1.0,4.1,2.4,0.3,0.5
39,Ohio,OH,39049,Franklin County,39049001810,Census Tract 18.10; Franklin County; Ohio,0.15251608153,3546,665,2084,360,1750,376,2122,547,165,109,1163,390,24,33,90,70,19,29,0,12,258,112,0,16,14,48,1367,828,639,152,0,12,29,33,323,106,470,15,68.9,9.7,8.5,5.4,66.5,17.1,2.2,3.0,2.5,2.0,0.5,0.8,0.0,1.0,7.3,3.5,0.0,0.9,0.4,1.4,38.6,22.2,30.7,5.0,0.0,1.7,1.6,1.9,18.5,6.7,13.3,2.5,0.9813,0.7943,0.9968,0.1021,0.1692,3.0437,0.6749,0.0025,0.0,0.0812,0.0,0.5412,0.6249,0.0079,0.7708,0.7708,0.7708,0.9229,0.0,0.6794,0.8848,0.9651,3.4522,0.9298,7.8916,0.5648,1,0,1,0,0,2,0,0,0,0,0,0,0,0,1,0,0,0,1,2,4,1367,101,61,240,115,276,158,650,391,3,5,0,12,198,89,0,12,5.8,3.6,6.8,3.2,7.8,4.1,18.3,10.1,0.1,0.1,0.0,1.0,5.6,2.5,0.0,1.0
39,Ohio,OH,39049,Franklin County,39049001820,Census Tract 18.20; Franklin County; Ohio,0.338988675654,2312,283,1484,147,1264,134,636,216,70,51,391,117,0,12,180,109,152,61,130,82,224,88,64,43,11,49,517,384,168,81,19,21,31,48,152,96,2,5,27.5,8.7,3.9,2.9,30.9,8.7,0.0,2.0,7.8,4.6,6.6,2.6,5.6,3.4,9.7,3.8,5.1,3.4,0.5,2.2,22.4,16.4,11.3,5.3,1.3,1.4,2.5,3.8,12.0,7.1,0.1,0.2,0.6699,0.4644,0.7486,0.0,0.701,2.5839,0.5343,0.0415,0.0203,0.2003,0.4841,0.5796,1.3258,0.0568,0.6218,0.6218,0.6218,0.7159,0.6505,0.7902,0.7794,0.3694,3.3054,0.9,7.8369,0.5562,0,0,0,0,0,0,0,0,0,0,0,0,0,0,0,0,0,0,0,0,0,4137,100,69,119,104,168,97,109,82,4,7,0,12,117,79,0,12,7.9,5.4,5.1,4.3,7.3,4.0,4.7,3.5,0.2,0.3,0.0,1.5,5.1,3.5,0.0,1.5
39,Ohio,OH,39049,Franklin County,39049001901,Census Tract 19.01; Franklin County; Ohio,0.665562241498,3312,252,2349,184,2144,133,885,246,102,70,845,211,163,127,233,89,235,147,83,50,414,211,25,29,47,65,696,345,1535,205,0,12,38,42,237,108,22,5,26.7,7.1,3.8,2.5,39.4,9.5,6.1,4.6,7.0,2.6,7.1,4.2,2.5,1.4,12.5,6.0,1.1,1.4,1.4,2.0,21.0,10.3,65.4,7.1,0.0,1.5,1.8,2.0,11.1,4.9,0.7,0.1,0.6557,0.4524,0.8876,0.3897,0.636,3.0214,0.6689,0.0479,0.013,0.3846,0.0829,0.7717,1.3001,0.053,0.6024,0.6024,0.6024,0.9876,0.0,0.7079,0.7552,0.6243,3.075,0.8514,7.9989,0.5857,0,0,0,0,0,0,0,0,0,0,0,0,0,0,1,0,0,0,0,1,1,8536,229,113,324,160,87,75,207,153,0,12,0,12,78,79,0,12,10.7,5.2,9.8,4.8,2.6,2.2,6.3,4.4,0.0,1.0,0.0,1.0,2.4,2.4,0.0,1.0
39,Ohio,OH,39049,Franklin County,39049001902,Census Tract 19.02; Franklin County; Ohio,0.42908673566,4146,544,3011,348,2850,396,549,192,100,102,745,210,139,130,299,149,354,126,144,68,333,141,14,25,37,57,583,760,475,178,28,46,0,16,309,142,10,3,13.2,4.3,2.8,2.9,26.1,6.4,3.6,3.4,7.2,3.6,8.5,3.3,3.5,1.6,8.0,3.6,0.5,0.9,0.9,1.4,14.1,18.2,15.8,5.6,0.9,1.5,0.0,0.6,10.8,5.1,0.2,0.1,0.3113,0.3133,0.6203,0.1966,0.6557,2.0972,0.3965,0.0793,0.0149,0.1104,0.0473,0.6855,0.9374,0.0194,0.4727,0.4727,0.4727,0.793,0.6187,0.0,0.7473,0.4356,2.5946,0.674,6.1019,0.2743,0,0,0,0,0,0,0,0,0,0,0,0,0,0,0,0,0,0,0,0,0,4231,134,107,145,102,144,85,185,117,0,12,0,12,109,98,0,12,4.7,3.8,3.5,2.5,3.5,2.1,4.5,2.8,0.0,0.8,0.0,0.8,2.6,2.3,0.0,0.8
39,Ohio,OH,39049,Franklin County,39049002000,Census Tract 20; Franklin County; Ohio,0.268566373568,3073,387,1825,193,1666,207,403,170,76,58,247,90,82,63,37,31,240,56,211,85,112,58,47,34,9,48,563,480,97,62,11,19,0,16,93,53,5,24,13.2,5.3,3.0,2.3,14.8,5.1,3.1,2.3,1.2,1.0,7.8,2.1,6.9,2.6,3.7,1.9,2.8,2.0,0.3,1.6,18.3,15.4,5.3,3.4,0.6,1.1,0.0,1.0,5.6,3.1,0.2,0.8,0.3113,0.3403,0.1829,0.1579,0.0511,1.0435,0.1086,0.0637,0.0254,0.0067,0.2403,0.4968,0.8329,0.0143,0.5631,0.5631,0.5631,0.566,0.5876,0.0,0.5175,0.4356,2.1067,0.4644,4.5462,0.1,0,0,0,0,0,0,0,0,0,0,0,0,0,0,0,0,0,0,0,0,0,1183,43,33,240,132,135,138,60,38,0,12,0,12,115,91,13,19,2.6,1.9,7.8,4.1,4.4,4.1,2.0,1.3,0.0,1.1,0.0,1.1,3.7,2.9,0.4,0.6
39,Ohio,OH,39049,Franklin County,39049002100,Census Tract 21; Franklin County; Ohio,0.201365320468,2252,281,1631,154,1465,171,333,120,32,24,424,141,36,34,64,65,119,71,84,61,123,74,11,21,2,46,306,378,939,186,0,12,0,16,116,75,17,3,14.8,5.0,1.6,1.3,28.9,9.0,1.9,1.8,2.8,2.9,5.3,3.2,3.7,2.6,5.5,3.0,0.8,1.4,0.1,2.1,13.6,16.7,57.6,10.0,0.0,2.1,0.0,1.1,7.9,5.0,0.8,0.1,0.358,0.1346,0.7016,0.0808,0.1996,1.4746,0.2184,0.0273,0.0155,0.0352,0.0625,0.4245,0.565,0.0057,0.4607,0.4607,0.4607,0.9813,0.0,0.0,0.6444,0.6344,2.2601,0.5327,4.7604,0.119,0,0,0,0,0,0,0,0,0,0,0,0,0,0,1,0,0,0,0,1,1,3137,100,76,21,22,115,79,119,62,0,12,0,12,51,49,0,12,6.8,5.3,0.9,1.0,5.1,3.4,5.3,2.7,0.0,1.5,0.0,1.5,2.3,2.2,0.0,1.5
39,Ohio,OH,39049,Franklin County,39049002200,Census Tract 22; Franklin County; Ohio,0.402945313648,3414,604,2569,277,2260,274,343,163,0,12,421,144,24,28,307,256,92,40,98,47,205,128,30,49,0,48,794,686,1162,242,0,12,32,37,121,67,2,1,10.0,4.4,0.0,1.1,18.6,6.0,0.8,1.0,9.0,6.3,2.7,1.3,2.9,1.5,6.0,3.7,1.3,2.2,0.0,1.4,23.3,19.7,45.2,8.1,0.0,1.4,1.4,1.6,5.4,3.0,0.1,0.0,0.205,0.0,0.3359,0.0241,0.7721,1.3371,0.18,0.0117,0.0136,0.0444,0.1022,0.0,0.1719,0.0006,0.6309,0.6309,0.6309,0.9629,0.0,0.6384,0.4994,0.3694,2.4701,0.6241,4.61,0.1038,0,0,0,0,0,0,0,0,0,0,0,0,0,0,1,0,0,0,0,1,1,4397,105,63,328,335,72,54,271,220,0,12,0,12,123,86,0,12,4.6,2.8,9.6,8.6,2.1,1.6,7.9,5.4,0.0,1.0,0.0,1.0,3.6,2.6,0.0,1.0
39,Ohio,OH,39049,Franklin County,39049002300,Census Tract 23; Franklin County; Ohio,0.993167471886,1809,317,819,103,654,102,655,185,75,61,238,103,350,148,318,117,151,51,348,85,322,131,96,37,0,48,1402,354,22,35,0,12,0,16,132,61,0,12,36.2,8.0,8.6,6.0,36.4,14.7,27.9,8.3,17.6,5.8,8.3,2.8,19.2,4.3,17.8,6.2,14.7,5.2,0.0,2.8,77.5,14.1,2.7,4.3,0.0,4.2,0.0,2.4,20.2,10.0,0.0,0.7,0.7921,0.7975,0.8413,0.9737,0.966,4.3706,0.9559,0.0742,0.3313,0.703,0.8952,0.0,2.0037,0.273,0.9264,0.9264,0.9264,0.4533,0.0,0.0,0.9057,0.0,1.359,0.1921,8.6597,0.6838,0,0,0,1,1,2,0,0,0,0,0,0,1,1,0,0,0,1,0,1,4,3359,92,42,1137,258,38,55,40,53,0,12,0,12,101,89,86,92,14.1,6.1,62.9,7.2,2.1,3.1,2.2,2.9,0.0,1.9,0.0,1.9,5.6,4.8,4.8,5.2
39,Ohio,OH,39049,Franklin County,39049002510,Census Tract 25.10; Franklin County; Ohio,1.90580526353,2719,489,1354,157,1174,169,1155,469,168,110,413,156,457,163,197,103,395,97,792,288,574,149,141,98,62,63,2461,503,21,36,61,36,0,16,130,89,98,9,42.8,15.6,14.4,8.6,35.2,12.3,25.3,8.3,7.2,3.6,14.5,4.3,29.1,6.4,21.1,6.5,12.0,8.2,2.4,2.4,90.5,8.8,1.6,2.7,4.5,2.7,0.0,1.4,11.1,7.2,3.6,0.7,0.8616,0.9251,0.8257,0.9572,0.6557,4.2253,0.933,0.3155,0.8906,0.8391,0.8384,0.8646,3.7482,0.9816,0.9607,0.9607,0.9607,0.3787,0.7743,0.0,0.7552,0.8545,2.7627,0.7438,11.6969,0.9698,0,1,0,1,0,2,0,0,0,0,0,0,1,1,0,0,0,0,0,0,3,3215,256,93,1959,431,311,211,0,12,1,3,0,12,115,112,75,112,21.8,8.2,72.0,8.9,11.4,6.8,0.0,1.3,0.0,0.1,0.0,1.3,4.2,3.9,2.8,4.1
39,Ohio,OH,39049,Franklin County,39049002520,Census Tract 25.20; Franklin County; Ohio,0.606426473076,2901,483,1687,173,1485,190,854,325,74,70,419,143,185,107,221,156,388,98,550,240,454,168,227,113,0,48,1981,568,476,161,0,12,0,16,204,114,137,8,30.3,10.3,4.2,4.0,28.2,8.9,8.7,5.2,7.9,5.5,13.4,3.8,19.0,6.3,16.1,5.2,15.3,7.4,0.0,1.7,68.3,15.9,28.2,9.1,0.0,2.1,0.0,1.1,13.7,7.7,4.7,0.8,0.7172,0.4975,0.6841,0.5574,0.709,3.1652,0.7057,0.2568,0.3183,0.6087,0.9076,0.0,2.0914,0.3181,0.8966,0.8966,0.8966,0.9089,0.0,0.0,0.814,0.8976,2.6205,0.6857,8.7737,0.6975,0,0,0,0,0,0,0,0,0,1,0,1,0,0,1,0,0,0,0,1,2,2724,111,86,1728,367,17,22,54,64,0,12,0,12,135,93,47,62,7.5,5.7,59.6,8.7,0.6,0.8,1.9,2.2,0.0,1.2,0.0,1.2,4.7,3.2,1.6,2.1
39,Ohio,OH,39049,Franklin County,39049002600,Census Tract 26; Franklin County; Ohio,1.37717371023,4639,827,1933,217,1681,211,2408,748,257,188,782,209,610,244,800,378,469,95,1389,357,972,264,269,110,163,150,3241,986,334,120,224,140,139,77,327,129,153,6,53.9,13.4,12.0,7.0,46.5,11.0,21.3,8.3,17.8,6.2,10.1,2.8,29.9,5.9,21.6,5.8,16.0,6.2,3.9,3.5,69.9,17.2,17.2,5.9,11.6,7.0,8.3,4.5,19.5,7.5,3.3,0.6,0.9283,0.8841,0.9495,0.9264,0.9667,4.655,0.9917,0.1262,0.9112,0.8566,0.9168,0.9249,3.7357,0.9794,0.9033,0.9033,0.9033,0.8133,0.8946,0.9813,0.8965,0.8456,4.4313,0.999,13.7253,0.9997,1,0,1,1,1,4,0,1,0,1,1,3,1,1,0,0,1,0,0,1,9,4365,399,125,2042,365,942,672,29,33,0,12,0,12,228,142,0,12,23.7,7.1,44.0,9.5,20.3,12.7,0.6,0.7,0.0,0.8,0.0,0.8,4.9,3.1,0.0,0.8
39,Ohio,OH,39049,Franklin County,39049002710,Census Tract 27.10; Franklin County; Ohio,0.325248077678,2466,383,1309,152,1233,157,1083,345,127,82,568,153,108,46,285,100,190,73,551,193,241,85,206,89,58,80,1960,428,309,128,0,12,12,21,170,68,0,12,43.9,12.2,8.4,5.5,46.1,10.9,7.3,3.2,11.6,3.8,7.7,3.0,22.3,6.3,9.8,3.6,16.7,6.9,2.6,3.5,79.5,12.2,23.6,9.4,0.0,2.6,1.0,1.7,13.8,5.7,0.0,0.5,0.8721,0.7876,0.9483,0.4715,0.8753,3.9548,0.8784,0.0609,0.539,0.2056,0.9244,0.877,2.6069,0.6241,0.9331,0.9331,0.9331,0.8784,0.0,0.5676,0.8168,0.0,2.2628,0.534,9.7576,0.8213,0,0,1,0,0,1,0,0,0,1,0,1,1,1,0,0,0,0,0,0,3,1599,158,97,1808,340,89,79,0,12,0,12,0,12,63,49,0,12,12.8,7.6,73.3,8.1,3.6,3.1,0.0,1.4,0.0,1.4,0.0,1.4,2.6,2.0,0.0,1.4
39,Ohio,OH,39049,Franklin County,39049002730,Census Tract 27.30; Franklin County; Ohio,0.359415401964,2536,414,1181,177,1062,165,1660,382,72,65,647,195,305,122,463,241,361,155,812,248,439,184,200,81,189,156,2262,460,8,16,0,12,19,31,234,98,5,6,67.2,11.6,6.5,5.5,60.9,15.7,20.1,7.1,18.3,8.2,14.2,5.7,32.0,7.8,17.3,6.6,18.8,7.0,8.8,7.1,89.2,10.8,0.7,1.4,0.0,2.9,1.8,2.9,22.0,8.9,0.2,0.2,0.9778,0.6917,0.9943,0.9112,0.9695,4.5445,0.9803,0.2993,0.949,0.6776,0.9448,0.9848,3.8555,0.9914,0.9581,0.9581,0.9581,0.2994,0.0,0.7079,0.9187,0.4356,2.3616,0.5746,11.7197,0.9708,1,0,1,1,1,4,0,1,0,1,1,3,1,1,0,0,0,1,0,1,9,1954,181,85,1582,328,496,320,0,12,0,12,0,12,184,164,0,12,17.0,8.2,62.4,11.1,19.6,11.5,0.0,1.4,0.0,1.4,0.0,1.4,7.3,6.3,0.0,1.4
39,Ohio,OH,39049,Franklin County,39049002740,Census Tract 27.40; Franklin County; Ohio,0.54402350953,2497,439,1084,180,1081,180,130,82,17,26,202,86,22,38,70,62,621,354,471,174,368,187,45,32,15,49,441,659,22,39,0,12,0,16,39,45,13,3,5.2,3.2,1.2,1.8,18.7,7.3,1.1,1.9,2.8,2.4,24.9,11.2,18.9,5.8,14.7,5.8,4.1,2.9,0.6,2.1,17.7,26.2,2.0,3.6,0.0,3.2,0.0,1.5,3.6,4.1,0.5,0.1,0.0685,0.0898,0.339,0.0384,0.1996,0.7353,0.0524,0.8618,0.3107,0.5287,0.3844,0.6088,2.6944,0.6752,0.5514,0.5514,0.5514,0.4051,0.0,0.0,0.3638,0.5742,1.3431,0.1867,5.3242,0.1724,0,0,0,0,0,0,0,0,0,0,0,0,0,0,0,0,0,0,0,0,0,1353,122,80,307,161,64,57,47,47,0,12,0,12,23,22,0,12,11.3,7.6,12.3,7.1,2.6,2.3,1.9,1.9,0.0,1.4,0.0,1.4,0.9,0.9,0.0,1.4
39,Ohio,OH,39049,Franklin County,39049002750,Census Tract 27.50; Franklin County; Ohio,0.361178729798,2663,652,1189,127,1007,139,1794,735,209,136,498,126,192,99,262,133,176,59,1122,510,486,144,351,112,46,52,2202,674,39,48,0,12,44,70,195,85,0,12,67.5,22.1,20.3,10.4,49.5,10.5,15.2,7.7,9.9,5.1,6.6,3.2,42.1,9.7,18.3,5.7,34.9,10.0,1.9,2.2,82.7,15.2,3.3,4.0,0.0,2.9,4.4,6.9,19.4,8.1,0.0,0.5,0.9784,0.9749,0.967,0.8228,0.8169,4.56,0.9825,0.0415,0.9956,0.7271,0.9962,0.8275,3.5879,0.9629,0.942,0.942,0.942,0.4844,0.0,0.9168,0.8952,0.0,2.2964,0.547,11.3863,0.953,1,1,1,0,0,3,0,1,0,1,0,2,1,1,0,0,1,0,0,1,7,2327,181,83,1730,602,297,167,28,27,0,12,0,12,119,98,28,38,18.0,7.9,65.0,9.9,11.2,7.0,1.1,1.1,0.0,1.3,0.0,1.3,4.5,3.7,1.1,1.5
39,Ohio,OH,39049,Franklin County,39049002760,Census Tract 27.60; Franklin County; Ohio,0.506350765186,3308,475,1774,201,1655,207,892,354,294,366,496,139,187,100,448,379,406,89,456,153,487,199,77,65,83,125,1457,571,88,82,0,12,0,16,258,185,14,3,27.0,10.0,12.9,14.3,30.0,7.5,7.1,3.8,13.5,10.3,12.3,2.9,13.8,4.2,14.7,5.1,4.7,3.9,2.7,4.0,44.0,16.1,5.0,4.6,0.0,2.0,0.0,1.0,15.6,9.8,0.4,0.1,0.6601,0.9051,0.7267,0.4569,0.9203,3.6691,0.8168,0.2074,0.0964,0.5287,0.4476,0.8827,2.1628,0.3565,0.8006,0.8006,0.8006,0.5578,0.0,0.0,0.8479,0.5374,1.9431,0.3956,8.5756,0.6724,0,1,0,0,1,2,0,0,0,0,0,0,0,0,0,0,0,0,0,0,2,1782,311,192,1149,471,173,153,0,12,13,18,0,12,122,84,0,12,18.8,9.9,34.7,11.3,5.2,4.6,0.0,1.1,0.4,0.6,0.0,1.1,3.7,2.5,0.0,1.1
39,Ohio,OH,39049,Franklin County,39049002770,Census Tract 27.70; Franklin County; Ohio,0.356911530494,2181,272,1043,113,949,120,841,285,118,78,429,138,183,84,320,169,268,94,564,160,310,80,158,97,46,67,1731,323,278,113,0,12,43,29,125,68,0,12,38.6,12.1,10.2,6.9,45.2,13.4,12.7,5.9,14.7,7.4,12.3,4.5,25.9,5.8,14.2,3.7,16.6,10.0,2.3,3.4,79.4,11.0,26.7,10.4,0.0,3.3,4.5,3.0,13.2,6.8,0.0,0.6,0.8226,0.8473,0.9441,0.7454,0.9368,4.2962,0.9422,0.2074,0.7625,0.4919,0.9241,0.8548,3.2407,0.8968,0.9325,0.9325,0.9325,0.8981,0.0,0.9213,0.8035,0.0,2.6229,0.6876,11.0923,0.9375,0,0,1,0,1,2,0,0,0,1,0,1,1,1,0,0,1,0,0,1,5,1164,120,70,1215,288,406,215,0,12,0,12,0,12,110,84,0,12,12.6,7.1,55.7,10.9,18.6,9.4,0.0,1.6,0.0,1.6,0.0,1.6,5.0,3.7,0.0,1.6
39,Ohio,OH,39049,Franklin County,39049002780,Census Tract 27.80; Franklin County; Ohio,0.667503562354,2524,374,1276,148,1242,159,227,78,0,12,427,155,73,60,48,65,953,159,290,109,468,156,13,26,32,68,787,500,201,107,0,12,0,16,222,108,159,4,9.5,2.9,0.0,3.0,34.4,11.7,3.4,2.9,2.0,2.8,37.8,6.0,11.5,3.4,19.6,6.9,1.0,2.1,1.4,2.9,31.2,19.3,15.8,8.2,0.0,2.7,0.0,1.3,17.9,7.8,6.3,0.9,0.192,0.0,0.8149,0.1836,0.1209,1.3114,0.1743,0.9921,0.0564,0.7893,0.0759,0.7717,2.6854,0.6714,0.715,0.715,0.715,0.793,0.0,0.0,0.8775,0.9283,2.5988,0.6768,7.3106,0.4721,0,0,0,0,0,0,1,0,0,0,0,1,0,0,0,0,0,0,1,1,2,3323,206,117,662,183,24,27,13,24,6,11,0,12,82,77,0,12,16.6,8.9,26.2,6.6,1.0,1.1,0.5,1.0,0.2,0.4,0.0,1.4,3.2,3.0,0.0,1.4
39,Ohio,OH,39049,Franklin County,39049002800,Census Tract 28; Franklin County; Ohio,0.441033503744,2271,450,1500,267,1070,234,979,397,67,49,260,95,127,75,108,106,297,154,632,342,417,188,170,94,0,48,1586,509,365,178,0,12,0,16,213,155,11,3,43.1,15.3,5.5,4.2,24.3,7.1,8.4,4.9,4.8,4.5,13.1,6.9,27.8,12.2,18.4,7.9,15.9,8.1,0.0,2.3,69.8,17.6,24.4,11.0,0.0,2.3,0.0,1.5,19.9,12.6,0.5,0.1,0.8639,0.621,0.5524,0.5428,0.4243,3.0044,0.6622,0.2413,0.8472,0.7318,0.9162,0.0,2.7365,0.7016,0.9027,0.9027,0.9027,0.8825,0.0,0.0,0.901,0.5742,2.3577,0.5727,9.0013,0.7286,0,0,0,0,0,0,0,0,0,1,0,1,1,1,0,0,0,1,0,1,3,1697,64,49,1432,369,29,37,0,12,0,12,0,12,125,118,0,12,6.0,4.7,63.1,10.0,1.3,1.6,0.0,1.5,0.0,1.5,0.0,1.5,5.5,5.0,0.0,1.5
39,Ohio,OH,39049,Franklin County,39049002900,Census Tract 29; Franklin County; Ohio,0.346267084456,3196,704,1481,165,1116,181,2544,696,304,238,488,199,251,85,185,96,260,103,1307,424,531,154,275,71,99,95,2981,710,745,165,0,12,82,68,486,150,0,12,79.6,12.9,24.5,16.3,43.7,16.4,16.1,6.3,5.8,3.0,8.1,3.2,40.9,6.1,16.6,5.1,24.6,5.0,3.4,3.1,93.3,8.4,50.3,9.6,0.0,2.3,7.3,6.0,43.5,12.3,0.0,0.4,0.9949,0.9841,0.9327,0.8408,0.5294,4.2819,0.939,0.0704,0.9937,0.6407,0.9759,0.9119,3.5926,0.9638,0.9721,0.9721,0.9721,0.9727,0.0,0.973,0.9876,0.0,2.9333,0.8057,11.7799,0.9733,1,1,1,0,0,3,0,1,0,1,1,3,1,1,1,0,1,1,0,3,10,1363,237,119,2770,714,58,54,5,8,0,12,0,12,110,107,38,57,21.2,9.8,86.7,6.2,1.8,1.7,0.2,0.2,0.0,1.1,0.0,1.1,3.4,3.5,1.2,1.8
39,Ohio,OH,39049,Franklin County,39049003000,Census Tract 30; Franklin County; Ohio,1.361074415136,3423,303,2393,235,2115,214,682,223,78,53,578,174,79,79,173,104,168,92,104,66,508,208,23,30,0,48,657,427,2066,233,0,12,43,40,406,198,405,19,22.6,7.0,3.0,2.1,27.3,7.7,3.0,3.0,5.1,3.1,4.9,2.6,3.0,1.9,14.8,6.0,1.1,1.4,0.0,1.4,19.2,12.4,86.3,4.8,0.0,1.4,2.0,1.9,19.2,8.7,11.8,1.2,0.5712,0.3403,0.6606,0.1512,0.4611,2.1844,0.4219,0.025,0.014,0.536,0.0829,0.0,0.6579,0.0089,0.5777,0.5777,0.5777,0.9968,0.0,0.7346,0.8924,0.9601,3.5839,0.9502,7.0039,0.4235,0,0,0,0,0,0,0,0,0,0,0,0,0,0,1,0,0,0,1,2,2,69940,196,95,219,111,152,103,179,92,17,27,0,12,90,72,0,12,9.3,4.3,6.4,3.2,4.4,3.0,5.2,2.7,0.5,0.8,0.0,1.0,2.6,2.1,0.0,1.0
39,Ohio,OH,39049,Franklin County,39049003200,Census Tract 32; Franklin County; Ohio,0.586273493084,3031,379,1953,159,1772,194,197,75,10,16,436,155,46,43,171,95,665,170,9,14,342,119,0,16,0,48,498,489,1529,208,18,19,0,16,122,50,209,3,7.0,2.5,0.5,0.7,24.6,8.3,1.7,1.6,6.1,3.4,21.9,6.0,0.3,0.5,12.1,4.5,0.0,0.9,0.0,1.6,16.4,16.0,78.3,8.5,0.9,1.0,0.0,0.9,6.9,3.0,6.9,0.9,0.1181,0.033,0.5635,0.0694,0.5547,1.3387,0.1803,0.7483,0.0048,0.3586,0.0,0.0,1.1117,0.0308,0.5225,0.5225,0.5225,0.9943,0.6187,0.0,0.5924,0.936,3.1414,0.8673,6.1143,0.2768,0,0,0,0,0,0,0,0,0,0,0,0,0,0,1,0,0,0,1,2,2,4520,82,31,113,126,246,142,71,71,9,12,0,12,59,47,0,12,4.6,1.8,3.7,4.1,8.1,4.2,2.3,2.2,0.3,0.4,0.0,1.1,1.9,1.6,0.0,1.1
39,Ohio,OH,39049,Franklin County,39049003600,Census Tract 36; Franklin County; Ohio,0.336753917278,1966,342,1447,211,1085,217,684,268,55,59,371,215,103,68,172,107,336,176,326,149,307,180,55,44,13,51,1044,450,291,126,0,12,4,13,345,178,6,3,34.8,12.2,4.8,5.1,34.2,18.6,7.0,4.7,8.7,5.0,17.1,8.1,16.6,6.3,15.6,8.4,5.1,3.9,0.7,2.7,53.1,20.9,20.1,8.2,0.0,2.4,0.4,1.2,31.8,12.8,0.3,0.1,0.7782,0.5603,0.8111,0.4486,0.7566,3.3548,0.747,0.4677,0.1874,0.5833,0.4841,0.6367,2.3592,0.4702,0.8396,0.8396,0.8396,0.8476,0.0,0.4206,0.9648,0.4924,2.7254,0.7298,9.279,0.7625,0,0,0,0,0,0,0,0,0,0,0,0,0,0,0,0,0,1,0,1,1,2887,117,67,816,218,29,31,24,32,0,12,0,12,175,139,0,12,10.8,6.3,41.5,10.2,1.5,1.6,1.2,1.6,0.0,1.8,0.0,1.8,8.9,6.9,0.0,1.8
39,Ohio,OH,39049,Franklin County,39049003700,Census Tract 37; Franklin County; Ohio,0.807346617938,3041,456,1963,166,1473,180,885,318,52,44,351,123,157,90,212,118,239,58,529,224,359,105,164,92,23,57,1215,589,349,97,0,12,19,27,171,71,16,16,29.2,9.6,2.8,2.5,23.8,7.8,6.7,4.0,7.0,3.7,7.9,2.4,17.4,6.0,11.8,3.5,11.1,6.1,0.8,2.0,40.0,18.4,17.7,4.7,0.0,1.8,1.3,1.8,11.6,4.9,0.5,0.5,0.6979,0.3133,0.5368,0.4293,0.636,2.6133,0.5413,0.065,0.2248,0.3351,0.8137,0.6636,2.1022,0.3216,0.7812,0.7812,0.7812,0.8175,0.0,0.6181,0.7705,0.5742,2.7803,0.753,8.277,0.627,0,0,0,0,0,0,0,0,0,0,0,0,0,0,0,0,0,0,0,0,0,2776,37,34,885,267,32,31,50,54,10,14,0,12,185,138,53,62,2.5,2.2,29.1,7.8,1.1,1.0,1.6,1.8,0.3,0.5,0.0,1.1,6.1,4.3,1.7,2.0
39,Ohio,OH,39049,Franklin County,39049003800,Census Tract 38; Franklin County; Ohio,0.289443680912,2396,536,1351,170,1243,187,336,140,25,36,368,140,131,52,106,57,183,57,265,215,368,128,6,27,0,48,619,767,271,126,0,12,19,25,67,55,98,10,15.0,5.3,1.7,2.5,29.6,10.3,6.5,2.9,4.8,2.6,7.6,3.0,11.1,7.2,16.6,5.9,0.5,2.2,0.0,2.1,25.8,31.5,20.1,9.0,0.0,2.6,1.5,2.0,5.4,4.4,4.1,1.0,0.3643,0.1492,0.7146,0.4157,0.4243,2.0681,0.3873,0.0571,0.0523,0.6407,0.0473,0.0,0.7974,0.0137,0.6661,0.6661,0.6661,0.8476,0.0,0.6606,0.4994,0.877,2.8846,0.7898,6.4162,0.3298,0,0,0,0,0,0,0,0,0,0,0,0,0,0,0,0,0,0,0,0,0,1667,98,69,339,140,82,91,39,55,0,12,0,12,159,137,0,12,7.9,5.4,14.1,6.1,3.4,3.9,1.6,2.4,0.0,1.4,0.0,1.4,6.6,6.0,0.0,1.4
39,Ohio,OH,39049,Franklin County,39049004001,Census Tract 40.01; Franklin County; Ohio,0.29957268078,1424,277,1145,204,1009,186,663,300,96,82,363,151,30,35,220,140,51,58,0,12,195,127,0,16,0,48,508,339,905,226,0,12,44,64,188,93,7,3,46.6,19.0,8.3,7.3,36.0,13.4,3.0,3.3,15.4,10.0,3.6,4.2,0.0,2.4,13.7,8.5,0.0,1.6,0.0,3.4,35.7,22.8,79.0,13.8,0.0,3.0,4.4,6.3,18.6,9.1,0.5,0.2,0.8867,0.7835,0.8375,0.1512,0.9454,3.6043,0.8025,0.0159,0.0,0.4589,0.0,0.0,0.4748,0.0035,0.7502,0.7502,0.7502,0.9949,0.0,0.9168,0.886,0.5742,3.3719,0.9137,8.2012,0.6178,0,0,0,0,1,1,0,0,0,0,0,0,0,0,1,0,1,0,0,2,3,7737,98,58,135,70,145,116,54,63,0,12,0,12,174,143,0,12,9.7,5.7,9.5,4.8,10.2,7.4,3.8,4.3,0.0,2.4,0.0,2.4,12.2,8.5,0.0,2.4
39,Ohio,OH,39049,Franklin County,39049004002,Census Tract 40.02; Franklin County; Ohio,0.490143747634,2452,401,2324,327,2045,342,580,181,70,48,623,206,158,94,22,37,363,95,0,12,288,156,0,16,0,48,1040,499,2174,355,0,12,0,16,592,204,67,7,24.1,6.4,4.1,2.8,30.5,8.7,7.4,4.5,0.9,1.6,14.8,4.6,0.0,1.4,11.9,6.3,0.0,0.8,0.0,2.0,42.4,19.1,93.5,7.8,0.0,1.5,0.0,0.8,28.9,9.5,2.7,0.5,0.602,0.4867,0.7381,0.4775,0.0349,2.3392,0.4641,0.3335,0.0,0.345,0.0,0.0,0.6785,0.0098,0.792,0.792,0.792,0.9987,0.0,0.0,0.9549,0.8085,2.7621,0.7432,6.5718,0.3562,0,0,0,0,0,0,0,0,0,0,0,0,0,0,1,0,0,1,0,2,2,31233,215,93,449,142,57,56,473,314,0,12,0,12,61,45,0,12,10.5,4.8,18.3,5.8,2.3,2.3,19.3,11.4,0.0,1.4,0.0,1.4,2.5,1.9,0.0,1.4
39,Ohio,OH,39049,Franklin County,39049004200,Census Tract 42; Franklin County; Ohio,0.458608480682,630,95,633,78,413,77,321,54,19,20,105,42,38,28,71,48,45,31,111,35,81,49,55,29,0,48,288,128,391,82,0,12,13,20,87,25,0,12,51.0,3.8,5.1,5.3,25.4,9.0,7.9,6.0,11.3,7.5,7.1,4.8,17.6,6.1,12.9,7.1,13.3,6.6,0.0,7.8,45.7,19.1,61.7,10.5,0.0,5.4,3.1,4.8,21.1,5.9,0.0,1.9,0.9124,0.5892,0.5962,0.5076,0.8686,3.474,0.7743,0.0479,0.2372,0.4059,0.8683,0.0,1.5593,0.1041,0.8085,0.8085,0.8085,0.9851,0.0,0.8502,0.9111,0.0,2.7464,0.7381,8.5882,0.6743,1,0,0,0,0,1,0,0,0,0,0,0,0,0,1,0,0,1,0,2,3,1925,100,32,207,62,21,27,8,12,0,12,0,12,52,35,0,12,24.2,7.0,32.9,9.0,3.3,4.1,1.3,1.9,0.0,5.4,0.0,5.4,8.3,5.5,0.0,5.4
39,Ohio,OH,39049,Franklin County,39049004301,Census Tract 43.01; Franklin County; Ohio,1.007282588802,2932,416,2068,176,1777,222,375,189,82,93,446,185,82,74,240,238,340,147,140,166,170,84,0,16,0,48,421,578,1135,237,0,12,56,73,28,31,0,12,12.8,6.2,3.6,3.9,25.1,9.9,3.8,3.4,8.2,7.8,11.6,4.7,4.8,5.3,5.8,2.8,0.0,0.9,0.0,1.7,14.4,19.6,54.9,10.5,0.0,1.7,3.2,4.1,1.6,1.7,0.0,0.4,0.297,0.4308,0.5841,0.2102,0.7306,2.2527,0.439,0.1776,0.0178,0.0397,0.0,0.0,0.2351,0.001,0.48,0.48,0.48,0.9781,0.0,0.8571,0.1724,0.0,2.0076,0.4197,4.9754,0.1381,0,0,0,0,0,0,0,0,0,0,0,0,0,0,1,0,0,0,0,1,1,8271,59,55,104,116,94,82,187,182,0,12,0,12,36,35,0,12,3.3,3.0,3.5,3.9,3.2,2.6,6.4,6.0,0.0,1.2,0.0,1.2,1.2,1.2,0.0,1.2
39,Ohio,OH,39049,Franklin County,39049004302,Census Tract 43.02; Franklin County; Ohio,0.974296350534,1875,893,858,184,596,167,1189,906,25,39,252,167,331,244,256,165,129,104,547,681,252,130,7,16,43,84,1142,934,0,16,0,12,61,94,96,76,0,12,63.4,37.7,3.1,4.8,42.3,25.4,26.0,15.1,13.7,10.6,6.9,6.6,29.2,26.2,13.4,10.0,1.2,2.7,2.3,4.4,60.9,40.5,0.0,1.9,0.0,4.0,10.2,15.5,16.1,13.5,0.0,0.6,0.9711,0.3537,0.9216,0.9626,0.9235,4.1325,0.9178,0.0457,0.8928,0.4418,0.0937,0.8548,2.3288,0.4521,0.8659,0.8659,0.8659,0.0,0.0,0.9921,0.8556,0.0,1.8477,0.3552,9.1749,0.747,1,0,1,1,1,4,0,0,0,0,0,0,0,0,0,0,1,0,0,1,5,2717,124,87,341,150,715,765,47,54,0,12,0,12,39,45,0,12,20.8,14.5,18.2,6.9,38.1,26.6,2.5,3.5,0.0,1.8,0.0,1.8,2.1,2.8,0.0,1.8
39,Ohio,OH,39049,Franklin County,39049004500,Census Tract 45; Franklin County; Ohio,0.97852918676,4966,748,2489,315,2096,312,1889,579,184,116,814,284,649,204,800,404,540,152,928,367,991,354,153,130,21,57,1490,944,128,77,17,28,17,26,197,109,203,24,38.3,10.2,7.5,4.8,38.8,12.3,18.5,6.0,16.1,7.1,10.9,3.4,18.7,5.9,20.0,6.6,7.3,6.1,0.4,1.2,30.0,18.5,5.1,3.0,0.7,1.1,0.8,1.2,9.4,5.3,4.1,0.8,0.8194,0.7479,0.8797,0.8897,0.9521,4.2888,0.9406,0.1554,0.2964,0.8074,0.6416,0.5412,2.442,0.5235,0.7067,0.7067,0.7067,0.5613,0.6003,0.5117,0.6997,0.877,3.25,0.8892,10.6875,0.9086,0,0,0,0,1,1,0,0,0,0,0,0,0,0,0,0,0,0,0,0,1,3772,328,211,423,275,308,269,134,110,9,24,0,12,616,424,0,12,15.6,9.3,8.5,5.3,6.2,5.1,2.7,2.2,0.2,0.5,0.0,0.7,12.4,7.9,0.0,0.7
39,Ohio,OH,39049,Franklin County,39049004610,Census Tract 46.10; Franklin County; Ohio,0.574559544506,3686,660,1761,227,1751,226,845,479,143,109,440,199,340,207,471,250,602,109,563,170,754,273,54,51,31,67,662,883,8,17,0,12,0,16,92,100,22,4,22.9,12.3,6.5,4.8,25.1,10.9,11.9,6.6,12.8,6.7,16.3,3.8,15.3,3.2,20.5,5.8,3.1,2.9,0.9,1.9,18.0,23.7,0.5,1.0,0.0,2.0,0.0,0.9,5.3,5.6,0.6,0.0,0.5798,0.6917,0.5841,0.7178,0.9073,3.4807,0.7756,0.4195,0.1392,0.821,0.2733,0.6855,2.3385,0.4565,0.5583,0.5583,0.5583,0.2819,0.0,0.0,0.4917,0.6059,1.3795,0.1952,7.757,0.5422,0,0,0,0,1,1,0,0,0,0,0,0,0,0,0,0,0,0,0,0,1,1674,105,72,200,147,119,83,32,48,0,12,0,12,311,226,0,12,6.0,4.4,5.4,3.9,3.2,2.4,0.9,1.3,0.0,0.9,0.0,0.9,8.4,5.7,0.0,0.9
39,Ohio,OH,39049,Franklin County,39049004620,Census Tract 46.20; Franklin County; Ohio,0.285638645702,2893,677,1008,134,857,128,1590,570,102,56,319,105,440,151,402,155,221,116,1018,415,384,128,73,53,274,406,1284,778,22,30,0,12,109,70,183,83,0,12,55.0,14.9,9.2,4.9,37.2,10.9,25.9,8.1,13.9,4.8,7.6,3.6,35.2,8.0,13.3,3.9,8.6,6.0,11.3,16.5,44.4,24.8,2.2,3.0,0.0,3.4,12.8,7.9,21.4,9.0,0.0,0.4,0.9346,0.8222,0.8559,0.9613,0.9257,4.4997,0.974,0.0571,0.9788,0.4361,0.7156,0.9918,3.1794,0.8794,0.8034,0.8034,0.8034,0.4216,0.0,0.9962,0.9137,0.0,2.3315,0.5635,10.814,0.9175,1,0,0,1,1,3,0,1,0,0,1,2,0,0,0,0,1,1,0,2,7,2531,165,74,886,623,216,129,6,9,0,12,0,12,176,139,0,12,19.3,8.4,30.6,16.2,7.5,5.0,0.2,0.3,0.0,1.2,0.0,1.2,6.1,4.9,0.0,1.2
39,Ohio,OH,39049,Franklin County,39049004700,Census Tract 47; Franklin County; Ohio,0.51250986429,5930,1138,2182,244,1788,255,2977,1023,181,124,734,246,862,339,1161,507,398,124,1795,541,892,205,176,100,429,296,3149,1329,37,50,0,17,94,67,274,109,0,17,50.5,14.4,6.7,4.1,41.1,12.4,25.8,8.4,19.6,7.7,6.7,2.4,30.3,5.6,15.0,4.2,9.9,5.4,7.7,5.1,53.1,20.0,1.7,2.3,0.0,1.6,5.3,3.7,15.3,5.8,0.0,0.3,0.9102,0.7032,0.9079,0.9604,0.9752,4.4569,0.9676,0.0428,0.923,0.5462,0.7752,0.9781,3.2653,0.9025,0.8396,0.8396,0.8396,0.387,0.0,0.9451,0.8416,0.0,2.1737,0.4905,10.7355,0.9121,1,0,1,1,1,4,0,1,0,0,1,2,0,0,0,0,1,0,0,1,7,2074,210,103,1518,811,1387,544,18,25,0,17,0,17,226,167,0,17,11.7,5.9,25.6,10.9,23.4,9.2,0.3,0.4,0.0,0.6,0.0,0.6,3.8,2.8,0.0,0.6
39,Ohio,OH,39049,Franklin County,39049004810,Census Tract 48.10; Franklin County; Ohio,0.305023282714,2685,668,1325,223,1268,225,584,294,106,59,295,136,366,150,440,284,393,148,408,218,534,183,94,64,20,55,500,964,0,16,0,12,7,16,94,71,0,12,21.8,9.5,6.3,3.9,23.3,9.9,17.0,7.7,16.4,7.9,14.6,5.7,15.2,5.5,19.9,7.8,7.4,4.9,0.8,2.1,18.6,35.6,0.0,1.2,0.0,2.6,0.6,1.3,7.4,5.8,0.0,0.4,0.5535,0.6781,0.5171,0.8605,0.9562,3.5654,0.7946,0.3212,0.1344,0.8032,0.647,0.6636,2.5694,0.6041,0.5669,0.5669,0.5669,0.0,0.0,0.4632,0.6203,0.0,1.0835,0.1216,7.7852,0.5473,0,0,0,0,1,1,0,0,0,0,0,0,0,0,0,0,0,0,0,0,1,788,53,53,192,113,87,109,5,10,0,12,0,12,216,165,0,12,4.2,4.3,7.2,4.5,3.2,4.3,0.2,0.4,0.0,1.3,0.0,1.3,8.0,6.4,0.0,1.3
39,Ohio,OH,39049,Franklin County,39049004820,Census Tract 48.20; Franklin County; Ohio,0.326726076134,2544,470,1068,90,959,104,654,254,85,68,363,115,351,127,499,184,202,52,737,271,565,225,177,75,55,68,935,689,0,16,10,15,54,49,85,50,0,12,25.9,8.8,6.6,5.2,37.9,11.3,22.3,6.6,19.6,7.0,7.9,2.7,29.0,6.2,22.2,6.2,18.5,7.6,2.3,2.8,36.8,26.2,0.0,1.5,0.9,1.4,5.7,5.1,8.9,5.2,0.0,0.5,0.6407,0.6965,0.8676,0.9347,0.9752,4.1147,0.9133,0.065,0.8871,0.875,0.941,0.8548,3.6229,0.9702,0.7559,0.7559,0.7559,0.0,0.6187,0.9549,0.6848,0.0,2.2584,0.5314,10.7519,0.913,0,0,0,1,1,2,0,0,0,1,0,1,0,0,0,0,1,0,0,1,4,1198,140,67,541,178,170,141,13,25,0,12,0,12,211,160,0,12,14.6,6.5,21.3,7.5,6.7,5.4,0.5,1.0,0.0,1.4,0.0,1.4,8.3,7.0,0.0,1.4
39,Ohio,OH,39049,Franklin County,39049004900,Census Tract 49; Franklin County; Ohio,0.938858750668,5296,1114,2279,298,1987,303,2992,995,249,176,745,270,937,399,891,454,468,127,1367,482,1017,387,141,114,46,99,1629,1517,34,38,0,17,64,92,204,150,34,6,56.5,14.6,9.3,6.6,37.5,12.3,27.7,8.8,16.8,7.5,8.8,3.1,25.8,7.5,19.2,6.7,7.1,5.6,0.9,1.9,30.8,27.9,1.5,1.7,0.0,1.5,3.2,4.6,10.3,7.5,0.6,0.2,0.9464,0.8257,0.8632,0.9727,0.9591,4.5671,0.9835,0.0881,0.7562,0.7721,0.626,0.6855,2.9279,0.7895,0.7115,0.7115,0.7115,0.3717,0.0,0.8571,0.7289,0.6059,2.5636,0.6625,10.7701,0.9146,1,0,0,1,1,3,0,0,0,0,0,0,0,0,0,0,0,0,0,0,3,2997,563,247,513,297,744,719,85,184,0,17,0,17,287,239,0,17,28.3,11.3,9.7,5.7,14.0,12.4,1.6,3.7,0.0,0.7,0.0,0.7,5.4,4.7,0.0,0.7
39,Ohio,OH,39049,Franklin County,39049005001,Census Tract 50.01; Franklin County; Ohio,0.280233989906,1648,429,835,174,599,183,626,311,16,35,154,84,166,94,242,110,251,154,334,201,341,192,51,55,29,64,544,534,67,65,0,12,48,68,91,73,205,6,43.4,17.3,2.6,5.5,25.7,11.6,15.6,8.2,15.7,6.2,15.2,8.2,20.3,8.4,22.1,10.0,8.5,8.8,1.9,4.2,33.0,31.2,8.0,7.6,0.0,4.1,8.0,11.1,15.2,12.9,12.4,3.2,0.8661,0.2822,0.6067,0.8323,0.9476,3.5349,0.7883,0.3523,0.4065,0.8737,0.7102,0.8275,3.1702,0.8781,0.7299,0.7299,0.7299,0.6502,0.0,0.9771,0.8394,0.9623,3.429,0.9251,10.864,0.9238,0,0,0,0,1,1,0,0,0,0,0,0,0,0,0,0,1,0,1,2,3,3080,159,168,300,239,36,41,93,108,0,12,0,12,115,119,0,12,26.5,21.4,18.2,12.8,2.2,2.6,5.6,6.1,0.0,2.1,0.0,2.1,7.0,7.2,0.0,2.1
39,Ohio,OH,39049,Franklin County,39049005002,Census Tract 50.02; Franklin County; Ohio,0.547492249898,3882,951,1784,420,1506,419,2228,602,143,116,484,146,830,378,549,557,577,369,1221,419,1209,502,208,90,35,69,1533,1239,514,370,0,12,76,57,491,188,0,12,58.1,6.3,10.4,8.0,32.1,3.8,37.9,9.9,14.1,12.5,14.9,8.8,31.5,6.4,31.1,9.0,13.9,4.6,1.0,1.9,39.5,30.4,28.8,19.6,0.0,1.9,5.1,3.5,32.6,13.2,0.0,0.3,0.9518,0.8511,0.7737,0.9933,0.9292,4.4991,0.973,0.3377,0.9432,0.9832,0.879,0.707,3.8501,0.9905,0.7774,0.7774,0.7774,0.9117,0.0,0.9413,0.966,0.0,2.819,0.7663,11.9456,0.9803,1,0,0,1,1,3,0,1,1,0,0,2,0,0,1,0,1,1,0,3,8,2366,467,354,817,402,250,235,0,12,0,12,0,12,131,95,335,381,31.0,17.4,21.0,10.5,6.4,6.1,0.0,0.9,0.0,0.9,0.0,0.9,3.4,2.6,8.6,9.3
39,Ohio,OH,39049,Franklin County,39049005100,Census Tract 51; Franklin County; Ohio,1.542806062802,2499,525,934,126,792,126,1621,297,34,41,357,105,390,121,207,117,234,66,847,256,804,135,254,120,97,78,1559,661,366,94,193,71,76,50,309,96,470,27,68.1,19.5,6.9,7.1,45.1,11.1,26.8,8.9,8.7,3.8,9.4,3.4,33.9,5.2,33.8,6.4,32.1,14.3,4.3,3.3,62.4,23.0,39.2,8.6,20.7,7.4,9.6,6.1,39.0,11.2,18.8,4.1,0.98,0.7143,0.9429,0.9673,0.7566,4.3611,0.9527,0.1056,0.9664,0.9895,0.9924,0.9353,3.9892,0.9952,0.8732,0.8732,0.8732,0.9521,0.9622,0.9883,0.9819,0.9737,4.8582,1.0,14.0817,1.0,1,0,1,1,0,3,0,1,1,1,1,4,0,0,1,1,1,1,1,5,12,3505,267,89,1465,363,20,27,2,25,0,12,0,12,72,85,0,12,33.7,11.2,58.6,12.3,0.8,1.1,0.1,1.0,0.0,1.4,0.0,1.4,2.9,3.6,0.0,1.4
39,Ohio,OH,39049,Franklin County,39049005200,Census Tract 52; Franklin County; Ohio,0.42125851761,3150,421,2285,254,1982,265,183,80,50,33,337,154,39,33,90,68,380,249,115,35,88,57,8,16,0,48,541,550,763,222,0,12,0,16,66,46,9,2,5.8,2.4,2.0,1.3,17.0,7.4,1.4,1.2,2.9,2.2,12.1,7.2,3.7,1.3,2.8,1.9,0.4,0.8,0.0,1.5,17.2,17.3,33.4,9.0,0.0,1.5,0.0,0.8,3.3,2.3,0.3,0.0,0.0797,0.194,0.2714,0.0536,0.2142,0.8129,0.0663,0.1988,0.0155,0.0016,0.0435,0.0,0.2594,0.0013,0.5412,0.5412,0.5412,0.9321,0.0,0.0,0.3346,0.4924,1.7591,0.3222,3.3726,0.0244,0,0,0,0,0,0,0,0,0,0,0,0,0,0,1,0,0,0,0,1,1,7360,38,29,76,67,243,205,57,33,13,20,0,12,105,55,47,44,1.9,1.5,2.4,2.1,7.7,6.0,1.8,1.1,0.4,0.6,0.0,1.1,3.3,1.8,1.5,1.4
39,Ohio,OH,39049,Franklin County,39049005300,Census Tract 53; Franklin County; Ohio,0.56761820275,2985,401,1599,145,1144,150,1352,382,230,100,430,137,203,111,300,141,156,24,649,188,559,214,245,78,6,47,1648,527,156,79,16,18,36,40,209,94,171,46,45.8,11.3,12.4,5.0,37.6,10.9,9.8,5.1,10.2,4.6,5.2,1.0,21.7,5.2,19.0,6.8,21.4,6.2,0.2,1.7,55.2,16.0,9.8,4.9,1.0,1.2,3.2,3.5,18.3,7.3,5.7,1.3,0.8816,0.8924,0.8654,0.6252,0.8258,4.0904,0.9076,0.0263,0.4965,0.7639,0.9619,0.4556,2.7042,0.6841,0.8459,0.8459,0.8459,0.686,0.6295,0.8571,0.8832,0.9201,3.9759,0.9886,11.6164,0.9657,0,0,0,0,0,0,0,0,0,1,0,1,0,0,0,0,0,0,1,1,2,12076,96,61,1412,271,39,38,26,29,2,5,0,12,169,153,0,12,8.4,5.1,47.3,8.6,1.3,1.3,0.9,1.0,0.1,0.2,0.0,1.2,5.7,4.9,0.0,1.2
39,Ohio,OH,39049,Franklin County,39049005410,Census Tract 54.10; Franklin County; Ohio,0.386196981092,1620,364,931,109,664,115,1098,347,90,49,355,122,275,174,393,222,214,89,458,195,258,97,99,52,33,54,1407,373,87,55,0,12,32,29,206,91,15,4,67.8,15.1,12.0,6.1,53.5,15.9,25.3,12.7,24.3,11.4,13.2,5.9,28.3,8.0,15.9,6.8,15.0,7.4,2.2,3.5,86.9,12.2,9.3,5.8,0.0,3.7,4.8,4.3,31.0,11.6,0.9,0.1,0.9787,0.8841,0.9816,0.9572,0.9895,4.7911,0.9981,0.2457,0.8646,0.5985,0.9006,0.8491,3.4585,0.9406,0.9524,0.9524,0.9524,0.6784,0.0,0.9317,0.9619,0.6458,3.2178,0.8829,12.4198,0.994,1,0,1,1,1,4,0,0,0,1,0,1,1,1,0,0,1,1,0,2,8,1158,144,88,1156,327,139,128,0,12,0,12,0,12,112,79,0,12,21.7,12.1,71.4,9.7,8.6,7.0,0.0,2.1,0.0,2.1,0.0,2.1,6.9,5.1,0.0,2.1
39,Ohio,OH,39049,Franklin County,39049005420,Census Tract 54.20; Franklin County; Ohio,0.366129715744,2209,501,1125,101,782,101,875,366,64,47,323,92,102,48,182,101,329,109,736,279,366,120,144,47,5,47,1915,518,31,32,11,10,19,31,142,68,0,12,39.6,13.9,6.9,4.7,41.3,10.5,7.5,3.8,8.2,4.8,14.9,5.0,33.3,7.3,16.6,5.4,18.4,5.5,0.3,2.4,86.7,12.8,2.7,2.8,1.0,0.9,2.4,4.0,18.2,8.7,0.0,0.5,0.8324,0.7143,0.9105,0.4829,0.7306,3.6707,0.8181,0.3377,0.9613,0.6407,0.9397,0.4968,3.3762,0.9248,0.9521,0.9521,0.9521,0.4533,0.6295,0.7787,0.8816,0.0,2.7431,0.7365,10.7421,0.9127,0,0,1,0,0,1,0,1,0,1,0,2,1,1,0,0,0,0,0,0,4,1247,140,57,1745,523,18,15,0,12,4,5,0,12,148,78,0,12,17.9,6.9,79.0,8.1,0.8,0.7,0.0,1.6,0.2,0.3,0.0,1.6,6.7,3.9,0.0,1.6
39,Ohio,OH,39049,Franklin County,39049005500,Census Tract 55; Franklin County; Ohio,0.5717398416,4323,531,2362,173,1982,196,1636,328,58,49,753,221,446,180,482,219,371,75,937,173,1127,292,395,123,0,48,3491,627,13,25,0,12,39,48,377,154,0,12,37.8,6.0,2.5,2.1,38.0,10.5,14.2,5.2,11.1,4.5,8.6,2.1,21.7,4.4,26.1,5.5,19.9,5.9,0.0,1.2,80.8,10.6,0.6,1.1,0.0,1.5,2.0,2.4,19.0,7.4,0.0,0.3,0.8099,0.2657,0.8689,0.7942,0.8607,3.5994,0.8016,0.0812,0.4965,0.947,0.954,0.0,2.4787,0.5438,0.9369,0.9369,0.9369,0.2886,0.0,0.7346,0.8905,0.0,1.9137,0.381,8.9287,0.7187,0,0,0,0,0,0,0,0,1,1,0,2,1,1,0,0,0,0,0,0,3,1304,284,116,2873,427,223,224,13,19,39,46,0,12,343,211,0,12,14.3,6.0,66.5,7.7,5.2,5.0,0.3,0.4,0.9,1.1,0.0,0.8,7.9,4.8,0.0,0.8
39,Ohio,OH,39049,Franklin County,39049005610,Census Tract 56.10; Franklin County; Ohio,0.244072062688,1757,271,1001,94,784,105,474,161,49,33,266,88,147,61,151,48,74,28,366,91,196,79,34,24,0,48,928,329,0,16,11,15,4,15,68,45,0,12,27.0,8.2,4.4,2.9,33.9,10.3,11.7,4.6,8.6,2.9,4.2,1.7,20.8,4.9,11.2,4.2,4.3,3.0,0.0,2.8,52.8,16.9,0.0,1.6,1.1,1.5,0.5,1.9,8.7,5.7,0.0,0.7,0.6601,0.5244,0.8067,0.7093,0.7521,3.4526,0.7683,0.0212,0.4369,0.2964,0.407,0.0,1.1615,0.0346,0.8383,0.8383,0.8383,0.0,0.6378,0.4413,0.6775,0.0,1.7566,0.3213,7.209,0.4511,0,0,0,0,0,0,0,0,0,0,0,0,0,0,0,0,0,0,0,0,0,1433,51,34,738,160,6,8,41,38,5,8,15,20,123,131,0,12,6.5,4.2,42.0,7.4,0.3,0.5,2.3,2.2,0.3,0.5,0.9,1.1,7.0,7.3,0.0,2.0
39,Ohio,OH,39049,Franklin County,39049005620,Census Tract 56.20; Franklin County; Ohio,0.28012588134599997,2289,328,1327,198,1103,154,860,337,49,44,439,154,270,103,293,126,237,93,499,131,405,139,112,58,0,48,843,459,120,78,0,12,0,16,170,80,15,3,37.6,13.7,4.0,3.6,39.8,12.8,16.6,6.1,12.8,5.6,10.4,4.2,21.8,4.0,17.7,5.8,10.1,5.1,0.0,2.3,36.8,19.3,9.0,5.7,0.0,2.6,0.0,1.5,15.4,6.6,0.7,0.1,0.8074,0.4756,0.8921,0.8513,0.9073,3.9337,0.8759,0.1373,0.5025,0.6995,0.7813,0.0,2.1206,0.3365,0.7559,0.7559,0.7559,0.6746,0.0,0.0,0.8438,0.6243,2.1427,0.4781,8.9529,0.7225,0,0,0,0,1,1,0,0,0,0,0,0,0,0,0,0,0,0,0,0,1,1908,116,62,705,155,91,80,0,12,0,12,0,12,40,35,7,12,10.5,5.4,30.8,6.8,4.0,3.6,0.0,1.5,0.0,1.5,0.0,1.5,1.7,1.5,0.3,0.5
39,Ohio,OH,39049,Franklin County,39049005700,Census Tract 57; Franklin County; Ohio,0.795360081348,4038,532,2379,258,2286,256,338,197,49,47,443,179,45,39,114,106,589,296,235,108,182,95,26,44,0,48,332,772,367,161,0,12,0,16,110,111,0,12,8.4,4.8,1.5,1.5,19.4,7.5,1.3,1.2,2.8,2.7,14.6,6.6,5.8,2.7,4.5,2.4,1.1,1.9,0.0,1.2,8.2,19.1,15.4,6.6,0.0,1.5,0.0,0.7,4.8,4.9,0.0,0.3,0.1568,0.1251,0.3708,0.0488,0.1996,0.9011,0.0819,0.3212,0.0216,0.0184,0.0829,0.0,0.4441,0.0022,0.2892,0.2892,0.2892,0.7854,0.0,0.0,0.4568,0.0,1.2422,0.161,2.8766,0.0095,0,0,0,0,0,0,0,0,0,0,0,0,0,0,0,0,0,0,0,0,0,4702,50,44,80,104,164,139,0,12,28,32,0,12,60,47,0,12,2.2,2.0,2.0,2.6,4.1,3.5,0.0,0.9,0.7,0.8,0.0,0.9,1.5,1.2,0.0,0.9
39,Ohio,OH,39049,Franklin County,39049005810,Census Tract 58.10; Franklin County; Ohio,0.355911526314,2940,447,1679,182,1560,167,498,297,48,33,349,133,34,32,355,289,270,50,147,77,195,94,26,31,1,46,509,539,86,52,0,12,0,16,28,31,11,7,16.9,9.8,2.1,1.5,22.4,8.2,1.3,1.2,12.1,8.7,9.2,2.1,5.0,2.5,6.6,3.2,1.7,2.0,0.0,1.6,17.3,18.1,5.1,3.0,0.0,2.1,0.0,1.0,1.8,2.0,0.4,0.2,0.4199,0.2086,0.486,0.0488,0.8896,2.0529,0.3819,0.0983,0.0184,0.0584,0.1337,0.0,0.3088,0.0016,0.5438,0.5438,0.5438,0.5613,0.0,0.0,0.1933,0.5374,1.292,0.173,4.1975,0.0705,0,0,0,0,0,0,0,0,0,0,0,0,0,0,0,0,0,0,0,0,0,2049,142,99,294,315,58,47,57,45,0,12,0,12,100,82,0,12,9.1,6.1,10.0,9.7,2.0,1.6,1.9,1.6,0.0,1.2,0.0,1.2,3.4,2.8,0.0,1.2
39,Ohio,OH,39049,Franklin County,39049005820,Census Tract 58.20; Franklin County; Ohio,0.294355284454,2397,349,1299,174,1181,158,568,194,97,64,353,143,65,47,282,144,172,32,384,128,470,187,78,68,25,59,657,487,32,40,0,12,34,38,89,100,18,5,23.8,7.3,5.9,3.9,29.9,11.4,3.3,2.4,11.8,5.9,7.2,1.4,16.0,5.1,19.6,7.0,6.6,5.7,1.1,2.6,27.4,19.9,2.5,3.1,0.0,2.7,2.9,3.2,7.5,8.1,0.8,0.2,0.5966,0.6492,0.7235,0.176,0.881,3.0263,0.6702,0.0495,0.1623,0.7893,0.5902,0.7254,2.3167,0.4419,0.6804,0.6804,0.6804,0.4413,0.0,0.8349,0.6238,0.6344,2.5344,0.6489,8.5578,0.6692,0,0,0,0,0,0,0,0,0,0,0,0,0,0,0,0,0,0,0,0,0,1499,92,53,284,135,210,186,25,37,0,12,0,12,138,107,0,12,7.8,4.4,11.8,5.6,8.8,7.4,1.0,1.6,0.0,1.4,0.0,1.4,5.8,4.5,0.0,1.4
39,Ohio,OH,39049,Franklin County,39049005900,Census Tract 59; Franklin County; Ohio,0.301471144314,2683,484,1157,98,953,114,1360,450,190,100,449,137,168,80,150,86,190,100,939,252,493,136,246,100,0,48,1990,522,0,16,0,12,16,26,195,92,3,3,50.7,14.1,16.0,6.7,47.1,13.2,11.7,5.1,5.6,3.0,7.1,3.3,35.0,4.8,18.4,5.2,25.8,10.0,0.0,2.0,74.2,14.1,0.0,1.4,0.0,3.0,1.7,2.7,20.5,8.7,0.1,0.1,0.9111,0.9483,0.9556,0.7093,0.5075,4.0318,0.8943,0.0479,0.9781,0.7318,0.981,0.0,2.7388,0.7025,0.9144,0.9144,0.9144,0.0,0.0,0.6917,0.907,0.3694,1.9681,0.406,9.6531,0.8111,1,1,1,0,0,3,0,1,0,1,0,2,1,1,0,0,0,1,0,1,7,675,81,53,1517,440,101,79,0,12,0,12,0,12,361,253,11,14,8.5,5.6,56.5,9.7,3.8,2.9,0.0,1.3,0.0,1.3,0.0,1.3,13.5,9.1,0.4,0.5
39,Ohio,OH,39049,Franklin County,39049006000,Census Tract 60; Franklin County; Ohio,0.373949825652,1952,353,975,165,781,153,777,240,86,50,297,80,287,103,369,178,172,57,432,127,360,116,39,35,18,54,746,436,242,121,0,12,7,17,84,45,0,12,40.3,10.1,8.3,4.3,38.0,7.0,20.9,7.6,18.9,7.0,8.8,2.7,22.1,4.8,18.4,6.2,5.0,4.4,1.0,3.0,38.2,21.2,24.9,11.7,0.0,3.5,0.9,2.2,10.8,5.8,0.0,0.6,0.8394,0.7835,0.8689,0.9217,0.9724,4.3859,0.9578,0.0881,0.5247,0.7318,0.4762,0.707,2.5278,0.5749,0.7673,0.7673,0.7673,0.886,0.0,0.5384,0.7473,0.0,2.1717,0.4892,9.8527,0.8314,0,0,0,1,1,2,0,0,0,0,0,0,0,0,0,0,0,0,0,0,2,1259,163,127,474,187,27,41,70,101,0,12,0,12,175,105,0,12,20.9,14.0,24.3,7.9,1.4,2.2,3.6,4.9,0.0,1.8,0.0,1.8,9.0,5.2,0.0,1.8
39,Ohio,OH,39049,Franklin County,39049006100,Census Tract 61; Franklin County; Ohio,0.407419077522,2337,392,1424,164,1077,181,1096,325,142,86,446,138,287,114,527,180,214,102,384,174,422,120,67,47,4,46,889,493,78,51,0,12,33,40,212,65,79,6,46.9,11.5,10.4,5.9,41.4,10.8,17.4,6.4,22.6,8.1,9.2,4.4,16.4,6.1,18.1,5.3,6.2,4.2,0.2,2.1,38.0,20.1,5.5,3.5,0.0,2.4,3.1,3.7,19.7,6.3,3.4,0.6,0.8896,0.8511,0.9111,0.8687,0.9864,4.5069,0.9756,0.0983,0.1763,0.7166,0.5657,0.4556,2.0125,0.2778,0.7647,0.7647,0.7647,0.5733,0.0,0.8502,0.8984,0.8494,3.1713,0.8724,10.4554,0.8889,0,0,1,0,1,2,0,0,0,0,0,0,0,0,0,0,0,0,0,0,2,1601,203,84,526,257,79,65,191,153,0,12,0,12,93,101,0,12,18.8,7.7,22.5,10.7,3.4,2.6,8.2,6.0,0.0,1.5,0.0,1.5,4.0,4.1,0.0,1.5
39,Ohio,OH,39049,Franklin County,39049006236,Census Tract 62.36; Franklin County; Ohio,2.514410510192,6259,855,1994,162,1994,162,25,35,44,37,189,90,25,41,293,353,726,90,1820,380,159,93,33,32,114,126,1208,1061,0,24,0,17,0,24,0,17,0,17,0.4,0.6,1.3,1.1,9.5,4.4,0.6,1.0,4.7,5.5,11.6,2.0,29.1,3.0,2.5,1.6,1.7,1.6,1.9,2.1,19.3,16.7,0.0,1.2,0.0,1.7,0.0,1.2,0.0,1.7,0.0,0.3,0.0013,0.1013,0.04,0.0197,0.4135,0.5758,0.0302,0.1776,0.8906,0.001,0.1337,0.8275,2.0304,0.287,0.5796,0.5796,0.5796,0.0,0.0,0.0,0.0,0.0,0.0,0.0,3.1858,0.0156,0,0,0,0,0,0,0,0,0,0,0,0,0,0,0,0,0,0,0,0,0,2659,4,7,0,17,553,492,546,127,22,26,0,17,16,22,71,96,0.2,0.3,0.0,0.6,8.8,7.3,8.7,2.4,0.4,0.4,0.0,0.6,0.3,0.3,1.1,1.6
39,Ohio,OH,39049,Franklin County,39049006237,Census Tract 62.37; Franklin County; Ohio,1.69991637203,6849,1204,3280,414,3280,414,521,353,63,46,732,220,215,156,331,179,901,156,1496,600,416,199,245,267,219,186,2129,1495,897,242,0,17,0,24,284,285,74,2,7.7,5.0,1.5,1.1,22.3,6.1,4.3,3.1,4.9,2.8,13.2,3.4,21.8,5.4,6.1,3.2,7.4,8.1,3.4,2.8,31.1,21.1,27.3,6.5,0.0,1.1,0.0,0.7,8.7,8.0,1.1,0.2,0.1412,0.1251,0.4813,0.2508,0.4376,1.436,0.2076,0.2457,0.5025,0.0463,0.647,0.9119,2.3534,0.4663,0.7146,0.7146,0.7146,0.9032,0.0,0.0,0.6775,0.6703,2.251,0.5263,6.755,0.3867,0,0,0,0,0,0,0,0,0,0,1,1,0,0,1,0,0,0,0,1,2,13457,0,17,224,174,202,188,1484,1073,0,17,0,17,179,162,40,67,0.0,1.1,3.3,2.6,2.9,2.7,21.7,13.6,0.0,0.5,0.0,0.5,2.6,2.3,0.6,1.0
39,Ohio,OH,39049,Franklin County,39049006238,Census Tract 62.38; Franklin County; Ohio,1.881795896762,1840,329,868,162,767,166,59,64,55,56,91,58,0,12,73,74,357,129,516,151,65,68,115,151,36,73,464,517,29,41,0,12,16,29,4,8,0,12,3.2,3.4,5.3,5.5,11.9,7.1,0.0,2.9,4.0,4.1,19.4,6.5,28.0,5.0,3.5,3.5,15.0,19.4,2.1,4.1,25.2,27.7,3.3,4.7,0.0,3.9,2.1,3.8,0.5,1.0,0.0,0.7,0.0279,0.6057,0.094,0.0,0.3377,1.0653,0.1149,0.6287,0.8535,0.0048,0.9006,0.8427,3.2303,0.8946,0.6588,0.6588,0.6588,0.4844,0.0,0.7448,0.0524,0.0,1.2816,0.1698,6.236,0.2968,0,0,0,0,0,0,0,0,0,1,0,1,0,0,0,0,0,0,0,0,1,15025,28,34,162,174,98,78,127,117,0,12,0,12,77,70,0,12,3.7,4.5,8.8,9.8,5.3,4.2,6.9,6.4,0.0,1.9,0.0,1.9,4.2,3.8,0.0,1.9
39,Ohio,OH,39049,Franklin County,39049006239,Census Tract 62.39; Franklin County; Ohio,2.400330882762,6327,730,2908,286,2819,305,421,368,43,73,467,282,361,276,76,97,651,222,1342,416,333,205,136,126,213,279,3783,947,921,401,0,17,86,117,0,17,5,2,6.7,5.8,1.3,2.2,16.6,9.8,7.5,5.5,1.2,1.6,10.3,3.3,21.2,5.1,5.3,3.2,4.8,4.4,3.5,4.6,59.8,13.3,31.7,13.4,0.0,1.2,3.1,4.1,0.0,1.2,0.1,0.0,0.1092,0.1013,0.2546,0.4829,0.0511,0.9991,0.0987,0.1325,0.4654,0.0321,0.4565,0.916,2.0025,0.2721,0.863,0.863,0.863,0.926,0.0,0.8502,0.0,0.3694,2.1456,0.4794,6.0102,0.2616,0,0,0,0,0,0,0,0,0,0,1,1,0,0,1,0,0,0,0,1,2,14837,13,47,549,442,190,191,2887,844,67,72,0,17,90,93,0,17,0.5,1.7,8.7,7.1,3.0,3.1,45.6,10.1,1.1,1.1,0.0,0.6,1.4,1.5,0.0,0.6
39,Ohio,OH,39049,Franklin County,39049006240,Census Tract 62.40; Franklin County; Ohio,5.992569064278,4699,575,2589,203,2544,211,813,320,10,17,787,325,36,79,226,217,659,286,752,273,377,258,145,81,41,79,1287,765,131,87,330,175,20,46,32,50,0,12,17.3,6.5,0.3,0.5,30.9,12.5,1.0,2.2,4.8,4.7,14.0,5.8,16.0,4.6,8.0,5.6,5.7,3.1,0.9,1.8,27.4,15.9,5.1,3.3,12.7,6.5,0.8,1.8,1.3,2.0,0.0,0.3,0.4338,0.0263,0.7486,0.0333,0.4243,1.6663,0.2702,0.2885,0.1623,0.1104,0.5317,0.6855,1.7784,0.1711,0.6804,0.6804,0.6804,0.5613,0.9086,0.5117,0.1349,0.0,2.1165,0.4689,6.2416,0.2981,0,0,0,0,0,0,0,0,0,0,0,0,0,0,0,1,0,0,0,1,1,3448,63,89,39,51,225,238,904,530,0,12,0,12,119,121,0,12,2.5,3.5,0.8,1.1,4.8,5.1,19.2,10.1,0.0,0.7,0.0,0.7,2.5,2.6,0.0,0.7
39,Ohio,OH,39049,Franklin County,39049006241,Census Tract 62.41; Franklin County; Ohio,3.35557966333,8320,1185,4005,368,3409,458,1185,893,263,219,872,391,106,195,116,123,1158,281,2192,445,584,176,65,83,0,68,2036,1423,1363,469,46,78,69,126,174,160,0,17,14.4,10.7,5.8,4.5,25.6,10.9,1.8,3.4,1.4,1.5,13.9,3.5,26.3,3.6,7.0,2.2,1.9,2.4,0.0,0.9,24.5,16.7,34.0,11.3,1.1,2.0,2.0,3.7,5.1,4.7,0.0,0.2,0.3437,0.6432,0.6032,0.0758,0.0676,1.7335,0.2895,0.2841,0.7828,0.0724,0.1517,0.0,1.291,0.0514,0.6493,0.6493,0.6493,0.934,0.6378,0.7346,0.4787,0.0,2.7851,0.7543,6.4589,0.3356,0,0,0,0,0,0,0,0,0,0,0,0,0,0,1,0,0,0,0,1,1,3793,243,235,44,77,122,147,1530,717,0,17,0,17,237,254,103,268,7.1,6.7,0.5,0.9,1.5,1.8,18.4,7.0,0.0,0.4,0.0,0.4,2.8,3.1,1.2,3.1
39,Ohio,OH,39049,Franklin County,39049006301,Census Tract 63.01; Franklin County; Ohio,0.66984449878,2668,301,1249,64,1174,117,447,284,64,58,295,126,62,53,191,106,426,85,621,142,319,136,96,69,17,59,708,405,143,112,0,12,5,20,8,13,5,4,16.9,10.6,4.5,3.8,25.1,10.4,3.2,2.7,7.2,4.0,16.0,3.5,23.3,3.9,12.0,5.1,8.2,5.8,0.7,2.3,26.5,14.9,11.5,8.9,0.0,2.8,0.4,1.7,0.7,1.1,0.2,0.1,0.4199,0.534,0.5841,0.1671,0.6557,2.3608,0.4727,0.3989,0.6068,0.3523,0.6946,0.6367,2.6893,0.6727,0.6709,0.6709,0.6709,0.7197,0.0,0.4206,0.0762,0.4356,1.6521,0.2756,7.3731,0.4816,0,0,0,0,0,0,0,0,0,0,0,0,0,0,0,0,0,0,0,0,0,1204,77,68,162,108,284,203,84,86,8,13,0,12,170,106,0,12,6.6,5.5,6.1,4.1,10.6,7.0,3.1,3.3,0.3,0.5,0.0,1.3,6.4,3.9,0.0,1.3
39,Ohio,OH,39049,Franklin County,39049006302,Census Tract 63.02; Franklin County; Ohio,0.744101952032,5021,1339,2156,372,1987,401,1535,909,78,51,658,239,88,76,128,104,476,148,1437,699,309,186,247,222,27,72,1586,1828,742,233,0,17,141,114,50,44,57,6,30.9,16.3,3.0,2.0,33.1,10.0,2.8,2.5,2.6,2.3,9.5,3.9,28.6,7.7,6.2,3.7,12.4,10.9,0.6,1.6,31.6,35.4,34.4,9.0,0.0,1.6,7.1,5.6,2.5,2.3,1.1,0.3,0.7248,0.3403,0.7962,0.1386,0.1812,2.1811,0.4203,0.1084,0.876,0.0476,0.8473,0.6088,2.4881,0.5505,0.7191,0.7191,0.7191,0.9378,0.0,0.9708,0.2587,0.6703,2.8376,0.7733,8.2259,0.6216,0,0,0,0,0,0,0,0,0,0,0,0,0,0,1,0,1,0,0,2,2,4439,95,61,599,663,401,385,469,201,0,17,0,17,108,106,9,15,4.8,3.3,11.9,12.4,8.0,7.7,9.3,4.6,0.0,0.7,0.0,0.7,2.2,2.3,0.2,0.3
39,Ohio,OH,39049,Franklin County,39049006310,Census Tract 63.10; Franklin County; Ohio,1.617084365562,4425,426,1602,80,1568,99,102,58,30,29,217,78,35,26,15,15,889,137,1308,217,354,124,49,33,41,64,658,610,0,16,0,12,14,24,0,12,0,12,2.3,1.3,1.4,1.4,13.8,4.9,1.2,0.8,0.3,0.3,20.1,3.0,29.6,2.5,8.0,2.7,3.1,2.1,1.0,1.6,14.9,13.7,0.0,1.0,0.0,2.2,0.9,1.5,0.0,2.2,0.0,0.3,0.0152,0.1117,0.1489,0.0425,0.0092,0.3275,0.0086,0.6687,0.9033,0.1104,0.2733,0.707,2.6627,0.6603,0.4911,0.4911,0.4911,0.0,0.0,0.5384,0.0,0.0,0.5384,0.041,4.0197,0.0556,0,0,0,0,0,0,0,1,0,0,0,1,0,0,0,0,0,0,0,0,1,2090,19,22,12,15,69,60,449,261,0,12,0,12,97,64,31,48,1.2,1.4,0.3,0.3,1.6,1.4,10.1,5.6,0.0,0.8,0.0,0.8,2.2,1.5,0.7,1.1
39,Ohio,OH,39049,Franklin County,39049006321,Census Tract 63.21; Franklin County; Ohio,1.677342146396,4405,464,1623,132,1561,133,67,46,13,21,188,63,51,48,70,43,1010,94,1212,254,309,85,68,67,12,49,633,654,40,30,0,12,0,16,27,21,103,2,1.6,1.1,0.6,1.0,12.0,3.9,1.7,1.6,1.6,1.0,22.9,2.5,27.5,3.7,7.2,1.8,4.3,4.3,0.3,1.2,14.4,14.8,2.5,1.8,0.0,2.1,0.0,1.0,1.7,1.4,2.3,0.2,0.0079,0.0422,0.0965,0.0694,0.0825,0.2985,0.0067,0.7885,0.837,0.0774,0.407,0.4968,2.6067,0.6238,0.48,0.48,0.48,0.4413,0.0,0.0,0.1848,0.7815,1.4076,0.2032,4.7928,0.1225,0,0,0,0,0,0,0,0,0,0,0,0,0,0,0,0,0,0,0,0,0,5298,82,57,31,27,179,141,271,125,0,12,0,12,152,101,0,12,5.3,3.7,0.7,0.6,4.1,3.1,6.2,3.0,0.0,0.8,0.0,0.8,3.5,2.3,0.0,0.8
39,Ohio,OH,39049,Franklin County,39049006323,Census Tract 63.23; Franklin County; Ohio,0.898153175114,3464,317,1602,131,1577,134,115,62,18,20,302,104,57,53,20,24,1080,179,696,177,360,97,34,32,10,49,441,461,0,16,0,12,10,20,34,31,0,12,3.3,1.8,1.0,1.1,19.2,6.4,2.1,2.0,0.6,0.7,31.2,5.6,20.1,4.3,10.4,2.7,2.2,2.0,0.3,1.5,12.7,13.3,0.0,1.0,0.0,2.2,0.6,1.3,2.2,2.0,0.0,0.3,0.0301,0.0714,0.3641,0.0938,0.0187,0.5781,0.0311,0.9696,0.3906,0.2396,0.1762,0.4968,2.2728,0.4206,0.4369,0.4369,0.4369,0.0,0.0,0.4632,0.2324,0.0,0.6956,0.0578,3.9834,0.0527,0,0,0,0,0,0,1,0,0,0,0,1,0,0,0,0,0,0,0,0,1,1955,102,68,47,46,84,74,222,208,0,12,0,12,88,106,0,12,6.5,4.4,1.4,1.3,2.4,2.1,6.4,6.1,0.0,1.0,0.0,1.0,2.5,2.9,0.0,1.0
39,Ohio,OH,39049,Franklin County,39049006330,Census Tract 63.30; Franklin County; Ohio,1.098916562564,4885,592,2124,308,2086,301,161,110,63,65,276,119,15,25,72,63,790,303,1379,325,203,85,181,109,25,64,627,862,0,16,0,12,0,16,27,31,9,2,3.3,2.2,2.3,2.5,13.2,5.4,0.4,0.8,1.5,1.3,16.2,5.7,28.2,4.3,4.2,1.8,8.7,5.1,0.6,1.5,12.8,17.6,0.0,0.8,0.0,1.6,0.0,0.8,1.3,1.6,0.2,0.0,0.0301,0.2384,0.1298,0.0149,0.072,0.4852,0.0206,0.4138,0.8608,0.0108,0.7194,0.6088,2.6136,0.6302,0.4401,0.4401,0.4401,0.0,0.0,0.0,0.1349,0.4356,0.5705,0.0454,4.1094,0.0632,0,0,0,0,0,0,0,0,0,0,0,0,0,0,0,0,0,0,0,0,0,2823,30,34,0,12,54,56,194,127,0,12,0,12,379,168,0,12,1.4,1.7,0.0,0.7,1.1,1.2,4.0,2.6,0.0,0.7,0.0,0.7,7.8,3.6,0.0,0.7
39,Ohio,OH,39049,Franklin County,39049006340,Census Tract 63.40; Franklin County; Ohio,1.265896411116,3625,479,1624,297,1558,307,253,190,27,29,345,210,130,119,163,134,676,187,856,193,362,153,103,68,114,121,1063,596,41,42,0,12,7,16,133,165,0,12,7.0,5.2,1.3,1.4,22.1,12.8,5.0,4.5,4.5,3.7,18.6,4.8,23.6,4.4,10.0,3.9,6.6,4.2,3.3,3.5,29.3,16.0,2.6,2.5,0.0,2.1,0.4,1.0,8.5,9.9,0.0,0.3,0.1181,0.1013,0.4768,0.3041,0.3875,1.3878,0.1952,0.5767,0.6287,0.2174,0.5902,0.9071,2.9201,0.7851,0.6991,0.6991,0.6991,0.446,0.0,0.4206,0.6679,0.0,1.5345,0.241,6.5415,0.3486,0,0,0,0,0,0,0,0,0,0,1,1,0,0,0,0,0,0,0,0,1,3634,14,13,99,133,299,225,386,201,0,12,0,12,279,226,0,12,0.9,0.9,2.7,3.7,8.2,5.9,10.6,5.2,0.0,1.0,0.0,1.0,7.7,5.9,0.0,1.0
39,Ohio,OH,39049,Franklin County,39049006351,Census Tract 63.51; Franklin County; Ohio,0.880885149266,4083,588,2219,481,2025,485,462,221,61,51,315,116,128,97,245,142,803,152,723,110,598,480,72,70,82,75,869,845,94,74,0,12,7,17,87,66,35,7,11.4,5.2,2.5,2.1,15.6,4.3,4.0,3.1,6.0,3.5,19.7,4.0,17.7,3.1,14.6,10.1,3.6,3.3,2.1,1.9,21.3,20.5,4.3,3.2,0.0,1.6,0.3,0.8,4.3,3.4,0.9,0.1,0.2542,0.2657,0.213,0.2283,0.5459,1.5071,0.2276,0.6468,0.2419,0.5236,0.3292,0.8427,2.5842,0.6127,0.6081,0.6081,0.6081,0.5314,0.0,0.4041,0.4184,0.6458,1.9997,0.4152,6.6991,0.379,0,0,0,0,0,0,0,0,0,0,0,0,0,0,0,0,0,0,0,0,0,3605,356,475,213,211,224,146,205,162,0,12,0,12,165,123,62,81,17.6,19.8,5.2,5.1,5.5,3.6,5.0,4.2,0.0,0.9,0.0,0.9,4.0,2.9,1.5,2.0
39,Ohio,OH,39049,Franklin County,39049006352,Census Tract 63.52; Franklin County; Ohio,0.317954610898,3533,401,2028,235,1949,248,726,255,49,38,700,175,196,180,439,197,60,32,404,111,238,112,15,26,30,57,1440,562,782,207,0,12,79,51,142,85,0,12,20.5,6.8,1.7,1.4,35.9,7.7,7.6,6.5,12.4,5.5,1.7,0.9,11.4,2.5,6.7,3.1,0.8,1.3,0.9,1.7,40.8,15.2,38.5,9.2,0.0,1.7,4.0,2.6,7.3,4.4,0.0,0.3,0.5176,0.1492,0.8349,0.4876,0.8962,2.8855,0.626,0.0089,0.0552,0.0622,0.0625,0.6855,0.8743,0.0162,0.785,0.785,0.785,0.9502,0.0,0.8952,0.6159,0.0,2.4613,0.6203,7.0061,0.4244,0,0,0,0,0,0,0,0,0,0,0,0,0,0,1,0,0,0,0,1,1,1769,41,35,344,188,189,96,786,270,0,12,0,12,121,75,0,12,2.1,1.8,9.7,5.3,5.3,2.7,22.2,7.3,0.0,1.0,0.0,1.0,3.4,2.1,0.0,1.0
39,Ohio,OH,39049,Franklin County,39049006353,Census Tract 63.53; Franklin County; Ohio,0.671533308928,5442,601,3035,445,2859,461,1273,535,90,102,780,317,209,180,559,258,370,139,949,232,646,275,73,53,132,147,1762,941,1001,362,0,17,60,65,371,176,0,17,23.4,9.5,2.6,2.9,27.3,10.2,5.1,4.6,10.3,4.7,6.8,2.7,17.4,3.9,11.9,5.0,2.6,1.8,2.6,2.9,32.4,16.9,32.9,10.9,0.0,1.1,2.1,2.2,13.0,6.6,0.0,0.3,0.5887,0.2822,0.6606,0.3098,0.8305,2.6718,0.5638,0.0447,0.2248,0.345,0.2187,0.877,1.7102,0.1479,0.7257,0.7257,0.7257,0.9314,0.0,0.7448,0.7981,0.0,2.4743,0.6267,7.582,0.514,0,0,0,0,0,0,0,0,0,0,0,0,0,0,1,0,0,0,0,1,1,3888,311,169,557,267,105,73,816,517,0,17,0,17,275,192,9,15,10.9,6.1,10.2,4.9,1.9,1.3,15.0,9.7,0.0,0.6,0.0,0.6,5.1,3.4,0.2,0.3
39,Ohio,OH,39049,Franklin County,39049006372,Census Tract 63.72; Franklin County; Ohio,0.86767544154,7079,659,3153,284,2960,266,2036,807,251,195,1145,330,442,235,766,277,919,200,1902,410,600,232,323,157,295,206,3007,941,719,206,0,17,142,105,160,167,81,2,29.1,11.2,6.9,5.1,38.7,10.6,9.6,5.2,10.9,3.9,13.0,2.7,26.9,4.4,8.6,3.4,10.9,5.2,4.5,3.1,42.5,12.7,22.8,6.2,0.0,1.1,4.8,3.5,5.4,5.6,1.1,0.1,0.6966,0.7143,0.8775,0.6148,0.8524,3.7556,0.8352,0.2368,0.8107,0.1415,0.8057,0.9413,2.936,0.7943,0.7926,0.7926,0.7926,0.8727,0.0,0.9317,0.4994,0.6703,2.9741,0.821,10.4583,0.8898,0,0,0,0,0,0,0,0,0,0,1,1,0,0,0,0,1,0,0,1,2,4144,182,158,706,555,1198,591,937,446,35,43,0,17,128,111,3,5,6.1,5.3,10.0,7.9,16.9,7.9,13.2,6.2,0.5,0.6,0.0,0.5,1.8,1.6,0.0,0.1
39,Ohio,OH,39049,Franklin County,39049006384,Census Tract 63.84; Franklin County; Ohio,0.949448370222,5756,595,2650,249,2394,188,206,105,72,73,565,202,122,82,168,126,682,146,1440,345,586,182,184,115,144,119,1630,741,143,82,0,17,31,37,125,115,0,17,3.6,1.8,2.0,2.0,23.6,8.2,3.1,2.0,2.9,2.2,11.8,2.8,25.0,4.2,10.2,3.1,7.7,4.8,2.8,2.3,28.3,12.5,5.4,3.1,0.0,1.3,1.3,1.5,5.2,4.7,0.0,0.3,0.0355,0.194,0.5295,0.1579,0.2142,1.1311,0.1298,0.1877,0.7131,0.2275,0.667,0.8884,2.6837,0.6702,0.6902,0.6902,0.6902,0.5686,0.0,0.6181,0.4844,0.0,1.6711,0.2816,6.1761,0.2867,0,0,0,0,0,0,0,0,0,0,0,0,0,0,0,0,0,0,0,0,0,5376,101,94,278,104,253,176,416,265,0,17,0,17,683,360,0,17,4.2,3.9,4.8,1.9,4.4,3.0,7.2,4.4,0.0,0.6,0.0,0.6,11.9,5.8,0.0,0.6
39,Ohio,OH,39049,Franklin County,39049006386,Census Tract 63.86; Franklin County; Ohio,1.672646373872,5075,515,2953,313,2748,309,928,413,66,55,863,290,161,97,362,156,697,202,870,201,462,189,95,65,114,98,1664,676,1479,378,0,17,77,84,305,239,23,3,18.4,8.0,2.3,1.9,31.4,9.9,4.1,2.4,7.2,3.2,13.7,3.8,17.1,3.2,9.1,3.8,3.5,2.3,2.4,2.0,32.8,12.9,50.1,11.6,0.0,1.2,2.8,3.0,11.1,7.8,0.5,0.0,0.4656,0.2384,0.7575,0.2359,0.6557,2.3531,0.4695,0.2752,0.2096,0.1644,0.3187,0.8646,1.8325,0.1949,0.7289,0.7289,0.7289,0.9721,0.0,0.826,0.7552,0.5742,3.1275,0.8644,8.042,0.5908,0,0,0,0,0,0,0,0,0,0,0,0,0,0,1,0,0,0,0,1,1,11472,209,104,520,356,129,112,866,396,0,17,0,17,149,173,0,17,7.6,3.9,10.2,6.8,2.5,2.2,17.1,6.9,0.0,0.7,0.0,0.7,2.9,3.4,0.0,0.7
39,Ohio,OH,39049,Franklin County,39049006387,Census Tract 63.87; Franklin County; Ohio,1.490269163662,6115,707,2861,187,2763,224,913,412,181,115,691,216,152,131,456,291,1167,296,1278,343,597,184,241,123,37,76,1469,941,847,214,44,43,55,78,127,98,0,17,14.9,6.5,5.5,3.4,25.0,7.6,3.3,2.8,7.5,4.6,19.1,4.7,20.9,4.2,9.8,3.0,8.7,4.4,0.6,1.3,24.0,15.1,29.6,7.2,1.5,1.5,2.0,2.8,4.6,3.5,0.0,0.3,0.3618,0.621,0.5784,0.176,0.6798,2.417,0.4838,0.6062,0.4426,0.2056,0.7194,0.6088,2.5826,0.6114,0.6452,0.6452,0.6452,0.9156,0.6667,0.7346,0.4419,0.0,2.7588,0.7422,8.4036,0.6492,0,0,0,0,0,0,0,0,0,0,0,0,0,0,1,0,0,0,0,1,1,2744,138,115,550,305,195,134,452,359,36,46,0,17,226,146,10,17,5.0,4.1,9.0,4.8,3.2,2.2,7.4,5.7,0.6,0.8,0.0,0.6,3.7,2.3,0.2,0.3
39,Ohio,OH,39049,Franklin County,39049006391,Census Tract 63.91; Franklin County; Ohio,2.51783098781,5749,674,1924,185,1839,189,22,19,31,31,121,52,55,47,102,50,771,103,1715,325,325,128,17,26,41,80,849,919,5,18,0,17,0,24,0,17,0,17,0.4,0.3,1.0,1.1,6.6,2.7,1.5,1.3,1.8,0.9,13.4,2.1,29.8,3.7,5.7,2.2,0.9,1.4,0.8,1.5,14.8,15.9,0.3,0.9,0.0,1.8,0.0,1.3,0.0,1.9,0.0,0.3,0.0013,0.0714,0.0114,0.058,0.1022,0.2443,0.0044,0.2568,0.9081,0.0384,0.0705,0.6636,1.9374,0.2387,0.488,0.488,0.488,0.2683,0.0,0.0,0.0,0.0,0.2683,0.021,2.938,0.0108,0,0,0,0,0,0,0,1,0,0,0,1,0,0,0,0,0,0,0,0,1,5598,0,17,280,287,110,72,298,156,0,17,0,17,161,88,0,17,0.0,1.9,4.9,4.8,1.9,1.3,5.2,2.6,0.0,0.6,0.0,0.6,2.8,1.6,0.0,0.6
39,Ohio,OH,39049,Franklin County,39049006392,Census Tract 63.92; Franklin County; Ohio,1.59280395519,4491,433,1617,104,1617,104,160,70,42,38,146,61,59,42,49,51,920,111,1254,257,298,93,62,43,24,52,356,610,6,16,0,12,6,16,0,12,0,12,3.6,1.5,2.0,1.7,9.0,3.7,1.9,1.3,1.1,1.1,20.5,2.7,27.9,3.4,6.6,2.2,3.8,2.6,0.6,1.3,7.9,13.6,0.4,1.0,0.0,2.1,0.4,1.0,0.0,2.1,0.0,0.3,0.0355,0.194,0.0324,0.0808,0.0451,0.3878,0.0108,0.6909,0.8503,0.0584,0.3502,0.6088,2.5586,0.5952,0.2771,0.2771,0.2771,0.2743,0.0,0.4206,0.0,0.0,0.6949,0.0575,3.9184,0.0463,0,0,0,0,0,0,0,0,0,0,0,0,0,0,0,0,0,0,0,0,0,2238,40,47,47,52,0,12,238,156,0,12,0,12,71,60,0,12,2.5,2.9,1.0,1.2,0.0,0.8,5.3,3.4,0.0,0.8,0.0,0.8,1.6,1.4,0.0,0.8
39,Ohio,OH,39049,Franklin County,39049006393,Census Tract 63.93; Franklin County; Ohio,0.93385911587,5891,809,2126,189,2062,191,289,148,96,55,239,89,50,51,60,57,776,221,1623,398,551,317,99,46,126,146,1401,960,44,48,0,17,30,27,37,46,1,1,5.0,2.5,2.8,1.6,11.6,4.2,1.2,1.3,1.0,1.0,13.2,3.4,27.6,4.2,9.4,4.5,4.8,2.2,2.3,2.6,23.8,16.0,2.1,2.3,0.0,1.6,1.4,1.3,1.8,2.2,0.0,0.0,0.0644,0.3133,0.0863,0.0425,0.0394,0.5459,0.027,0.2457,0.8408,0.1787,0.4565,0.8548,2.5765,0.6079,0.6411,0.6411,0.6411,0.4111,0.0,0.6384,0.1933,0.0,1.2428,0.1613,5.0063,0.1422,0,0,0,0,0,0,0,0,0,0,0,0,0,0,0,0,0,0,0,0,0,2696,48,49,279,208,174,205,712,335,0,17,0,17,215,185,21,35,2.3,2.4,4.7,3.3,3.0,3.3,12.1,5.3,0.0,0.6,0.0,0.6,3.6,2.9,0.4,0.6
39,Ohio,OH,39049,Franklin County,39049006394,Census Tract 63.94; Franklin County; Ohio,0.39535686494,2786,420,1241,360,1241,360,106,87,34,39,382,345,39,34,342,347,359,145,633,82,184,91,24,27,0,48,288,577,0,16,0,12,0,16,12,19,0,12,3.8,3.1,2.0,2.4,30.8,26.3,1.9,1.7,12.3,11.0,12.9,5.1,22.7,3.8,6.6,3.2,1.9,2.1,0.0,1.9,10.3,20.7,0.0,1.3,0.0,2.8,0.0,1.3,1.0,1.6,0.0,0.4,0.0413,0.194,0.7448,0.0808,0.8934,1.9543,0.3508,0.2302,0.5669,0.0584,0.1517,0.0,1.0072,0.0238,0.3665,0.3665,0.3665,0.0,0.0,0.0,0.1067,0.0,0.1067,0.0137,3.4347,0.0279,0,0,0,0,0,0,0,0,0,0,0,0,0,0,0,0,0,0,0,0,0,718,12,19,92,82,103,73,42,59,0,12,0,12,51,69,0,12,1.0,1.6,3.3,2.9,3.7,2.6,1.5,2.1,0.0,1.2,0.0,1.2,1.8,2.4,0.0,1.2
39,Ohio,OH,39049,Franklin County,39049006395,Census Tract 63.95; Franklin County; Ohio,0.697990176274,3791,532,2234,389,2134,406,704,295,90,69,577,192,132,100,600,333,391,94,479,138,334,124,16,19,188,108,776,746,779,383,0,12,40,50,23,19,0,12,18.6,7.3,3.4,2.6,27.0,7.4,4.5,3.3,15.8,7.9,10.3,2.5,12.6,3.1,8.8,3.2,0.8,0.9,5.3,2.9,20.5,19.5,34.9,16.0,0.0,1.6,1.9,2.3,1.1,0.9,0.0,0.3,0.4729,0.3975,0.6517,0.267,0.9492,2.7383,0.5832,0.1325,0.0717,0.1526,0.0625,0.9569,1.3762,0.0622,0.5977,0.5977,0.5977,0.939,0.0,0.7219,0.1194,0.0,1.7803,0.3292,6.4925,0.341,0,0,0,0,1,1,0,0,0,0,1,1,0,0,1,0,0,0,0,1,3,2950,68,49,283,239,25,39,340,99,0,12,0,12,72,53,56,60,3.2,2.4,7.5,6.3,0.7,1.0,9.0,2.4,0.0,0.9,0.0,0.9,1.9,1.4,1.5,1.5
39,Ohio,OH,39049,Franklin County,39049006396,Census Tract 63.96; Franklin County; Ohio,3.274782414402,5428,592,2719,284,2572,273,935,480,23,37,827,283,155,86,499,234,911,340,836,226,499,163,83,73,103,100,2045,843,1164,258,0,17,36,44,106,63,121,7,17.5,8.8,0.7,1.2,32.2,10.5,3.6,2.0,9.4,4.4,16.8,5.6,15.4,3.8,9.4,2.8,3.2,2.8,2.0,1.9,37.7,15.0,42.8,8.4,0.0,1.3,1.4,1.7,4.1,2.5,2.2,0.3,0.4402,0.0502,0.7752,0.1966,0.7928,2.255,0.4403,0.4486,0.1414,0.1787,0.2841,0.8348,1.8876,0.2162,0.7619,0.7619,0.7619,0.9575,0.0,0.6384,0.4063,0.773,2.7752,0.7502,7.6797,0.5298,0,0,0,0,0,0,0,0,0,0,0,0,0,0,1,0,0,0,0,1,1,7542,105,89,475,255,236,190,1033,525,26,39,0,17,275,238,0,17,4.1,3.5,8.8,4.7,4.3,3.6,19.0,9.2,0.5,0.7,0.0,0.6,5.1,4.4,0.0,0.6
39,Ohio,OH,39049,Franklin County,39049006397,Census Tract 63.97; Franklin County; Ohio,0.890990596912,6858,1121,2761,252,2719,258,1751,935,55,68,1176,406,271,181,933,482,378,120,2089,647,630,337,328,226,378,282,2566,1597,251,177,0,17,143,118,76,75,0,17,25.6,13.0,1.4,1.8,43.3,14.4,6.3,4.5,13.6,6.2,5.5,2.0,30.5,5.7,9.2,4.2,12.1,8.2,5.8,4.2,37.4,22.5,9.1,6.4,0.0,1.3,5.3,4.3,2.8,2.8,0.0,0.2,0.6357,0.1117,0.9283,0.4042,0.9219,3.0018,0.6606,0.0301,0.9264,0.1711,0.8397,0.9629,2.9302,0.7911,0.7597,0.7597,0.7597,0.6768,0.0,0.9451,0.2848,0.0,1.9067,0.3781,8.5984,0.6752,0,0,1,0,1,2,0,1,0,0,1,2,0,0,0,0,1,0,0,1,5,4385,148,146,921,478,744,533,290,164,0,17,0,17,611,592,0,17,5.4,5.4,13.4,7.0,10.8,8.4,4.2,2.4,0.0,0.5,0.0,0.5,8.9,8.5,0.0,0.5
39,Ohio,OH,39049,Franklin County,39049006398,Census Tract 63.98; Franklin County; Ohio,2.571048970878,3453,608,1439,221,1267,212,148,99,20,30,110,64,92,82,14,32,429,140,985,322,110,66,128,173,78,74,870,871,89,89,0,12,0,16,38,47,0,12,4.3,2.8,1.1,1.7,8.7,4.8,3.8,3.4,0.4,0.9,12.4,4.4,28.5,5.6,3.2,1.8,10.2,13.5,2.4,2.2,25.2,24.8,6.2,6.1,0.0,2.4,0.0,1.3,3.0,3.7,0.0,0.3,0.0489,0.0803,0.0283,0.2102,0.0114,0.3791,0.0102,0.2118,0.8719,0.0029,0.7835,0.8646,2.7347,0.701,0.6588,0.6588,0.6588,0.5937,0.0,0.0,0.3051,0.0,0.8988,0.0892,4.6714,0.1102,0,0,0,0,0,0,0,0,0,0,0,0,0,0,0,0,0,0,0,0,0,3359,0,12,78,96,56,66,736,307,0,12,0,12,0,12,0,12,0.0,2.7,2.3,2.9,1.6,1.9,21.3,8.8,0.0,1.0,0.0,1.0,0.0,1.0,0.0,1.0
39,Ohio,OH,39049,Franklin County,39049006410,Census Tract 64.10; Franklin County; Ohio,0.843526305848,3054,574,1282,133,1214,148,134,76,63,41,164,71,24,25,49,46,344,61,911,326,129,65,37,38,26,62,275,810,90,46,0,12,15,27,0,12,0,12,4.4,2.3,3.9,2.5,13.5,5.6,1.2,1.2,1.6,1.5,11.3,2.4,29.8,5.5,4.2,2.2,3.0,3.1,0.9,2.3,9.0,26.5,7.0,3.5,0.0,2.7,1.2,2.2,0.0,2.8,0.0,0.4,0.0517,0.4644,0.1397,0.0425,0.0825,0.7808,0.06,0.1699,0.9081,0.0108,0.2619,0.6855,2.0362,0.2902,0.3177,0.3177,0.3177,0.6171,0.0,0.6038,0.0,0.0,1.2209,0.1524,4.3556,0.0841,0,0,0,0,0,0,0,1,0,0,0,1,0,0,0,0,0,0,0,0,1,1035,29,43,13,19,54,75,139,117,0,12,0,12,45,42,24,43,2.4,3.6,0.4,0.6,1.8,2.5,4.6,3.8,0.0,1.1,0.0,1.1,1.5,1.4,0.8,1.5
39,Ohio,OH,39049,Franklin County,39049006430,Census Tract 64.30; Franklin County; Ohio,0.99707752684,5193,512,2090,209,1931,182,711,312,87,79,396,116,110,76,171,93,789,152,1422,214,534,177,100,59,151,135,1312,735,206,116,0,17,33,39,40,33,0,17,13.7,5.9,3.2,2.8,20.5,5.7,3.2,2.2,3.3,1.8,15.2,3.4,27.4,2.8,10.3,3.5,5.2,3.0,3.1,2.8,25.3,13.9,9.9,5.5,0.0,1.7,1.7,2.0,2.1,1.8,0.0,0.3,0.3247,0.3711,0.4171,0.1671,0.2634,1.5434,0.2352,0.3523,0.832,0.2329,0.4921,0.9014,2.8107,0.7362,0.6601,0.6601,0.6601,0.6883,0.0,0.6917,0.2248,0.0,1.6048,0.2597,6.619,0.3638,0,0,0,0,0,0,0,0,0,0,1,1,0,0,0,0,0,0,0,0,1,7579,0,17,25,41,298,213,809,315,0,17,0,17,173,105,7,13,0.0,1.8,0.5,0.8,5.7,4.1,15.6,6.1,0.0,0.7,0.0,0.7,3.3,1.9,0.1,0.2
39,Ohio,OH,39049,Franklin County,39049006500,Census Tract 65; Franklin County; Ohio,0.939215122814,3766,759,1386,160,1313,99,89,98,120,113,115,63,0,12,50,57,455,86,1334,549,144,83,9,13,0,48,372,1069,123,53,0,12,0,16,2,4,0,12,2.4,2.6,6.9,5.9,8.8,4.8,0.0,1.5,1.3,1.5,12.1,3.3,35.4,7.9,3.8,2.4,0.7,1.0,0.0,1.4,9.9,28.3,8.9,3.7,0.0,2.5,0.0,1.2,0.2,0.3,0.0,0.3,0.0175,0.7143,0.0298,0.0,0.0593,0.8209,0.0673,0.1988,0.9807,0.0079,0.0546,0.0,1.242,0.0451,0.3542,0.3542,0.3542,0.6714,0.0,0.0,0.0413,0.0,0.7127,0.0597,3.1298,0.014,0,0,0,0,0,0,0,1,0,0,0,1,0,0,0,0,0,0,0,0,1,1633,9,13,86,69,43,45,116,99,0,12,0,12,97,77,30,46,0.7,1.0,2.3,1.9,1.1,1.2,3.1,2.7,0.0,0.9,0.0,0.9,2.6,2.0,0.8,1.3
39,Ohio,OH,39049,Franklin County,39049006600,Census Tract 66; Franklin County; Ohio,0.821979883738,3944,386,1670,176,1550,174,24,23,12,18,175,135,4,8,98,87,768,159,1020,159,275,137,19,23,0,48,203,555,180,131,0,12,0,16,66,38,88,6,0.6,0.6,0.6,0.9,11.3,8.6,0.1,0.3,2.5,2.3,19.5,3.5,25.9,2.4,7.1,3.3,1.2,1.5,0.0,1.3,5.1,14.1,10.8,7.8,0.0,2.1,0.0,1.0,4.3,2.4,2.2,0.3,0.0022,0.0422,0.0771,0.0082,0.1692,0.2989,0.007,0.636,0.7625,0.0758,0.0937,0.0,1.568,0.106,0.1544,0.1544,0.1544,0.7057,0.0,0.0,0.4184,0.773,1.8971,0.374,3.9184,0.0463,0,0,0,0,0,0,0,0,0,0,0,0,0,0,0,0,0,0,0,0,0,3874,84,47,43,70,113,88,21,22,0,12,0,12,26,27,0,12,5.4,3.0,1.1,1.8,2.9,2.2,0.5,0.6,0.0,0.9,0.0,0.9,0.7,0.7,0.0,0.9
39,Ohio,OH,39049,Franklin County,39049006710,Census Tract 67.10; Franklin County; Ohio,0.665057220082,2917,345,1356,146,1291,147,217,94,143,214,272,103,63,67,53,75,644,120,562,79,312,99,73,54,0,48,298,508,117,45,0,12,15,24,56,35,0,12,7.5,3.1,8.7,11.9,21.1,7.6,2.8,2.9,1.8,2.6,22.1,4.4,19.3,3.2,10.7,3.4,5.6,4.1,0.0,1.7,10.2,17.4,8.6,3.2,0.0,2.5,1.2,1.9,4.3,2.7,0.0,0.4,0.1358,0.8032,0.4403,0.1386,0.1022,1.6201,0.2597,0.7546,0.3377,0.2615,0.5241,0.0,1.8779,0.2117,0.363,0.363,0.363,0.6641,0.0,0.6038,0.4184,0.0,1.6863,0.2873,5.5473,0.1952,0,0,0,0,0,0,0,0,0,0,0,0,0,0,0,0,0,0,0,0,0,3187,88,75,203,166,5,9,0,12,0,12,0,12,90,65,0,12,6.8,5.6,7.0,5.7,0.2,0.3,0.0,1.2,0.0,1.2,0.0,1.2,3.1,2.3,0.0,1.2
39,Ohio,OH,39049,Franklin County,39049006721,Census Tract 67.21; Franklin County; Ohio,1.090889115882,3988,485,1649,260,1568,260,49,42,15,18,178,131,7,12,39,34,815,225,1124,230,222,83,6,15,0,48,311,673,174,130,0,12,0,16,28,30,34,8,1.2,1.1,0.8,0.9,11.4,8.1,0.3,0.5,1.0,0.9,20.4,5.5,28.2,3.5,5.6,2.2,0.4,1.0,0.0,1.3,7.8,16.8,10.6,7.7,0.0,2.1,0.0,1.0,1.8,1.9,0.9,0.2,0.0044,0.0578,0.0803,0.0114,0.0394,0.1933,0.0029,0.6855,0.8608,0.0371,0.0435,0.0,1.6269,0.12,0.272,0.272,0.272,0.7019,0.0,0.0,0.1933,0.6458,1.541,0.2429,3.6332,0.0349,0,0,0,0,0,0,0,0,0,0,0,0,0,0,0,0,0,0,0,0,0,6386,173,215,100,127,77,79,59,45,0,12,0,12,75,57,0,12,11.0,12.6,2.5,3.2,1.9,1.9,1.5,1.1,0.0,0.9,0.0,0.9,1.9,1.5,0.0,0.9
39,Ohio,OH,39049,Franklin County,39049006722,Census Tract 67.22; Franklin County; Ohio,1.51250632225,2958,294,1168,96,1140,100,258,179,81,64,291,101,91,76,145,84,771,109,700,124,358,115,78,60,0,48,388,373,95,50,0,12,7,16,0,12,208,3,9.4,6.4,6.1,4.3,25.5,8.6,4.3,3.5,5.3,2.9,26.1,3.9,23.7,3.7,13.0,4.2,6.8,5.2,0.0,1.8,13.1,12.5,8.1,4.2,0.0,2.9,0.6,1.4,0.0,3.0,7.0,0.7,0.1898,0.6648,0.5994,0.2508,0.4808,2.1856,0.4222,0.9001,0.6354,0.4129,0.6051,0.0,2.5535,0.5927,0.4477,0.4477,0.4477,0.6533,0.0,0.4632,0.0,0.9375,2.054,0.439,7.2408,0.4594,0,0,0,0,0,0,1,0,0,0,0,1,0,0,0,0,0,0,1,1,2,10845,104,62,190,151,76,103,15,26,0,12,14,21,93,79,0,12,9.1,5.5,6.4,5.0,2.6,3.4,0.5,0.9,0.0,1.2,0.5,0.7,3.1,2.5,0.0,1.2
39,Ohio,OH,39049,Franklin County,39049006810,Census Tract 68.10; Franklin County; Ohio,0.653976864886,2490,280,1076,137,1032,138,107,64,16,17,91,36,0,12,57,43,461,144,672,159,214,74,52,28,0,48,186,394,0,16,0,12,7,15,11,11,0,12,4.3,2.5,1.2,1.3,8.8,3.3,0.0,2.0,2.3,1.7,18.5,5.5,27.0,4.2,8.6,2.5,5.1,2.6,0.0,2.1,7.5,15.8,0.0,1.5,0.0,3.2,0.7,1.5,1.1,1.1,0.0,0.5,0.0489,0.0898,0.0298,0.0,0.1492,0.3177,0.0083,0.5698,0.8158,0.1415,0.4841,0.0,2.0112,0.2765,0.2562,0.2562,0.2562,0.0,0.0,0.4873,0.1194,0.0,0.6067,0.0492,3.1918,0.0159,0,0,0,0,0,0,0,0,0,0,0,0,0,0,0,0,0,0,0,0,0,1927,24,18,80,79,24,25,0,12,0,12,0,12,82,44,0,12,2.3,1.8,3.2,3.2,1.0,1.0,0.0,1.4,0.0,1.4,0.0,1.4,3.3,1.8,0.0,1.4
39,Ohio,OH,39049,Franklin County,39049006821,Census Tract 68.21; Franklin County; Ohio,0.577819403692,3367,527,2287,232,1948,226,1168,509,105,57,867,251,118,62,207,143,651,99,463,203,453,135,82,67,168,168,682,725,1169,263,42,26,0,16,299,113,91,3,35.6,14.4,5.7,3.0,44.5,11.8,4.6,2.5,6.3,3.6,19.3,3.9,13.8,4.4,13.8,4.3,4.2,3.4,5.3,5.2,20.3,21.3,51.1,10.3,1.8,1.1,0.0,0.8,15.3,5.7,2.7,0.4,0.7855,0.6356,0.9387,0.2724,0.5763,3.2085,0.7143,0.6208,0.0964,0.4675,0.394,0.9569,2.5356,0.5819,0.5942,0.5942,0.5942,0.9746,0.686,0.0,0.8416,0.8085,3.3107,0.9013,9.649,0.8105,0,0,1,0,0,1,0,0,0,0,1,1,0,0,1,0,0,0,0,1,3,2459,314,122,491,202,26,27,44,35,14,21,0,12,107,72,0,12,16.1,6.0,14.6,5.8,0.8,0.8,1.3,1.0,0.4,0.6,0.0,1.0,3.2,2.1,0.0,1.0
39,Ohio,OH,39049,Franklin County,39049006822,Census Tract 68.22; Franklin County; Ohio,0.430045426926,2030,177,1009,94,987,106,167,75,21,15,146,45,41,28,168,105,469,111,303,57,162,68,12,17,3,46,300,256,0,16,0,12,0,16,39,34,5,2,8.2,3.6,1.8,1.3,14.8,4.3,2.5,1.6,8.3,5.0,23.1,4.2,14.9,2.6,8.0,3.1,1.2,1.7,0.2,2.4,14.8,12.5,0.0,1.6,0.0,3.4,0.0,1.6,4.0,3.6,0.2,0.1,0.1514,0.1654,0.1829,0.1192,0.7363,1.3552,0.1851,0.7961,0.1259,0.1104,0.0937,0.4556,1.5817,0.1089,0.488,0.488,0.488,0.0,0.0,0.0,0.3981,0.4356,0.8337,0.0794,4.2586,0.0752,0,0,0,0,0,0,0,0,0,0,0,0,0,0,0,0,0,0,0,0,0,971,14,15,16,23,126,122,43,29,3,6,0,12,97,55,15,22,1.4,1.5,0.8,1.1,6.2,5.9,2.1,1.4,0.1,0.3,0.0,1.7,4.8,2.6,0.7,1.1
39,Ohio,OH,39049,Franklin County,39049006910,Census Tract 69.10; Franklin County; Ohio,0.686505572284,1736,263,670,85,624,95,56,43,10,8,73,28,16,15,4,6,292,45,520,99,85,30,30,18,5,45,132,369,3,12,0,12,1,12,8,10,0,12,3.2,2.4,1.1,1.0,11.7,4.1,1.4,1.3,0.2,0.3,16.8,3.0,30.0,1.9,4.9,1.7,4.8,2.8,0.3,2.9,7.6,21.2,0.4,1.8,0.0,5.1,0.2,1.9,1.3,1.5,0.0,0.7,0.0279,0.0803,0.0895,0.0536,0.0073,0.2586,0.0051,0.4486,0.9138,0.0251,0.4565,0.4968,2.3408,0.4578,0.2609,0.2609,0.2609,0.2743,0.0,0.3905,0.1349,0.0,0.7997,0.0765,3.66,0.0362,0,0,0,0,0,0,0,1,0,0,0,1,0,0,0,0,0,0,0,0,1,3141,7,9,11,9,32,29,34,26,0,12,0,12,55,37,0,12,1.1,1.5,0.6,0.5,1.8,1.6,2.0,1.5,0.0,2.0,0.0,2.0,3.2,2.1,0.0,2.0
39,Ohio,OH,39049,Franklin County,39049006921,Census Tract 69.21; Franklin County; Ohio,1.034827491584,3811,475,1772,131,1606,166,1305,391,130,82,614,168,389,176,365,187,469,118,943,289,534,161,203,98,206,125,1699,626,278,137,31,50,50,47,157,85,21,14,34.5,9.4,6.3,4.0,38.2,9.7,15.4,6.3,9.6,4.9,12.3,3.1,24.7,5.6,14.1,4.1,12.6,6.0,5.9,3.5,44.6,15.5,15.6,7.6,1.7,2.8,3.1,2.9,9.8,5.2,0.6,0.4,0.7753,0.6781,0.8717,0.8291,0.8026,3.9568,0.879,0.2074,0.6956,0.4862,0.8511,0.9654,3.2057,0.8873,0.8044,0.8044,0.8044,0.7889,0.6816,0.8502,0.7133,0.6059,3.6399,0.9587,11.6068,0.9654,0,0,0,0,0,0,0,0,0,0,1,1,0,0,0,0,0,0,0,0,1,4189,205,90,981,369,302,236,108,136,0,12,0,12,308,172,0,12,12.8,5.5,25.7,8.6,7.9,6.0,2.8,3.5,0.0,0.9,0.0,0.9,8.1,4.7,0.0,0.9
39,Ohio,OH,39049,Franklin County,39049006923,Census Tract 69.23; Franklin County; Ohio,0.704917232256,4662,684,1568,178,1568,178,578,232,201,167,281,96,566,350,544,333,687,131,1093,234,705,175,94,64,216,131,2858,734,9,19,0,12,9,18,71,49,18,8,12.5,4.6,8.0,6.6,17.9,5.8,17.8,10.4,11.7,6.4,14.7,3.6,23.4,4.7,15.1,4.1,6.0,4.0,5.0,3.0,61.3,12.9,0.6,1.2,0.0,2.2,0.6,1.1,4.5,3.2,0.4,0.2,0.2847,0.773,0.3073,0.877,0.8785,3.1205,0.6933,0.3282,0.6138,0.5528,0.5517,0.9521,2.9986,0.8222,0.8684,0.8684,0.8684,0.2886,0.0,0.4632,0.4365,0.5374,1.7257,0.306,8.7132,0.6917,0,0,0,0,0,0,0,0,0,0,1,1,0,0,0,0,0,0,0,0,1,5622,152,89,1338,464,628,449,270,254,0,12,0,12,622,314,0,12,9.7,5.4,28.7,8.6,13.5,9.0,5.8,5.3,0.0,0.7,0.0,0.7,13.3,6.6,0.0,0.7
39,Ohio,OH,39049,Franklin County,39049006924,Census Tract 69.24; Franklin County; Ohio,0.637486448466,3874,540,1917,166,1720,186,761,394,152,124,409,154,482,236,411,210,445,138,625,190,364,186,57,65,285,190,2452,651,700,176,0,12,75,75,92,53,4,1,19.7,9.8,6.0,4.9,23.8,8.6,17.4,8.6,10.6,5.5,11.5,3.6,16.1,3.6,9.4,4.2,3.3,3.8,7.8,5.1,63.3,14.3,36.5,8.6,0.0,1.8,4.4,4.3,5.3,3.0,0.1,0.0,0.4998,0.6559,0.5368,0.8687,0.8423,3.4035,0.7575,0.1756,0.1658,0.1787,0.2943,0.9791,1.7935,0.1787,0.8776,0.8776,0.8776,0.9451,0.0,0.9168,0.4917,0.3694,2.723,0.7276,8.7976,0.701,0,0,0,0,0,0,0,0,0,0,1,1,0,0,1,0,1,0,0,2,3,4086,82,59,1328,317,177,148,533,361,0,12,0,12,336,315,78,120,4.8,3.4,34.3,8.0,4.6,3.8,13.8,9.1,0.0,0.9,0.0,0.9,8.7,7.4,2.0,3.0
39,Ohio,OH,39049,Franklin County,39049006931,Census Tract 69.31; Franklin County; Ohio,0.780170828668,7092,1414,2805,332,2641,253,2697,1173,107,81,933,276,400,188,1397,829,733,134,1769,744,447,215,380,218,531,246,5476,1460,505,279,0,17,9,32,78,63,230,9,39.8,15.6,2.9,2.2,35.3,9.9,8.2,4.2,20.2,8.7,10.3,3.0,24.9,6.3,6.5,3.4,14.4,8.1,8.5,3.6,77.2,13.7,18.0,9.7,0.0,1.2,0.3,1.2,3.0,2.5,3.2,0.7,0.8343,0.327,0.8273,0.526,0.9791,3.4937,0.7797,0.1325,0.7061,0.0549,0.8911,0.9832,2.7678,0.7181,0.9249,0.9249,0.9249,0.821,0.0,0.4041,0.3051,0.8405,2.3707,0.5797,9.5571,0.8006,0,0,0,0,1,1,0,0,0,0,1,1,1,1,0,0,0,0,0,0,3,6320,125,58,3274,560,1863,1411,189,219,17,28,0,17,103,149,30,37,4.7,2.2,46.2,11.3,26.3,15.7,2.7,3.2,0.2,0.4,0.0,0.5,1.5,2.1,0.4,0.5
39,Ohio,OH,39049,Franklin County,39049006932,Census Tract 69.32; Franklin County; Ohio,0.987391772068,6751,1251,2631,371,2592,379,1966,723,429,200,970,398,482,303,630,284,938,231,1819,415,936,276,493,238,162,177,4283,1336,171,126,38,52,0,24,55,50,27,7,29.4,9.3,11.5,5.7,37.4,14.3,11.5,6.3,9.3,4.0,13.9,4.6,26.9,3.2,13.9,4.6,19.0,8.8,2.4,2.6,63.4,15.9,6.5,4.7,1.4,2.0,0.0,0.9,2.1,2.0,0.4,0.1,0.7017,0.8746,0.8622,0.7036,0.7871,3.9292,0.8752,0.2841,0.8107,0.4754,0.9467,0.8646,3.3815,0.9263,0.8779,0.8779,0.8779,0.6013,0.6597,0.0,0.2248,0.5374,2.0232,0.427,10.2118,0.8667,0,0,0,0,0,0,0,0,0,1,0,1,0,0,0,0,0,0,0,0,1,4522,49,47,3411,1119,277,114,395,183,0,17,0,17,200,115,0,17,1.9,1.9,50.5,9.1,4.1,1.7,5.9,2.8,0.0,0.5,0.0,0.5,3.0,1.8,0.0,0.5
39,Ohio,OH,39049,Franklin County,39049006933,Census Tract 69.33; Franklin County; Ohio,0.584068464562,6405,732,2510,125,2331,175,2985,884,311,158,982,281,1234,353,1122,387,541,158,2254,379,726,241,282,150,1149,477,5633,797,1010,285,0,17,341,157,606,189,0,17,47.0,12.8,11.5,5.8,42.1,11.6,33.4,9.2,17.5,6.1,8.4,2.2,35.2,3.1,11.3,4.3,12.1,6.4,20.2,7.9,87.9,7.3,40.2,11.2,0.0,1.4,14.6,6.6,26.0,8.3,0.0,0.3,0.8899,0.8746,0.9197,0.988,0.9651,4.6373,0.9905,0.0777,0.9788,0.3028,0.8397,0.9997,3.1987,0.8857,0.9537,0.9537,0.9537,0.9537,0.0,0.9975,0.9425,0.0,2.8937,0.7949,11.6834,0.9692,0,0,1,1,1,3,0,1,0,0,1,2,1,1,1,0,1,1,0,3,9,4736,430,172,3972,896,268,281,1198,642,0,17,0,17,195,251,0,17,18.4,7.0,62.0,11.1,4.2,4.5,18.7,10.2,0.0,0.5,0.0,0.5,3.0,3.8,0.0,0.5
39,Ohio,OH,39049,Franklin County,39049006943,Census Tract 69.43; Franklin County; Ohio,0.717963232734,4862,585,2062,276,2049,276,1661,517,279,190,646,207,218,86,695,364,691,235,1151,177,770,308,307,139,194,126,2708,820,119,87,0,12,28,35,35,31,9,2,34.2,9.8,11.2,7.1,31.5,9.2,6.6,2.7,14.3,7.1,14.2,4.7,23.7,3.7,15.8,6.0,15.0,6.5,4.2,2.7,55.7,15.5,5.8,4.1,0.0,1.7,1.4,1.7,1.7,1.6,0.2,0.0,0.7725,0.8679,0.7603,0.4236,0.9318,3.7561,0.8359,0.2993,0.6354,0.5941,0.9006,0.9334,3.3628,0.9216,0.8478,0.8478,0.8478,0.5806,0.0,0.6384,0.1848,0.4356,1.8394,0.3524,9.8061,0.8276,0,0,0,0,1,1,0,0,0,1,1,2,0,0,0,0,0,0,0,0,3,2072,168,94,1693,489,622,371,242,283,6,9,0,12,145,103,0,12,8.2,4.6,34.8,9.8,12.8,7.5,5.0,5.6,0.1,0.2,0.0,0.7,3.0,2.2,0.0,0.7
39,Ohio,OH,39049,Franklin County,39049006944,Census Tract 69.44; Franklin County; Ohio,0.987514552504,4647,696,2102,243,1918,267,1027,604,76,60,296,127,435,482,161,83,1152,243,851,226,837,515,68,39,15,52,1807,827,88,64,0,12,23,32,28,28,3,3,22.1,12.6,3.4,2.6,15.4,6.3,12.4,12.2,3.5,1.9,24.8,4.4,18.3,4.4,18.0,9.4,3.6,2.0,0.3,1.2,38.9,16.8,4.2,3.0,0.0,1.6,1.2,1.7,1.5,1.5,0.1,0.1,0.5611,0.3975,0.2051,0.7337,0.2856,2.183,0.4216,0.858,0.272,0.7122,0.3292,0.4968,2.6682,0.6629,0.7727,0.7727,0.7727,0.5257,0.0,0.6038,0.1597,0.3694,1.6586,0.2771,7.2825,0.4683,0,0,0,0,0,0,0,0,0,0,0,0,0,0,0,0,0,0,0,0,0,2944,115,75,1342,517,109,88,40,46,0,12,0,12,316,222,0,12,6.0,3.9,28.9,8.6,2.3,1.9,0.9,1.0,0.0,0.7,0.0,0.7,6.8,4.8,0.0,0.7
39,Ohio,OH,39049,Franklin County,39049006945,Census Tract 69.45; Franklin County; Ohio,0.759754527112,6406,1090,2833,258,2402,323,2418,895,352,263,1219,314,504,252,1328,713,342,137,2143,585,657,202,478,252,414,276,5404,1123,503,212,0,17,102,61,357,143,6,2,38.4,12.6,11.4,7.2,50.7,11.2,14.6,7.3,20.7,9.8,5.3,2.2,33.5,4.8,10.3,3.7,19.9,10.1,7.8,5.1,84.4,10.1,17.8,7.3,0.0,1.2,4.2,2.5,14.9,6.2,0.1,0.0,0.8204,0.8721,0.9724,0.8066,0.9813,4.4528,0.967,0.0273,0.9639,0.2329,0.954,0.9791,3.1572,0.8746,0.9455,0.9455,0.9455,0.8184,0.0,0.907,0.8359,0.3694,2.9307,0.8044,11.4862,0.96,0,0,1,0,1,2,0,1,0,1,1,3,1,1,0,0,1,0,0,1,7,5415,253,140,3552,952,632,378,268,217,0,17,0,17,952,645,0,17,10.5,5.8,55.4,9.8,9.9,5.8,4.2,3.5,0.0,0.5,0.0,0.5,14.9,9.4,0.0,0.5
39,Ohio,OH,39049,Franklin County,39049006950,Census Tract 69.50; Franklin County; Ohio,1.593252219612,2766,382,1311,118,1296,117,118,57,38,31,204,75,4,3,46,51,1058,103,441,156,262,78,0,16,19,56,200,545,0,16,0,12,15,14,20,17,5,2,4.3,2.0,2.7,2.2,15.7,5.6,0.2,0.1,1.7,1.9,38.3,5.9,15.9,3.8,9.5,2.9,0.0,1.2,0.7,2.1,7.2,19.7,0.0,1.2,0.0,2.6,1.1,1.1,1.5,1.3,0.2,0.1,0.0489,0.2968,0.2175,0.0092,0.092,0.6644,0.0425,0.993,0.1588,0.1872,0.0,0.6367,1.9757,0.261,0.2435,0.2435,0.2435,0.0,0.0,0.587,0.1597,0.4356,1.1823,0.1419,4.0659,0.059,0,0,0,0,0,0,1,0,0,0,0,1,0,0,0,0,0,0,0,0,1,1484,70,34,11,16,48,36,52,37,0,12,0,12,89,67,0,12,5.4,2.6,0.4,0.6,1.7,1.3,1.9,1.4,0.0,1.3,0.0,1.3,3.2,2.4,0.0,1.3
39,Ohio,OH,39049,Franklin County,39049006991,Census Tract 69.91; Franklin County; Ohio,2.701559941122,4407,426,1731,182,1731,182,133,126,33,32,179,110,24,30,29,35,895,284,1054,187,295,133,34,32,30,60,621,656,80,74,0,12,29,41,18,21,0,12,3.0,2.8,1.4,1.4,10.3,6.3,0.8,1.0,0.7,0.8,20.3,6.0,23.9,3.3,6.7,3.1,2.0,1.8,0.7,1.5,14.1,14.8,4.6,4.2,0.0,2.0,1.7,2.4,1.0,1.2,0.0,0.3,0.0238,0.1117,0.0537,0.0241,0.0235,0.2368,0.0038,0.6804,0.6516,0.0622,0.159,0.6367,2.1899,0.3743,0.4727,0.4727,0.4727,0.5441,0.0,0.6917,0.1067,0.0,1.3425,0.186,4.2419,0.0727,0,0,0,0,0,0,0,0,0,0,0,0,0,0,0,0,0,0,0,0,0,6803,14,22,169,125,261,195,146,161,0,12,0,12,45,42,0,12,0.8,1.3,3.8,2.9,5.9,4.5,3.3,3.7,0.0,0.8,0.0,0.8,1.0,0.9,0.0,0.8
39,Ohio,OH,39049,Franklin County,39049006992,Census Tract 69.92; Franklin County; Ohio,0.35681230228,4786,912,2169,305,2011,329,1563,823,218,150,814,315,393,220,563,246,182,104,1580,534,429,189,262,176,244,183,3662,1015,745,246,0,12,83,74,171,129,0,12,32.8,16.1,8.3,5.5,40.5,14.2,13.8,6.9,11.8,5.0,3.8,2.2,33.0,6.3,9.0,4.0,13.0,8.5,5.8,4.2,76.5,15.4,34.3,10.3,0.0,1.6,4.1,3.6,8.5,6.4,0.0,0.3,0.7518,0.7835,0.9016,0.7834,0.881,4.1013,0.9108,0.0181,0.9581,0.1593,0.8619,0.9629,2.9603,0.8054,0.923,0.923,0.923,0.9359,0.0,0.9006,0.6679,0.0,2.5044,0.6384,10.489,0.893,0,0,1,0,0,1,0,1,0,0,1,2,1,1,1,0,1,0,0,2,6,2397,62,42,2685,849,600,461,60,67,0,12,0,12,317,210,0,12,3.1,2.2,56.1,12.0,12.5,9.5,1.3,1.4,0.0,0.7,0.0,0.7,6.6,4.2,0.0,0.7
39,Ohio,OH,39049,Franklin County,39049007010,Census Tract 70.10; Franklin County; Ohio,1.058916395364,4532,544,1159,174,1151,176,488,219,114,91,226,130,0,12,360,202,445,217,676,170,514,178,17,19,11,48,1362,743,138,129,0,12,7,17,23,22,1365,35,15.5,6.4,4.3,3.3,19.6,10.9,0.0,1.7,7.9,4.4,9.8,4.1,14.9,3.4,11.3,4.1,1.5,1.6,0.3,1.1,30.1,16.0,11.9,11.0,0.0,3.0,0.6,1.5,2.0,2.0,30.1,3.7,0.3786,0.5117,0.3781,0.0,0.709,1.9774,0.3597,0.1183,0.1259,0.3028,0.1156,0.4968,1.1594,0.034,0.7077,0.7077,0.7077,0.7289,0.0,0.4632,0.2127,0.9832,2.388,0.5876,6.2325,0.2959,0,0,0,0,0,0,0,0,0,0,0,0,0,0,0,0,0,0,1,1,1,8185,57,65,904,279,141,80,147,62,9,14,0,12,155,114,6,12,5.0,5.7,19.9,5.6,3.1,1.9,3.2,1.4,0.2,0.3,0.0,0.8,3.4,2.4,0.1,0.3
39,Ohio,OH,39049,Franklin County,39049007020,Census Tract 70.20; Franklin County; Ohio,1.711284759318,6749,812,2788,305,2739,323,479,300,135,147,560,225,154,85,197,109,1160,179,1599,362,495,139,136,150,43,78,959,1061,44,40,0,17,0,24,84,75,65,2,7.2,4.4,3.6,3.9,20.4,7.9,3.2,1.8,2.9,1.6,17.2,3.2,23.7,3.4,7.4,2.2,4.9,5.4,0.7,1.3,14.2,15.6,1.6,1.4,0.0,1.2,0.0,0.9,3.1,2.7,1.0,0.1,0.125,0.4308,0.413,0.1671,0.2142,1.3501,0.1841,0.4765,0.6354,0.0847,0.4644,0.6367,2.2977,0.4343,0.4769,0.4769,0.4769,0.3787,0.0,0.0,0.3143,0.6595,1.3525,0.1892,5.4772,0.1863,0,0,0,0,0,0,0,0,0,0,0,0,0,0,0,0,0,0,0,0,0,7063,126,75,112,124,10,16,224,207,0,17,0,17,613,466,0,17,4.6,2.7,1.7,1.9,0.1,0.2,3.3,3.1,0.0,0.5,0.0,0.5,9.1,6.3,0.0,0.5
39,Ohio,OH,39049,Franklin County,39049007041,Census Tract 70.41; Franklin County; Ohio,1.457168639202,2208,244,1146,79,993,101,170,70,9,13,242,91,7,16,163,94,496,114,326,88,259,81,12,22,11,49,544,333,372,115,6,10,11,21,71,51,239,18,8.5,3.4,0.7,1.0,24.4,8.8,0.5,1.0,7.5,4.1,22.5,5.1,14.8,3.1,11.9,3.7,1.2,2.2,0.5,2.3,24.6,14.8,32.5,9.8,0.5,0.9,1.1,2.1,7.2,5.0,10.8,1.4,0.1622,0.0502,0.5559,0.0184,0.6798,1.4665,0.2156,0.7717,0.123,0.345,0.0937,0.5796,1.913,0.2279,0.6512,0.6512,0.6512,0.9289,0.5717,0.587,0.6111,0.9575,3.6562,0.961,7.6869,0.5302,0,0,0,0,0,0,0,0,0,0,0,0,0,0,1,0,0,0,1,2,2,3918,46,45,9,26,125,109,212,97,0,12,0,12,165,81,33,56,4.6,4.5,0.4,1.2,5.7,4.6,9.6,4.3,0.0,1.6,0.0,1.6,7.5,3.6,1.5,2.5
39,Ohio,OH,39049,Franklin County,39049007043,Census Tract 70.43; Franklin County; Ohio,1.004794933616,6465,1252,2946,299,2759,325,1896,1284,278,218,1240,364,135,120,612,308,499,241,1902,848,767,347,389,201,353,237,3190,1441,1095,282,0,17,221,194,235,201,5,3,29.3,19.0,7.2,5.3,44.9,12.1,3.5,3.2,9.5,4.9,7.7,3.5,29.4,8.8,11.9,4.8,14.1,7.1,6.1,4.0,49.3,20.1,37.2,8.8,0.0,1.2,8.0,7.0,8.5,7.2,0.1,0.0,0.6991,0.7337,0.941,0.1912,0.7982,3.3632,0.7489,0.0609,0.8963,0.345,0.8835,0.9664,3.1521,0.8737,0.8228,0.8228,0.8228,0.947,0.0,0.9771,0.6679,0.3694,2.9614,0.8168,10.2995,0.8771,0,0,1,0,0,1,0,0,0,0,1,1,0,0,1,0,1,0,0,2,4,9016,0,17,2160,1225,789,607,190,169,0,17,0,17,45,36,6,14,0.0,1.3,33.4,15.0,12.2,8.3,2.9,2.7,0.0,0.5,0.0,0.5,0.7,0.6,0.1,0.2
39,Ohio,OH,39049,Franklin County,39049007044,Census Tract 70.44; Franklin County; Ohio,0.853512834078,6391,671,3114,295,2928,301,962,380,156,98,803,264,152,101,353,226,586,268,1313,284,395,143,127,118,4,66,2783,893,845,302,0,17,21,38,96,90,104,2,15.4,5.8,3.8,2.4,27.4,8.6,3.4,2.2,5.6,3.7,9.2,4.0,20.5,3.9,6.3,2.4,4.3,4.0,0.1,1.2,43.5,13.2,27.1,9.4,0.0,1.1,0.7,1.3,3.3,3.1,1.6,0.2,0.3751,0.4524,0.6635,0.1836,0.5075,2.1821,0.4206,0.0983,0.4214,0.0508,0.407,0.4245,1.402,0.067,0.799,0.799,0.799,0.9006,0.0,0.4873,0.3346,0.727,2.4495,0.6146,6.8326,0.4025,0,0,0,0,0,0,0,0,0,0,0,0,0,0,1,0,0,0,0,1,1,2446,61,65,600,383,576,418,1247,585,8,15,0,17,352,283,0,17,2.1,2.2,9.4,6.1,9.0,6.7,19.5,8.0,0.1,0.2,0.0,0.5,5.5,4.3,0.0,0.5
39,Ohio,OH,39049,Franklin County,39049007047,Census Tract 70.47; Franklin County; Ohio,0.902838522884,4437,772,1875,210,1849,220,588,209,46,50,507,172,87,95,558,405,415,123,895,148,465,201,187,104,12,50,1740,919,309,121,0,12,19,25,86,50,0,12,13.3,4.1,1.8,2.0,27.4,8.7,2.6,2.9,12.6,8.7,9.4,2.4,20.2,4.3,10.5,3.4,10.1,5.5,0.3,1.2,39.2,19.6,16.5,6.2,0.0,1.8,1.0,1.3,4.7,2.8,0.0,0.3,0.3142,0.1654,0.6635,0.1243,0.9013,2.1687,0.4165,0.1056,0.397,0.2453,0.7813,0.4968,2.026,0.2857,0.7752,0.7752,0.7752,0.8054,0.0,0.5676,0.4479,0.0,1.8209,0.3451,6.7908,0.3927,0,0,0,0,1,1,0,0,0,0,0,0,0,0,0,0,0,0,0,0,1,3768,76,63,1215,559,258,209,170,131,0,12,0,12,40,33,57,89,4.1,3.3,27.4,9.3,5.8,4.8,3.8,3.0,0.0,0.8,0.0,0.8,0.9,0.8,1.3,2.0
39,Ohio,OH,39049,Franklin County,39049007048,Census Tract 70.48; Franklin County; Ohio,1.102223912296,6064,691,2439,209,2301,229,704,383,61,60,436,174,173,122,114,109,483,104,1480,353,721,301,91,74,124,103,2407,981,72,60,0,17,0,24,14,22,0,17,11.6,6.2,1.5,1.5,18.9,7.3,4.2,2.9,1.9,1.8,8.0,1.9,24.4,4.2,11.9,4.6,3.9,3.2,2.2,1.8,39.7,15.5,3.0,2.4,0.0,1.4,0.0,1.0,0.6,1.0,0.0,0.3,0.2609,0.1251,0.3483,0.2441,0.1104,1.0888,0.1194,0.0682,0.6782,0.345,0.3638,0.8491,2.3043,0.4378,0.779,0.779,0.779,0.4724,0.0,0.0,0.0616,0.0,0.534,0.0403,4.7061,0.1143,0,0,0,0,0,0,0,0,0,0,0,0,0,0,0,0,0,0,0,0,0,5522,96,62,483,319,870,368,610,345,0,17,0,17,419,260,25,41,4.2,2.7,8.0,5.1,14.3,5.7,10.1,5.5,0.0,0.6,0.0,0.6,6.9,4.5,0.4,0.7
39,Ohio,OH,39049,Franklin County,39049007101,Census Tract 71.01; Franklin County; Ohio,0.797272830656,2903,321,1277,142,1150,156,551,276,97,82,352,129,123,72,295,303,556,105,666,183,207,110,127,114,20,52,909,426,185,154,0,12,0,16,26,30,109,5,19.7,9.6,6.4,5.4,30.6,10.4,5.9,3.2,10.6,10.9,19.2,4.5,22.9,5.4,7.4,4.0,11.0,9.8,0.7,1.9,31.3,14.3,14.5,12.0,0.0,2.7,0.0,1.4,2.3,2.7,3.8,0.5,0.4998,0.6835,0.74,0.3741,0.8423,3.1397,0.6987,0.6129,0.5808,0.0847,0.8086,0.6367,2.7237,0.6962,0.7169,0.7169,0.7169,0.7727,0.0,0.0,0.2429,0.8656,1.8812,0.3679,8.4615,0.6568,0,0,0,0,0,0,0,0,0,0,0,0,0,0,0,0,0,0,0,0,0,3667,49,35,695,268,0,12,0,12,5,9,0,12,209,176,0,12,4.3,3.0,23.9,8.1,0.0,1.2,0.0,1.2,0.2,0.3,0.0,1.2,7.2,5.9,0.0,1.2
39,Ohio,OH,39049,Franklin County,39049007102,Census Tract 71.02; Franklin County; Ohio,1.088279452464,3092,371,1389,189,1321,201,260,158,0,12,206,121,49,26,0,12,1041,213,631,122,409,131,39,43,51,80,338,544,218,79,0,12,0,16,91,59,136,3,8.8,5.2,0.0,2.5,15.6,8.8,2.0,1.1,0.0,1.2,33.7,5.5,20.4,2.8,13.8,4.3,2.9,3.2,1.8,2.8,10.9,17.5,15.7,5.3,0.0,2.5,0.0,1.2,6.9,4.6,4.4,0.5,0.173,0.0,0.213,0.0881,0.0,0.4741,0.0194,0.9822,0.4134,0.4675,0.2473,0.8183,2.9287,0.7898,0.3855,0.3855,0.3855,0.7911,0.0,0.0,0.5924,0.8881,2.2716,0.5384,6.0599,0.2689,0,0,0,0,0,0,1,0,0,0,0,1,0,0,0,0,0,0,0,0,1,2347,126,67,74,81,0,12,113,113,0,12,0,12,151,107,0,12,9.5,5.4,2.4,2.6,0.0,1.1,3.7,3.8,0.0,1.1,0.0,1.1,4.9,3.4,0.0,1.1
39,Ohio,OH,39049,Franklin County,39049007103,Census Tract 71.03; Franklin County; Ohio,0.568748323304,4151,817,1730,367,1668,370,485,498,69,44,395,248,62,54,277,237,506,167,1031,348,216,118,144,119,31,67,1347,1156,80,57,0,12,55,84,24,40,42,8,11.7,11.8,2.9,2.0,23.7,13.9,2.1,2.0,6.7,5.7,12.2,4.5,24.8,7.9,5.2,3.0,8.7,6.9,0.8,1.7,32.5,27.1,4.6,3.1,0.0,2.0,3.3,5.0,1.4,2.4,1.0,0.3,0.264,0.327,0.5333,0.0938,0.6109,1.829,0.3152,0.2032,0.7004,0.0305,0.7194,0.6636,2.3171,0.4422,0.7261,0.7261,0.7261,0.5441,0.0,0.8651,0.1476,0.6595,2.2163,0.5083,7.0885,0.4365,0,0,0,0,0,0,0,0,0,0,0,0,0,0,0,0,0,0,0,0,0,1620,96,97,549,318,594,562,99,74,0,12,0,12,20,23,85,104,5.8,6.1,13.2,8.4,14.3,13.2,2.4,1.8,0.0,0.8,0.0,0.8,0.5,0.6,2.0,2.5
39,Ohio,OH,39049,Franklin County,39049007112,Census Tract 71.12; Franklin County; Ohio,1.527729938008,7035,782,2573,328,2537,328,713,372,123,89,575,205,450,177,710,239,924,177,1694,233,959,346,378,167,310,165,4579,904,256,141,0,17,15,23,139,140,112,3,10.3,5.2,3.1,2.3,22.7,7.5,9.2,3.6,10.3,3.3,13.1,2.3,24.1,3.0,13.9,4.8,14.9,6.3,4.7,2.4,65.1,10.6,10.0,5.3,0.0,1.3,0.6,0.9,5.5,5.3,1.6,0.2,0.2161,0.3537,0.4962,0.5875,0.8305,2.484,0.5048,0.2413,0.6655,0.4754,0.899,0.9458,3.227,0.8933,0.8855,0.8855,0.8855,0.6905,0.0,0.4632,0.5098,0.727,2.3905,0.5892,8.987,0.7263,0,0,0,0,0,0,0,0,0,0,1,1,0,0,0,0,0,0,0,0,1,4336,261,120,2991,495,560,246,575,309,0,17,0,17,453,335,0,17,10.3,4.7,42.5,6.8,8.0,3.3,8.2,4.4,0.0,0.5,0.0,0.5,6.4,4.4,0.0,0.5
39,Ohio,OH,39049,Franklin County,39049007113,Census Tract 71.13; Franklin County; Ohio,1.015269108672,6045,1257,1969,213,1888,217,2359,1198,245,209,482,180,217,131,509,196,326,118,1979,552,403,158,213,149,175,113,4010,1339,186,74,0,17,131,89,58,52,0,17,39.2,18.1,7.5,6.0,25.5,9.1,6.3,3.7,8.4,3.6,5.4,2.2,32.7,3.9,6.7,2.3,11.3,7.8,3.2,2.0,66.3,17.3,9.5,3.6,0.0,1.8,6.9,4.6,3.1,2.8,0.0,0.3,0.8277,0.7479,0.5994,0.4042,0.7417,3.3209,0.7419,0.0289,0.9562,0.0622,0.8187,0.9049,2.7709,0.7194,0.8893,0.8893,0.8893,0.6816,0.0,0.9695,0.3143,0.0,1.9654,0.4035,8.9465,0.7206,0,0,0,0,0,0,0,1,0,0,1,2,0,0,0,0,1,0,0,1,3,4620,79,55,2810,1274,492,303,413,294,0,17,0,17,295,178,0,17,4.2,2.8,46.5,13.5,8.1,5.3,6.8,5.0,0.0,0.6,0.0,0.6,4.9,3.0,0.0,0.6
39,Ohio,OH,39049,Franklin County,39049007114,Census Tract 71.14; Franklin County; Ohio,1.607293591046,5242,896,2381,294,2253,309,1413,697,136,122,826,301,53,52,471,263,523,227,1309,320,491,236,352,266,110,96,2252,1215,533,217,0,17,19,34,199,147,0,17,27.0,12.5,4.4,3.8,36.7,12.4,1.6,1.5,9.0,4.6,10.0,4.3,25.0,4.1,9.4,4.7,15.7,11.6,2.3,2.0,43.0,22.0,22.4,8.7,0.0,1.5,0.8,1.5,8.8,6.4,0.0,0.3,0.6601,0.5244,0.8489,0.0647,0.7721,2.8702,0.6222,0.124,0.7131,0.1787,0.9133,0.8548,2.7839,0.7248,0.7964,0.7964,0.7964,0.8698,0.0,0.5117,0.6813,0.0,2.0628,0.4416,8.5133,0.6638,0,0,0,0,0,0,0,0,0,1,0,1,0,0,0,0,0,0,0,0,1,14068,62,51,1740,554,64,68,87,94,0,17,0,17,361,199,0,17,2.8,2.3,33.2,10.4,1.2,1.3,1.7,1.8,0.0,0.7,0.0,0.7,6.9,3.5,0.0,0.7
39,Ohio,OH,39049,Franklin County,39049007115,Census Tract 71.15; Franklin County; Ohio,0.679936432856,5743,836,2575,260,2396,269,1560,767,13,20,752,269,275,142,1095,610,866,207,1444,465,783,368,224,164,358,180,3841,1049,674,219,0,17,227,176,205,119,113,10,27.7,13.0,0.4,0.6,31.4,10.7,7.1,3.6,19.4,9.7,15.1,3.2,25.1,6.3,13.9,6.1,9.3,6.8,6.9,3.3,66.9,15.5,26.2,8.1,0.0,1.3,9.5,7.3,8.6,4.8,2.0,0.3,0.6728,0.0289,0.7575,0.4569,0.974,2.8901,0.6273,0.3472,0.7188,0.4754,0.7495,0.974,3.2649,0.9022,0.8919,0.8919,0.8919,0.8952,0.0,0.9876,0.6727,0.7584,3.3139,0.9019,10.3608,0.879,0,0,0,0,1,1,0,0,0,0,1,1,0,0,0,0,1,0,0,1,3,3192,311,159,3241,706,224,163,0,17,7,10,0,17,369,224,0,17,13.0,6.6,56.4,9.6,3.9,3.0,0.0,0.6,0.1,0.2,0.0,0.6,6.4,3.9,0.0,0.6
39,Ohio,OH,39049,Franklin County,39049007120,Census Tract 71.20; Franklin County; Ohio,1.303079578124,5100,517,1919,238,1824,227,161,98,68,49,208,79,227,108,195,106,439,75,1444,203,611,137,94,56,58,91,1403,810,18,27,0,17,12,27,37,31,6,3,3.2,1.9,2.1,1.5,11.4,4.1,6.7,3.1,3.8,2.1,8.6,1.2,28.3,3.1,12.0,2.4,5.2,3.0,1.2,1.9,27.5,15.6,0.9,1.4,0.0,1.8,0.7,1.5,2.0,1.7,0.1,0.1,0.0279,0.2086,0.0803,0.4293,0.3113,1.0574,0.1127,0.0812,0.8646,0.3523,0.4921,0.7403,2.5305,0.5775,0.6826,0.6826,0.6826,0.3181,0.0,0.4873,0.2127,0.3694,1.3875,0.199,5.658,0.2083,0,0,0,0,0,0,0,0,0,0,0,0,0,0,0,0,0,0,0,0,0,2932,113,61,750,508,216,129,12,23,15,23,0,17,278,138,132,153,6.2,3.3,14.7,10.1,4.2,2.5,0.2,0.4,0.3,0.4,0.0,0.7,5.5,2.7,2.6,3.0
39,Ohio,OH,39049,Franklin County,39049007193,Census Tract 71.93; Franklin County; Ohio,1.747025063152,6524,771,2403,254,2352,251,392,236,55,59,393,167,76,82,171,118,1324,219,1670,269,674,239,91,66,33,75,470,1124,231,113,0,17,0,24,109,111,0,17,6.0,3.5,1.8,1.9,16.7,6.9,1.7,1.9,2.6,1.8,20.3,2.7,25.6,2.6,10.3,3.5,3.9,2.8,0.5,1.2,7.2,17.2,9.6,4.6,0.0,1.4,0.0,1.0,4.6,4.6,0.0,0.3,0.0844,0.1654,0.2581,0.0694,0.1812,0.7585,0.0549,0.6804,0.7429,0.2329,0.3638,0.5796,2.5996,0.6203,0.2435,0.2435,0.2435,0.6832,0.0,0.0,0.4419,0.0,1.1251,0.1295,4.7267,0.1159,0,0,0,0,0,0,0,0,0,0,0,0,0,0,0,0,0,0,0,0,0,5478,28,38,200,135,170,184,27,30,0,17,0,17,73,67,0,17,1.2,1.6,3.1,2.1,2.6,2.9,0.4,0.5,0.0,0.5,0.0,0.5,1.1,1.1,0.0,0.5
39,Ohio,OH,39049,Franklin County,39049007198,Census Tract 71.98; Franklin County; Ohio,0.590854593314,3050,548,1209,170,1172,163,258,172,115,109,283,115,69,69,132,57,357,66,830,358,367,109,105,64,14,51,1058,649,182,92,0,12,16,19,13,20,0,12,8.5,5.4,6.5,5.5,24.1,9.2,3.3,3.2,4.3,1.9,11.7,1.8,27.2,8.2,12.0,4.0,9.0,5.3,0.5,1.8,34.7,20.3,15.1,7.3,0.0,2.9,1.4,1.6,1.1,1.8,0.0,0.4,0.1622,0.6917,0.5448,0.176,0.3659,1.9406,0.3457,0.1836,0.824,0.3523,0.7349,0.5796,2.6744,0.666,0.7422,0.7422,0.7422,0.781,0.0,0.6384,0.1194,0.0,1.5388,0.2419,6.896,0.4124,0,0,0,0,0,0,0,0,0,0,0,0,0,0,0,0,0,0,0,0,0,5086,37,46,469,187,45,61,134,130,0,12,0,12,410,374,0,12,3.2,3.9,15.4,5.1,1.5,2.0,4.4,4.2,0.0,1.1,0.0,1.1,13.4,10.5,0.0,1.1
39,Ohio,OH,39049,Franklin County,39049007199,Census Tract 71.99; Franklin County; Ohio,1.36066784973,7463,1657,3160,621,2975,602,1222,756,427,336,610,304,152,160,844,577,604,164,2000,657,671,331,385,429,157,179,4184,1719,597,440,0,17,76,113,50,46,1,2,16.4,9.5,9.5,5.7,20.5,9.3,3.2,3.3,11.3,6.8,8.1,2.7,26.8,4.9,9.0,3.2,12.9,14.2,2.2,2.5,56.1,19.4,18.9,13.4,0.0,1.1,2.6,3.8,1.7,1.6,0.0,0.0,0.4046,0.8317,0.4171,0.1671,0.8686,2.6891,0.5689,0.0704,0.805,0.1593,0.8597,0.8491,2.7435,0.7041,0.8491,0.8491,0.8491,0.8295,0.0,0.8029,0.1848,0.0,1.8172,0.3432,8.0989,0.5994,0,0,0,0,0,0,0,0,0,0,0,0,0,0,0,0,0,0,0,0,0,3910,64,72,3561,1643,101,190,445,441,0,17,0,17,66,69,11,21,2.2,2.6,47.7,12.8,1.4,2.6,6.0,6.0,0.0,0.5,0.0,0.5,0.9,0.9,0.1,0.3
39,Ohio,OH,39049,Franklin County,39049007202,Census Tract 72.02; Franklin County; Ohio,1.468470230844,3601,474,1709,154,1588,159,777,366,161,78,550,153,144,95,283,163,309,108,734,297,310,103,78,46,45,56,2113,591,456,185,8,13,59,50,79,61,0,12,21.7,9.8,6.6,3.3,34.6,9.0,6.0,3.8,7.9,4.3,8.6,3.3,20.4,6.9,8.6,2.8,4.9,2.9,1.3,1.6,58.7,14.5,26.6,10.6,0.5,0.8,3.7,3.1,5.0,3.9,0.0,0.3,0.5497,0.6965,0.8171,0.3811,0.709,3.1534,0.7025,0.0812,0.4134,0.1415,0.4644,0.7565,1.857,0.2044,0.857,0.857,0.857,0.8968,0.5717,0.8841,0.4702,0.0,2.8228,0.7676,8.6902,0.6883,0,0,0,0,0,0,0,0,0,0,0,0,0,0,0,0,0,0,0,0,0,1454,164,127,1548,353,77,63,252,201,0,12,0,12,209,103,27,32,10.3,7.4,43.0,7.8,2.1,1.7,7.0,5.4,0.0,1.0,0.0,1.0,5.8,2.9,0.7,0.9
39,Ohio,OH,39049,Franklin County,39049007205,Census Tract 72.05; Franklin County; Ohio,2.08006467919,6256,537,3863,414,3659,422,314,142,26,31,517,173,111,97,392,171,956,423,487,103,446,219,97,43,0,68,1671,747,733,230,0,17,12,26,41,41,0,17,5.0,2.2,0.5,0.6,14.1,4.4,2.2,1.9,6.3,2.8,15.3,6.2,7.8,1.7,7.1,3.4,2.7,1.1,0.0,1.1,26.7,11.7,19.0,5.6,0.0,0.9,0.3,0.7,1.1,1.1,0.0,0.3,0.0644,0.033,0.1581,0.1021,0.5763,0.9339,0.0867,0.3576,0.0317,0.0758,0.2298,0.0,0.6949,0.0102,0.6734,0.6734,0.6734,0.8321,0.0,0.4041,0.1194,0.0,1.3556,0.1914,3.6578,0.0359,0,0,0,0,0,0,0,0,0,0,0,0,0,0,0,0,0,0,0,0,0,9265,42,40,772,226,133,116,263,153,0,17,0,17,460,407,43,67,1.1,1.1,12.3,3.8,2.1,1.8,4.2,2.5,0.0,0.6,0.0,0.6,7.4,6.2,0.7,1.1
39,Ohio,OH,39049,Franklin County,39049007209,Census Tract 72.09; Franklin County; Ohio,2.206707679598,9182,1385,4640,346,4312,426,356,197,113,89,910,294,275,172,427,239,1176,240,2051,736,612,190,181,145,331,187,2940,1813,1007,290,16,26,48,79,100,92,55,6,3.9,2.1,2.0,1.5,21.1,6.5,4.4,2.6,4.7,2.6,12.8,3.5,22.3,5.3,6.7,2.1,4.2,3.3,4.0,2.2,32.0,19.1,21.7,6.0,0.3,0.6,1.1,1.8,2.3,2.2,0.6,0.1,0.0419,0.194,0.4403,0.2581,0.4135,1.3478,0.1825,0.228,0.539,0.0622,0.394,0.9296,2.1528,0.3505,0.7226,0.7226,0.7226,0.8635,0.5565,0.587,0.2429,0.6059,2.8558,0.7806,7.079,0.4352,0,0,0,0,0,0,0,0,0,0,1,1,0,0,0,0,0,0,0,0,1,5999,264,153,1629,769,198,132,486,195,0,17,0,17,611,250,16,28,6.1,3.5,17.7,7.4,2.2,1.4,5.3,2.2,0.0,0.4,0.0,0.4,6.7,2.9,0.2,0.3
39,Ohio,OH,39049,Franklin County,39049007211,Census Tract 72.11; Franklin County; Ohio,6.584903586558,4470,561,1450,136,1368,139,226,186,67,84,137,79,44,55,151,122,412,110,1469,226,169,99,37,35,0,48,858,796,41,39,0,12,0,16,41,40,0,12,5.1,4.2,3.2,3.9,10.0,5.7,1.6,2.0,3.4,2.7,9.2,2.6,32.9,3.5,3.8,2.3,2.7,2.5,0.0,1.1,19.2,17.6,2.8,2.7,0.0,2.4,0.0,1.2,3.0,2.9,0.0,0.3,0.0657,0.3711,0.0495,0.0647,0.2745,0.8255,0.0689,0.0983,0.9575,0.0079,0.2298,0.0,1.2935,0.0517,0.5777,0.5777,0.5777,0.4622,0.0,0.0,0.3051,0.0,0.7673,0.0689,3.464,0.0295,0,0,0,0,0,0,0,1,0,0,0,1,0,0,0,0,0,0,0,0,1,3068,80,57,90,96,141,138,230,171,0,12,0,12,397,313,0,12,5.8,4.2,2.0,2.2,3.2,3.1,5.1,3.8,0.0,0.8,0.0,0.8,8.9,6.7,0.0,0.8
39,Ohio,OH,39049,Franklin County,39049007212,Census Tract 72.12; Franklin County; Ohio,2.649430765694,5195,479,2051,185,1839,187,232,122,135,83,264,123,156,127,249,226,475,155,1534,169,343,130,41,49,33,78,1518,673,224,102,0,17,30,40,103,86,68,3,4.5,2.3,4.8,2.9,14.4,6.5,4.5,3.4,4.9,4.2,9.1,2.8,29.5,2.3,6.7,2.6,2.2,2.7,0.7,1.6,29.2,12.7,10.9,4.9,0.0,1.7,1.6,2.2,5.6,4.4,1.3,0.1,0.0536,0.5603,0.1679,0.267,0.4376,1.4864,0.2222,0.0954,0.8998,0.0622,0.1762,0.6367,1.8703,0.2095,0.6975,0.6975,0.6975,0.7073,0.0,0.6794,0.5175,0.6934,2.5976,0.6762,6.6518,0.3692,0,0,0,0,0,0,0,0,0,0,0,0,0,0,0,0,0,0,0,0,0,9462,113,97,219,128,523,310,393,166,0,17,0,17,383,199,0,17,6.1,5.1,4.2,2.4,10.1,5.8,7.6,3.1,0.0,0.7,0.0,0.7,7.4,4.0,0.0,0.7
39,Ohio,OH,39049,Franklin County,39049007213,Census Tract 72.13; Franklin County; Ohio,10.187182350584,5939,589,1953,179,1905,179,207,102,35,31,155,71,111,98,158,107,731,167,1977,267,569,254,93,51,97,97,1441,746,0,24,0,17,10,22,38,45,0,17,3.5,1.7,1.1,1.0,8.1,3.6,2.9,2.6,2.7,1.8,12.3,2.8,33.3,2.4,9.6,4.1,4.9,2.6,1.7,1.7,24.3,12.3,0.0,1.2,0.0,1.8,0.5,1.2,2.0,2.4,0.0,0.3,0.0336,0.0803,0.0216,0.1433,0.1888,0.4676,0.0184,0.2074,0.9613,0.1933,0.4644,0.8094,2.6358,0.6454,0.6471,0.6471,0.6471,0.0,0.0,0.4413,0.2127,0.0,0.654,0.0527,4.4045,0.0886,0,0,0,0,0,0,0,1,0,0,0,1,0,0,0,0,0,0,0,0,1,9627,88,57,148,99,426,480,508,196,0,17,0,17,350,194,9,14,4.6,2.9,2.5,1.7,7.2,7.7,8.6,3.4,0.0,0.6,0.0,0.6,5.9,3.3,0.2,0.2
39,Ohio,OH,39049,Franklin County,39049007214,Census Tract 72.14; Franklin County; Ohio,0.837139792666,3591,387,2219,204,2108,191,482,249,100,105,723,241,52,50,80,91,710,224,352,151,600,270,173,141,10,51,1390,506,666,229,0,12,18,37,212,163,0,12,13.4,6.8,4.2,4.3,34.3,11.0,1.8,1.7,2.2,2.5,19.8,5.6,9.8,3.7,16.7,7.6,8.2,6.6,0.3,1.5,38.7,13.5,30.0,9.9,0.0,1.6,0.9,1.8,10.1,7.6,0.0,0.3,0.3164,0.4975,0.8127,0.0758,0.1396,1.842,0.3184,0.6512,0.0422,0.6493,0.6946,0.4968,2.5341,0.5806,0.7714,0.7714,0.7714,0.9194,0.0,0.5384,0.7232,0.0,2.181,0.4933,7.3285,0.4746,0,0,0,0,0,0,0,0,0,0,0,0,0,0,1,0,0,0,0,1,1,1201,47,40,720,313,63,67,386,260,0,12,0,12,139,114,82,106,2.2,1.9,20.1,8.4,1.8,1.9,10.7,6.9,0.0,1.0,0.0,1.0,3.9,3.1,2.3,3.0
39,Ohio,OH,39049,Franklin County,39049007215,Census Tract 72.15; Franklin County; Ohio,2.096264746906,5797,1054,3061,392,2926,394,110,108,96,93,566,288,76,109,111,105,919,179,1043,616,250,116,157,115,117,135,1733,1491,331,124,0,17,8,24,39,42,20,11,1.9,1.8,2.7,2.5,19.3,9.5,1.6,2.4,1.9,1.8,15.9,4.2,18.0,7.7,4.3,2.0,5.3,3.9,2.3,2.6,29.9,25.1,10.8,3.8,0.0,1.1,0.3,0.8,1.3,1.4,0.3,0.2,0.0121,0.2968,0.367,0.0647,0.1104,0.851,0.0717,0.3922,0.2565,0.013,0.5022,0.8548,2.0187,0.2806,0.7064,0.7064,0.7064,0.7057,0.0,0.4041,0.1349,0.4924,1.7371,0.3111,5.3132,0.1714,0,0,0,0,0,0,0,0,0,0,0,0,0,0,0,0,0,0,0,0,0,1479,62,57,1034,418,139,145,459,289,0,17,0,17,101,78,0,17,2.1,2.0,17.8,7.7,2.4,2.5,7.9,5.0,0.0,0.6,0.0,0.6,1.7,1.4,0.0,0.6
39,Ohio,OH,39049,Franklin County,39049007301,Census Tract 73.01; Franklin County; Ohio,1.06371873204,6468,1654,2256,323,2136,336,969,661,205,162,589,217,230,190,574,525,301,149,1721,493,488,242,96,87,404,295,2725,2352,39,43,38,56,0,24,5,9,0,17,15.0,9.5,5.9,5.0,27.6,9.2,6.0,4.6,8.9,7.7,4.7,3.0,26.6,4.3,7.5,4.3,4.5,4.0,7.7,5.3,42.1,34.7,1.7,1.9,1.7,2.5,0.0,1.1,0.2,0.4,0.0,0.3,0.3643,0.6492,0.6689,0.3811,0.7661,2.8296,0.6111,0.0238,0.7984,0.0898,0.4286,0.9781,2.3187,0.4425,0.7901,0.7901,0.7901,0.387,0.6816,0.0,0.0413,0.0,1.1099,0.1267,7.0483,0.4305,0,0,0,0,0,0,0,0,0,0,1,1,0,0,0,0,0,0,0,0,1,2186,27,47,1018,598,877,882,431,327,0,17,0,17,399,316,0,17,1.3,2.2,15.7,10.1,13.6,13.7,6.7,5.5,0.0,0.5,0.0,0.5,6.2,5.3,0.0,0.5
39,Ohio,OH,39049,Franklin County,39049007302,Census Tract 73.02; Franklin County; Ohio,0.850791587182,4397,603,2061,168,2061,168,306,215,46,69,701,219,255,191,67,78,308,77,935,251,341,196,130,90,74,99,1879,795,233,138,0,12,53,62,41,51,0,12,7.0,4.8,1.6,2.4,34.0,10.3,8.0,6.0,1.5,1.8,7.0,1.9,21.3,3.5,7.8,4.0,6.3,4.3,1.8,2.4,42.7,17.1,11.3,6.6,0.0,1.7,2.5,3.0,2.0,2.5,0.0,0.3,0.1181,0.1346,0.8083,0.5133,0.072,1.6463,0.2654,0.0466,0.4743,0.1012,0.5714,0.8183,2.0118,0.2771,0.7949,0.7949,0.7949,0.7159,0.0,0.7902,0.2127,0.0,1.7188,0.3038,6.1718,0.2854,0,0,0,0,0,0,0,0,0,0,0,0,0,0,0,0,0,0,0,0,0,3632,30,40,1141,376,120,114,279,236,7,23,0,12,332,234,0,12,1.5,1.9,25.9,8.7,2.7,2.5,6.3,5.3,0.2,0.5,0.0,0.8,7.6,5.0,0.0,0.8
39,Ohio,OH,39049,Franklin County,39049007303,Census Tract 73.03; Franklin County; Ohio,4.60434163989,6565,714,2575,384,2575,384,1393,862,23,42,343,238,233,226,292,278,1202,303,1536,225,714,318,309,235,283,219,3160,1025,288,205,0,17,0,24,180,181,0,17,21.2,12.9,0.7,1.3,13.3,9.0,5.0,4.8,4.4,4.2,18.3,3.9,23.4,2.2,10.9,4.7,12.0,8.9,4.6,3.5,48.1,14.7,11.2,7.8,0.0,1.3,0.0,0.9,7.0,6.9,0.0,0.3,0.5351,0.0502,0.1337,0.3041,0.3758,1.3989,0.199,0.5549,0.6138,0.2752,0.8384,0.9429,3.2252,0.8924,0.818,0.818,0.818,0.7133,0.0,0.0,0.5994,0.0,1.3127,0.1778,6.7548,0.3863,0,0,0,0,0,0,0,0,0,0,1,1,0,0,0,0,0,0,0,0,1,6016,71,101,1821,707,176,233,832,447,0,17,0,17,331,221,0,17,2.8,4.0,27.7,10.3,2.7,3.5,12.7,6.9,0.0,0.5,0.0,0.5,5.0,3.3,0.0,0.5
39,Ohio,OH,39049,Franklin County,39049007305,Census Tract 73.05; Franklin County; Ohio,1.280971763706,5098,802,2486,352,2391,368,428,257,58,54,698,352,74,52,170,158,1265,393,1058,481,1022,388,130,99,23,69,1116,1134,460,143,0,17,0,24,168,91,10,6,8.4,4.9,2.2,2.1,29.2,14.0,2.0,1.4,3.3,3.2,24.8,7.8,20.8,7.8,20.1,6.5,5.5,4.1,0.5,1.4,21.9,22.0,18.5,5.1,0.0,1.4,0.0,1.0,7.0,4.0,0.2,0.1,0.1568,0.2238,0.7079,0.0881,0.2634,1.44,0.2092,0.858,0.4369,0.8105,0.5171,0.5796,3.2021,0.8867,0.616,0.616,0.616,0.826,0.0,0.0,0.5994,0.4356,1.861,0.3597,7.1191,0.4413,0,0,0,0,0,0,0,0,0,0,0,0,0,0,0,0,0,0,0,0,0,4072,122,68,621,365,122,153,221,253,0,17,0,17,138,127,14,25,5.1,2.9,12.2,7.0,2.4,3.0,4.3,5.0,0.0,0.7,0.0,0.7,2.7,2.6,0.3,0.5
39,Ohio,OH,39049,Franklin County,39049007306,Census Tract 73.06; Franklin County; Ohio,2.528202459734,4455,385,1568,128,1568,128,29,34,11,17,130,77,37,40,74,53,773,193,1118,164,195,90,16,29,27,64,941,508,0,16,0,12,0,16,21,32,0,12,0.7,0.8,0.5,0.8,8.3,4.9,1.2,1.2,1.7,1.2,17.4,4.2,25.1,3.0,4.4,2.0,1.0,1.8,0.7,1.6,21.1,11.3,0.0,1.0,0.0,2.2,0.0,1.0,1.3,2.0,0.0,0.3,0.0025,0.033,0.0251,0.0425,0.092,0.1951,0.0032,0.4908,0.7188,0.0152,0.0759,0.6367,1.9374,0.2387,0.6046,0.6046,0.6046,0.0,0.0,0.0,0.1349,0.0,0.1349,0.0152,2.872,0.0092,0,0,0,0,0,0,0,0,0,0,0,0,0,0,0,0,0,0,0,0,0,1481,8,13,444,216,126,132,266,190,0,12,0,12,100,87,5,10,0.5,0.8,10.0,4.5,2.8,2.9,6.0,4.3,0.0,0.8,0.0,0.8,2.2,1.9,0.1,0.2
39,Ohio,OH,39049,Franklin County,39049007394,Census Tract 73.94; Franklin County; Ohio,6.794169712252,3571,453,1350,168,1316,166,95,67,37,35,195,91,47,30,111,78,628,176,936,151,257,100,10,20,0,48,725,614,0,16,0,12,16,26,48,38,0,12,2.7,1.8,2.1,1.9,14.8,6.7,1.9,1.2,3.1,2.2,17.6,4.5,26.2,2.2,7.2,3.0,0.8,1.5,0.0,1.5,20.3,17.0,0.0,1.2,0.0,2.6,1.2,2.0,3.6,3.0,0.0,0.3,0.0206,0.2086,0.1829,0.0808,0.2371,0.73,0.0511,0.5044,0.779,0.0774,0.0625,0.0,1.4233,0.0727,0.5942,0.5942,0.5942,0.0,0.0,0.6038,0.3638,0.0,0.9676,0.1013,3.7151,0.0397,0,0,0,0,0,0,0,0,0,0,0,0,0,0,0,0,0,0,0,0,0,2400,37,31,340,233,99,77,104,84,0,12,0,12,174,113,8,13,2.8,2.3,9.5,6.2,2.8,2.2,2.9,2.3,0.0,1.0,0.0,1.0,4.9,3.0,0.2,0.4
39,Ohio,OH,39049,Franklin County,39049007397,Census Tract 73.97; Franklin County; Ohio,1.272190259818,3768,453,1406,74,1406,74,660,405,29,44,151,110,62,77,339,222,195,30,1186,337,122,93,131,120,45,89,1797,829,369,138,0,12,104,89,9,17,0,12,17.5,10.5,1.3,2.0,10.7,7.8,2.7,3.5,9.0,6.1,5.2,1.0,31.5,6.7,3.2,2.6,9.3,8.5,1.3,2.6,47.7,21.2,26.2,9.7,0.0,2.5,7.4,6.3,0.6,1.2,0.0,0.3,0.4402,0.1013,0.0619,0.1325,0.7721,1.508,0.2283,0.0263,0.9432,0.0029,0.7495,0.7565,2.4784,0.5435,0.8164,0.8164,0.8164,0.8952,0.0,0.9733,0.0616,0.0,1.9301,0.3889,6.7329,0.3838,0,0,0,0,0,0,0,1,0,0,0,1,0,0,0,0,1,0,0,1,2,6213,9,16,814,441,309,326,475,283,0,12,0,12,199,169,0,12,0.6,1.1,21.6,11.1,8.2,8.8,12.6,7.8,0.0,0.9,0.0,0.9,5.3,4.7,0.0,0.9
39,Ohio,OH,39049,Franklin County,39049007398,Census Tract 73.98; Franklin County; Ohio,2.096694478432,9132,1555,2793,341,2746,344,1748,797,200,111,665,306,979,536,176,148,886,438,2893,821,489,238,110,106,705,481,5565,1685,10,23,0,17,96,47,10,16,0,17,19.1,8.1,4.1,2.1,24.2,10.7,17.2,7.6,1.9,1.6,9.7,4.4,31.7,5.2,5.4,2.7,4.0,3.8,8.6,5.7,60.9,15.3,0.4,0.8,0.0,1.2,3.5,1.7,0.4,0.6,0.0,0.2,0.4859,0.4867,0.5486,0.8643,0.1104,2.4959,0.5079,0.1138,0.9461,0.0343,0.3743,0.9845,2.453,0.5298,0.8659,0.8659,0.8659,0.2743,0.0,0.8771,0.0476,0.0,1.199,0.1467,7.0138,0.4263,0,0,0,0,0,0,0,1,0,0,1,2,0,0,0,0,0,0,0,0,2,3950,10,16,3094,1403,208,217,1492,752,9,16,0,17,762,528,0,17,0.4,0.6,33.9,11.3,2.3,2.4,16.3,7.8,0.1,0.2,0.0,0.4,8.3,5.8,0.0,0.4
39,Ohio,OH,39049,Franklin County,39049007424,Census Tract 74.24; Franklin County; Ohio,1.687662266754,6547,729,2385,181,2294,198,866,498,50,52,406,174,297,133,168,97,879,243,2048,473,586,216,318,158,54,92,2678,1054,115,64,0,17,86,83,111,80,91,2,13.4,7.6,1.5,1.5,17.7,7.4,7.1,3.2,2.6,1.5,13.4,3.8,31.3,4.8,9.1,3.7,13.9,6.8,0.9,1.5,40.9,15.4,4.8,2.7,0.0,1.5,3.7,3.6,4.8,3.4,1.4,0.2,0.3164,0.1251,0.3006,0.4569,0.1812,1.3802,0.1927,0.2568,0.942,0.1644,0.879,0.6855,2.9277,0.7889,0.7866,0.7866,0.7866,0.5511,0.0,0.8841,0.4568,0.7029,2.5949,0.6746,7.6894,0.5311,0,0,0,0,0,0,0,1,0,0,0,1,0,0,0,0,0,0,0,0,1,3433,170,96,1089,534,267,266,380,468,0,17,0,17,524,367,418,474,7.4,4.2,16.6,7.9,4.1,4.1,5.8,7.3,0.0,0.5,0.0,0.5,8.0,5.6,6.4,7.2
39,Ohio,OH,39049,Franklin County,39049007425,Census Tract 74.25; Franklin County; Ohio,0.963017925012,2523,339,1166,183,1155,185,307,133,56,33,216,87,81,86,96,76,475,168,534,159,346,186,30,36,0,48,452,485,119,53,0,12,0,16,12,19,49,2,12.4,5.1,3.9,2.3,18.7,6.9,4.3,4.2,3.9,3.0,18.8,5.8,21.2,4.9,14.0,6.5,2.6,3.1,0.0,2.0,17.9,19.1,10.2,4.3,0.0,3.0,0.0,1.4,1.0,1.6,1.9,0.3,0.2818,0.4644,0.339,0.2508,0.3224,1.6584,0.2689,0.5888,0.4654,0.4811,0.2187,0.0,1.754,0.1616,0.5558,0.5558,0.5558,0.6959,0.0,0.0,0.1067,0.7524,1.555,0.2486,5.5232,0.1917,0,0,0,0,0,0,0,0,0,0,0,0,0,0,0,0,0,0,0,0,0,5234,24,27,252,164,64,44,11,17,0,12,0,12,97,90,28,44,2.1,2.3,10.0,6.1,2.5,1.7,0.4,0.7,0.0,1.4,0.0,1.4,3.8,3.6,1.1,1.8
39,Ohio,OH,39049,Franklin County,39049007426,Census Tract 74.26; Franklin County; Ohio,1.054650354366,3752,576,1662,194,1579,187,412,158,10,17,279,89,50,47,163,103,515,80,738,126,201,75,182,75,0,48,472,822,362,140,0,12,0,16,101,87,0,12,11.0,3.9,0.4,0.7,17.7,5.2,1.9,1.7,4.3,2.7,13.7,2.6,19.7,3.1,5.4,2.1,11.5,4.6,0.0,1.3,12.6,21.8,21.7,8.0,0.0,2.1,0.0,1.0,6.4,5.1,0.0,0.3,0.2415,0.0289,0.3006,0.0808,0.3659,1.0177,0.1029,0.2752,0.3653,0.0343,0.8248,0.0,1.4996,0.0911,0.4337,0.4337,0.4337,0.8635,0.0,0.0,0.5641,0.0,1.4276,0.2079,4.3786,0.086,0,0,0,0,0,0,0,0,0,0,0,0,0,0,0,0,0,0,0,0,0,3928,28,27,158,113,94,76,10,14,6,10,0,12,204,130,0,12,1.8,1.7,4.2,3.1,2.5,2.0,0.3,0.4,0.2,0.3,0.0,0.9,5.4,3.5,0.0,0.9
39,Ohio,OH,39049,Franklin County,39049007427,Census Tract 74.27; Franklin County; Ohio,2.776236315044,5794,710,2562,216,2397,239,369,281,211,202,562,182,29,30,326,238,783,134,1386,169,520,237,166,82,38,89,1837,916,342,151,0,17,47,31,108,92,0,17,6.4,4.8,6.3,5.3,23.4,7.2,0.8,0.8,5.6,3.7,13.5,2.3,23.9,2.8,9.0,3.5,6.9,3.4,0.7,1.6,31.7,15.3,13.3,5.8,0.0,1.4,2.0,1.3,4.5,3.7,0.0,0.3,0.0984,0.6781,0.52,0.0241,0.5075,1.8281,0.3149,0.2616,0.6516,0.1593,0.613,0.6367,2.3222,0.4451,0.72,0.72,0.72,0.753,0.0,0.7346,0.4365,0.0,1.9241,0.3876,6.7944,0.393,0,0,0,0,0,0,0,0,0,0,0,0,0,0,0,0,0,0,0,0,0,12672,81,76,1152,316,145,129,99,120,0,17,22,35,419,424,0,17,3.4,3.2,19.9,5.2,2.5,2.3,1.7,2.1,0.0,0.6,0.4,0.6,7.2,6.8,0.0,0.6
39,Ohio,OH,39049,Franklin County,39049007492,Census Tract 74.92; Franklin County; Ohio,2.38798681572,5985,690,2516,246,2481,258,355,243,15,24,517,262,146,117,76,71,940,293,1423,361,371,191,156,116,37,85,1640,970,92,76,0,17,0,24,91,76,54,2,6.0,4.0,0.5,0.7,20.8,10.3,3.4,2.8,1.3,1.2,15.7,4.7,23.8,4.8,6.4,3.3,6.3,4.6,0.6,1.5,27.4,15.9,3.6,3.0,0.0,1.4,0.0,1.0,3.7,3.1,0.9,0.1,0.0844,0.033,0.4283,0.1836,0.0593,0.7886,0.0616,0.3814,0.6439,0.0527,0.5714,0.6088,2.2582,0.4092,0.6804,0.6804,0.6804,0.5013,0.0,0.0,0.3727,0.6458,1.5198,0.2365,5.247,0.1641,0,0,0,0,0,0,0,0,0,0,0,0,0,0,0,0,0,0,0,0,0,5560,98,84,651,296,50,59,509,356,0,17,0,17,430,335,0,17,4.0,3.5,10.9,5.0,0.8,1.0,8.5,5.5,0.0,0.6,0.0,0.6,7.2,5.5,0.0,0.6
39,Ohio,OH,39049,Franklin County,39049007494,Census Tract 74.94; Franklin County; Ohio,1.105972962716,4385,391,1543,98,1533,96,804,336,34,28,212,81,162,114,106,61,342,65,1335,208,299,89,209,89,128,88,1640,528,21,27,0,12,6,16,41,48,6,3,18.3,7.5,1.4,1.2,13.8,5.2,5.9,4.1,2.4,1.3,7.8,1.5,30.4,3.4,6.9,1.9,13.6,5.7,3.2,2.2,37.4,11.6,1.4,1.7,0.0,2.2,0.4,1.0,2.7,3.1,0.1,0.1,0.4637,0.1117,0.1489,0.3741,0.1568,1.2552,0.1581,0.0637,0.9242,0.0689,0.8717,0.9049,2.8334,0.7467,0.7597,0.7597,0.7597,0.3663,0.0,0.4206,0.2752,0.3694,1.4315,0.2095,6.2798,0.3032,0,0,0,0,0,0,0,1,0,0,1,2,0,0,0,0,0,0,0,0,2,10218,93,44,951,177,24,27,243,175,0,12,0,12,274,160,148,157,6.1,2.9,21.7,3.8,0.5,0.6,5.5,3.9,0.0,0.8,0.0,0.8,6.2,3.5,3.4,3.6
39,Ohio,OH,39049,Franklin County,39049007511,Census Tract 75.11; Franklin County; Ohio,0.661518981354,1768,245,816,153,794,154,639,190,63,57,447,171,264,159,167,141,349,129,494,130,480,146,139,77,71,105,1613,281,0,16,22,34,18,24,121,63,0,12,36.1,9.5,9.2,8.4,56.3,18.6,24.3,13.0,9.4,7.8,19.7,7.2,27.9,5.3,27.1,8.3,17.5,9.1,4.3,6.4,91.2,9.6,0.0,2.0,2.7,4.2,2.3,3.0,15.2,8.2,0.0,0.7,0.7902,0.8222,0.9879,0.9496,0.7928,4.3427,0.9498,0.6468,0.8503,0.9616,0.9317,0.9353,4.3257,0.9994,0.9639,0.9639,0.9639,0.0,0.7241,0.7698,0.8394,0.0,2.3333,0.5648,11.9656,0.9806,0,0,1,1,0,2,0,0,1,1,1,3,1,1,0,0,0,0,0,0,6,2109,161,74,1449,255,59,107,13,23,0,12,0,12,92,112,0,12,20.3,9.1,82.0,10.9,3.3,6.0,0.7,1.3,0.0,2.0,0.0,2.0,5.2,6.3,0.0,2.0
39,Ohio,OH,39049,Franklin County,39049007512,Census Tract 75.12; Franklin County; Ohio,0.762751064734,4484,1147,1861,356,1734,359,1440,542,181,82,594,173,473,180,326,156,650,144,1071,465,833,228,386,362,128,109,4065,1153,89,64,33,45,47,50,182,92,10,4,32.1,8.9,9.8,4.7,34.3,7.0,16.2,5.6,7.3,3.6,14.5,4.8,23.9,6.1,18.6,6.6,22.3,20.4,3.1,2.5,90.7,11.1,4.8,3.3,1.8,2.5,2.7,2.8,10.5,5.7,0.2,0.1,0.7429,0.8368,0.8127,0.8437,0.6661,3.9022,0.8679,0.3155,0.6516,0.7407,0.9657,0.9014,3.5749,0.9597,0.9613,0.9613,0.9613,0.5511,0.686,0.814,0.7343,0.4356,3.221,0.8835,11.6594,0.9679,0,0,0,0,0,0,0,0,0,1,1,2,1,1,0,0,0,0,0,0,3,1563,217,94,3431,1134,369,364,0,12,0,12,0,12,245,128,20,29,12.5,5.9,76.5,10.2,8.2,7.9,0.0,0.8,0.0,0.8,0.0,0.8,5.5,3.3,0.4,0.7
39,Ohio,OH,39049,Franklin County,39049007520,Census Tract 75.20; Franklin County; Ohio,0.980173209076,2626,445,1380,129,1226,155,1477,466,170,121,679,212,334,160,416,245,254,148,624,286,373,173,300,126,99,126,2176,495,0,16,0,12,0,16,194,76,0,12,56.2,15.0,11.9,8.6,55.4,15.8,20.1,8.5,15.8,9.9,9.7,6.0,23.8,8.8,14.2,6.0,24.4,9.8,4.1,5.2,82.9,12.6,0.0,1.2,0.0,2.5,0.0,1.3,15.8,6.0,0.0,0.5,0.9441,0.8832,0.9854,0.9112,0.9492,4.6731,0.9933,0.1138,0.6439,0.4919,0.9756,0.9325,3.1577,0.8752,0.9423,0.9423,0.9423,0.0,0.0,0.0,0.8508,0.0,0.8508,0.081,9.6239,0.8063,1,0,1,1,1,4,0,0,0,1,1,2,1,1,0,0,0,0,0,0,7,1596,219,136,1657,420,164,193,0,12,0,12,0,12,345,259,10,16,17.9,10.6,63.1,9.4,6.2,7.6,0.0,1.3,0.0,1.3,0.0,1.3,13.1,9.3,0.4,0.6
39,Ohio,OH,39049,Franklin County,39049007531,Census Tract 75.31; Franklin County; Ohio,0.741055993354,2808,366,1326,175,1236,183,1363,368,30,33,434,136,498,189,564,178,296,131,704,198,264,112,123,62,343,123,2184,413,746,184,46,38,93,64,161,86,14,3,48.5,11.5,2.0,2.2,35.1,9.7,27.9,9.8,20.2,7.2,10.5,4.7,25.1,5.4,9.5,3.8,9.9,4.8,13.6,4.6,77.8,10.7,56.3,11.7,3.5,2.9,7.5,5.1,13.0,6.7,0.5,0.1,0.901,0.194,0.8241,0.9737,0.9791,3.8719,0.8632,0.1424,0.7188,0.1872,0.7752,0.9962,2.8198,0.7403,0.9274,0.9274,0.9274,0.98,0.7473,0.974,0.7981,0.5742,4.0736,0.993,11.6927,0.9695,1,0,0,1,1,3,0,0,0,0,1,1,1,1,1,0,1,0,0,2,7,2178,231,134,1782,379,274,207,51,53,0,12,0,12,77,94,0,12,18.7,9.8,63.5,9.5,9.8,7.4,1.8,1.9,0.0,1.2,0.0,1.2,2.7,3.3,0.0,1.2
39,Ohio,OH,39049,Franklin County,39049007532,Census Tract 75.32; Franklin County; Ohio,0.325544604014,3180,438,1225,185,1190,180,1522,407,60,47,641,206,337,179,458,182,136,37,1082,242,224,82,165,106,331,143,2979,457,316,180,0,12,109,45,72,38,0,12,47.9,11.0,4.1,3.3,53.9,15.3,18.0,8.5,14.4,5.3,4.3,1.3,34.0,4.8,7.1,2.8,13.9,8.7,12.7,5.1,93.7,6.3,25.8,14.2,0.0,2.8,9.2,3.5,6.1,3.3,0.0,0.4,0.895,0.4867,0.9829,0.8798,0.9346,4.179,0.9235,0.0222,0.9673,0.0758,0.879,0.9952,2.9395,0.7968,0.9734,0.9734,0.9734,0.8917,0.0,0.9867,0.5479,0.0,2.4263,0.6044,10.5182,0.8962,0,0,1,0,1,2,0,1,0,0,1,2,1,1,0,0,1,0,0,1,6,1307,126,60,2773,465,150,109,33,37,0,12,0,12,23,26,0,12,10.6,5.6,87.2,5.9,4.7,3.5,1.0,1.2,0.0,1.1,0.0,1.1,0.7,0.8,0.0,1.1
39,Ohio,OH,39049,Franklin County,39049007533,Census Tract 75.33; Franklin County; Ohio,0.816220400204,1840,330,766,114,712,112,837,329,89,55,309,141,250,187,495,211,196,42,482,120,330,273,76,48,96,69,1559,381,30,27,71,45,36,29,49,32,0,12,45.8,16.0,10.9,6.4,43.4,18.6,20.5,11.1,26.9,8.3,10.7,2.9,26.2,6.6,17.9,12.3,10.7,6.5,5.6,3.9,84.7,14.1,3.9,3.5,9.3,5.5,5.1,4.0,6.9,4.4,0.0,0.7,0.8816,0.8619,0.9295,0.9169,0.9917,4.5816,0.9841,0.1503,0.779,0.708,0.8006,0.9607,3.3986,0.9295,0.9474,0.9474,0.9474,0.5133,0.8683,0.9413,0.5924,0.0,2.9153,0.8006,11.8429,0.9762,0,0,1,1,1,3,0,0,0,0,1,1,1,1,0,0,1,0,0,1,6,1180,86,49,1001,215,399,156,92,91,0,12,0,12,42,46,25,37,12.1,7.4,54.4,9.3,21.7,7.9,5.0,5.2,0.0,1.9,0.0,1.9,2.3,2.5,1.4,2.0
39,Ohio,OH,39049,Franklin County,39049007534,Census Tract 75.34; Franklin County; Ohio,0.889684799948,3681,642,1507,251,1401,242,1395,563,201,128,655,254,885,330,776,416,380,84,904,270,421,194,80,61,591,201,3184,668,213,145,37,36,30,35,186,102,12,2,38.1,13.9,12.1,7.1,46.8,16.2,37.3,13.6,21.1,9.9,10.3,2.6,24.6,5.8,11.4,5.3,5.7,4.2,16.6,4.8,86.5,10.1,14.1,9.3,2.5,2.4,2.2,2.5,13.3,7.3,0.3,0.0,0.8147,0.8854,0.9527,0.9927,0.9829,4.6284,0.9892,0.1325,0.6877,0.3088,0.5317,0.999,2.6597,0.6587,0.9518,0.9518,0.9518,0.7663,0.7175,0.7575,0.8063,0.4924,3.54,0.9438,11.7799,0.9733,0,0,1,1,1,3,0,0,0,0,1,1,1,1,0,0,0,0,0,0,5,2971,266,222,2684,617,278,231,59,69,0,12,0,12,163,137,0,12,19.0,13.7,72.9,8.0,7.6,6.2,1.6,1.9,0.0,0.9,0.0,0.9,4.4,3.8,0.0,0.9
39,Ohio,OH,39049,Franklin County,39049007550,Census Tract 75.50; Franklin County; Ohio,2.346035289012,2781,357,1074,132,988,159,615,272,91,69,395,170,132,74,256,144,573,155,479,124,353,105,10,21,11,50,1810,413,128,88,0,12,6,15,12,19,551,23,27.1,11.5,6.0,4.4,40.0,16.0,7.9,4.8,9.5,5.4,20.6,5.5,17.2,3.2,13.1,4.0,1.0,2.1,0.4,1.9,65.1,12.3,11.9,8.1,0.0,3.2,0.6,1.5,1.2,2.0,19.8,2.7,0.663,0.6559,0.8949,0.5076,0.7982,3.5196,0.7844,0.6969,0.2153,0.4199,0.0759,0.5412,1.9492,0.2473,0.8855,0.8855,0.8855,0.7289,0.0,0.4632,0.1276,0.975,2.2947,0.5457,8.649,0.6816,0,0,0,0,0,0,0,0,0,0,0,0,0,0,0,0,0,0,1,1,1,12656,35,42,1587,409,114,97,47,55,0,12,0,12,62,61,0,12,3.5,4.3,57.1,10.0,4.1,3.4,1.7,2.0,0.0,1.2,0.0,1.2,2.2,2.2,0.0,1.2
39,Ohio,OH,39049,Franklin County,39049007552,Census Tract 75.52; Franklin County; Ohio,0.580177328606,4665,911,1274,139,1274,139,1661,732,106,73,486,177,441,224,503,281,577,186,1900,618,533,190,359,167,493,200,4369,936,159,127,0,12,108,129,75,75,0,12,35.8,14.2,6.2,4.5,38.1,13.3,18.4,9.4,10.8,5.8,12.4,4.9,40.7,7.3,11.4,4.3,28.1,12.7,11.5,4.1,93.7,8.2,12.5,9.9,0.0,2.7,8.5,10.1,5.9,5.9,0.0,0.3,0.7871,0.6698,0.8708,0.8868,0.8502,4.0647,0.9013,0.2118,0.9927,0.3088,0.987,0.9924,3.4927,0.9479,0.9734,0.9734,0.9734,0.7387,0.0,0.9835,0.5349,0.0,2.2571,0.5305,10.7879,0.9156,0,0,0,0,0,0,0,1,0,1,1,3,1,1,0,0,1,0,0,1,5,2024,137,95,3526,924,107,169,333,252,0,12,6,15,397,305,0,12,10.8,7.5,75.6,8.0,2.3,3.7,7.1,5.3,0.0,0.7,0.1,0.3,8.5,7.1,0.0,0.7
39,Ohio,OH,39049,Franklin County,39049007553,Census Tract 75.53; Franklin County; Ohio,0.519414526356,6778,1793,2469,209,2332,237,3335,1854,21,34,915,317,546,292,507,257,391,139,2435,1295,529,203,294,161,91,110,5908,1827,801,292,0,17,408,247,217,133,0,17,49.2,24.1,0.6,1.0,39.2,13.0,13.8,6.2,7.5,4.2,5.8,2.6,35.9,10.7,7.8,3.9,12.6,6.8,1.5,1.8,87.2,13.9,32.5,11.5,0.0,1.4,17.5,10.4,9.3,5.9,0.0,0.3,0.9048,0.0422,0.887,0.7834,0.6798,3.2972,0.7371,0.0327,0.9819,0.1012,0.8511,0.7854,2.7523,0.7076,0.9528,0.9528,0.9528,0.9289,0.0,0.999,0.6968,0.0,2.6247,0.6892,9.627,0.807,1,0,0,0,0,1,0,1,0,0,0,1,1,1,1,0,1,0,0,2,5,2018,114,99,4822,1757,318,349,578,402,0,17,0,17,141,114,49,83,4.9,4.4,71.1,10.4,4.7,5.1,8.5,6.2,0.0,0.5,0.0,0.5,2.1,1.8,0.7,1.3
39,Ohio,OH,39049,Franklin County,39049007710,Census Tract 77.10; Franklin County; Ohio,0.785870466392,4196,800,1917,209,1704,226,1671,659,255,160,725,238,506,197,639,262,685,234,947,290,770,201,209,102,195,127,2257,1031,179,109,0,12,47,41,176,88,7,8,40.1,13.8,12.3,7.6,42.5,12.8,17.0,5.1,15.2,4.5,16.3,4.4,22.6,4.1,18.4,5.1,12.2,5.8,4.9,3.0,53.8,22.3,9.3,5.6,0.0,1.8,2.8,2.4,10.3,4.8,0.2,0.2,0.8385,0.8905,0.9232,0.8605,0.9432,4.4559,0.9673,0.4195,0.5609,0.7318,0.8432,0.9493,3.5047,0.9498,0.8424,0.8424,0.8424,0.6784,0.0,0.826,0.7289,0.4356,2.6689,0.7063,11.4719,0.9587,0,0,1,0,1,2,0,0,0,0,1,1,0,0,0,0,0,0,0,0,3,3128,139,85,1504,422,329,208,237,232,0,12,0,12,114,100,73,76,8.2,5.0,35.8,8.1,7.8,5.1,5.6,5.6,0.0,0.8,0.0,0.8,2.7,2.4,1.7,1.9
39,Ohio,OH,39049,Franklin County,39049007721,Census Tract 77.21; Franklin County; Ohio,0.82999960838,5554,1119,2534,213,2070,266,3061,1139,346,240,972,323,1130,395,973,495,321,140,1676,704,531,204,263,165,628,340,4386,1169,870,310,26,40,210,181,452,204,9,5,55.1,17.3,12.8,8.8,47.0,14.4,33.7,8.5,17.5,8.9,5.8,2.7,30.2,8.4,9.6,4.5,12.7,7.8,12.5,6.4,79.0,13.8,34.3,11.9,1.0,1.6,10.2,8.6,21.8,9.2,0.2,0.1,0.9362,0.9025,0.9549,0.9886,0.9651,4.7473,0.9965,0.0327,0.9188,0.1933,0.8559,0.9946,2.9953,0.8203,0.9306,0.9306,0.9306,0.9359,0.6295,0.9921,0.9162,0.4356,3.9093,0.9857,12.5825,0.9965,1,1,1,1,1,5,0,1,0,0,1,2,1,1,1,0,1,1,0,3,11,6399,473,264,3036,930,1080,690,0,17,2,3,0,17,268,210,0,17,22.9,11.3,54.7,12.3,19.4,11.8,0.0,0.6,0.0,0.1,0.0,0.6,4.8,3.5,0.0,0.6
39,Ohio,OH,39049,Franklin County,39049007722,Census Tract 77.22; Franklin County; Ohio,0.6920611939619999,4262,868,1730,267,1618,249,1488,664,159,182,545,172,447,177,424,232,540,245,1415,607,597,168,232,131,201,135,2168,1094,248,137,0,12,139,99,109,73,5,7,35.0,13.9,7.6,7.5,33.7,9.3,17.2,7.4,9.9,5.0,12.7,5.3,33.2,10.5,14.0,4.7,14.3,7.8,5.1,3.3,50.9,23.5,14.3,7.6,0.0,2.0,8.6,6.0,6.7,4.5,0.1,0.2,0.7807,0.7527,0.8041,0.8643,0.8169,4.0187,0.8914,0.2257,0.9597,0.4811,0.8892,0.954,3.5097,0.9521,0.8297,0.8297,0.8297,0.7705,0.0,0.9844,0.5816,0.3694,2.7059,0.7225,11.064,0.9346,0,0,0,0,0,0,0,1,0,0,1,2,0,0,0,0,1,0,0,1,3,1778,282,146,1308,658,379,252,398,370,8,14,0,12,66,52,9,17,17.4,8.4,30.7,13.7,8.9,6.5,9.3,8.0,0.2,0.3,0.0,0.8,1.5,1.2,0.2,0.4
39,Ohio,OH,39049,Franklin County,39049007730,Census Tract 77.30; Franklin County; Ohio,0.559396932864,3307,514,1416,223,1353,225,900,396,80,55,313,171,278,171,284,176,497,132,791,204,361,185,145,140,123,91,1773,626,0,16,0,12,55,51,138,84,3,3,27.3,11.3,4.3,3.1,23.1,12.0,11.5,6.3,8.6,5.1,15.0,4.8,23.9,3.9,10.9,4.8,10.7,10.2,4.0,2.9,53.6,17.0,0.0,1.1,0.0,2.4,4.1,3.7,10.2,6.7,0.1,0.1,0.6668,0.5117,0.5111,0.7036,0.7521,3.1453,0.7003,0.3431,0.6516,0.2752,0.8006,0.9296,3.0001,0.8241,0.8418,0.8418,0.8418,0.0,0.0,0.9006,0.726,0.3694,1.996,0.4133,8.9832,0.7257,0,0,0,0,0,0,0,0,0,0,1,1,0,0,0,0,1,0,0,1,2,1786,128,78,1111,292,399,356,156,98,26,36,0,12,81,91,0,12,9.5,5.9,33.6,8.6,12.1,10.0,4.7,3.0,0.8,1.1,0.0,1.1,2.4,2.7,0.0,1.1
39,Ohio,OH,39049,Franklin County,39049007740,Census Tract 77.40; Franklin County; Ohio,0.681731421054,1654,162,913,90,868,97,323,121,25,38,129,40,162,82,75,58,506,73,209,71,390,101,0,16,6,47,311,247,301,70,0,12,0,16,92,57,31,10,19.5,7.1,3.2,4.7,14.9,4.3,11.6,5.2,4.6,3.4,30.6,4.5,12.6,3.7,23.7,5.2,0.0,1.8,0.4,3.0,18.8,14.8,32.9,6.9,0.0,3.8,0.0,1.8,10.6,6.0,1.9,0.6,0.4948,0.3711,0.1857,0.707,0.3996,2.1582,0.413,0.9654,0.0717,0.9086,0.0,0.5412,2.4869,0.5498,0.5726,0.5726,0.5726,0.9314,0.0,0.0,0.74,0.7524,2.4238,0.6038,7.6415,0.5232,0,0,0,0,0,0,1,0,1,0,0,2,0,0,1,0,0,0,0,1,3,1138,143,62,232,101,22,23,8,10,16,36,0,12,29,21,4,6,16.5,6.2,14.0,6.0,1.3,1.4,0.5,0.6,1.0,2.2,0.0,2.1,1.8,1.3,0.2,0.4
39,Ohio,OH,39049,Franklin County,39049007811,Census Tract 78.11; Franklin County; Ohio,0.847039834048,4088,809,2022,243,1948,251,828,733,47,39,529,248,9,15,187,115,645,250,801,476,373,123,39,39,18,55,767,1150,267,88,0,12,0,16,84,62,11,6,20.3,17.5,2.2,1.8,27.2,12.2,0.3,0.5,4.6,2.9,15.8,6.5,19.6,8.5,9.1,3.7,2.0,2.0,0.5,1.5,18.8,27.9,13.2,4.1,0.0,1.7,0.0,0.8,4.3,3.3,0.3,0.1,0.5129,0.2238,0.6575,0.0114,0.3996,1.8052,0.3083,0.3865,0.3602,0.1644,0.159,0.5796,1.6497,0.1254,0.5726,0.5726,0.5726,0.7514,0.0,0.0,0.4184,0.4924,1.6622,0.2787,5.6897,0.2149,0,0,0,0,0,0,0,0,0,0,0,0,0,0,0,0,0,0,0,0,0,2985,161,83,208,149,166,167,212,133,0,12,0,12,172,103,9,15,8.3,4.4,5.1,3.7,4.1,4.0,5.2,3.4,0.0,0.9,0.0,0.9,4.2,2.8,0.2,0.4
39,Ohio,OH,39049,Franklin County,39049007812,Census Tract 78.12; Franklin County; Ohio,1.60588702146,4727,842,2460,271,2042,315,1173,496,77,57,585,210,48,55,389,238,847,151,694,425,470,175,85,101,0,48,1321,1083,934,189,0,12,8,21,165,93,247,4,26.2,9.9,2.8,2.2,28.6,9.3,1.5,1.8,8.7,4.9,17.9,3.8,14.7,7.3,10.5,3.8,4.2,4.9,0.0,1.1,27.9,22.4,38.0,6.4,0.0,1.4,0.4,1.0,8.1,4.3,5.2,0.9,0.6455,0.3133,0.6956,0.058,0.7566,2.469,0.4984,0.5231,0.1195,0.2453,0.394,0.0,1.2819,0.0505,0.6871,0.6871,0.6871,0.9486,0.0,0.4206,0.6505,0.9109,2.9306,0.8041,7.3686,0.4797,0,0,0,0,0,0,0,0,0,0,0,0,0,0,1,0,0,0,1,2,2,15892,105,97,663,456,75,62,410,179,29,47,0,12,144,130,0,12,5.1,4.5,14.0,8.7,1.6,1.3,8.7,4.3,0.6,1.0,0.0,0.7,3.0,2.7,0.0,0.7
39,Ohio,OH,39049,Franklin County,39049007820,Census Tract 78.20; Franklin County; Ohio,0.777540315742,3788,479,2033,213,1773,231,1984,401,44,40,757,202,177,169,388,232,80,22,550,181,208,148,133,59,227,116,2025,639,1000,233,0,12,96,73,460,189,0,12,52.4,8.3,1.8,1.6,42.7,9.9,9.0,7.4,10.2,5.9,2.1,0.6,14.5,4.2,5.5,3.9,7.5,3.2,6.4,3.2,53.5,15.5,49.2,10.2,0.0,1.7,5.5,4.1,25.9,9.8,0.0,0.3,0.9213,0.1654,0.9241,0.5755,0.8258,3.4121,0.7594,0.0101,0.1148,0.0352,0.6546,0.9696,1.7843,0.174,0.8415,0.8415,0.8415,0.9711,0.0,0.9502,0.9419,0.0,2.8632,0.7848,8.9011,0.714,1,0,1,0,0,2,0,0,0,0,1,1,0,0,1,0,1,1,0,3,6,4834,99,70,274,192,265,209,1319,345,0,12,0,12,167,198,0,12,5.6,4.0,7.2,4.9,7.0,5.4,34.8,8.8,0.0,0.9,0.0,0.9,4.4,5.0,0.0,0.9
39,Ohio,OH,39049,Franklin County,39049007830,Census Tract 78.30; Franklin County; Ohio,0.433277100666,2880,432,2191,214,1968,254,805,268,52,48,965,289,29,33,159,125,133,48,57,13,118,67,16,23,4,47,1015,587,1304,254,0,12,0,16,87,77,5,6,28.0,8.3,2.3,2.1,49.0,13.3,1.5,1.7,5.5,4.4,4.6,1.8,2.0,0.5,4.1,2.4,0.8,1.2,0.1,1.6,35.2,19.7,59.5,10.0,0.0,1.6,0.0,0.8,4.4,3.8,0.2,0.2,0.6791,0.2384,0.9638,0.058,0.5005,2.4398,0.4908,0.0228,0.0105,0.0095,0.0625,0.4245,0.5298,0.0044,0.7457,0.7457,0.7457,0.9832,0.0,0.0,0.4289,0.4356,1.8477,0.3552,5.563,0.1981,0,0,1,0,0,1,0,0,0,0,0,0,0,0,1,0,0,0,0,1,2,4947,204,128,362,238,256,164,338,158,0,12,0,12,59,48,0,12,10.4,6.3,12.6,8.0,8.9,5.4,11.7,5.7,0.0,1.2,0.0,1.2,2.0,1.7,0.0,1.2
39,Ohio,OH,39049,Franklin County,39049007922,Census Tract 79.22; Franklin County; Ohio,3.055260261282,6752,868,2866,317,2793,321,790,349,102,62,534,161,75,74,420,311,624,123,1469,346,685,269,124,68,169,134,1790,1132,627,185,0,17,40,40,68,68,17,3,11.8,5.0,2.2,1.4,19.1,5.3,1.6,1.6,6.3,4.7,9.2,2.2,21.8,3.5,10.2,3.7,4.4,2.4,2.6,2.1,26.5,16.4,21.8,6.0,0.0,1.2,1.4,1.4,2.4,2.4,0.3,0.0,0.2656,0.2238,0.359,0.0647,0.5763,1.4894,0.2229,0.0983,0.5025,0.2275,0.4184,0.877,2.1237,0.3384,0.6709,0.6709,0.6709,0.8651,0.0,0.6384,0.2514,0.4924,2.2473,0.5222,6.5313,0.3467,0,0,0,0,0,0,0,0,0,0,0,0,0,0,0,0,0,0,0,0,0,15706,38,35,113,87,465,217,703,501,12,14,0,17,497,273,0,17,1.4,1.2,1.7,1.3,6.9,3.2,10.4,6.9,0.2,0.2,0.0,0.5,7.4,4.1,0.0,0.5
39,Ohio,OH,39049,Franklin County,39049007931,Census Tract 79.31; Franklin County; Ohio,1.583233258814,4400,513,1717,192,1690,197,356,169,234,266,201,80,155,85,529,293,513,122,1074,159,575,179,114,62,28,47,607,721,29,44,0,12,12,18,51,53,0,12,8.1,3.7,9.1,9.7,11.9,4.5,4.9,2.7,12.0,5.7,11.7,3.1,24.4,3.5,13.1,4.2,6.8,3.6,0.7,1.1,13.8,16.3,1.7,2.6,0.0,2.0,0.7,1.1,3.0,3.2,0.0,0.3,0.1495,0.8178,0.094,0.2955,0.8873,2.2441,0.4378,0.1836,0.6782,0.4199,0.6051,0.6367,2.5235,0.5721,0.4673,0.4673,0.4673,0.387,0.0,0.4873,0.3051,0.0,1.1794,0.1413,6.4143,0.3295,0,0,0,0,0,0,0,0,0,0,0,0,0,0,0,0,0,0,0,0,0,5694,127,75,186,151,14,16,156,107,6,9,0,12,208,114,37,35,7.5,4.5,4.2,3.5,0.3,0.4,3.5,2.4,0.1,0.2,0.0,0.8,4.7,2.6,0.8,0.8
39,Ohio,OH,39049,Franklin County,39049007941,Census Tract 79.41; Franklin County; Ohio,2.90155846051,2934,267,1385,110,1311,118,422,229,24,23,235,98,167,99,84,88,329,81,620,82,275,91,30,43,33,52,712,420,233,93,0,12,21,27,0,12,27,4,14.4,7.7,1.4,1.3,17.9,7.3,7.9,4.6,2.9,3.0,11.2,2.7,21.1,2.1,9.4,3.0,2.3,3.3,1.2,1.9,24.3,14.1,16.8,6.6,0.0,2.5,1.6,2.1,0.0,2.6,0.9,0.1,0.3437,0.1117,0.3073,0.5076,0.2142,1.4845,0.2213,0.1658,0.4569,0.1787,0.1902,0.7403,1.7319,0.1552,0.6471,0.6471,0.6471,0.8098,0.0,0.6794,0.0,0.6458,2.135,0.4759,5.9985,0.2584,0,0,0,0,0,0,0,0,0,0,0,0,0,0,0,0,0,0,0,0,0,6729,0,12,173,140,243,197,184,130,0,12,0,12,73,54,39,63,0.0,2.6,5.9,4.7,8.3,6.7,6.3,4.3,0.0,1.2,0.0,1.2,2.5,1.9,1.3,2.2
39,Ohio,OH,39049,Franklin County,39049007955,Census Tract 79.55; Franklin County; Ohio,0.552599221052,3033,262,1162,75,1162,75,501,241,46,45,274,139,90,87,122,114,254,24,875,153,392,180,88,77,59,82,629,479,0,16,0,12,36,44,8,14,0,12,16.8,8.0,2.8,2.7,23.6,11.9,4.4,4.3,4.0,3.8,8.4,1.1,28.8,4.2,12.9,5.8,7.6,6.6,2.2,3.0,20.7,15.7,0.0,1.4,0.0,3.0,3.1,3.8,0.7,1.2,0.0,0.4,0.418,0.3133,0.5295,0.2581,0.3377,1.8566,0.3232,0.0777,0.8808,0.4059,0.661,0.8491,2.8745,0.7654,0.5992,0.5992,0.5992,0.0,0.0,0.8502,0.0762,0.0,0.9264,0.0962,6.2567,0.301,0,0,0,0,0,0,0,0,0,0,0,0,0,0,0,0,0,0,0,0,0,1537,16,20,204,276,9,20,175,171,0,12,0,12,241,145,0,12,1.4,1.7,6.7,8.8,0.3,0.7,5.8,5.7,0.0,1.1,0.0,1.1,7.9,4.9,0.0,1.1
39,Ohio,OH,39049,Franklin County,39049007956,Census Tract 79.56; Franklin County; Ohio,1.581418965516,4920,737,1776,213,1776,213,930,567,143,80,334,187,174,172,125,76,352,176,1444,453,519,231,180,149,16,54,916,1020,38,44,0,12,0,16,10,16,0,12,19.0,11.2,5.2,2.8,18.8,10.3,5.5,5.6,2.5,1.5,7.2,3.5,29.3,6.0,10.5,4.0,10.1,8.3,0.3,1.2,18.6,20.5,2.1,2.5,0.0,1.9,0.0,0.9,0.6,0.9,0.0,0.2,0.484,0.5971,0.3444,0.3405,0.1692,1.9352,0.3444,0.0495,0.8951,0.2453,0.7813,0.4968,2.468,0.5378,0.5669,0.5669,0.5669,0.4111,0.0,0.0,0.0616,0.0,0.4727,0.0321,5.4428,0.1832,0,0,0,0,0,0,0,0,0,0,0,0,0,0,0,0,0,0,0,0,0,5331,73,55,481,474,346,302,0,12,0,12,0,12,89,89,0,12,4.1,3.1,9.8,9.0,7.0,6.3,0.0,0.7,0.0,0.7,0.0,0.7,1.8,1.8,0.0,0.7
39,Ohio,OH,39049,Franklin County,39049007957,Census Tract 79.57; Franklin County; Ohio,1.654769851272,5635,1370,2696,424,2617,440,342,171,115,92,562,263,96,65,296,300,868,204,1263,642,666,247,136,97,112,138,957,1933,326,137,0,17,19,36,52,38,64,6,6.1,2.7,3.5,3.0,21.5,9.4,2.3,1.5,5.3,4.4,15.4,5.1,22.4,6.6,12.0,5.1,5.2,3.6,2.1,2.6,17.0,34.1,12.1,4.7,0.0,1.3,0.7,1.4,2.0,1.5,1.1,0.3,0.0882,0.4156,0.4568,0.1068,0.4808,1.5482,0.2381,0.3643,0.5466,0.3523,0.4921,0.8427,2.598,0.6197,0.5349,0.5349,0.5349,0.7324,0.0,0.4873,0.2127,0.6703,2.1027,0.4622,6.7838,0.3914,0,0,0,0,0,0,0,0,0,0,0,0,0,0,0,0,0,0,0,0,0,6911,129,88,350,415,115,129,437,360,0,17,0,17,55,54,0,17,4.9,3.5,6.2,7.2,2.0,2.3,7.8,6.7,0.0,0.6,0.0,0.6,1.0,1.0,0.0,0.6
39,Ohio,OH,39049,Franklin County,39049007958,Census Tract 79.58; Franklin County; Ohio,1.520542649278,3340,390,1418,133,1322,148,339,261,71,66,210,102,77,70,21,35,759,140,783,217,335,136,30,33,118,112,567,565,139,74,0,12,0,16,89,60,12,1,10.2,7.8,4.3,4.2,15.9,7.5,3.1,2.9,0.6,1.0,22.7,4.0,23.4,5.2,10.1,4.2,2.3,2.5,3.9,3.7,17.0,16.8,9.8,5.1,0.0,2.4,0.0,1.2,6.7,4.5,0.4,0.1,0.2123,0.5117,0.2254,0.1579,0.0187,1.126,0.1279,0.7819,0.6138,0.2222,0.1902,0.9249,2.733,0.7,0.5349,0.5349,0.5349,0.686,0.0,0.0,0.5816,0.5374,1.805,0.3397,6.1989,0.2908,0,0,0,0,0,0,0,0,0,0,1,1,0,0,0,0,0,0,0,0,1,3241,84,61,21,30,0,12,430,247,0,12,0,12,116,141,0,12,6.4,4.6,0.6,0.9,0.0,1.0,12.9,7.0,0.0,1.0,0.0,1.0,3.5,4.2,0.0,1.0
39,Ohio,OH,39049,Franklin County,39049007959,Census Tract 79.59; Franklin County; Ohio,1.392445588738,2191,481,918,211,905,212,217,166,7,14,258,126,64,78,158,88,215,57,402,94,349,263,0,16,46,70,478,669,286,204,0,12,0,16,0,12,0,12,9.9,7.3,0.5,1.0,28.5,12.2,4.8,5.7,7.2,4.3,9.8,3.4,18.3,4.8,15.9,9.7,0.0,1.8,2.2,3.2,21.8,30.2,31.2,21.0,0.0,3.7,0.0,1.8,0.0,3.8,0.0,0.5,0.2025,0.033,0.6914,0.2888,0.6557,1.8714,0.327,0.1183,0.272,0.5985,0.0,0.8491,1.8379,0.1975,0.6141,0.6141,0.6141,0.9248,0.0,0.0,0.0,0.0,0.9248,0.0956,5.2482,0.1644,0,0,0,0,0,0,0,0,0,0,0,0,0,0,1,0,0,0,0,1,1,1160,0,12,203,187,123,119,59,61,3,6,0,12,90,102,0,12,0.0,3.8,9.3,8.8,5.6,5.6,2.7,2.7,0.1,0.3,0.0,1.6,4.1,4.5,0.0,1.6
39,Ohio,OH,39049,Franklin County,39049007960,Census Tract 79.60; Franklin County; Ohio,0.592219077782,4664,451,1839,122,1805,133,983,332,95,71,320,124,334,249,314,226,275,86,1161,244,258,101,139,85,66,73,1706,619,10,21,0,12,54,59,10,18,0,12,21.1,6.8,3.1,2.4,17.7,6.7,10.2,7.3,6.7,4.7,5.9,1.7,24.9,3.9,5.5,2.1,7.7,4.7,1.5,1.7,36.6,12.8,0.5,1.1,0.0,1.9,3.0,3.3,0.6,1.0,0.0,0.3,0.5325,0.3537,0.3006,0.65,0.6109,2.4477,0.4933,0.0355,0.7061,0.0352,0.667,0.7854,2.2292,0.393,0.7543,0.7543,0.7543,0.2819,0.0,0.8429,0.0616,0.0,1.1864,0.1429,6.6176,0.3632,0,0,0,0,0,0,0,0,0,0,0,0,0,0,0,0,0,0,0,0,0,1391,75,78,916,520,360,268,300,252,3,5,0,12,127,110,0,12,4.2,4.3,19.6,10.5,7.7,5.5,6.4,5.2,0.1,0.1,0.0,0.7,2.7,2.4,0.0,0.7
39,Ohio,OH,39049,Franklin County,39049007961,Census Tract 79.61; Franklin County; Ohio,2.53752991185,4626,583,1557,189,1545,188,393,371,20,23,208,91,128,81,57,47,601,153,1386,200,237,111,31,34,51,61,705,791,0,16,0,12,36,53,15,23,0,12,8.5,7.9,0.8,0.9,13.5,5.7,4.4,2.7,1.2,1.1,13.0,3.4,30.0,4.0,5.1,2.3,2.0,2.2,1.1,1.3,15.2,17.0,0.0,1.0,0.0,2.2,2.3,3.4,1.0,1.5,0.0,0.3,0.1622,0.0578,0.1397,0.2581,0.0511,0.6689,0.0438,0.2368,0.9138,0.0279,0.159,0.7254,2.0629,0.3025,0.499,0.499,0.499,0.0,0.0,0.7698,0.1067,0.0,0.8765,0.0854,4.1073,0.0625,0,0,0,0,0,0,0,1,0,0,0,1,0,0,0,0,0,0,0,0,1,2780,46,38,262,362,77,93,307,147,12,20,0,12,47,48,0,12,3.0,2.5,5.7,7.6,1.7,2.0,6.6,3.1,0.3,0.4,0.0,0.8,1.0,1.1,0.0,0.8
39,Ohio,OH,39049,Franklin County,39049007962,Census Tract 79.62; Franklin County; Ohio,1.263601034726,5909,1025,2355,318,2300,314,1477,1097,12,19,835,373,63,64,156,116,447,53,1800,575,364,167,181,127,102,95,1250,1475,283,234,0,17,38,47,0,17,4,1,25.0,18.1,0.4,0.6,36.3,15.4,1.7,1.7,2.6,2.0,7.6,1.6,30.5,5.1,6.2,2.8,7.8,5.4,1.8,1.7,21.2,24.7,12.0,9.8,0.0,1.5,1.7,2.0,0.0,1.5,0.1,0.0,0.6246,0.0289,0.8397,0.0694,0.1812,1.7438,0.293,0.0571,0.9264,0.0476,0.6749,0.8183,2.5243,0.5724,0.6059,0.6059,0.6059,0.7308,0.0,0.6917,0.0,0.3694,1.7919,0.3324,6.6659,0.3724,0,0,0,0,0,0,0,1,0,0,0,1,0,0,0,0,0,0,0,0,1,6607,70,69,88,139,380,303,306,190,0,17,0,17,476,309,0,17,3.0,3.0,1.5,2.3,6.4,5.1,5.2,3.5,0.0,0.6,0.0,0.6,8.1,5.4,0.0,0.6
39,Ohio,OH,39049,Franklin County,39049007963,Census Tract 79.63; Franklin County; Ohio,1.148764647376,3830,929,1576,467,1576,467,495,451,60,73,518,433,268,412,63,53,475,105,661,262,134,99,39,40,55,88,878,1051,0,16,0,12,0,16,0,12,0,12,12.9,11.4,2.7,3.4,32.9,25.7,9.7,13.7,1.7,1.4,12.4,4.0,17.3,4.9,3.5,2.7,2.5,2.4,1.5,2.4,22.9,26.9,0.0,1.0,0.0,2.2,0.0,1.0,0.0,2.2,0.0,0.3,0.3005,0.2968,0.7917,0.6192,0.092,2.1002,0.3975,0.2118,0.2194,0.0048,0.2114,0.7854,1.4328,0.0746,0.6265,0.6265,0.6265,0.0,0.0,0.0,0.0,0.0,0.0,0.0,4.1595,0.067,0,0,0,0,0,0,0,0,0,0,0,0,0,0,0,0,0,0,0,0,0,758,0,12,121,119,25,40,280,214,0,12,0,12,452,562,0,12,0.0,2.2,3.2,2.7,0.7,1.0,7.3,5.6,0.0,0.9,0.0,0.9,11.8,12.8,0.0,0.9
39,Ohio,OH,39049,Franklin County,39049007964,Census Tract 79.64; Franklin County; Ohio,0.98531492941,6301,735,2872,264,2799,276,456,183,44,54,377,147,109,71,214,114,572,91,1216,224,392,211,10,24,72,91,1237,1068,551,256,0,17,134,91,61,48,0,17,7.3,2.8,1.1,1.3,13.5,5.1,2.4,1.6,3.4,1.8,9.1,1.7,19.3,2.6,6.2,3.1,0.4,0.9,1.2,1.5,19.6,16.8,19.2,8.7,0.0,1.2,4.8,3.2,2.2,1.8,0.0,0.3,0.1276,0.0803,0.1397,0.1135,0.2745,0.7356,0.0527,0.0954,0.3377,0.0476,0.0435,0.7403,1.2645,0.0479,0.5853,0.5853,0.5853,0.834,0.0,0.9317,0.2324,0.0,1.9981,0.4146,4.5835,0.1019,0,0,0,0,0,0,0,0,0,0,0,0,0,0,0,0,1,0,0,1,1,1962,18,28,138,115,212,174,572,337,0,17,0,17,315,186,0,17,0.6,1.0,2.2,1.8,3.4,2.7,9.1,5.3,0.0,0.6,0.0,0.6,5.0,3.1,0.0,0.6
39,Ohio,OH,39049,Franklin County,39049007965,Census Tract 79.65; Franklin County; Ohio,1.862112802904,3596,511,1685,189,1671,191,644,345,34,36,679,200,131,75,214,129,307,110,728,116,293,127,0,16,91,87,757,745,334,173,0,12,25,33,71,62,0,12,17.9,9.3,1.4,1.5,40.6,11.0,5.8,3.3,6.0,3.8,8.5,3.0,20.2,3.3,8.1,3.5,0.0,1.0,2.8,2.6,21.1,20.5,19.8,10.0,0.0,2.1,1.5,2.0,4.2,3.8,0.0,0.3,0.451,0.1117,0.9029,0.3662,0.5459,2.3777,0.4759,0.0793,0.397,0.1162,0.0,0.8884,1.4809,0.0863,0.6046,0.6046,0.6046,0.8432,0.0,0.6606,0.4114,0.0,1.9152,0.3825,6.3784,0.321,0,0,1,0,0,1,0,0,0,0,0,0,0,0,0,0,0,0,0,0,1,7257,114,158,311,226,151,140,196,185,0,12,0,12,99,101,0,12,6.8,9.1,8.6,6.5,4.2,3.8,5.5,5.1,0.0,1.0,0.0,1.0,2.8,2.8,0.0,1.0
39,Ohio,OH,39049,Franklin County,39049007966,Census Tract 79.66; Franklin County; Ohio,1.224910139408,5834,886,2196,207,2057,226,1825,707,517,315,771,260,176,142,1008,374,142,107,1867,488,343,168,215,147,333,283,2386,1111,598,215,49,75,199,143,138,138,0,17,31.7,11.4,15.6,9.6,37.5,11.9,5.2,4.2,17.3,5.9,2.4,1.9,32.0,5.2,5.9,2.6,10.5,7.1,6.1,5.1,40.9,18.0,27.2,9.4,2.2,3.4,9.7,6.9,6.7,6.7,0.0,0.3,0.7372,0.9429,0.8632,0.3148,0.9622,3.8203,0.8495,0.0111,0.949,0.0422,0.7933,0.9664,2.762,0.7137,0.7866,0.7866,0.7866,0.9022,0.707,0.9892,0.5816,0.0,3.18,0.8743,10.5489,0.8984,0,1,0,0,1,2,0,1,0,0,1,2,0,0,1,0,1,0,0,2,6,6227,131,136,843,361,409,445,265,323,0,17,0,17,815,767,54,72,6.4,6.6,14.4,6.2,7.0,7.6,4.5,5.4,0.0,0.6,0.0,0.6,14.0,11.8,0.9,1.3
39,Ohio,OH,39049,Franklin County,39049008001,Census Tract 80.01; Franklin County; Ohio,18.92994592221,3402,178,1296,127,1186,103,127,92,122,101,123,89,69,51,104,102,461,180,847,130,325,138,20,23,23,54,543,347,169,97,0,12,32,53,9,15,0,12,3.7,2.7,6.6,5.8,10.4,7.4,2.9,2.1,3.1,3.0,13.6,5.3,24.9,3.5,9.6,4.0,1.7,1.9,0.7,1.6,16.0,10.2,13.0,7.4,0.0,2.7,2.7,4.5,0.8,1.3,0.0,0.4,0.0378,0.6965,0.0559,0.1433,0.2371,1.1706,0.141,0.2695,0.7061,0.1933,0.1337,0.6367,1.9393,0.2406,0.5155,0.5155,0.5155,0.7476,0.0,0.814,0.0873,0.0,1.6489,0.274,5.2743,0.1663,0,0,0,0,0,0,0,0,0,0,0,0,0,0,0,0,0,0,0,0,0,3631,10,15,53,71,38,48,323,233,0,12,0,12,129,121,0,12,0.8,1.3,1.6,2.1,1.1,1.4,9.5,6.8,0.0,1.0,0.0,1.0,3.8,3.6,0.0,1.0
39,Ohio,OH,39049,Franklin County,39049008002,Census Tract 80.02; Franklin County; Ohio,3.372743055536,3496,577,1350,411,1350,411,316,239,54,47,495,412,20,23,107,110,306,208,976,214,128,68,112,74,14,48,198,823,0,16,0,12,0,16,0,12,0,12,9.0,6.7,2.6,2.5,36.7,28.4,0.8,1.0,3.1,3.2,8.8,5.7,27.9,5.5,3.7,2.0,8.3,4.9,0.4,1.5,5.7,23.5,0.0,1.2,0.0,2.6,0.0,1.2,0.0,2.6,0.0,0.3,0.1796,0.2822,0.8489,0.0241,0.2371,1.5719,0.2451,0.0881,0.8503,0.0067,0.7006,0.5412,2.1869,0.3724,0.1829,0.1829,0.1829,0.0,0.0,0.0,0.0,0.0,0.0,0.0,3.9417,0.0492,0,0,0,0,0,0,0,0,0,0,0,0,0,0,0,0,0,0,0,0,0,1090,17,21,0,12,86,98,61,66,6,9,0,12,25,28,20,32,1.3,1.6,0.0,1.0,2.5,2.8,1.7,1.9,0.2,0.3,0.0,1.0,0.7,0.8,0.6,0.9
39,Ohio,OH,39049,Franklin County,39049008110,Census Tract 81.10; Franklin County; Ohio,0.794457760974,4207,679,2025,220,1900,198,808,264,19,21,477,127,292,96,430,235,576,90,906,192,698,154,75,57,148,147,1497,1005,516,142,0,12,79,42,282,101,0,12,19.2,5.5,0.8,0.9,25.1,6.2,9.6,3.7,10.2,4.6,13.7,3.2,21.5,2.4,16.6,4.6,3.9,3.0,3.6,3.6,35.6,23.2,25.5,6.4,0.0,1.7,4.2,2.2,14.8,5.4,0.0,0.3,0.4875,0.0578,0.5841,0.6148,0.8258,2.57,0.5305,0.2752,0.4848,0.6407,0.3638,0.9182,2.6827,0.6698,0.7489,0.7489,0.7489,0.8902,0.0,0.907,0.8333,0.0,2.6305,0.6924,8.6321,0.6787,0,0,0,0,0,0,0,0,0,0,1,1,0,0,0,0,1,0,0,1,2,4681,236,76,600,214,646,256,78,74,0,12,0,12,142,79,31,25,12.4,4.1,14.3,5.6,15.4,6.5,1.9,1.7,0.0,0.8,0.0,0.8,3.4,1.9,0.7,0.6
39,Ohio,OH,39049,Franklin County,39049008120,Census Tract 81.20; Franklin County; Ohio,0.77798394694,4351,611,1675,231,1652,227,1570,510,93,60,553,204,726,196,575,299,616,155,989,247,911,267,57,48,280,151,1854,746,141,85,0,12,70,78,180,95,0,12,36.1,10.6,4.3,2.9,33.5,11.5,25.1,6.4,13.2,6.4,14.2,3.7,22.7,4.4,20.9,5.4,3.5,2.9,6.8,3.5,42.6,16.1,8.4,4.9,0.0,2.1,4.2,4.7,10.9,5.7,0.0,0.3,0.7902,0.5117,0.801,0.9543,0.9143,3.9715,0.8825,0.2993,0.5669,0.8328,0.3187,0.9731,2.9908,0.8162,0.793,0.793,0.793,0.66,0.0,0.907,0.7495,0.0,2.3165,0.5562,10.0718,0.8549,0,0,0,1,1,2,0,0,0,0,1,1,0,0,0,0,1,0,0,1,4,2953,172,86,536,370,750,330,257,234,0,12,0,12,275,196,36,43,10.4,5.5,12.3,7.9,17.2,6.9,5.9,5.3,0.0,0.8,0.0,0.8,6.3,4.4,0.8,1.0
39,Ohio,OH,39049,Franklin County,39049008132,Census Tract 81.32; Franklin County; Ohio,1.02290582013,7113,1204,3136,394,2971,406,1045,431,119,107,615,229,660,357,690,464,693,228,1674,446,1047,384,205,162,245,276,2328,1614,428,226,0,17,36,44,185,175,0,17,14.7,5.5,2.7,2.3,20.7,7.2,13.5,7.0,9.7,6.2,9.7,3.4,23.5,3.5,14.7,3.9,6.9,5.4,3.8,4.3,32.7,22.0,13.6,7.0,0.0,1.1,1.2,1.5,6.2,6.0,0.0,0.2,0.3548,0.2968,0.4244,0.7774,0.8067,2.6601,0.559,0.1138,0.6224,0.5287,0.613,0.9236,2.8015,0.7314,0.7283,0.7283,0.7283,0.7568,0.0,0.6038,0.5546,0.0,1.9152,0.3825,8.1051,0.6006,0,0,0,0,0,0,0,0,0,0,1,1,0,0,0,0,0,0,0,0,1,6637,197,144,737,373,1177,614,167,176,0,17,0,17,247,284,0,17,6.6,5.1,10.4,5.2,16.5,8.0,2.3,2.4,0.0,0.5,0.0,0.5,3.5,4.2,0.0,0.5
39,Ohio,OH,39049,Franklin County,39049008163,Census Tract 81.63; Franklin County; Ohio,0.348637750736,3734,585,1599,172,1599,172,1281,360,69,58,497,136,276,131,683,229,278,65,1048,299,681,264,184,114,218,138,1944,762,361,125,142,78,126,84,97,59,0,12,34.5,8.0,3.6,3.0,31.1,7.8,11.6,5.4,18.3,5.4,7.4,2.1,28.1,5.2,18.2,6.0,11.5,7.0,6.3,3.9,52.1,18.7,22.5,7.4,8.9,5.0,7.9,5.2,6.1,3.6,0.0,0.3,0.7753,0.4308,0.7537,0.707,0.9695,3.6363,0.8083,0.052,0.857,0.7204,0.8248,0.9686,3.4228,0.934,0.8342,0.8342,0.8342,0.8714,0.859,0.9765,0.5479,0.0,3.2548,0.8898,11.1481,0.94,0,0,0,0,1,1,0,0,0,0,1,1,0,0,0,0,1,0,0,1,3,1470,90,54,562,211,1091,522,58,50,0,12,0,12,211,118,22,26,5.6,3.4,15.1,6.2,29.2,11.2,1.6,1.4,0.0,0.9,0.0,0.9,5.7,3.2,0.6,0.7
39,Ohio,OH,39049,Franklin County,39049008164,Census Tract 81.64; Franklin County; Ohio,0.50133607241,5041,969,1913,302,1782,324,1342,510,141,117,644,217,562,256,942,740,378,170,1452,510,594,212,72,54,287,198,1776,1345,55,67,0,17,313,135,63,70,0,17,26.8,8.8,5.0,3.9,36.1,10.3,19.5,8.2,18.7,12.3,7.5,3.3,28.8,5.9,11.8,4.0,4.0,2.9,6.2,4.1,35.2,25.8,2.8,3.5,0.0,1.8,17.6,6.9,3.5,4.0,0.0,0.3,0.6569,0.58,0.8384,0.9033,0.9714,3.95,0.8781,0.0545,0.8808,0.3351,0.3743,0.9677,2.6124,0.6292,0.7457,0.7457,0.7457,0.4622,0.0,0.9994,0.3537,0.0,1.8153,0.3425,9.1234,0.7416,0,0,0,1,1,2,0,0,0,0,1,1,0,0,0,0,1,0,0,1,4,1211,91,63,640,518,905,397,96,112,0,17,107,133,28,29,0,17,5.1,3.5,12.7,9.5,18.0,8.0,1.9,2.3,0.0,0.7,2.1,2.7,0.6,0.6,0.0,0.7
39,Ohio,OH,39049,Franklin County,39049008165,Census Tract 81.65; Franklin County; Ohio,0.512117198556,2112,316,1003,102,897,84,246,150,66,69,54,58,103,79,122,97,251,37,410,113,266,152,108,101,12,51,498,512,66,62,0,12,8,18,31,39,0,12,12.0,7.1,4.7,5.1,6.0,6.4,7.0,5.3,5.8,4.2,11.9,2.5,19.4,3.7,12.6,7.1,12.1,11.2,0.6,2.6,23.6,24.0,6.6,6.1,0.0,3.4,0.9,2.0,3.5,4.3,0.0,0.6,0.2707,0.553,0.0079,0.4486,0.5294,1.8096,0.3092,0.1925,0.3453,0.3897,0.8397,0.6088,2.376,0.4835,0.637,0.637,0.637,0.6063,0.0,0.5384,0.3537,0.0,1.4984,0.2302,6.321,0.3095,0,0,0,0,0,0,0,0,0,0,0,0,0,0,0,0,0,0,0,0,0,1789,44,37,195,189,9,15,7,12,0,12,0,12,287,153,0,12,4.9,4.2,9.2,9.3,0.4,0.7,0.3,0.6,0.0,1.6,0.0,1.6,13.6,8.0,0.0,1.6
39,Ohio,OH,39049,Franklin County,39049008166,Census Tract 81.66; Franklin County; Ohio,2.738846197364,5353,570,1939,212,1939,212,484,295,29,32,280,120,170,162,118,70,500,155,1425,192,370,162,68,72,93,148,1280,690,101,84,0,17,36,45,0,17,0,17,9.1,5.5,1.0,1.1,14.4,6.0,4.6,4.2,2.2,1.3,9.3,2.7,26.6,3.0,6.9,2.8,3.5,3.7,2.0,3.1,23.9,12.6,5.3,4.3,0.0,1.8,1.9,2.3,0.0,1.8,0.0,0.3,0.1834,0.0714,0.1679,0.2724,0.1396,0.8347,0.0702,0.1024,0.7984,0.0689,0.3187,0.8348,2.1232,0.3381,0.6427,0.6427,0.6427,0.566,0.0,0.7219,0.0,0.0,1.2879,0.1711,4.8885,0.1302,0,0,0,0,0,0,0,0,0,0,0,0,0,0,0,0,0,0,0,0,0,2315,90,75,254,190,254,296,465,417,0,17,5,12,292,155,10,16,4.6,3.8,4.7,3.5,4.7,5.4,8.7,7.3,0.0,0.7,0.1,0.2,5.5,2.8,0.2,0.3
39,Ohio,OH,39049,Franklin County,39049008167,Census Tract 81.67; Franklin County; Ohio,2.855055949528,3765,518,1371,87,1312,119,1500,515,35,42,303,153,287,173,426,397,323,98,1183,295,598,244,137,95,127,121,1374,850,36,49,0,12,19,33,67,75,0,12,39.8,12.5,2.0,2.3,23.1,11.5,13.1,8.3,11.3,9.7,8.6,2.6,31.4,5.7,15.9,6.9,10.4,7.2,3.6,3.4,36.5,22.0,2.7,3.6,0.0,2.5,1.4,2.5,5.1,5.7,0.0,0.3,0.8343,0.194,0.5111,0.7609,0.8686,3.1689,0.7067,0.0812,0.9426,0.5985,0.7914,0.9182,3.3319,0.9156,0.753,0.753,0.753,0.4533,0.0,0.6384,0.4787,0.0,1.5704,0.2521,8.8242,0.7051,0,0,0,0,0,0,0,1,0,0,1,2,0,0,0,0,0,0,0,0,2,1522,73,63,595,348,675,540,48,57,0,12,0,12,30,36,26,62,5.6,4.7,15.8,8.8,17.9,14.7,1.3,1.5,0.0,0.9,0.0,0.9,0.8,1.0,0.7,1.6
39,Ohio,OH,39049,Franklin County,39049008168,Census Tract 81.68; Franklin County; Ohio,3.915013661986,3702,949,1657,219,1431,265,735,520,50,54,428,214,136,182,162,132,326,125,994,464,408,193,0,16,95,122,1236,1157,264,126,0,12,30,50,28,43,0,12,19.9,13.1,2.4,2.7,29.9,13.9,5.6,7.4,4.4,3.7,8.8,3.9,26.9,7.4,11.0,4.6,0.0,1.1,2.9,3.6,33.4,30.1,15.9,7.3,0.0,2.1,2.1,3.5,2.0,3.0,0.0,0.3,0.5043,0.2514,0.7235,0.3497,0.3758,2.2047,0.4283,0.0881,0.8107,0.2815,0.0,0.8941,2.0744,0.3102,0.733,0.733,0.733,0.7952,0.0,0.7448,0.2127,0.0,1.7527,0.3181,6.7648,0.3886,0,0,0,0,0,0,0,0,0,0,0,0,0,0,0,0,0,0,0,0,0,5902,73,66,972,718,160,158,33,60,0,12,0,12,71,64,0,12,5.1,4.8,26.3,15.8,4.3,4.5,0.9,1.6,0.0,0.9,0.0,0.9,1.9,1.8,0.0,0.9
39,Ohio,OH,39049,Franklin County,39049008169,Census Tract 81.69; Franklin County; Ohio,0.909564033622,4421,503,2076,205,1969,237,1357,387,112,117,674,239,281,152,635,341,531,122,1152,224,672,286,282,135,89,104,1191,885,222,151,0,12,72,79,270,155,0,12,31.1,8.2,4.7,4.6,34.2,11.4,9.6,5.1,14.4,7.2,12.0,3.0,26.1,4.4,15.3,6.1,14.3,6.6,2.1,2.4,26.9,19.8,10.7,7.2,0.0,1.7,3.7,4.0,13.7,7.7,0.0,0.3,0.7274,0.553,0.8111,0.6148,0.9346,3.6409,0.8092,0.1963,0.7736,0.5646,0.8892,0.8427,3.2664,0.9032,0.676,0.676,0.676,0.7038,0.0,0.8841,0.814,0.0,2.4019,0.5943,9.9852,0.8451,0,0,0,0,1,1,0,0,0,0,0,0,0,0,0,0,0,0,0,0,1,1710,138,102,300,223,355,210,96,161,0,12,0,12,404,291,36,63,7.0,5.2,6.8,5.2,8.0,4.6,2.2,3.6,0.0,0.8,0.0,0.8,9.1,6.9,0.8,1.4
39,Ohio,OH,39049,Franklin County,39049008170,Census Tract 81.70; Franklin County; Ohio,12.879186653308,5585,719,1913,153,1834,164,964,460,59,54,298,140,208,122,298,159,609,132,1616,468,428,198,69,74,147,137,1874,953,17,34,0,17,42,65,25,39,0,17,17.3,8.0,2.4,2.2,16.2,7.5,5.7,3.3,5.3,2.6,10.9,2.5,28.9,5.8,7.7,3.7,3.8,4.0,3.0,2.8,33.6,16.5,0.9,1.8,0.0,1.8,2.3,3.5,1.4,2.1,0.0,0.3,0.4338,0.2514,0.2371,0.357,0.4808,1.7601,0.2994,0.1554,0.884,0.0981,0.3502,0.8976,2.3853,0.4876,0.7359,0.7359,0.7359,0.3181,0.0,0.7698,0.1476,0.0,1.2355,0.1578,6.1168,0.2771,0,0,0,0,0,0,0,0,0,0,0,0,0,0,0,0,0,0,0,0,0,2170,162,133,729,429,873,694,223,273,0,17,0,17,49,62,0,17,8.8,7.4,13.1,7.4,15.6,11.3,4.0,4.8,0.0,0.6,0.0,0.6,0.9,1.1,0.0,0.6
39,Ohio,OH,39049,Franklin County,39049008171,Census Tract 81.71; Franklin County; Ohio,0.522145425802,3181,710,1981,342,1740,380,877,415,13,22,535,222,42,38,639,250,214,70,515,179,195,84,225,174,150,156,1602,832,901,399,0,12,0,16,45,49,0,12,27.6,11.5,0.5,0.9,30.7,10.9,2.1,2.0,20.1,5.7,6.7,2.5,16.2,4.1,6.1,2.9,12.9,9.6,4.9,5.0,50.4,23.6,45.5,18.5,0.0,1.7,0.0,0.9,2.6,2.9,0.0,0.4,0.6709,0.033,0.7422,0.0938,0.9784,2.5183,0.5149,0.0428,0.1703,0.0463,0.8597,0.9493,2.0684,0.3076,0.8272,0.8272,0.8272,0.9638,0.0,0.0,0.267,0.0,1.2308,0.1559,6.6447,0.3673,0,0,0,0,1,1,0,0,0,0,1,1,0,0,1,0,0,0,0,1,3,1382,246,108,1060,486,466,318,32,49,0,12,0,12,44,52,0,12,14.1,6.8,33.3,11.1,14.6,9.6,1.0,1.5,0.0,1.1,0.0,1.1,1.4,1.7,0.0,1.1
39,Ohio,OH,39049,Franklin County,39049008172,Census Tract 81.72; Franklin County; Ohio,2.610423652838,5722,833,2616,328,2492,326,703,424,39,90,381,183,224,181,763,383,438,157,1163,270,428,241,75,84,500,295,1959,1209,882,297,0,17,0,24,39,47,3,2,12.3,7.2,1.0,2.5,15.3,7.1,5.7,4.5,13.3,6.2,7.7,3.0,20.3,3.3,7.5,4.0,3.0,3.3,9.3,5.3,34.2,20.5,33.7,10.5,0.0,1.3,0.0,1.0,1.6,1.9,0.1,0.0,0.2786,0.0714,0.2003,0.357,0.9169,1.8242,0.3127,0.0609,0.4065,0.0898,0.2619,0.987,1.8061,0.1844,0.7387,0.7387,0.7387,0.9337,0.0,0.0,0.1724,0.3694,1.4755,0.2232,5.8445,0.2381,0,0,0,0,1,1,0,0,0,0,1,1,0,0,1,0,0,0,0,1,3,9162,75,74,498,302,795,516,277,191,108,147,0,17,281,283,0,17,3.0,3.0,8.7,5.5,13.9,8.3,4.8,3.5,1.9,2.6,0.0,0.6,4.9,5.1,0.0,0.6
39,Ohio,OH,39049,Franklin County,39049008210,Census Tract 82.10; Franklin County; Ohio,2.882496218668,2305,583,1128,166,998,158,740,192,111,64,292,94,249,114,400,145,312,65,552,274,457,101,94,59,91,65,621,829,307,89,68,47,0,16,95,42,0,12,32.1,1.9,9.7,6.0,29.3,8.2,16.6,8.1,17.4,7.7,13.5,4.3,23.9,6.4,19.8,6.1,9.4,5.7,4.2,2.8,26.9,35.3,27.2,6.8,6.0,4.1,0.0,1.6,9.5,4.4,0.0,0.5,0.7429,0.8346,0.7089,0.8513,0.9641,4.1018,0.9111,0.2616,0.6516,0.7978,0.754,0.9334,3.3984,0.9292,0.676,0.676,0.676,0.9022,0.807,0.0,0.7013,0.0,2.4105,0.5956,10.5867,0.9016,0,0,0,0,1,1,0,0,0,0,1,1,0,0,1,0,0,0,0,1,3,12896,117,56,229,111,306,191,33,30,4,6,0,12,49,41,0,12,11.7,5.5,9.9,5.1,13.3,8.5,1.4,1.4,0.2,0.3,0.0,1.5,2.1,1.8,0.0,1.5
39,Ohio,OH,39049,Franklin County,39049008230,Census Tract 82.30; Franklin County; Ohio,0.431506050792,2810,361,776,96,687,99,2035,360,68,40,376,113,390,89,329,139,89,26,1339,255,236,81,228,83,223,88,2571,372,121,66,4,7,189,76,54,35,82,14,73.7,8.8,6.8,3.9,54.7,14.4,33.5,7.7,11.9,4.9,3.2,1.0,47.7,5.4,8.5,2.8,33.2,11.1,9.5,3.5,91.5,6.1,15.6,8.3,0.5,0.9,27.5,10.3,7.9,5.1,2.9,0.3,0.9889,0.7079,0.9841,0.9883,0.8842,4.5534,0.9819,0.014,0.9987,0.1371,0.9946,0.9883,3.1327,0.8651,0.9661,0.9661,0.9661,0.7889,0.5717,1.0,0.6444,0.8224,3.8274,0.98,12.4796,0.9956,1,0,1,1,0,3,0,1,0,1,1,3,1,1,0,0,1,0,0,1,8,1778,41,36,1933,313,233,96,162,170,0,12,0,12,216,172,27,32,6.0,5.1,68.8,8.1,8.3,3.3,5.8,5.9,0.0,1.2,0.0,1.2,7.7,5.8,1.0,1.1
39,Ohio,OH,39049,Franklin County,39049008241,Census Tract 82.41; Franklin County; Ohio,1.557254385744,2978,480,1252,115,1178,130,1049,410,93,70,577,176,364,183,706,345,172,82,848,300,488,304,237,111,214,181,1452,596,183,81,75,69,41,49,15,17,14,4,35.2,12.5,6.2,4.3,49.0,13.9,19.6,8.7,23.7,10.0,5.8,2.8,28.5,7.7,16.4,9.9,20.1,9.2,7.8,6.5,48.8,18.4,14.6,6.3,6.0,5.5,3.5,4.1,1.3,1.4,0.5,0.1,0.7823,0.6698,0.9638,0.9058,0.9883,4.31,0.9454,0.0327,0.8719,0.6296,0.9559,0.9791,3.4692,0.9425,0.8209,0.8209,0.8209,0.7737,0.807,0.8771,0.1349,0.5742,3.1669,0.8714,11.767,0.9727,0,0,1,1,1,3,0,0,0,1,1,2,0,0,0,0,0,0,0,0,5,3291,79,60,768,370,416,304,0,12,0,12,0,12,268,186,0,12,6.7,5.2,25.8,11.6,14.0,9.6,0.0,1.2,0.0,1.2,0.0,1.2,9.0,6.0,0.0,1.2
39,Ohio,OH,39049,Franklin County,39049008242,Census Tract 82.42; Franklin County; Ohio,2.079042281094,6685,1003,2892,338,2834,342,1445,777,46,43,845,411,353,171,938,351,911,288,1334,611,524,154,354,355,229,158,1821,1235,366,185,0,17,73,99,89,66,0,17,21.6,11.2,1.2,1.1,29.8,14.0,7.3,3.3,14.1,5.4,13.6,5.0,20.0,6.8,7.9,2.7,12.5,12.4,3.7,2.5,27.2,18.0,12.6,6.2,0.0,1.2,2.6,3.5,3.1,2.3,0.0,0.3,0.5452,0.0898,0.7206,0.4715,0.9292,2.7563,0.5905,0.2695,0.3836,0.106,0.8492,0.922,2.5303,0.5771,0.6788,0.6788,0.6788,0.7403,0.0,0.8029,0.3143,0.0,1.8575,0.3578,7.8229,0.5527,0,0,0,0,1,1,0,0,0,0,1,1,0,0,0,0,0,0,0,0,2,3655,119,76,146,190,872,607,479,357,0,17,0,17,324,407,0,17,4.2,2.6,2.2,2.9,13.0,8.3,7.2,5.3,0.0,0.5,0.0,0.5,4.8,5.6,0.0,0.5
39,Ohio,OH,39049,Franklin County,39049008311,Census Tract 83.11; Franklin County; Ohio,0.961680853786,4135,569,1884,171,1652,185,2077,538,180,118,635,182,649,214,699,469,487,81,1325,389,694,172,180,120,376,272,2031,715,683,155,0,12,136,99,322,108,0,12,50.2,11.0,10.4,6.2,38.4,10.1,26.6,7.8,16.9,10.4,11.8,2.5,32.0,5.8,16.8,4.0,10.9,7.2,10.3,7.3,49.1,15.9,36.3,7.5,0.0,1.8,8.3,5.9,19.5,6.3,0.0,0.3,0.9086,0.8511,0.874,0.9664,0.9594,4.5595,0.9822,0.1877,0.949,0.656,0.8057,0.9905,3.5889,0.9632,0.8221,0.8221,0.8221,0.9444,0.0,0.9813,0.8965,0.0,2.8222,0.7673,11.7927,0.9743,1,0,0,1,1,3,0,1,0,0,1,2,0,0,1,0,1,0,0,2,7,3811,262,117,1679,628,115,86,24,42,0,12,0,12,198,122,15,24,15.9,7.2,40.6,11.9,2.8,2.1,0.6,1.0,0.0,0.8,0.0,0.8,4.8,3.0,0.4,0.6
39,Ohio,OH,39049,Franklin County,39049008312,Census Tract 83.12; Franklin County; Ohio,0.587138361564,4551,715,1890,206,1783,219,2325,589,350,239,515,150,890,243,628,345,533,127,1575,419,918,238,408,210,338,184,2388,852,475,220,0,12,51,47,389,144,0,12,51.1,10.2,20.2,11.9,28.9,7.6,33.8,7.2,13.8,7.1,11.7,3.4,34.6,4.9,20.2,5.7,22.9,11.4,8.0,4.2,52.5,16.8,25.2,11.3,0.0,1.8,2.9,2.6,21.8,8.4,0.0,0.3,0.9137,0.9743,0.7016,0.9895,0.9242,4.5033,0.9749,0.1836,0.9734,0.8134,0.9689,0.981,3.9203,0.993,0.8367,0.8367,0.8367,0.8876,0.0,0.8349,0.9162,0.0,2.6387,0.6956,11.899,0.979,1,1,0,1,1,4,0,1,0,1,1,3,0,0,0,0,0,1,0,1,8,4149,318,149,937,428,824,366,213,147,0,12,0,12,414,318,0,12,17.8,8.1,20.6,8.8,18.1,7.4,4.7,3.2,0.0,0.8,0.0,0.8,9.1,6.3,0.0,0.8
39,Ohio,OH,39049,Franklin County,39049008321,Census Tract 83.21; Franklin County; Ohio,0.425937687748,3248,726,1277,213,1179,222,895,438,132,158,312,132,413,346,600,459,474,180,850,306,610,212,197,123,265,258,1680,782,6,16,0,12,37,36,51,40,0,12,27.6,12.0,8.1,9.1,26.5,10.0,18.2,12.6,18.5,11.5,14.6,5.2,26.2,5.6,18.8,6.6,16.7,9.9,8.9,8.5,51.7,21.1,0.5,1.3,0.0,2.7,3.1,3.0,4.3,3.3,0.0,0.4,0.6709,0.7778,0.6356,0.884,0.9708,3.9391,0.8765,0.3212,0.779,0.7521,0.9244,0.9854,3.7621,0.9829,0.8316,0.8316,0.8316,0.2819,0.0,0.8502,0.4184,0.0,1.5505,0.2473,10.0833,0.8556,0,0,0,0,1,1,0,0,0,1,1,2,0,0,0,0,0,0,0,0,3,1598,191,115,425,252,811,639,243,230,0,12,0,12,201,143,0,12,16.2,8.9,13.1,8.0,25.0,15.8,7.5,6.5,0.0,1.1,0.0,1.1,6.2,4.3,0.0,1.1
39,Ohio,OH,39049,Franklin County,39049008322,Census Tract 83.22; Franklin County; Ohio,0.647157531362,4865,688,2257,313,2056,314,1372,345,173,95,424,162,585,239,992,451,662,177,914,310,695,359,110,90,233,246,1721,894,90,80,0,12,89,76,114,75,0,12,28.2,5.9,6.6,3.7,20.6,7.2,16.4,5.6,20.4,8.7,13.6,3.2,18.8,5.0,14.3,6.6,5.4,4.3,5.0,5.3,35.4,17.7,4.0,3.5,0.0,1.5,4.3,3.6,5.5,3.8,0.0,0.2,0.6826,0.6965,0.4213,0.8488,0.9797,3.6289,0.807,0.2695,0.3015,0.5033,0.5108,0.9521,2.5372,0.5835,0.7467,0.7467,0.7467,0.5184,0.0,0.9111,0.5098,0.0,1.9393,0.393,8.8521,0.7076,0,0,0,0,1,1,0,0,0,0,1,1,0,0,0,0,1,0,0,1,3,2202,103,64,587,260,523,423,230,273,0,12,0,12,294,230,87,108,5.0,3.2,12.1,5.5,10.8,8.2,4.7,5.7,0.0,0.7,0.0,0.7,6.0,4.6,1.8,2.2
39,Ohio,OH,39049,Franklin County,39049008330,Census Tract 83.30; Franklin County; Ohio,0.608706019284,1552,268,696,83,636,95,589,192,34,40,236,92,349,119,268,129,260,85,373,140,299,98,23,32,0,48,188,367,48,54,23,16,31,38,64,49,0,12,38.0,10.5,4.4,5.2,37.1,13.4,33.1,9.2,17.3,8.1,16.8,5.9,24.0,6.5,19.3,6.8,3.6,5.0,0.0,3.4,12.1,23.6,6.9,7.7,3.3,2.4,4.9,5.9,10.1,7.5,0.0,0.8,0.8131,0.5244,0.8543,0.9876,0.9622,4.1416,0.9184,0.4486,0.6582,0.7775,0.3292,0.0,2.2135,0.3829,0.4204,0.4204,0.4204,0.6146,0.7441,0.9356,0.7232,0.0,3.0175,0.8362,9.793,0.826,0,0,0,1,1,2,0,0,0,0,0,0,0,0,0,0,1,0,0,1,3,955,98,52,41,61,57,61,0,12,0,12,0,12,90,80,0,12,15.4,8.3,2.6,3.9,3.7,3.9,0.0,2.2,0.0,2.2,0.0,2.2,5.8,5.0,0.0,2.2
39,Ohio,OH,39049,Franklin County,39049008340,Census Tract 83.40; Franklin County; Ohio,3.16181823565,5676,846,1852,190,1739,208,1264,604,100,86,360,142,685,248,415,260,705,166,1362,447,693,191,54,67,6,67,1255,1174,300,169,60,87,138,137,119,90,398,26,24.7,11.1,4.2,3.7,20.7,7.8,17.7,6.2,7.9,4.7,12.4,3.2,24.0,5.9,13.1,3.8,3.1,3.8,0.1,1.2,22.1,20.4,16.2,9.0,3.2,4.7,8.0,7.8,6.8,5.0,7.0,1.1,0.6169,0.4975,0.4244,0.8754,0.709,3.1232,0.694,0.2118,0.6582,0.4199,0.2733,0.4245,1.9877,0.2667,0.6183,0.6183,0.6183,0.8,0.7413,0.9771,0.5879,0.9375,4.0438,0.9917,9.773,0.8235,0,0,0,0,0,0,0,0,0,0,0,0,0,0,0,0,1,0,1,2,2,8580,206,125,701,369,37,36,70,100,0,17,34,51,413,321,0,17,11.8,7.2,12.4,6.2,0.7,0.6,1.2,1.8,0.0,0.6,0.6,0.9,7.3,5.5,0.0,0.6
39,Ohio,OH,39049,Franklin County,39049008350,Census Tract 83.50; Franklin County; Ohio,1.73162499878,7365,1376,3100,416,2943,424,2542,760,425,272,955,311,574,309,578,314,619,192,1752,585,834,265,258,178,165,129,3679,1610,657,267,0,17,166,123,135,108,97,4,35.0,8.1,10.2,6.4,32.4,9.5,11.9,6.4,8.0,3.9,8.4,3.0,23.8,5.3,11.5,4.2,8.8,5.9,2.5,1.9,50.0,19.8,21.2,8.1,0.0,1.1,5.7,4.1,4.6,3.7,1.3,0.2,0.7807,0.8473,0.78,0.7178,0.7166,3.8424,0.8537,0.0777,0.6439,0.3158,0.7254,0.8703,2.6331,0.6435,0.825,0.825,0.825,0.8587,0.0,0.9549,0.4419,0.6934,2.9489,0.8117,10.2494,0.8711,0,0,0,0,0,0,0,0,0,0,0,0,0,0,0,0,1,0,0,1,1,2979,279,177,2809,995,304,155,102,135,0,17,0,17,464,338,0,17,9.5,5.5,38.1,10.1,4.1,2.2,1.4,1.9,0.0,0.5,0.0,0.5,6.3,4.1,0.0,0.5
39,Ohio,OH,39049,Franklin County,39049008360,Census Tract 83.60; Franklin County; Ohio,1.622899833886,6496,949,2552,386,2460,396,654,367,69,51,317,155,367,188,302,179,1075,305,1312,307,626,208,224,153,263,227,1089,1436,0,24,0,17,33,40,94,94,348,11,10.6,5.7,2.1,1.6,12.9,5.9,7.7,4.2,4.9,3.0,16.5,4.5,20.2,4.4,10.1,3.3,9.1,6.0,4.3,3.6,16.8,22.0,0.0,0.9,0.0,1.4,1.3,1.6,3.8,3.9,5.4,0.8,0.2279,0.2086,0.1222,0.4933,0.4376,1.4896,0.2235,0.4306,0.397,0.2222,0.7403,0.9353,2.7254,0.6975,0.5311,0.5311,0.5311,0.0,0.0,0.6181,0.38,0.9157,1.9138,0.3813,6.6599,0.3705,0,0,0,0,0,0,0,0,0,0,1,1,0,0,0,0,0,0,1,1,2,4119,158,95,436,319,461,399,0,17,12,20,21,37,147,109,12,22,6.4,3.9,6.7,5.0,7.1,6.5,0.0,0.5,0.2,0.3,0.3,0.6,2.3,1.6,0.2,0.3
39,Ohio,OH,39049,Franklin County,39049008380,Census Tract 83.80; Franklin County; Ohio,3.879924326124,5282,563,1592,144,1541,159,484,251,89,54,372,143,623,167,331,165,451,81,853,160,669,237,119,127,154,109,1628,767,8,21,48,34,0,24,106,103,1399,76,12.6,6.3,3.6,2.2,24.1,8.9,16.4,4.2,8.5,4.5,8.5,1.7,16.1,2.1,17.2,4.8,7.7,8.2,3.1,2.2,30.8,14.1,0.5,1.3,3.0,2.1,0.0,1.6,6.9,6.7,26.5,3.2,0.2897,0.4308,0.5448,0.8488,0.7471,2.8612,0.6206,0.0793,0.1658,0.6728,0.667,0.9014,2.4863,0.5489,0.7115,0.7115,0.7115,0.2819,0.734,0.0,0.5924,0.981,2.5893,0.6714,8.6483,0.6813,0,0,0,0,0,0,0,0,0,0,1,1,0,0,0,0,0,0,1,1,2,4577,125,97,977,292,344,230,191,170,1,2,0,17,100,63,15,20,8.1,6.3,18.5,5.4,6.5,4.3,3.6,3.1,0.0,0.1,0.0,0.7,1.9,1.2,0.3,0.4
39,Ohio,OH,39049,Franklin County,39049008381,Census Tract 83.81; Franklin County; Ohio,1.327036821122,4238,523,1843,234,1708,231,683,297,48,49,400,193,617,327,222,122,963,291,746,177,923,287,63,65,29,58,637,725,123,110,550,186,42,42,22,35,0,12,16.2,6.7,2.0,2.0,23.4,10.8,19.4,9.2,5.2,2.7,22.7,6.0,17.6,3.9,21.8,5.6,3.7,3.8,0.7,1.4,15.0,17.0,6.7,5.9,29.8,7.5,2.5,2.4,1.3,2.0,0.0,0.3,0.3951,0.194,0.52,0.9017,0.4706,2.4814,0.5038,0.7819,0.2372,0.8645,0.34,0.6367,2.8603,0.7587,0.4943,0.4943,0.4943,0.6092,0.9841,0.7902,0.1349,0.0,2.5184,0.6425,8.3544,0.6403,0,0,0,1,0,1,0,0,0,0,0,0,0,0,0,1,0,0,0,1,2,1394,166,183,171,175,77,124,125,131,0,12,0,12,264,184,0,12,9.7,10.2,4.0,4.1,1.8,2.9,2.9,3.0,0.0,0.8,0.0,0.8,6.2,4.3,0.0,0.8
39,Ohio,OH,39049,Franklin County,39049008382,Census Tract 83.82; Franklin County; Ohio,1.257043092256,3607,458,1344,150,1344,150,307,270,45,42,271,146,256,202,169,130,382,172,925,323,326,263,30,44,22,52,916,624,96,109,47,72,36,40,0,12,0,12,8.5,7.4,2.2,2.1,20.2,10.6,10.4,8.3,4.7,3.8,10.6,4.8,25.6,6.4,9.1,6.9,2.2,3.3,0.7,1.6,25.4,17.0,7.2,8.1,3.5,5.4,2.7,3.0,0.0,2.6,0.0,0.3,0.1622,0.2238,0.4029,0.6582,0.4135,1.8606,0.3241,0.1462,0.7429,0.1644,0.1762,0.6367,1.8664,0.2073,0.6614,0.6614,0.6614,0.6241,0.7473,0.814,0.0,0.0,2.1854,0.4959,6.5738,0.3568,0,0,0,0,0,0,0,0,0,0,0,0,0,0,0,0,0,0,0,0,0,1824,0,12,216,85,478,286,23,42,0,12,0,12,199,210,0,12,0.0,2.6,6.0,2.4,13.3,7.3,0.6,1.1,0.0,1.0,0.0,1.0,5.5,5.8,0.0,1.0
39,Ohio,OH,39049,Franklin County,39049008400,Census Tract 84; Franklin County; Ohio,0.845674577376,4014,628,1907,306,1808,310,244,111,40,30,613,320,21,20,79,50,663,156,1022,349,213,81,17,23,0,48,834,724,420,119,0,12,1,12,23,20,0,12,6.1,2.6,1.8,1.3,33.9,16.7,0.7,0.7,2.0,1.3,16.5,4.4,25.5,5.9,5.3,2.0,0.9,1.3,0.0,1.3,20.8,17.7,22.0,5.1,0.0,1.8,0.1,0.7,1.3,1.1,0.0,0.3,0.0882,0.1654,0.8067,0.0216,0.1209,1.2028,0.1476,0.4306,0.7378,0.0321,0.0705,0.0,1.271,0.0489,0.6005,0.6005,0.6005,0.8667,0.0,0.3819,0.1349,0.0,1.3835,0.1965,4.4578,0.0933,0,0,0,0,0,0,0,0,0,0,0,0,0,0,0,0,0,0,0,0,0,6301,46,31,124,81,23,18,149,120,0,12,0,12,538,567,0,12,2.5,1.8,3.1,2.0,0.6,0.4,3.7,2.9,0.0,0.9,0.0,0.9,13.4,12.7,0.0,0.9
39,Ohio,OH,39049,Franklin County,39049008500,Census Tract 85; Franklin County; Ohio,1.19278104758,5420,514,2603,279,2539,268,487,312,76,62,592,220,134,118,120,105,497,121,980,243,308,153,104,82,86,106,640,712,764,209,38,63,29,36,16,27,0,17,9.0,5.7,2.0,1.7,23.3,8.3,3.4,2.9,2.2,1.9,9.2,2.0,18.1,3.9,5.7,2.7,4.1,3.2,1.7,2.1,11.8,13.1,29.3,7.4,1.5,2.4,1.1,1.4,0.6,1.0,0.0,0.3,0.1796,0.194,0.5171,0.1836,0.1396,1.2139,0.1502,0.0983,0.2613,0.0384,0.3844,0.8094,1.5918,0.1114,0.4119,0.4119,0.4119,0.9143,0.6667,0.587,0.0616,0.0,2.2296,0.5156,5.4472,0.1838,0,0,0,0,0,0,0,0,0,0,0,0,0,0,1,0,0,0,0,1,1,10216,37,29,18,30,343,203,92,71,0,17,0,17,187,154,0,17,1.5,1.1,0.3,0.6,6.3,3.7,1.7,1.3,0.0,0.6,0.0,0.6,3.5,2.8,0.0,0.6
39,Ohio,OH,39049,Franklin County,39049008710,Census Tract 87.10; Franklin County; Ohio,0.608116827632,2164,403,1245,221,1106,229,816,432,127,75,341,175,131,104,116,85,674,275,362,233,397,168,54,66,0,48,1470,490,0,16,42,43,30,40,116,99,6,2,37.7,18.7,14.5,8.9,30.8,14.5,7.7,6.6,5.4,4.0,31.1,12.3,16.7,9.2,18.3,7.7,4.8,5.9,0.0,2.3,67.9,18.8,0.0,1.3,3.4,3.6,2.7,3.6,10.5,8.8,0.3,0.1,0.8086,0.9263,0.7448,0.4933,0.4916,3.4646,0.7721,0.9689,0.1925,0.7271,0.4565,0.0,2.345,0.459,0.8951,0.8951,0.8951,0.0,0.7448,0.814,0.7343,0.4924,2.7855,0.7546,9.4902,0.7927,0,1,0,0,0,1,1,0,0,0,0,1,0,0,0,0,0,0,0,0,2,1197,128,76,1396,429,0,12,0,12,0,12,0,12,74,83,0,12,11.6,6.8,64.5,13.7,0.0,1.6,0.0,1.6,0.0,1.6,0.0,1.6,3.4,3.7,0.0,1.6
39,Ohio,OH,39049,Franklin County,39049008720,Census Tract 87.20; Franklin County; Ohio,1.098843975388,3627,640,1865,366,1700,358,1177,387,39,60,515,245,369,187,389,199,518,151,721,180,675,208,121,105,114,121,2824,710,40,65,77,71,25,30,184,136,6,2,32.5,9.0,2.2,3.4,30.3,12.9,14.2,7.4,10.7,5.6,14.3,5.0,19.9,5.1,18.6,6.3,7.1,6.0,3.3,3.4,77.9,13.9,2.1,3.5,4.1,3.8,1.5,1.7,10.8,8.0,0.2,0.0,0.748,0.2238,0.734,0.7942,0.8458,3.3458,0.746,0.3047,0.3751,0.7407,0.626,0.9071,2.9536,0.8029,0.9277,0.9277,0.9277,0.4111,0.7641,0.6606,0.7473,0.4356,3.0187,0.8371,10.2458,0.8705,0,0,0,0,0,0,0,0,0,0,1,1,1,1,0,0,0,0,0,0,2,2528,359,212,1620,548,201,206,116,101,0,12,0,12,887,663,0,12,21.1,11.1,44.7,12.3,5.5,5.9,3.2,2.9,0.0,1.0,0.0,1.0,24.5,16.3,0.0,1.0
39,Ohio,OH,39049,Franklin County,39049008730,Census Tract 87.30; Franklin County; Ohio,1.800281270318,1957,323,1191,124,721,125,908,320,85,69,393,123,313,133,84,55,205,41,488,180,346,139,131,99,0,48,1507,348,691,128,0,12,60,42,140,82,333,22,50.3,15.3,11.1,9.4,54.5,14.2,25.1,9.3,4.7,3.2,10.5,2.6,24.9,6.3,19.2,8.1,18.1,13.4,0.0,2.6,77.0,12.4,58.0,8.9,0.0,2.9,8.3,5.6,19.4,9.8,17.0,3.0,0.9096,0.8663,0.9835,0.9543,0.4135,4.1272,0.9159,0.1424,0.7061,0.7721,0.9368,0.0,2.5574,0.5946,0.9242,0.9242,0.9242,0.9816,0.0,0.9813,0.8952,0.9705,3.8286,0.9803,11.4374,0.9568,1,0,1,1,0,3,0,0,0,1,0,1,1,1,1,0,1,0,1,3,8,6368,124,57,1287,341,64,54,0,12,0,12,0,12,156,94,0,12,17.2,8.2,65.8,9.6,3.3,2.9,0.0,1.8,0.0,1.8,0.0,1.8,8.0,4.9,0.0,1.8
39,Ohio,OH,39049,Franklin County,39049008811,Census Tract 88.11; Franklin County; Ohio,2.016391053962,1658,325,779,175,700,172,587,270,12,18,121,55,260,71,79,58,293,133,314,161,505,179,7,15,5,47,389,432,0,16,28,20,29,34,22,17,0,12,35.4,14.7,1.7,2.7,17.3,6.6,21.2,7.1,4.8,3.1,17.7,7.2,18.9,8.0,30.5,9.5,1.0,2.1,0.3,3.0,23.5,25.6,0.0,2.1,3.6,2.6,4.1,4.8,3.1,2.6,0.0,0.7,0.7836,0.1492,0.2819,0.9255,0.4243,2.5645,0.5283,0.5117,0.3107,0.9813,0.0759,0.4968,2.3764,0.4838,0.6351,0.6351,0.6351,0.0,0.7502,0.9006,0.3143,0.0,1.9651,0.4032,7.5411,0.5063,0,0,0,1,0,1,0,0,1,0,0,1,0,0,0,0,1,0,0,1,3,1912,176,116,133,116,175,197,0,12,0,12,0,12,81,77,0,12,25.1,13.8,8.0,6.7,10.6,11.0,0.0,2.1,0.0,2.1,0.0,2.1,4.9,4.6,0.0,2.1
39,Ohio,OH,39049,Franklin County,39049008812,Census Tract 88.12; Franklin County; Ohio,3.263309779574,3063,570,1449,140,1377,170,425,159,42,51,365,137,342,129,385,178,697,155,471,234,775,185,0,16,8,48,2207,619,103,111,0,12,0,16,100,77,10,2,13.9,4.5,2.5,3.3,26.5,9.4,14.1,5.0,12.6,5.1,22.8,6.5,15.4,5.5,25.3,6.4,0.0,1.2,0.3,1.6,72.1,15.1,7.2,7.6,0.0,2.4,0.0,1.2,7.3,5.6,0.3,0.0,0.3304,0.2657,0.6356,0.7923,0.9013,2.9253,0.6343,0.7857,0.1414,0.9359,0.0,0.4968,2.3598,0.4708,0.9084,0.9084,0.9084,0.6241,0.0,0.0,0.6159,0.4924,1.7324,0.3095,7.9259,0.5727,0,0,0,0,1,1,0,0,1,0,0,1,1,1,0,0,0,0,0,0,3,5082,132,80,2072,448,135,129,0,12,0,12,0,12,0,12,0,12,9.6,6.0,67.6,5.9,4.4,4.2,0.0,1.1,0.0,1.1,0.0,1.1,0.0,1.1,0.0,1.1
39,Ohio,OH,39049,Franklin County,39049008813,Census Tract 88.13; Franklin County; Ohio,0.76314604708,2216,299,1016,110,903,110,714,244,121,86,224,79,151,55,129,80,390,116,419,172,429,138,81,71,40,81,1858,315,0,16,5,9,23,31,44,33,10,2,32.2,10.1,10.9,7.4,24.8,8.2,9.3,3.1,5.8,3.5,17.6,5.0,18.9,6.3,19.4,6.4,9.0,7.8,1.9,3.8,83.8,8.6,0.0,1.6,0.5,0.9,2.5,3.4,4.9,3.5,0.5,0.1,0.7448,0.8619,0.5717,0.5951,0.5294,3.3029,0.7384,0.5044,0.3107,0.782,0.7349,0.8275,3.1595,0.8759,0.9439,0.9439,0.9439,0.0,0.5717,0.7902,0.4625,0.5742,2.3986,0.5933,9.8049,0.827,0,0,0,0,0,0,0,0,0,0,0,0,1,1,0,0,0,0,0,0,1,974,157,74,1619,290,83,94,0,12,32,38,0,12,124,93,0,12,17.4,8.0,73.1,7.2,3.7,4.1,0.0,1.6,1.4,1.7,0.0,1.6,5.6,4.2,0.0,1.6
39,Ohio,OH,39049,Franklin County,39049008821,Census Tract 88.21; Franklin County; Ohio,1.556586429284,2504,357,1055,134,1028,127,956,422,43,53,351,153,356,185,172,101,441,155,459,220,699,251,193,141,75,75,597,537,0,16,116,106,31,42,20,32,0,12,38.2,15.9,3.8,5.0,34.1,14.3,19.3,10.1,6.9,3.9,17.6,5.9,18.3,6.8,28.1,8.8,18.8,13.5,3.3,3.2,23.8,21.2,0.0,1.5,11.0,9.9,3.0,4.1,1.9,3.0,0.0,0.5,0.8166,0.4524,0.8089,0.9001,0.6274,3.6054,0.8029,0.5044,0.272,0.9673,0.9448,0.9071,3.5956,0.9648,0.6411,0.6411,0.6411,0.0,0.887,0.8429,0.2029,0.0,1.9328,0.3902,9.7749,0.8238,0,0,0,1,0,1,0,0,1,1,1,3,0,0,0,0,0,0,0,0,4,2583,140,81,182,189,208,235,0,12,0,12,0,12,207,184,0,12,13.6,8.1,7.3,7.9,8.3,8.6,0.0,1.4,0.0,1.4,0.0,1.4,8.3,7.2,0.0,1.4
39,Ohio,OH,39049,Franklin County,39049008822,Census Tract 88.22; Franklin County; Ohio,1.971763454292,4350,444,1926,226,1836,257,1368,405,99,62,723,277,549,160,310,217,745,169,1124,164,960,290,287,121,57,105,1831,584,339,229,244,135,4,15,481,235,125,4,32.5,9.0,5.0,3.1,39.4,14.0,19.2,5.4,7.3,4.9,17.1,3.6,25.8,3.4,22.7,6.8,15.7,6.2,1.4,2.6,42.1,12.7,17.6,11.7,12.7,6.9,0.2,0.8,26.2,10.4,2.9,0.3,0.748,0.58,0.8876,0.8989,0.6661,3.7806,0.8406,0.4677,0.7562,0.8877,0.9133,0.7717,3.7966,0.9863,0.7901,0.7901,0.7901,0.8159,0.9086,0.3905,0.9435,0.8224,3.8809,0.9838,12.2482,0.9902,0,0,0,0,0,0,0,0,0,1,0,1,0,0,0,1,0,1,0,2,3,5902,456,236,1355,401,242,222,0,12,19,22,0,12,215,212,0,12,24.8,11.0,31.1,7.7,5.6,4.9,0.0,0.8,0.4,0.5,0.0,0.8,4.9,4.9,0.0,0.8
39,Ohio,OH,39049,Franklin County,39049008825,Census Tract 88.25; Franklin County; Ohio,1.695282761928,6278,936,2481,280,2318,299,1065,471,221,239,306,131,613,202,595,553,787,251,1316,309,1150,392,218,183,0,68,1316,1295,18,33,22,34,0,24,123,102,0,17,17.0,7.1,6.2,6.3,13.2,5.4,14.4,4.5,9.5,8.4,12.5,4.4,21.0,3.7,18.3,6.4,9.4,7.8,0.0,1.2,21.0,20.4,0.7,1.3,0.9,1.4,0.0,1.0,5.3,4.4,0.0,0.3,0.4237,0.6698,0.1298,0.8006,0.7982,2.8221,0.6079,0.2166,0.4499,0.7271,0.754,0.0,2.1476,0.3489,0.6024,0.6024,0.6024,0.2994,0.6187,0.0,0.4917,0.0,1.4098,0.2041,6.9819,0.419,0,0,0,0,0,0,0,0,0,0,0,0,0,0,0,0,0,0,0,0,0,2537,155,81,728,470,390,373,0,17,0,17,0,17,198,136,0,17,6.7,3.6,11.6,6.7,6.2,6.1,0.0,0.6,0.0,0.6,0.0,0.6,3.2,2.2,0.0,0.6
39,Ohio,OH,39049,Franklin County,39049008900,Census Tract 89; Franklin County; Ohio,0.60076312894,5078,380,1795,180,1720,176,762,264,90,77,327,109,62,41,147,86,622,236,1139,224,589,165,225,132,88,79,1104,542,182,71,0,17,0,24,164,71,1025,51,18.8,6.3,3.4,2.9,19.0,6.0,2.3,1.5,2.9,1.8,12.2,4.3,22.4,3.6,11.6,3.3,13.1,7.6,1.8,1.6,21.7,10.5,10.1,3.8,0.0,1.9,0.0,1.4,9.5,4.2,20.2,1.8,0.4776,0.3975,0.354,0.1068,0.2142,1.5501,0.239,0.2032,0.5466,0.3234,0.8638,0.8183,2.7553,0.7102,0.6129,0.6129,0.6129,0.6933,0.0,0.0,0.7013,0.9756,2.3702,0.5794,7.2885,0.4689,0,0,0,0,0,0,0,0,0,0,0,0,0,0,0,0,0,0,1,1,1,5201,152,70,300,153,267,136,215,103,0,17,0,17,322,278,0,17,8.8,3.9,5.9,2.9,5.3,2.6,4.2,2.0,0.0,0.7,0.0,0.7,6.3,5.3,0.0,0.7
39,Ohio,OH,39049,Franklin County,39049009000,Census Tract 90; Franklin County; Ohio,1.014369877114,3566,468,1417,165,1264,137,137,86,22,27,143,60,105,124,247,290,723,172,1007,210,165,67,58,51,6,47,346,644,336,132,0,12,11,21,31,29,26,4,3.9,2.4,1.4,1.7,11.3,4.6,4.3,4.5,6.9,7.7,20.3,4.3,28.2,5.1,4.6,1.9,4.6,4.0,0.2,1.4,9.7,18.0,23.7,8.9,0.0,2.4,0.9,1.7,2.5,2.3,0.7,0.1,0.0419,0.1117,0.0771,0.2508,0.6274,1.1089,0.1244,0.6804,0.8608,0.0203,0.4381,0.4556,2.4552,0.5317,0.3478,0.3478,0.3478,0.8797,0.0,0.5384,0.2587,0.6243,2.3011,0.5492,6.213,0.2933,0,0,0,0,0,0,0,0,0,0,0,0,0,0,0,0,0,0,0,0,0,3389,43,38,84,71,21,25,118,112,0,12,0,12,123,102,0,12,3.4,3.0,2.4,2.1,0.6,0.7,3.3,3.1,0.0,1.0,0.0,1.0,3.4,2.7,0.0,1.0
39,Ohio,OH,39049,Franklin County,39049009100,Census Tract 91; Franklin County; Ohio,0.80594159276,4893,438,1822,158,1766,161,182,138,127,102,311,109,28,35,101,129,597,113,1573,231,317,111,106,96,47,64,626,663,102,76,0,12,0,16,113,61,3,1,3.7,2.8,4.9,3.8,17.6,6.0,0.9,1.1,2.1,2.7,12.2,2.1,32.1,3.0,6.5,2.2,6.0,5.4,1.0,1.4,12.8,13.5,5.6,4.1,0.0,1.9,0.0,0.9,6.4,3.5,0.1,0.0,0.0378,0.5711,0.2943,0.0289,0.1301,1.0622,0.1133,0.2032,0.9512,0.0549,0.5517,0.707,2.468,0.5378,0.4401,0.4401,0.4401,0.5762,0.0,0.0,0.5641,0.3694,1.5097,0.233,5.48,0.187,0,0,0,0,0,0,0,1,0,0,0,1,0,0,0,0,0,0,0,0,1,4365,104,72,189,144,263,166,70,70,0,12,0,12,104,78,0,12,5.9,3.9,3.9,2.9,5.4,3.5,1.4,1.4,0.0,0.7,0.0,0.7,2.1,1.6,0.0,0.7
39,Ohio,OH,39049,Franklin County,39049009220,Census Tract 92.20; Franklin County; Ohio,0.787120278566,2544,421,1041,150,975,157,890,324,145,124,404,151,275,143,365,153,335,76,716,125,247,82,115,61,74,72,1372,501,135,50,59,33,61,72,132,67,6,4,35.5,11.7,12.5,9.6,41.4,14.0,16.7,8.6,14.4,5.6,13.2,2.5,28.1,3.2,9.7,3.4,11.8,6.0,3.2,3.0,53.9,17.6,13.0,4.4,5.7,3.3,6.3,7.3,13.5,6.8,0.2,0.2,0.7842,0.8946,0.9111,0.8554,0.9346,4.3799,0.9571,0.2457,0.857,0.2003,0.8337,0.9049,3.0416,0.8359,0.8427,0.8427,0.8427,0.7476,0.7994,0.9644,0.8111,0.4356,3.7581,0.9724,12.0223,0.9825,0,0,1,0,1,2,0,0,0,0,1,1,0,0,0,0,1,0,0,1,4,2121,157,64,744,269,466,183,76,81,0,12,0,12,86,77,0,12,16.1,7.1,29.2,8.2,18.3,7.9,3.0,3.2,0.0,1.4,0.0,1.4,3.4,2.8,0.0,1.4
39,Ohio,OH,39049,Franklin County,39049009230,Census Tract 92.30; Franklin County; Ohio,0.713496804798,5003,581,2207,226,2036,234,1828,588,386,186,898,217,374,163,972,311,548,157,1281,315,693,191,283,92,94,102,2950,733,300,105,8,12,37,42,400,181,11,3,37.4,11.3,13.8,6.3,44.1,9.4,11.4,5.1,19.5,6.0,11.0,3.2,25.6,5.0,13.9,3.9,13.9,4.2,2.0,2.2,59.0,13.0,13.6,4.5,0.4,0.5,1.8,2.1,19.6,8.1,0.2,0.1,0.8045,0.9175,0.9356,0.7004,0.9749,4.3329,0.9483,0.1588,0.7429,0.4754,0.879,0.8348,3.0909,0.8511,0.8589,0.8589,0.8589,0.7568,0.5625,0.7079,0.8978,0.4356,3.3606,0.9111,11.6433,0.9667,0,1,1,0,1,3,0,0,0,0,0,0,0,0,0,0,0,0,0,0,3,4143,324,119,1855,366,678,282,50,51,0,17,0,17,367,257,0,17,15.9,6.1,37.1,7.1,13.6,5.2,1.0,1.0,0.0,0.7,0.0,0.7,7.3,5.0,0.0,0.7
39,Ohio,OH,39049,Franklin County,39049009240,Census Tract 92.40; Franklin County; Ohio,0.319794386928,2166,392,858,106,858,106,617,154,58,46,188,59,217,99,168,71,270,76,358,77,330,109,151,102,52,71,550,550,56,69,0,12,15,18,55,35,0,12,28.6,4.9,4.9,4.1,21.9,6.3,13.1,5.9,7.8,3.3,12.5,4.3,16.5,3.0,15.2,5.6,17.6,11.7,2.5,3.4,25.4,25.0,6.5,8.0,0.0,4.0,1.8,2.1,6.4,4.1,0.0,0.6,0.6871,0.5711,0.4702,0.7609,0.701,3.1903,0.7114,0.2166,0.1823,0.5592,0.9327,0.8703,2.7611,0.7127,0.6614,0.6614,0.6614,0.6013,0.0,0.7079,0.5641,0.0,1.8733,0.3657,8.4861,0.6597,0,0,0,0,0,0,0,0,0,1,0,1,0,0,0,0,0,0,0,0,1,1150,41,32,344,105,110,108,26,40,16,20,0,12,54,46,0,12,4.8,3.8,15.9,4.9,5.1,5.0,1.2,1.9,0.7,1.0,0.0,1.6,2.5,2.2,0.0,1.6
39,Ohio,OH,39049,Franklin County,39049009250,Census Tract 92.50; Franklin County; Ohio,0.453033167802,2372,540,894,146,816,138,754,514,52,44,235,100,190,125,277,202,288,85,617,158,391,139,62,51,61,63,992,737,20,31,0,12,31,36,58,36,0,12,31.8,20.4,4.9,3.8,28.8,11.2,12.5,5.6,11.7,6.5,12.1,4.6,26.0,3.2,16.5,3.9,7.6,6.1,2.7,2.8,41.8,29.6,2.2,3.4,0.0,3.8,3.8,4.4,7.1,4.5,0.0,0.5,0.7382,0.5711,0.6997,0.7372,0.8785,3.6247,0.8063,0.1988,0.7689,0.6334,0.661,0.8827,3.1448,0.8717,0.7892,0.7892,0.7892,0.4216,0.0,0.8898,0.6048,0.0,1.9162,0.3835,9.4749,0.7905,0,0,0,0,0,0,0,0,0,0,0,0,0,0,0,0,0,0,0,0,0,2245,23,18,452,84,202,152,0,12,3,4,0,12,265,179,70,50,2.8,2.3,19.1,6.1,8.5,6.1,0.0,1.5,0.1,0.2,0.0,1.5,11.2,7.3,3.0,2.3
39,Ohio,OH,39049,Franklin County,39049009251,Census Tract 92.51; Franklin County; Ohio,1.72473307808,1331,444,749,146,609,98,543,377,24,34,238,121,33,47,95,94,50,43,464,298,115,68,100,65,34,57,1195,450,188,93,0,12,106,101,51,59,0,12,40.8,24.8,3.3,4.6,39.1,18.8,4.4,6.2,7.2,7.8,3.8,3.4,34.9,11.8,8.7,6.1,16.4,10.3,2.8,4.7,89.8,15.7,25.1,11.4,0.0,4.6,17.4,16.3,8.4,9.6,0.0,0.9,0.8435,0.386,0.8854,0.2581,0.6557,3.0287,0.6714,0.0181,0.9772,0.1476,0.921,0.8884,2.9523,0.8016,0.9597,0.9597,0.9597,0.8863,0.0,0.9987,0.6635,0.0,2.5485,0.6556,9.4892,0.7924,0,0,0,0,0,0,0,1,0,1,0,2,1,1,0,0,1,0,0,1,4,5092,63,59,988,473,178,112,29,49,0,12,0,12,0,12,0,12,10.3,10.0,74.2,13.8,13.4,9.8,2.2,3.7,0.0,2.6,0.0,2.6,0.0,2.6,0.0,2.6
39,Ohio,OH,39049,Franklin County,39049009252,Census Tract 92.52; Franklin County; Ohio,0.719903009182,3335,388,1915,253,1889,259,804,295,102,125,662,222,190,139,221,163,255,103,672,170,393,204,175,96,90,120,2712,460,518,202,0,12,13,22,259,252,0,12,24.1,8.4,4.8,6.0,35.0,10.7,8.1,6.0,6.6,4.8,7.6,3.0,20.1,4.1,11.8,6.6,9.2,4.9,3.1,4.1,81.3,10.0,27.1,9.9,0.0,1.8,0.7,1.2,13.7,12.1,0.0,0.4,0.602,0.5603,0.8225,0.5206,0.6001,3.1055,0.6895,0.0571,0.3906,0.3351,0.7448,0.9014,2.429,0.5137,0.9385,0.9385,0.9385,0.9006,0.0,0.4873,0.814,0.0,2.2019,0.5019,8.6749,0.686,0,0,0,0,0,0,0,0,0,0,1,1,1,1,1,0,0,0,0,1,3,1906,192,144,1797,492,245,229,320,300,0,12,0,12,350,254,0,12,10.2,7.2,53.9,12.8,7.3,6.6,9.6,8.9,0.0,1.0,0.0,1.0,10.5,7.7,0.0,1.0
39,Ohio,OH,39049,Franklin County,39049009311,Census Tract 93.11; Franklin County; Ohio,0.657144445694,2856,510,1295,148,1284,149,870,383,50,54,539,164,178,90,344,152,461,154,570,285,687,216,53,62,34,55,1819,705,123,81,13,23,24,33,36,38,0,12,30.5,12.3,3.4,3.6,42.0,11.8,8.6,4.3,12.0,5.5,16.1,5.8,20.0,7.5,24.1,8.7,4.1,4.8,1.3,2.1,63.7,21.9,9.5,6.2,1.0,1.8,1.9,2.6,2.8,3.0,0.0,0.4,0.7198,0.3975,0.9181,0.552,0.8873,3.4747,0.7749,0.4071,0.3836,0.9169,0.3844,0.7565,2.8485,0.7521,0.8802,0.8802,0.8802,0.6816,0.6295,0.7219,0.2848,0.0,2.3178,0.5575,9.5212,0.7959,0,0,1,0,0,1,0,0,1,0,0,1,0,0,0,0,0,0,0,0,2,2751,143,85,1555,237,177,103,0,12,0,12,0,12,87,73,0,12,11.1,6.6,54.4,10.3,6.2,3.9,0.0,1.2,0.0,1.2,0.0,1.2,3.0,2.5,0.0,1.2
39,Ohio,OH,39049,Franklin County,39049009312,Census Tract 93.12; Franklin County; Ohio,0.60537704784,3365,525,1508,104,1392,137,966,430,116,92,572,187,397,264,873,402,271,105,1098,307,354,129,283,134,299,206,2512,578,151,83,0,12,69,80,60,49,0,12,29.1,12.2,7.2,5.7,41.1,12.8,18.5,10.3,25.9,11.1,8.1,3.8,32.6,6.4,10.5,4.0,20.3,9.4,10.4,7.0,74.7,12.6,10.0,5.5,0.0,2.3,5.0,5.7,4.3,3.5,0.0,0.4,0.6966,0.7337,0.9079,0.8897,0.9905,4.2184,0.9324,0.0704,0.9556,0.2453,0.9581,0.9908,3.2202,0.8914,0.9163,0.9163,0.9163,0.6905,0.0,0.9381,0.4184,0.0,2.047,0.4371,10.4019,0.8838,0,0,1,0,1,2,0,1,0,1,1,3,1,1,0,0,1,0,0,1,7,2257,19,23,1608,391,665,509,8,12,0,12,0,12,179,141,52,71,1.4,1.7,47.8,12.3,19.8,13.8,0.2,0.4,0.0,1.0,0.0,1.0,5.3,4.1,1.5,2.1
39,Ohio,OH,39049,Franklin County,39049009321,Census Tract 93.21; Franklin County; Ohio,0.378562586246,3280,1123,963,163,928,164,1586,1129,119,75,316,136,174,90,647,401,508,165,732,171,823,775,78,38,163,118,2367,1207,0,16,18,26,44,43,10,11,0,12,48.4,30.2,8.8,5.1,34.1,13.4,7.2,4.9,19.7,7.1,15.5,2.7,22.3,7.7,25.1,16.3,8.5,3.8,5.3,3.3,72.2,27.3,0.0,1.7,1.9,2.7,4.7,4.6,1.1,1.2,0.0,0.4,0.8997,0.8073,0.8089,0.4629,0.9765,3.9553,0.8787,0.371,0.539,0.9327,0.7102,0.9569,3.5098,0.9527,0.9087,0.9087,0.9087,0.0,0.693,0.9283,0.1194,0.0,1.7407,0.3124,10.1145,0.8571,0,0,0,0,1,1,0,0,1,0,1,2,1,1,0,0,1,0,0,1,5,703,48,34,1896,1064,222,143,59,87,9,14,0,12,181,155,0,12,5.2,3.7,57.8,17.1,6.8,4.9,1.8,2.8,0.3,0.5,0.0,1.1,5.5,5.2,0.0,1.1
39,Ohio,OH,39049,Franklin County,39049009322,Census Tract 93.22; Franklin County; Ohio,0.573434057176,3815,793,1626,199,1466,189,1686,775,165,131,448,173,290,147,141,129,616,151,1324,667,439,146,286,145,68,85,2829,826,9,18,27,37,44,36,70,84,12,7,44.2,18.1,10.5,8.1,30.6,11.1,12.8,6.3,3.7,3.5,16.1,3.8,34.7,11.4,11.5,4.5,19.5,9.6,1.9,2.3,74.2,15.2,0.6,1.1,1.7,2.3,3.0,2.4,4.8,5.6,0.3,0.2,0.8731,0.8549,0.74,0.7498,0.3021,3.5199,0.7851,0.4071,0.975,0.3158,0.9498,0.8275,3.4752,0.9438,0.9144,0.9144,0.9144,0.2886,0.6816,0.8429,0.4568,0.4924,2.7623,0.7435,10.6718,0.9073,0,0,0,0,0,0,0,1,0,1,0,2,1,1,0,0,0,0,0,0,3,1086,210,103,2185,764,419,277,9,41,0,12,10,16,187,169,19,20,14.3,7.0,57.3,10.1,11.0,7.4,0.2,1.1,0.0,0.9,0.3,0.4,4.9,4.6,0.5,0.5
39,Ohio,OH,39049,Franklin County,39049009323,Census Tract 93.23; Franklin County; Ohio,0.426336145012,3784,508,1660,207,1623,220,1826,417,203,114,671,180,596,247,831,408,391,111,1017,215,582,177,244,94,215,151,3231,535,254,129,0,12,39,49,358,184,5,10,48.3,8.9,12.1,5.8,41.3,9.6,24.1,8.4,22.0,9.6,10.3,3.2,26.9,4.9,15.4,5.0,15.0,5.4,5.8,4.0,85.4,8.3,15.3,7.5,0.0,2.1,2.4,3.0,22.1,10.4,0.1,0.3,0.8991,0.8854,0.9105,0.9486,0.9848,4.6284,0.9892,0.1325,0.8107,0.5712,0.9006,0.9629,3.3779,0.9257,0.949,0.949,0.949,0.7835,0.0,0.7787,0.919,0.3694,2.8506,0.7781,11.8059,0.9749,0,0,1,1,1,3,0,0,0,1,1,2,1,1,0,0,0,1,0,1,7,1593,295,159,2795,446,283,248,0,12,0,12,0,12,143,75,10,17,18.2,9.4,73.9,5.5,7.5,6.4,0.0,0.9,0.0,0.9,0.0,0.9,3.8,1.9,0.3,0.4
39,Ohio,OH,39049,Franklin County,39049009325,Census Tract 93.25; Franklin County; Ohio,2.003069376656,4459,618,2329,173,2056,220,2439,663,226,142,878,271,563,278,585,335,510,168,1277,394,1008,357,292,192,211,162,3973,669,741,269,0,12,19,39,576,234,125,6,55.8,13.0,12.6,7.8,42.7,12.4,21.0,9.6,13.4,7.1,11.4,4.1,28.6,6.3,23.1,8.3,14.2,9.2,5.2,3.9,89.1,8.5,31.8,11.3,0.0,1.5,0.9,1.9,28.0,10.7,2.8,0.4,0.9416,0.8975,0.9241,0.9233,0.9191,4.6056,0.9867,0.1718,0.876,0.8988,0.886,0.9556,3.7882,0.9857,0.9575,0.9575,0.9575,0.9273,0.0,0.5384,0.9511,0.8161,3.2329,0.886,12.5842,0.9968,1,0,1,1,1,4,0,0,0,0,1,1,1,1,1,0,0,1,0,2,8,6521,539,261,2517,606,824,573,41,71,8,13,0,12,583,376,0,12,26.2,11.9,56.4,12.7,18.5,11.1,0.9,1.6,0.2,0.3,0.0,0.8,13.1,8.7,0.0,0.8
39,Ohio,OH,39049,Franklin County,39049009326,Census Tract 93.26; Franklin County; Ohio,0.283547903372,2297,617,1153,195,1061,205,774,250,75,51,423,117,561,498,458,196,199,218,354,110,353,107,162,81,393,182,2093,621,396,169,0,12,49,46,180,81,0,12,33.7,6.0,4.8,3.8,39.9,7.9,31.8,19.7,19.9,7.6,8.7,7.6,15.4,5.5,15.4,5.6,15.3,7.0,18.0,6.6,91.1,11.5,34.3,13.5,0.0,3.0,4.6,4.2,17.0,7.0,0.0,0.5,0.7639,0.5603,0.8937,0.986,0.9778,4.1817,0.9238,0.0853,0.1414,0.5712,0.9076,0.9994,2.7049,0.6844,0.9629,0.9629,0.9629,0.9359,0.0,0.9251,0.8673,0.0,2.7283,0.7314,10.5778,0.9003,0,0,0,1,1,2,0,0,0,1,1,2,1,1,1,0,1,0,0,2,7,773,135,63,1659,555,346,253,0,12,0,12,0,12,88,68,0,12,12.7,6.6,72.2,11.2,15.1,10.0,0.0,1.5,0.0,1.5,0.0,1.5,3.8,3.0,0.0,1.5
39,Ohio,OH,39049,Franklin County,39049009332,Census Tract 93.32; Franklin County; Ohio,0.737740149378,3806,753,1694,240,1636,248,555,374,207,198,569,246,110,69,357,242,651,113,946,411,522,164,292,224,83,109,3193,787,90,79,39,59,52,56,36,35,11,2,14.6,9.4,10.6,8.9,34.8,14.1,4.2,2.6,9.4,5.5,17.1,4.5,24.9,6.8,13.7,5.0,17.8,13.4,2.4,3.1,83.9,12.3,5.3,4.6,2.3,3.5,3.2,3.4,2.2,2.1,0.3,0.1,0.3494,0.8565,0.8203,0.2441,0.7928,3.0631,0.6816,0.4677,0.7061,0.4589,0.9352,0.8646,3.4325,0.9362,0.9442,0.9442,0.9442,0.566,0.7114,0.8571,0.2324,0.4924,2.8593,0.7816,10.2991,0.8768,0,0,0,0,0,0,0,0,0,1,0,1,1,1,0,0,0,0,0,0,2,2468,135,86,2693,475,415,406,0,12,0,12,0,12,85,76,0,12,8.3,5.2,70.8,9.9,10.9,9.4,0.0,0.9,0.0,0.9,0.0,0.9,2.2,2.0,0.0,0.9
39,Ohio,OH,39049,Franklin County,39049009334,Census Tract 93.34; Franklin County; Ohio,0.568593882504,2871,350,1213,82,1213,82,1085,291,95,57,509,143,242,109,427,199,377,55,618,176,678,145,157,83,90,89,2520,393,28,34,0,12,0,16,123,81,9,6,38.2,9.0,7.5,4.8,42.0,11.4,13.0,5.6,14.9,6.7,13.1,2.2,21.5,4.8,23.6,5.1,12.9,6.8,3.3,3.2,87.8,8.5,2.3,2.8,0.0,2.8,0.0,1.3,10.1,6.6,0.3,0.2,0.8166,0.7479,0.9181,0.7555,0.9391,4.1772,0.9232,0.2413,0.4848,0.9067,0.8597,0.9071,3.3996,0.9308,0.9534,0.9534,0.9534,0.426,0.0,0.0,0.7232,0.4924,1.6416,0.2721,10.1718,0.8629,0,0,1,0,1,2,0,0,1,0,1,2,1,1,0,0,0,0,0,0,5,1848,354,112,2237,276,213,184,37,47,6,9,0,12,27,33,0,12,29.2,8.9,77.9,6.0,7.4,6.2,1.3,1.6,0.2,0.3,0.0,1.2,0.9,1.2,0.0,1.2
39,Ohio,OH,39049,Franklin County,39049009336,Census Tract 93.36; Franklin County; Ohio,0.655624748222,2246,446,1616,141,1243,172,430,225,28,28,301,104,73,64,166,165,267,142,291,190,187,116,110,87,17,51,1294,485,482,133,0,12,18,38,6,10,0,12,19.1,9.3,1.7,1.7,24.2,7.7,4.0,3.9,7.4,6.8,11.9,6.2,13.0,6.9,8.3,4.4,8.9,6.9,0.8,2.4,57.6,18.3,29.8,7.8,0.0,2.1,1.4,3.1,0.5,0.8,0.0,0.5,0.4859,0.1492,0.5486,0.2283,0.6744,2.0864,0.394,0.1925,0.078,0.1257,0.7311,0.6636,1.7909,0.1781,0.8542,0.8542,0.8542,0.9181,0.0,0.6384,0.0524,0.0,1.6089,0.2616,6.3404,0.3124,0,0,0,0,0,0,0,0,0,0,0,0,0,0,1,0,0,0,0,1,1,828,94,76,1003,390,142,160,66,66,0,12,0,12,83,74,0,12,7.6,6.4,44.7,11.2,6.3,6.6,2.9,3.0,0.0,1.5,0.0,1.5,3.7,3.4,0.0,1.5
39,Ohio,OH,39049,Franklin County,39049009337,Census Tract 93.37; Franklin County; Ohio,1.14555884247,4235,576,1787,154,1761,153,1646,358,132,82,709,177,377,129,600,395,527,153,1097,251,667,212,443,191,195,154,3855,597,260,102,25,38,77,52,147,78,0,12,39.1,6.6,6.1,3.4,40.3,9.4,13.5,4.5,14.2,8.7,12.4,3.1,25.9,4.0,15.7,5.1,25.2,10.6,4.8,3.7,91.0,6.7,14.6,5.6,1.4,2.1,4.4,2.9,8.3,4.6,0.0,0.3,0.8264,0.6648,0.8987,0.7774,0.9308,4.0981,0.9095,0.2118,0.7625,0.5874,0.9778,0.9474,3.4869,0.946,0.9626,0.9626,0.9626,0.7737,0.6597,0.9168,0.6606,0.0,3.0108,0.8333,11.5584,0.9622,0,0,0,0,1,1,0,0,0,1,1,2,1,1,0,0,1,0,0,1,5,2527,137,65,3528,615,99,109,0,12,0,12,0,12,217,166,11,19,7.8,3.8,83.3,6.3,2.3,2.6,0.0,0.8,0.0,0.8,0.0,0.8,5.1,3.8,0.3,0.4
39,Ohio,OH,39049,Franklin County,39049009340,Census Tract 93.40; Franklin County; Ohio,0.598311767342,3362,544,1473,286,1409,293,1561,517,393,316,776,324,301,159,804,443,385,103,869,296,635,362,93,70,158,143,2117,713,515,281,0,12,79,71,201,94,21,2,46.7,13.5,22.2,15.1,55.1,19.9,13.4,7.2,24.1,11.7,11.5,3.2,25.8,6.5,19.0,9.6,6.6,4.8,5.0,4.5,63.0,18.6,34.9,17.8,0.0,2.3,5.6,4.9,14.3,6.9,0.6,0.1,0.8877,0.979,0.9851,0.7736,0.9886,4.614,0.9876,0.1756,0.7562,0.7639,0.5902,0.9521,3.238,0.8962,0.8767,0.8767,0.8767,0.939,0.0,0.953,0.8241,0.6059,3.322,0.9038,12.0507,0.9841,0,1,1,0,1,3,0,0,0,0,1,1,0,0,1,0,1,0,0,2,6,4228,226,94,1719,431,320,311,0,12,6,11,0,12,72,73,0,12,16.0,6.7,51.1,12.8,9.5,8.9,0.0,1.0,0.2,0.3,0.0,1.0,2.1,2.1,0.0,1.0
39,Ohio,OH,39049,Franklin County,39049009350,Census Tract 93.50; Franklin County; Ohio,0.68173450987,3257,770,1552,260,1428,236,594,322,61,54,441,155,385,208,284,240,465,136,675,255,546,133,90,76,193,221,2336,817,505,157,0,12,26,26,169,107,6,2,18.2,8.9,3.4,3.2,30.9,9.6,16.7,7.4,8.7,6.9,14.3,5.6,20.7,4.5,16.8,6.0,6.3,5.2,6.3,7.0,71.7,18.5,32.6,8.5,0.0,2.2,1.8,1.8,11.8,7.4,0.2,0.0,0.4611,0.3975,0.7486,0.8554,0.7566,3.2192,0.7178,0.3047,0.4315,0.656,0.5714,0.9686,2.9322,0.7927,0.9081,0.9081,0.9081,0.9302,0.0,0.7079,0.774,0.4356,2.8477,0.7771,9.9072,0.8371,0,0,0,0,0,0,0,0,0,0,1,1,1,1,1,0,0,0,0,1,3,2295,177,104,2172,806,79,86,0,12,0,12,0,12,47,46,38,62,12.4,7.2,66.7,11.4,2.4,2.6,0.0,1.1,0.0,1.1,0.0,1.1,1.4,1.5,1.2,2.0
39,Ohio,OH,39049,Franklin County,39049009361,Census Tract 93.61; Franklin County; Ohio,2.394951323596,5181,985,2884,504,2884,504,1050,552,80,90,750,294,260,157,377,465,1961,380,606,429,1318,338,32,51,0,68,3047,1058,574,173,0,17,69,92,305,142,97,5,20.6,10.1,3.6,4.0,26.0,9.1,6.0,3.8,7.4,8.9,37.8,9.0,11.7,7.4,25.7,6.0,1.1,1.8,0.0,1.4,58.8,17.1,19.9,4.9,0.0,1.2,2.4,3.2,10.6,4.9,1.9,0.4,0.5198,0.4308,0.6156,0.3811,0.6744,2.6217,0.5451,0.9921,0.0596,0.9435,0.0829,0.0,2.0781,0.3127,0.858,0.858,0.858,0.8451,0.0,0.7787,0.74,0.7524,3.1162,0.8622,8.674,0.6857,0,0,0,0,0,0,1,0,1,0,0,2,0,0,0,0,0,0,0,0,2,6270,545,201,2720,853,65,95,0,17,0,17,0,17,248,207,14,24,18.9,7.7,52.5,7.9,1.3,1.9,0.0,0.7,0.0,0.7,0.0,0.7,4.8,4.0,0.3,0.5
39,Ohio,OH,39049,Franklin County,39049009372,Census Tract 93.72; Franklin County; Ohio,0.856570375816,4868,1004,1925,328,1767,321,1029,535,65,80,658,326,222,105,656,430,427,83,1381,524,735,195,349,294,95,96,3480,1072,5,15,0,12,65,68,31,28,6,3,21.2,10.1,2.7,3.2,37.2,17.2,7.3,3.3,13.5,8.4,8.8,2.4,28.4,5.6,15.2,4.2,19.8,16.2,2.1,2.1,71.5,16.4,0.3,0.8,0.0,1.8,3.7,3.8,1.8,1.7,0.1,0.1,0.5351,0.2968,0.8559,0.4715,0.9203,3.0796,0.6841,0.0881,0.8678,0.5592,0.9533,0.8427,3.3111,0.9117,0.9071,0.9071,0.9071,0.2683,0.0,0.8841,0.1933,0.3694,1.7151,0.3019,9.0129,0.7308,0,0,0,0,1,1,0,0,0,1,0,1,1,1,0,0,0,0,0,0,3,1243,160,80,3049,925,200,215,22,30,0,12,0,12,132,113,77,106,9.1,4.8,62.6,9.8,4.1,4.4,0.5,0.6,0.0,0.7,0.0,0.7,2.7,2.1,1.6,2.2
39,Ohio,OH,39049,Franklin County,39049009373,Census Tract 93.73; Franklin County; Ohio,1.212949471652,6927,903,2297,276,2175,285,1206,801,122,68,638,282,325,173,719,278,304,66,2335,573,986,492,460,258,144,154,5134,1112,163,100,0,17,65,61,101,60,9,2,17.4,11.4,3.3,1.9,29.3,12.4,8.8,4.7,10.4,3.5,4.4,1.2,33.7,4.8,14.2,6.1,21.2,11.5,2.3,2.4,74.1,12.8,7.1,4.3,0.0,1.5,3.0,2.8,4.6,2.8,0.1,0.0,0.437,0.386,0.7089,0.5647,0.8347,2.9313,0.6371,0.0225,0.9642,0.4919,0.961,0.8548,3.2944,0.9089,0.9141,0.9141,0.9141,0.6213,0.0,0.8429,0.4419,0.3694,2.2755,0.5394,9.4153,0.7851,0,0,0,0,0,0,0,1,0,1,0,2,1,1,0,0,0,0,0,0,3,3204,101,80,4194,837,577,479,56,42,0,17,0,17,307,199,0,17,4.6,3.6,60.5,8.5,8.3,6.8,0.8,0.6,0.0,0.5,0.0,0.5,4.4,3.0,0.0,0.5
39,Ohio,OH,39049,Franklin County,39049009381,Census Tract 93.81; Franklin County; Ohio,1.20012277711,6910,1201,2688,272,2527,285,1615,516,269,158,1098,345,585,238,702,327,752,242,1999,675,989,245,340,108,256,140,4329,1285,934,256,41,64,265,158,138,98,0,17,23.4,6.3,7.5,4.3,43.5,12.7,14.6,4.9,10.2,5.2,10.9,2.5,28.9,5.4,14.3,4.4,13.5,4.0,4.0,2.1,62.6,15.1,34.8,8.8,1.5,2.4,10.5,6.1,5.5,3.8,0.0,0.2,0.5887,0.7479,0.9308,0.8066,0.8258,3.8998,0.8673,0.1554,0.884,0.5033,0.8702,0.9296,3.3425,0.9178,0.8744,0.8744,0.8744,0.9384,0.6667,0.993,0.5098,0.0,3.1079,0.8587,11.2246,0.9451,0,0,1,0,0,1,0,0,0,0,1,1,0,0,1,0,1,0,0,2,4,3742,362,176,3270,1313,336,247,327,281,0,17,0,17,365,264,31,37,14.3,6.6,47.3,12.4,4.9,3.7,4.7,4.2,0.0,0.5,0.0,0.5,5.3,3.9,0.4,0.5
39,Ohio,OH,39049,Franklin County,39049009382,Census Tract 93.82; Franklin County; Ohio,0.751766076732,2961,487,1673,388,1601,399,585,364,181,163,401,163,301,303,242,134,505,104,588,174,640,325,150,161,45,68,867,659,101,63,13,19,22,27,236,182,0,12,19.8,11.9,10.3,7.7,25.0,8.1,13.7,12.3,8.2,4.6,17.1,4.3,19.9,4.7,21.6,9.0,9.4,9.8,1.6,2.4,29.3,21.7,6.0,3.5,0.8,1.2,1.4,1.6,14.7,9.9,0.0,0.4,0.5014,0.8498,0.5784,0.7815,0.7306,3.4417,0.7657,0.4677,0.3751,0.8566,0.754,0.7971,3.2505,0.8997,0.6991,0.6991,0.6991,0.5879,0.6095,0.6384,0.8314,0.0,2.6672,0.7054,10.0585,0.853,0,0,0,0,0,0,0,0,0,0,0,0,0,0,0,0,0,0,0,0,0,2195,273,297,513,348,56,58,84,130,0,12,0,12,185,123,29,42,17.1,15.8,17.3,10.5,1.9,1.9,2.8,4.4,0.0,1.2,0.0,1.2,6.2,4.5,1.0,1.4
39,Ohio,OH,39049,Franklin County,39049009383,Census Tract 93.83; Franklin County; Ohio,0.512693648842,3035,483,1263,187,1229,197,605,264,160,158,376,185,324,189,268,192,323,64,800,201,307,144,121,72,142,141,1117,601,323,185,11,19,52,57,37,48,22,4,20.8,8.5,9.3,8.6,30.6,14.2,15.5,8.3,8.8,5.8,10.6,2.5,26.4,4.3,10.1,4.6,9.9,5.6,5.1,5.0,36.8,18.9,25.5,14.2,0.9,1.5,4.3,4.6,3.0,3.9,0.7,0.1,0.5249,0.8257,0.74,0.831,0.7623,3.6839,0.8206,0.1462,0.7882,0.2222,0.7752,0.954,2.8858,0.7714,0.7559,0.7559,0.7559,0.8902,0.6187,0.9111,0.3051,0.6243,3.3494,0.9086,10.675,0.9076,0,0,0,0,0,0,0,0,0,0,1,1,0,0,0,0,1,0,0,1,2,2536,138,68,761,202,286,250,0,12,0,12,0,12,70,73,0,12,11.2,6.0,25.1,4.6,9.4,7.8,0.0,1.1,0.0,1.1,0.0,1.1,2.3,2.4,0.0,1.1
39,Ohio,OH,39049,Franklin County,39049009384,Census Tract 93.84; Franklin County; Ohio,0.535624632724,2760,400,1216,114,1151,134,728,334,52,47,282,119,132,79,333,157,290,109,678,141,294,124,92,63,64,69,1302,476,240,121,0,12,49,45,133,114,13,3,26.4,11.5,3.7,3.3,24.5,9.9,6.5,4.1,12.2,5.0,10.5,4.0,24.6,4.1,10.7,4.6,8.0,5.4,2.5,2.6,47.2,15.8,19.8,9.8,0.0,2.8,4.3,3.9,11.6,9.7,0.5,0.1,0.6496,0.4429,0.5597,0.4157,0.8908,2.9587,0.6483,0.1424,0.6877,0.2615,0.6851,0.8703,2.647,0.6511,0.8133,0.8133,0.8133,0.8432,0.0,0.9111,0.7705,0.5742,3.099,0.8565,9.518,0.7956,0,0,0,0,0,0,0,0,0,0,0,0,0,0,0,0,1,0,0,1,1,1614,212,117,617,331,311,291,291,202,0,12,0,12,83,54,0,12,18.4,9.8,22.4,10.1,11.3,10.4,10.5,7.0,0.0,1.3,0.0,1.3,3.0,2.1,0.0,1.3
39,Ohio,OH,39049,Franklin County,39049009385,Census Tract 93.85; Franklin County; Ohio,1.061889766866,3710,382,1781,154,1669,178,538,261,4,17,485,166,77,57,262,192,807,128,748,158,563,196,243,120,9,50,1513,479,203,113,0,12,0,16,76,52,4,2,14.8,7.0,0.2,0.9,29.1,9.4,2.9,2.1,7.1,5.2,21.8,3.4,20.2,3.7,15.2,5.4,14.6,7.0,0.3,1.5,40.8,12.2,11.4,6.3,0.0,1.9,0.0,1.0,4.6,3.1,0.1,0.1,0.358,0.0244,0.7054,0.1433,0.6452,1.8763,0.3286,0.7445,0.397,0.5592,0.893,0.4968,3.0905,0.8505,0.785,0.785,0.785,0.7178,0.0,0.0,0.4419,0.3694,1.5291,0.239,7.2809,0.4676,0,0,0,0,0,0,0,0,0,0,0,0,0,0,0,0,0,0,0,0,0,3919,165,100,1127,226,53,60,108,139,0,12,0,12,225,183,0,12,9.9,5.6,30.4,5.0,1.4,1.6,2.9,3.7,0.0,0.9,0.0,0.9,6.1,4.9,0.0,0.9
39,Ohio,OH,39049,Franklin County,39049009386,Census Tract 93.86; Franklin County; Ohio,1.011764074716,3036,421,1243,93,1211,106,1229,413,94,79,631,201,203,151,666,400,165,83,1080,281,522,210,273,118,173,123,2474,471,236,123,0,12,61,60,39,48,0,12,40.5,12.4,6.4,5.1,52.1,16.0,11.9,8.3,21.9,11.8,5.4,3.0,35.6,5.9,17.2,6.7,22.5,9.5,6.5,4.5,81.5,10.6,19.0,9.8,0.0,2.8,5.0,4.9,3.2,3.9,0.0,0.4,0.8404,0.6835,0.9784,0.7178,0.9844,4.2045,0.9273,0.0289,0.9813,0.6728,0.967,0.9705,3.6205,0.9692,0.9391,0.9391,0.9391,0.8321,0.0,0.9381,0.3248,0.0,2.095,0.4578,10.8591,0.9229,0,0,1,0,1,2,0,1,0,1,1,3,1,1,0,0,1,0,0,1,7,3091,133,90,1602,404,384,280,317,309,0,12,0,12,171,121,0,12,11.0,7.4,52.8,12.3,12.6,8.6,10.4,9.8,0.0,1.1,0.0,1.1,5.6,3.9,0.0,1.1
39,Ohio,OH,39049,Franklin County,39049009390,Census Tract 93.90; Franklin County; Ohio,2.519993931214,7310,876,2676,360,2661,350,818,382,196,135,521,229,475,324,271,137,1250,369,1994,541,455,184,178,127,310,220,4116,984,69,76,606,354,50,74,19,31,0,17,11.2,5.1,5.7,3.9,19.6,8.2,10.1,6.6,3.7,1.6,17.1,5.2,27.3,5.0,6.2,2.6,6.7,4.7,4.6,3.2,56.3,11.6,2.6,2.8,22.6,11.0,1.9,2.8,0.7,1.2,0.0,0.2,0.2475,0.6356,0.3781,0.6443,0.3021,2.2076,0.4292,0.4677,0.8282,0.0476,0.5975,0.9429,2.8839,0.7702,0.8497,0.8497,0.8497,0.446,0.9692,0.7219,0.0762,0.0,2.2133,0.5073,8.1545,0.6086,0,0,0,0,0,0,0,0,0,0,1,1,0,0,0,1,0,0,0,1,2,2874,180,254,1632,491,1040,724,1107,512,0,17,0,17,275,161,62,79,6.8,9.0,22.3,7.0,14.2,8.9,15.1,6.4,0.0,0.5,0.0,0.5,3.8,2.2,0.8,1.1
39,Ohio,OH,39049,Franklin County,39049009391,Census Tract 93.91; Franklin County; Ohio,1.0188073474,5161,679,2118,232,2082,251,844,362,159,140,766,308,134,95,651,330,324,124,1323,362,641,231,233,174,0,68,3394,804,82,78,0,17,14,29,218,121,0,17,16.4,6.7,5.0,4.3,36.8,14.1,4.1,2.9,12.6,5.7,6.3,2.6,25.6,5.5,12.4,4.4,11.1,8.2,0.0,1.4,65.8,13.0,3.9,3.7,0.0,1.6,0.7,1.4,10.5,5.9,0.0,0.3,0.4046,0.58,0.8514,0.2359,0.9013,2.9732,0.6521,0.0393,0.7429,0.3802,0.8137,0.0,1.9761,0.2613,0.8874,0.8874,0.8874,0.5133,0.0,0.4873,0.7343,0.0,1.7349,0.3105,7.5716,0.5127,0,0,0,0,1,1,0,0,0,0,0,0,0,0,0,0,0,0,0,0,1,1892,118,107,2164,657,357,280,67,78,4,7,0,17,722,319,80,129,5.7,5.1,41.9,10.0,6.9,5.4,1.3,1.5,0.1,0.1,0.0,0.7,14.0,6.6,1.6,2.4
39,Ohio,OH,39049,Franklin County,39049009392,Census Tract 93.92; Franklin County; Ohio,1.491804305214,3567,478,1578,166,1463,198,1028,473,96,78,538,203,249,133,618,360,448,136,767,183,249,126,254,124,130,100,2634,679,467,176,13,22,19,34,126,79,17,4,28.8,12.7,4.8,3.9,36.8,13.0,9.5,5.5,17.3,10.7,12.6,3.8,21.5,4.9,7.0,3.5,17.3,8.1,3.9,2.9,73.8,16.3,29.6,10.7,0.8,1.4,1.3,2.3,8.6,5.3,0.5,0.1,0.6909,0.5603,0.8514,0.6068,0.9622,3.6716,0.8184,0.2229,0.4848,0.0724,0.9305,0.9249,2.6355,0.6451,0.9128,0.9128,0.9128,0.9156,0.6095,0.6181,0.6727,0.5742,3.3901,0.9175,10.61,0.9035,0,0,0,0,1,1,0,0,0,1,1,2,1,1,1,0,0,0,0,1,5,8371,48,47,2071,453,275,215,0,12,0,12,0,12,288,373,0,12,3.3,3.0,58.1,11.3,7.7,6.1,0.0,1.0,0.0,1.0,0.0,1.0,8.1,10.8,0.0,1.0
39,Ohio,OH,39049,Franklin County,39049009393,Census Tract 93.93; Franklin County; Ohio,0.526495637036,3629,559,1868,148,1681,166,1446,375,133,69,639,154,388,105,423,197,577,156,909,277,686,175,221,86,162,103,3321,582,315,87,0,12,4,13,459,116,0,12,39.8,8.3,7.6,4.1,38.0,8.4,15.6,4.1,11.7,4.9,15.9,3.7,25.0,5.1,18.9,4.3,13.1,4.9,4.8,3.0,91.5,7.7,16.8,4.5,0.0,1.9,0.2,0.8,27.3,6.0,0.0,0.3,0.8343,0.7527,0.8689,0.8323,0.8785,4.1667,0.9216,0.3922,0.7131,0.7566,0.8638,0.9474,3.6731,0.974,0.9661,0.9661,0.9661,0.8098,0.0,0.3905,0.9486,0.0,2.1489,0.481,10.9548,0.9276,0,0,0,0,0,0,0,0,0,0,1,1,1,1,0,0,0,1,0,1,3,2652,510,117,2876,483,243,195,80,73,0,12,0,12,114,109,8,13,30.3,6.6,79.3,5.7,6.7,5.4,2.2,2.0,0.0,1.0,0.0,1.0,3.1,3.0,0.2,0.4
39,Ohio,OH,39049,Franklin County,39049009394,Census Tract 93.94; Franklin County; Ohio,0.627451657486,1889,284,888,125,888,125,244,216,22,35,308,127,132,113,107,96,433,128,301,79,294,127,34,67,29,58,965,439,31,44,0,12,0,16,5,8,0,12,12.9,11.3,2.1,3.3,34.7,13.4,8.6,6.3,5.7,4.5,22.9,6.3,15.9,4.4,15.6,6.0,3.8,7.5,1.6,3.1,51.1,21.9,3.5,4.9,0.0,3.9,0.0,1.8,0.6,0.9,0.0,0.6,0.3005,0.2086,0.8184,0.552,0.5176,2.3971,0.4797,0.7885,0.1588,0.5833,0.3502,0.7971,2.6779,0.6676,0.8307,0.8307,0.8307,0.4943,0.0,0.0,0.0616,0.0,0.5559,0.0432,6.4616,0.3365,0,0,0,0,0,0,0,0,0,0,0,0,0,0,0,0,0,0,0,0,0,2559,104,79,583,424,20,34,45,56,0,12,0,12,317,322,0,12,11.7,8.6,30.9,23.5,1.1,1.8,2.4,2.9,0.0,1.8,0.0,1.8,16.8,16.9,0.0,1.8
39,Ohio,OH,39049,Franklin County,39049009395,Census Tract 93.95; Franklin County; Ohio,0.981147730524,4744,633,2351,265,2193,255,414,348,284,154,414,183,95,72,197,152,1445,295,681,278,573,208,147,141,38,56,1743,759,73,72,0,12,19,38,14,22,0,12,8.7,7.2,10.4,5.3,18.9,8.1,2.5,1.9,4.2,3.1,30.5,5.7,14.4,4.6,12.1,4.2,6.7,6.4,0.8,1.2,36.7,15.2,3.1,3.0,0.0,1.5,0.9,1.7,0.6,1.0,0.0,0.3,0.1695,0.8511,0.3483,0.1192,0.3561,1.8442,0.3194,0.9632,0.1138,0.3586,0.5975,0.6636,2.6967,0.6768,0.7549,0.7549,0.7549,0.4765,0.0,0.5384,0.0616,0.0,1.0765,0.12,6.3723,0.3184,0,0,0,0,0,0,1,0,0,0,0,1,0,0,0,0,0,0,0,0,1,1826,177,111,1283,436,30,24,82,75,0,12,0,12,294,250,54,87,8.1,5.2,27.0,7.5,0.6,0.5,1.7,1.6,0.0,0.7,0.0,0.7,6.2,5.0,1.1,1.9
39,Ohio,OH,39049,Franklin County,39049009396,Census Tract 93.96; Franklin County; Ohio,0.618376716078,3424,701,1483,135,1452,147,1147,397,83,72,744,245,84,72,257,168,197,37,1169,447,818,288,383,163,0,48,3194,718,606,189,0,12,144,122,290,146,17,4,33.5,9.3,4.3,3.7,51.2,16.1,4.9,4.3,7.5,5.0,5.8,1.6,34.1,7.8,23.9,6.5,26.3,10.9,0.0,1.5,93.3,8.7,40.9,12.2,0.0,2.3,9.9,8.3,20.0,10.1,0.5,0.1,0.7626,0.5117,0.9746,0.2955,0.6798,3.2242,0.7194,0.0327,0.9689,0.9121,0.9829,0.0,2.8966,0.7756,0.9721,0.9721,0.9721,0.9546,0.0,0.9908,0.9032,0.5742,3.4228,0.9241,10.5157,0.8959,0,0,1,0,0,1,0,1,1,1,0,3,1,1,1,0,1,1,0,3,8,2656,216,127,2729,758,130,93,44,77,0,12,0,12,144,166,147,124,14.9,8.8,79.7,7.9,3.8,2.9,1.3,2.3,0.0,1.0,0.0,1.0,4.2,4.9,4.3,3.8
39,Ohio,OH,39049,Franklin County,39049009397,Census Tract 93.97; Franklin County; Ohio,0.712330390656,3030,504,1528,176,1311,165,801,432,10,16,422,190,286,182,162,112,608,174,531,210,450,185,124,98,80,102,1827,635,210,129,0,12,15,30,206,118,155,5,27.8,14.2,0.6,1.0,32.2,13.9,13.0,7.7,5.6,3.8,20.1,6.2,17.5,4.9,15.6,6.1,9.5,7.4,2.9,3.6,60.3,18.4,13.7,8.3,0.0,2.3,1.1,2.3,15.7,9.7,5.1,0.9,0.6753,0.0422,0.7752,0.7555,0.5075,2.7557,0.5902,0.6687,0.2305,0.5833,0.76,0.8941,3.1366,0.867,0.8637,0.8637,0.8637,0.76,0.0,0.587,0.8498,0.9087,3.1055,0.8578,9.8615,0.8327,0,0,0,0,0,0,0,0,0,0,0,0,0,0,0,0,0,0,1,1,1,2704,296,125,1735,374,31,49,26,40,0,12,35,51,0,12,0,12,22.6,9.8,57.3,9.7,1.0,1.6,0.9,1.3,0.0,1.1,1.2,1.7,0.0,1.1,0.0,1.1
39,Ohio,OH,39049,Franklin County,39049009401,Census Tract 94.01; Franklin County; Ohio,2.46801224675,5264,683,1915,307,1915,307,1090,590,177,81,251,134,357,228,465,313,414,90,1105,176,730,235,87,73,18,71,2078,837,134,108,18,29,10,25,21,36,0,17,20.7,10.9,5.6,2.4,13.1,6.7,9.8,6.4,8.8,5.1,7.9,1.9,21.0,3.5,13.9,4.7,4.6,3.7,0.4,1.5,39.5,15.1,7.0,5.5,0.9,1.5,0.5,1.3,1.1,1.9,0.0,0.3,0.5236,0.6276,0.1283,0.6252,0.7623,2.667,0.5616,0.065,0.4499,0.4754,0.4381,0.5412,1.9696,0.259,0.7774,0.7774,0.7774,0.6171,0.6187,0.4413,0.1194,0.0,1.7965,0.3337,7.2105,0.4517,0,0,0,0,0,0,0,0,0,0,0,0,0,0,0,0,0,0,0,0,0,1578,87,59,1882,598,42,53,0,17,16,26,0,17,138,127,0,17,4.5,3.2,35.8,8.7,0.8,1.0,0.0,0.7,0.3,0.5,0.0,0.7,2.6,2.5,0.0,0.7
39,Ohio,OH,39049,Franklin County,39049009403,Census Tract 94.03; Franklin County; Ohio,1.460008805514,3066,561,990,101,943,122,1087,546,162,92,284,135,211,167,373,261,102,69,1304,370,179,165,98,75,196,147,1690,673,141,127,0,12,23,33,112,80,0,12,35.5,16.6,11.6,6.7,30.1,13.8,13.7,9.6,12.2,8.8,3.3,2.4,42.5,5.5,5.8,4.5,10.3,7.8,6.6,4.8,55.1,19.5,14.2,12.7,0.0,3.5,2.4,3.5,11.9,8.7,0.0,0.4,0.7842,0.8775,0.7295,0.7815,0.8908,4.0635,0.901,0.0146,0.9959,0.0397,0.7873,0.9715,2.809,0.7356,0.8456,0.8456,0.8456,0.7689,0.0,0.7787,0.7778,0.0,2.3254,0.5613,10.0435,0.8517,0,0,0,0,0,0,0,1,0,0,1,2,0,0,0,0,0,0,0,0,2,1367,0,12,1102,206,96,124,339,472,0,12,0,12,153,147,0,12,0.0,3.6,35.9,8.8,3.1,4.2,11.1,13.8,0.0,1.1,0.0,1.1,5.0,4.9,0.0,1.1
39,Ohio,OH,39049,Franklin County,39049009404,Census Tract 94.04; Franklin County; Ohio,1.06240405473,3090,446,1295,223,1295,223,428,244,62,58,197,96,25,21,103,137,897,439,532,138,560,216,0,16,48,84,423,658,136,72,0,12,0,16,32,37,177,4,14.7,8.1,3.8,3.6,15.2,6.9,1.0,0.8,3.5,4.6,29.0,11.9,17.2,4.5,19.2,6.1,0.0,1.2,1.7,2.9,13.7,21.2,10.5,5.3,0.0,2.7,0.0,1.2,2.5,2.8,5.7,0.8,0.3548,0.4524,0.1971,0.0333,0.2856,1.3232,0.1775,0.9486,0.2153,0.7721,0.0,0.8094,2.7454,0.7054,0.4642,0.4642,0.4642,0.7003,0.0,0.0,0.2587,0.9201,1.8791,0.3673,6.4119,0.3279,0,0,0,0,0,0,1,0,0,0,0,1,0,0,0,0,0,0,1,1,2,2957,92,78,72,56,149,220,24,34,0,12,0,12,178,115,0,12,7.1,6.3,2.3,1.8,4.8,7.1,0.8,1.1,0.0,1.1,0.0,1.1,5.8,3.7,0.0,1.1
39,Ohio,OH,39049,Franklin County,39049009405,Census Tract 94.05; Franklin County; Ohio,2.229753721876,3670,456,1474,198,1474,198,308,243,38,40,244,136,61,43,158,102,677,139,896,162,500,188,54,54,0,48,575,658,10,20,0,12,0,16,28,31,26,4,8.4,6.6,1.9,2.0,16.6,9.0,2.3,1.7,4.3,2.7,18.4,3.8,24.4,3.1,13.7,4.5,3.7,3.6,0.0,1.4,15.7,17.8,0.7,1.4,0.0,2.3,0.0,1.1,1.9,2.1,0.7,0.1,0.1568,0.1787,0.2546,0.1068,0.3659,1.0628,0.114,0.5621,0.6782,0.4589,0.34,0.0,2.0392,0.2921,0.5101,0.5101,0.5101,0.2994,0.0,0.0,0.2029,0.6243,1.1266,0.1305,4.7387,0.1171,0,0,0,0,0,0,0,0,0,0,0,0,0,0,0,0,0,0,0,0,0,2874,28,32,508,320,0,12,0,12,0,12,0,12,67,75,0,12,1.9,2.1,13.8,8.3,0.0,0.9,0.0,0.9,0.0,0.9,0.0,0.9,1.8,2.0,0.0,0.9
39,Ohio,OH,39049,Franklin County,39049009410,Census Tract 94.10; Franklin County; Ohio,0.498251889634,3126,753,1201,137,1146,147,628,257,118,96,298,119,228,113,121,85,451,151,972,490,432,126,120,96,0,48,1311,839,0,16,0,12,7,20,15,22,0,12,20.2,6.7,8.0,5.2,26.0,9.8,11.5,5.6,3.9,2.8,14.4,5.6,31.1,9.7,13.8,6.0,10.5,8.3,0.0,1.6,41.9,24.9,0.0,1.3,0.0,2.9,0.6,1.7,1.3,2.0,0.0,0.4,0.5116,0.773,0.6156,0.7036,0.3224,2.9262,0.6349,0.3101,0.9388,0.4675,0.7933,0.0,2.5097,0.5635,0.7895,0.7895,0.7895,0.0,0.0,0.4632,0.1349,0.0,0.5981,0.0476,6.8235,0.4006,0,0,0,0,0,0,0,1,0,0,0,1,0,0,0,0,0,0,0,0,1,2499,109,95,1217,835,37,43,0,12,0,12,0,12,57,78,0,12,9.5,8.2,38.9,19.6,1.2,1.4,0.0,1.1,0.0,1.1,0.0,1.1,1.8,2.6,0.0,1.1
39,Ohio,OH,39049,Franklin County,39049009420,Census Tract 94.20; Franklin County; Ohio,1.538366275904,6013,710,2314,220,2214,216,1808,613,265,195,720,302,581,234,617,395,700,277,1703,345,767,283,194,167,54,88,2739,1071,130,107,0,17,106,83,138,118,0,17,30.4,9.6,8.2,5.7,32.5,13.3,14.7,5.7,10.3,6.0,11.6,4.6,28.3,4.3,12.8,4.6,8.7,7.5,1.0,1.6,45.6,17.0,5.7,4.6,0.0,1.5,4.8,3.7,6.2,5.2,0.0,0.3,0.7188,0.7806,0.7832,0.8107,0.8305,3.9238,0.8737,0.1776,0.8646,0.4002,0.7194,0.707,2.8688,0.7632,0.8079,0.8079,0.8079,0.5781,0.0,0.9317,0.5546,0.0,2.0644,0.4422,9.6649,0.8121,0,0,0,0,0,0,0,0,0,0,0,0,0,0,0,0,1,0,0,1,1,3070,249,149,1860,572,174,155,204,203,0,17,85,91,416,486,0,17,11.2,6.7,30.9,8.3,2.9,2.6,3.4,3.3,0.0,0.6,1.4,1.5,6.9,8.1,0.0,0.6
39,Ohio,OH,39049,Franklin County,39049009440,Census Tract 94.40; Franklin County; Ohio,3.432015117964,4670,507,1852,221,1774,212,407,234,14,20,306,105,171,72,243,128,680,189,1159,302,615,233,92,69,41,67,992,733,62,39,0,12,21,26,21,21,3,3,8.8,5.0,0.6,0.8,17.2,5.6,5.4,2.1,5.2,2.7,14.6,3.7,24.8,5.1,13.2,4.2,5.2,3.8,0.9,1.5,21.2,15.5,3.3,2.1,0.0,1.9,1.2,1.5,1.2,1.2,0.1,0.1,0.173,0.0422,0.2784,0.3339,0.4706,1.2981,0.1683,0.3212,0.7004,0.4307,0.4921,0.6855,2.6299,0.6403,0.6059,0.6059,0.6059,0.4844,0.0,0.6038,0.1276,0.3694,1.5852,0.2552,6.1191,0.2778,0,0,0,0,0,0,0,0,0,0,0,0,0,0,0,0,0,0,0,0,0,6348,113,70,293,266,424,207,84,96,0,12,0,12,151,90,40,51,6.4,3.8,6.3,5.7,9.1,4.3,1.8,2.0,0.0,0.7,0.0,0.7,3.2,1.9,0.9,1.1
39,Ohio,OH,39049,Franklin County,39049009495,Census Tract 94.95; Franklin County; Ohio,7.54255083275,5087,734,1990,171,1901,193,326,145,199,106,432,164,263,107,271,141,601,122,1429,388,383,156,352,144,34,76,1696,843,23,31,113,64,68,55,36,39,10,4,6.5,2.7,7.2,3.5,22.7,8.3,8.3,3.1,5.3,2.4,11.8,2.7,28.1,4.2,7.5,2.9,18.5,7.3,0.7,1.6,33.3,15.9,1.2,1.6,5.7,3.1,3.6,2.9,1.9,2.0,0.2,0.1,0.1028,0.7337,0.4962,0.5365,0.4808,2.35,0.4683,0.1877,0.857,0.0898,0.941,0.6367,2.7122,0.6883,0.7324,0.7324,0.7324,0.3483,0.7994,0.8822,0.2029,0.4356,2.6684,0.7057,8.463,0.6571,0,0,0,0,0,0,0,0,0,1,0,1,0,0,0,0,0,0,0,0,1,14270,90,68,1577,619,35,38,16,23,0,17,0,17,54,59,14,24,4.7,3.6,31.0,8.8,0.7,0.8,0.3,0.5,0.0,0.7,0.0,0.7,1.1,1.2,0.3,0.5
39,Ohio,OH,39049,Franklin County,39049009497,Census Tract 94.97; Franklin County; Ohio,15.63643022487,1898,192,847,90,760,98,90,45,71,42,200,67,122,57,40,23,505,59,344,60,323,85,10,17,0,48,137,253,86,52,4,7,0,16,100,56,5,3,4.7,2.3,7.2,3.8,26.3,8.1,8.1,3.7,2.1,1.2,26.6,2.9,18.1,2.9,17.1,4.2,1.3,2.2,0.0,2.7,7.2,13.3,10.2,6.0,0.5,0.8,0.0,2.1,13.2,6.5,0.3,0.2,0.0574,0.7337,0.6283,0.5206,0.1301,2.0701,0.3883,0.9128,0.2613,0.6674,0.1022,0.0,1.9437,0.2448,0.2435,0.2435,0.2435,0.6959,0.5717,0.0,0.8035,0.4924,2.5635,0.6622,6.8208,0.4,0,0,0,0,0,0,1,0,0,0,0,1,0,0,0,0,0,0,0,0,1,6104,127,55,96,105,16,18,15,27,0,12,0,12,10,9,0,12,16.7,6.1,5.1,5.3,0.8,1.0,0.8,1.4,0.0,1.8,0.0,1.8,0.5,0.5,0.0,1.8
39,Ohio,OH,39049,Franklin County,39049009498,Census Tract 94.98; Franklin County; Ohio,2.1436189989,4048,878,1729,314,1656,319,1534,342,151,118,317,142,535,198,195,135,478,113,1111,349,666,159,325,110,31,55,2580,1026,185,102,0,12,127,117,289,142,0,12,38.0,1.5,8.4,6.7,19.1,7.7,19.3,7.8,4.8,3.2,11.8,3.2,27.4,7.5,16.5,4.3,19.6,5.5,0.8,1.5,63.7,21.2,10.7,5.6,0.0,2.0,7.7,6.9,17.5,8.7,0.0,0.3,0.8131,0.7876,0.359,0.9001,0.4243,3.2841,0.7321,0.1877,0.832,0.6334,0.9508,0.6636,3.2675,0.9041,0.8802,0.8802,0.8802,0.7038,0.0,0.9749,0.8727,0.0,2.5514,0.6578,9.9832,0.8444,0,0,0,1,0,1,0,0,0,1,0,1,0,0,0,0,1,0,0,1,3,2680,216,157,1973,639,492,446,10,19,0,12,0,12,105,101,0,12,13.0,9.2,48.7,11.5,12.2,10.4,0.2,0.5,0.0,0.9,0.0,0.9,2.6,2.5,0.0,0.9
39,Ohio,OH,39049,Franklin County,39049009520,Census Tract 95.20; Franklin County; Ohio,2.444248826956,4785,360,1896,231,1812,236,696,322,241,176,305,110,460,142,358,139,626,167,1175,130,705,211,144,89,0,48,951,588,15,27,41,43,32,45,162,171,0,12,14.6,6.7,9.7,6.7,16.8,5.7,13.8,3.9,7.5,2.9,13.1,3.2,24.6,2.5,14.7,4.4,7.9,4.8,0.0,1.1,19.9,12.2,0.8,1.4,2.2,2.2,1.8,2.5,8.9,8.8,0.0,0.3,0.3494,0.8346,0.2635,0.7834,0.6798,2.9107,0.6314,0.2413,0.6877,0.5287,0.6813,0.0,2.139,0.3454,0.5891,0.5891,0.5891,0.3111,0.707,0.7079,0.6848,0.0,2.4108,0.5959,8.0496,0.5927,0,0,0,0,0,0,0,0,0,0,0,0,0,0,0,0,0,0,0,0,0,3544,139,73,450,149,159,182,0,12,13,20,0,12,315,163,14,24,7.7,4.0,9.4,3.1,3.3,3.8,0.0,0.7,0.3,0.4,0.0,0.7,6.6,3.5,0.3,0.5
39,Ohio,OH,39049,Franklin County,39049009590,Census Tract 95.90; Franklin County; Ohio,16.82875181107,5375,577,2201,240,2098,250,1428,578,151,106,400,151,289,126,339,159,1087,180,1092,200,957,211,105,97,102,146,894,733,26,43,406,128,5,18,102,71,0,17,26.6,10.4,5.6,3.8,19.1,6.8,7.2,3.2,6.3,2.7,20.2,3.2,20.3,2.9,17.8,3.3,5.0,4.6,2.0,2.9,16.6,13.5,1.2,1.9,18.4,6.0,0.2,0.9,4.9,3.3,0.0,0.3,0.6531,0.6276,0.359,0.4629,0.5763,2.6789,0.5663,0.6734,0.4065,0.703,0.4762,0.8348,3.0939,0.8533,0.5254,0.5254,0.5254,0.3483,0.9492,0.3905,0.4625,0.0,2.1505,0.4816,8.4487,0.6549,0,0,0,0,0,0,0,0,0,0,0,0,0,0,0,1,0,0,0,1,1,11405,141,74,458,304,50,65,257,329,0,17,0,17,129,116,0,17,6.7,3.5,8.5,5.3,0.9,1.2,4.8,6.0,0.0,0.6,0.0,0.6,2.4,2.2,0.0,0.6
39,Ohio,OH,39049,Franklin County,39049009600,Census Tract 96; Franklin County; Ohio,2.472525393028,4617,545,2121,277,1986,267,1431,425,130,107,712,202,420,171,504,259,705,165,1182,281,678,217,334,141,222,144,1576,709,187,73,28,44,80,71,125,52,0,12,31.1,8.5,5.7,4.5,35.9,9.0,13.5,5.4,10.9,5.7,15.3,3.6,25.6,5.0,14.7,3.9,16.8,6.7,5.3,3.4,34.1,14.8,8.8,3.2,1.3,2.1,4.1,3.5,6.3,2.6,0.0,0.3,0.7274,0.6356,0.8349,0.7774,0.8524,3.8277,0.8514,0.3576,0.7429,0.5287,0.9254,0.9569,3.5115,0.953,0.7375,0.7375,0.7375,0.6676,0.6505,0.9006,0.5603,0.0,2.779,0.7524,10.8557,0.9222,0,0,0,0,0,0,0,0,0,1,1,2,0,0,0,0,1,0,0,1,3,6684,234,123,907,328,486,312,25,34,1,2,0,12,150,111,7,15,11.8,5.8,19.6,6.7,10.5,6.7,0.5,0.7,0.0,0.1,0.0,0.8,3.2,2.3,0.2,0.3
39,Ohio,OH,39049,Franklin County,39049009711,Census Tract 97.11; Franklin County; Ohio,0.75161897187,4882,627,1958,203,1870,203,849,326,115,71,483,144,409,206,373,173,985,377,1178,250,815,208,230,88,0,48,841,878,69,53,0,12,40,38,121,85,157,6,18.0,6.5,4.7,2.8,25.8,7.2,12.4,5.7,7.9,3.7,20.2,6.6,24.1,3.7,17.2,3.7,12.3,4.5,0.0,1.1,17.2,17.8,3.5,2.7,0.0,1.8,2.1,2.0,6.5,4.8,3.2,0.4,0.4545,0.553,0.6092,0.7337,0.709,3.0594,0.6787,0.6734,0.6655,0.6728,0.8454,0.0,2.8571,0.7559,0.5412,0.5412,0.5412,0.4943,0.0,0.7448,0.5695,0.8405,2.6491,0.6984,9.1068,0.7387,0,0,0,0,0,0,0,0,0,0,0,0,0,0,0,0,0,0,0,0,0,4223,117,68,311,220,77,113,0,12,0,12,0,12,428,314,25,39,6.3,3.8,6.4,4.6,1.6,2.3,0.0,0.7,0.0,0.7,0.0,0.7,8.8,6.1,0.5,0.8
39,Ohio,OH,39049,Franklin County,39049009712,Census Tract 97.12; Franklin County; Ohio,0.455676422094,2825,651,1245,242,1245,242,405,204,60,37,269,137,286,177,260,277,700,343,649,312,369,114,32,31,0,48,146,920,85,49,0,12,21,33,112,69,5,2,14.3,6.4,4.9,3.2,21.6,10.2,14.2,7.7,9.2,8.3,24.8,10.8,23.0,7.3,13.1,4.9,2.6,2.4,0.0,1.9,5.2,32.5,6.8,3.7,0.0,2.8,1.7,2.6,9.0,5.9,0.2,0.1,0.3393,0.5711,0.459,0.7942,0.7813,2.9449,0.6416,0.858,0.5862,0.4199,0.2187,0.0,2.0828,0.3143,0.1585,0.1585,0.1585,0.613,0.0,0.6917,0.6873,0.4356,2.4276,0.6048,7.6138,0.5184,0,0,0,0,0,0,0,0,0,0,0,0,0,0,0,0,0,0,0,0,0,2352,129,109,124,123,0,12,0,12,0,12,0,12,22,30,0,12,10.4,8.3,4.4,4.4,0.0,1.2,0.0,1.2,0.0,1.2,0.0,1.2,0.8,1.1,0.0,1.2
39,Ohio,OH,39049,Franklin County,39049009751,Census Tract 97.51; Franklin County; Ohio,10.502585599466,6571,790,2667,424,2555,438,235,153,25,30,413,165,193,89,81,54,1229,230,1614,248,891,315,112,89,5,66,739,1117,234,129,0,17,7,20,67,60,41,8,3.6,2.3,0.7,0.8,16.2,5.8,4.1,1.9,1.2,0.9,18.7,3.4,24.6,3.4,13.6,4.3,4.4,3.4,0.1,1.1,11.2,16.9,8.8,4.6,0.0,1.3,0.3,0.8,2.6,2.3,0.6,0.1,0.0355,0.0502,0.2371,0.2359,0.0511,0.6098,0.0352,0.5821,0.6877,0.4532,0.4184,0.4245,2.5659,0.601,0.3944,0.3944,0.3944,0.6676,0.0,0.4041,0.267,0.6059,1.9446,0.3962,5.5147,0.1902,0,0,0,0,0,0,0,0,0,0,0,0,0,0,0,0,0,0,0,0,0,10825,111,64,98,91,69,87,84,126,0,17,0,17,377,253,111,143,4.3,2.5,1.5,1.4,1.1,1.4,1.3,1.9,0.0,0.5,0.0,0.5,5.7,3.7,1.7,2.2
39,Ohio,OH,39049,Franklin County,39049009752,Census Tract 97.52; Franklin County; Ohio,3.135402681218,6878,769,2710,226,2710,226,212,192,135,121,447,182,387,171,252,126,895,155,1672,412,649,180,100,72,69,108,1425,1088,0,24,0,17,14,28,14,23,0,17,3.1,2.8,3.3,2.9,16.5,6.6,7.6,3.2,3.7,1.8,13.0,2.7,24.3,4.0,9.4,2.6,3.7,2.6,1.1,1.7,20.7,15.6,0.0,0.9,0.0,1.3,0.5,1.0,0.5,0.8,0.0,0.2,0.0248,0.386,0.2505,0.4876,0.3021,1.451,0.2117,0.2368,0.6734,0.1787,0.34,0.7254,2.1543,0.3521,0.5992,0.5992,0.5992,0.0,0.0,0.4413,0.0524,0.0,0.4937,0.0356,4.6982,0.1127,0,0,0,0,0,0,0,0,0,0,0,0,0,0,0,0,0,0,0,0,0,6373,138,113,375,203,235,151,346,341,7,12,0,17,255,177,207,211,5.1,4.2,5.5,3.0,3.4,2.2,5.0,4.9,0.1,0.2,0.0,0.5,3.7,2.6,3.0,3.1
39,Ohio,OH,39049,Franklin County,39049009753,Census Tract 97.53; Franklin County; Ohio,6.867267701198,5910,645,2508,441,2508,441,82,115,25,41,423,345,241,141,0,17,1485,399,1352,227,770,433,59,95,16,70,383,936,0,24,0,17,0,24,157,262,7,11,1.4,2.0,0.8,1.3,16.9,13.4,5.5,3.1,0.0,0.6,25.1,5.4,22.9,3.5,13.0,6.6,2.4,3.8,0.3,1.3,6.5,15.8,0.0,1.0,0.0,1.4,0.0,1.0,6.3,9.8,0.1,0.2,0.0067,0.0578,0.2676,0.3405,0.0,0.6726,0.0441,0.8716,0.5808,0.4129,0.201,0.4968,2.5631,0.5984,0.215,0.215,0.215,0.0,0.0,0.0,0.5603,0.3694,0.9297,0.0978,4.3804,0.0863,0,0,0,0,0,0,0,0,0,0,0,0,0,0,0,0,0,0,0,0,0,3061,99,106,149,152,181,251,26,35,0,17,0,17,27,39,0,17,3.9,4.3,2.5,2.6,3.1,4.2,0.4,0.6,0.0,0.6,0.0,0.6,0.5,0.7,0.0,0.6
39,Ohio,OH,39049,Franklin County,39049009754,Census Tract 97.54; Franklin County; Ohio,4.101595522976,3131,252,1062,65,1062,65,97,182,31,46,87,97,23,34,281,273,309,47,923,160,148,105,55,67,83,99,409,437,0,16,0,12,0,16,13,23,18,2,3.1,5.8,1.7,2.5,8.2,9.1,1.2,1.7,9.2,8.6,9.9,1.8,29.5,3.9,4.8,3.3,5.1,6.3,2.8,3.3,13.1,13.9,0.0,1.5,0.0,3.2,0.0,1.5,1.2,2.2,0.6,0.0,0.0248,0.1492,0.0238,0.0425,0.7813,1.0216,0.1044,0.1214,0.8998,0.0225,0.4841,0.8884,2.4162,0.5076,0.4477,0.4477,0.4477,0.0,0.0,0.0,0.1276,0.6059,0.7335,0.0622,4.619,0.1044,0,0,0,0,0,0,0,0,0,0,0,0,0,0,0,0,0,0,0,0,0,1086,24,41,87,134,193,211,31,52,0,12,0,12,98,89,0,12,2.3,3.9,2.8,4.2,6.2,6.8,1.0,1.7,0.0,1.1,0.0,1.1,3.1,3.0,0.0,1.1
39,Ohio,OH,39049,Franklin County,39049009755,Census Tract 97.55; Franklin County; Ohio,4.24765095974,7460,1556,3438,467,2969,421,214,148,105,105,545,330,125,103,25,39,1507,594,1968,962,794,409,3,19,44,95,1133,2170,510,306,0,17,0,24,114,104,17,4,2.9,1.9,2.7,2.6,18.4,10.8,2.3,1.9,0.3,0.5,20.2,9.4,26.4,8.6,10.7,4.1,0.1,0.6,0.6,1.4,15.2,28.9,14.8,8.7,0.0,1.0,0.0,0.8,3.8,3.6,0.2,0.0,0.0232,0.2968,0.3286,0.1068,0.0092,0.7646,0.0571,0.6734,0.7882,0.2615,0.0381,0.6088,2.37,0.4794,0.499,0.499,0.499,0.7775,0.0,0.0,0.38,0.4356,1.5931,0.2571,5.2267,0.1622,0,0,0,0,0,0,0,0,0,0,0,0,0,0,0,0,0,0,0,0,0,9028,173,163,170,194,81,102,809,482,0,17,0,17,73,119,0,17,5.8,5.5,2.3,2.8,1.1,1.4,10.8,6.2,0.0,0.5,0.0,0.5,1.0,1.7,0.0,0.5
39,Ohio,OH,39049,Franklin County,39049009756,Census Tract 97.56; Franklin County; Ohio,1.334601717608,2379,579,1218,196,1185,196,519,209,87,67,293,126,158,115,152,102,350,114,277,181,247,108,44,35,0,48,553,743,192,91,0,12,45,47,113,67,38,7,21.8,7.0,5.1,4.2,24.7,9.8,11.0,7.3,6.4,4.7,14.7,5.5,11.6,7.4,10.4,5.0,3.7,2.9,0.0,2.1,23.2,30.7,15.8,7.0,0.0,2.8,3.8,3.9,9.5,5.8,1.6,0.5,0.5535,0.5892,0.567,0.6855,0.5849,2.9801,0.654,0.3282,0.0583,0.2396,0.34,0.0,0.9661,0.021,0.63,0.63,0.63,0.793,0.0,0.8898,0.7013,0.727,3.1111,0.86,7.6873,0.5308,0,0,0,0,0,0,0,0,0,0,0,0,0,0,0,0,0,0,0,0,0,6186,197,109,243,160,224,212,0,12,0,12,0,12,86,81,0,12,16.6,9.5,10.2,6.8,9.4,7.7,0.0,1.5,0.0,1.5,0.0,1.5,3.6,3.7,0.0,1.5
39,Ohio,OH,39049,Franklin County,39049009757,Census Tract 97.57; Franklin County; Ohio,1.41245571099,4536,490,2078,213,1966,219,571,326,29,32,517,207,293,155,122,101,758,108,884,118,665,228,166,123,13,51,355,747,33,43,0,12,17,30,44,43,0,12,12.6,7.1,1.1,1.2,26.3,10.1,8.7,4.5,2.7,2.2,16.7,2.9,19.5,2.7,14.7,5.0,8.4,6.2,0.3,1.2,7.8,16.4,1.6,2.1,0.0,1.7,0.9,1.5,2.2,2.2,0.0,0.3,0.2897,0.0803,0.6283,0.5574,0.1888,1.7445,0.2933,0.4439,0.3535,0.5287,0.7051,0.4968,2.528,0.5752,0.272,0.272,0.272,0.3787,0.0,0.5384,0.2324,0.0,1.1495,0.1356,5.694,0.2156,0,0,0,0,0,0,0,0,0,0,0,0,0,0,0,0,0,0,0,0,0,4353,96,62,249,176,15,24,45,52,0,12,0,12,46,55,0,12,4.9,3.1,5.5,4.0,0.3,0.5,1.0,1.1,0.0,0.8,0.0,0.8,1.0,1.3,0.0,0.8
39,Ohio,OH,39049,Franklin County,39049009801,Census Tract 98.01; Franklin County; Ohio,14.584812315612,3611,481,1308,196,1210,202,629,381,76,75,160,127,108,73,252,135,678,156,978,311,339,121,48,56,22,58,336,670,0,16,158,128,22,29,15,18,0,12,17.4,10.3,4.5,4.3,13.2,10.3,4.6,3.2,7.0,3.6,18.8,4.3,27.1,6.6,9.4,3.2,4.0,4.6,0.6,1.7,9.3,18.5,0.0,1.2,12.1,8.9,1.8,2.4,1.2,1.5,0.0,0.3,0.437,0.534,0.1298,0.2724,0.636,2.0092,0.3689,0.5888,0.8205,0.1787,0.3743,0.6088,2.5711,0.6054,0.331,0.331,0.331,0.0,0.899,0.7079,0.1276,0.0,1.7345,0.3102,6.6458,0.3676,0,0,0,0,0,0,0,0,0,0,0,0,0,0,0,0,0,0,0,0,0,2544,109,73,52,57,50,72,0,12,0,12,0,12,234,159,0,12,9.0,5.7,1.4,1.6,1.4,2.0,0.0,1.0,0.0,1.0,0.0,1.0,6.5,4.2,0.0,1.0
39,Ohio,OH,39049,Franklin County,39049009802,Census Tract 98.02; Franklin County; Ohio,27.13780262473,3649,416,1462,189,1396,181,501,364,61,54,214,169,368,179,240,118,677,140,645,259,616,238,32,38,17,48,345,629,0,16,308,173,0,16,22,32,8,2,13.7,9.9,3.1,2.6,15.3,11.9,13.4,5.9,6.6,3.3,18.6,4.4,17.7,6.6,16.9,6.4,2.3,2.7,0.5,1.4,9.5,17.2,0.0,1.1,21.1,10.6,0.0,1.1,1.6,2.3,0.2,0.0,0.3247,0.3537,0.2003,0.7736,0.6001,2.2524,0.4387,0.5767,0.2419,0.6598,0.1902,0.5796,2.2482,0.4032,0.337,0.337,0.337,0.0,0.9648,0.0,0.1724,0.4356,1.5728,0.2533,6.4104,0.327,0,0,0,0,0,0,0,0,0,0,0,0,0,0,0,1,0,0,0,1,1,1208,96,80,172,250,46,73,20,34,0,12,0,12,107,103,0,12,6.9,5.7,4.7,6.8,1.3,2.0,0.5,0.9,0.0,1.0,0.0,1.0,2.9,2.9,0.0,1.0
39,Ohio,OH,39049,Franklin County,39049009900,Census Tract 99; Franklin County; Ohio,1.092029275088,1969,332,1077,156,979,157,544,229,55,41,442,161,175,123,537,203,72,48,493,195,134,69,124,94,94,81,1581,362,801,195,0,12,31,30,90,53,17,2,27.9,10.7,4.1,3.0,45.1,14.8,14.8,8.9,27.5,10.1,3.7,2.5,25.0,7.2,6.9,3.4,12.6,9.4,5.2,4.4,80.3,12.4,74.4,14.5,0.0,3.2,3.1,3.0,9.2,5.6,0.9,0.2,0.6776,0.4867,0.9429,0.8139,0.9921,3.9132,0.8702,0.0174,0.7131,0.0689,0.8511,0.9556,2.6061,0.6235,0.936,0.936,0.936,0.9917,0.0,0.8502,0.6937,0.6458,3.1814,0.8749,10.6367,0.9048,0,0,1,0,1,2,0,0,0,0,1,1,1,1,1,0,0,0,0,1,5,10614,82,62,1114,299,407,228,0,12,0,12,0,12,60,56,0,12,8.4,5.8,56.6,11.9,20.7,10.4,0.0,1.8,0.0,1.8,0.0,1.8,3.0,2.9,0.0,1.8
39,Ohio,OH,39049,Franklin County,39049010000,Census Tract 100; Franklin County; Ohio,4.056998811466,6223,864,2764,208,2674,222,1136,565,17,27,996,266,114,81,319,160,813,212,1548,333,316,138,202,118,27,78,1471,1190,466,189,0,17,26,41,61,44,10,2,18.4,8.8,0.5,0.8,37.2,9.5,2.8,2.0,5.1,2.6,13.1,2.9,24.9,3.4,5.1,2.3,7.5,4.4,0.5,1.4,23.6,18.8,16.8,6.7,0.0,1.3,1.0,1.5,2.3,1.7,0.2,0.0,0.4656,0.033,0.8559,0.1386,0.4611,1.9542,0.3505,0.2413,0.7061,0.0279,0.6546,0.5796,2.2095,0.3806,0.637,0.637,0.637,0.8098,0.0,0.5676,0.2429,0.4356,2.0559,0.4403,6.8566,0.4063,0,0,0,0,0,0,0,0,0,0,0,0,0,0,0,0,0,0,0,0,0,2071,88,74,872,545,117,128,225,183,0,17,0,17,239,203,18,30,3.3,2.8,14.0,8.2,1.9,2.1,3.6,3.0,0.0,0.6,0.0,0.6,3.8,3.3,0.3,0.5
39,Ohio,OH,39049,Franklin County,39049010100,Census Tract 101; Franklin County; Ohio,2.536953461564,1311,213,801,80,730,88,139,62,48,37,130,59,66,40,91,61,343,135,99,42,137,47,15,23,10,48,788,235,533,81,0,12,6,15,43,38,38,7,10.7,4.4,5.4,4.1,17.8,7.8,6.0,3.6,6.9,4.4,26.2,7.8,7.6,3.0,10.5,3.7,2.1,3.1,0.8,3.7,60.1,15.0,66.5,7.6,0.0,4.3,0.8,2.1,5.9,5.1,2.9,0.3,0.2307,0.6143,0.3038,0.3811,0.6274,2.1573,0.4124,0.902,0.0298,0.2453,0.1673,0.6636,2.008,0.2752,0.8633,0.8633,0.8633,0.9883,0.0,0.5117,0.5349,0.8224,2.8573,0.781,7.8859,0.5638,0,0,0,0,0,0,1,0,0,0,0,1,0,0,1,0,0,0,0,1,2,33531,62,32,554,195,91,65,31,35,0,12,0,12,112,81,0,12,8.5,4.3,42.3,10.3,6.9,4.9,2.4,2.6,0.0,2.6,0.0,2.6,8.5,6.2,0.0,2.6
39,Ohio,OH,39049,Franklin County,39049010201,Census Tract 102.01; Franklin County; Ohio,4.668601754056,3640,1196,2180,645,2012,684,975,484,100,117,560,278,37,57,204,195,555,246,733,459,252,296,253,103,22,73,1695,1329,277,216,0,12,0,16,0,12,0,12,26.8,10.0,4.2,5.3,27.8,10.1,1.3,1.9,5.6,6.0,15.2,7.0,20.1,8.4,6.9,7.7,12.6,2.8,0.6,2.1,46.6,33.1,12.7,9.2,0.0,1.6,0.0,0.8,0.0,1.7,0.0,0.3,0.6569,0.4975,0.6733,0.0488,0.5075,2.384,0.4778,0.3523,0.3906,0.0689,0.8511,0.6088,2.2717,0.42,0.812,0.812,0.812,0.7422,0.0,0.0,0.0,0.0,0.7422,0.0638,6.2099,0.2927,0,0,0,0,0,0,0,0,0,0,0,0,0,0,0,0,0,0,0,0,0,1740,383,387,1525,913,117,230,0,12,0,12,0,12,53,44,0,12,19.0,17.2,41.9,15.9,3.2,6.0,0.0,1.0,0.0,1.0,0.0,1.0,1.5,1.3,0.0,1.0
39,Ohio,OH,39049,Franklin County,39049010202,Census Tract 102.02; Franklin County; Ohio,1.808175897912,5977,1641,2103,286,1961,291,1453,1594,87,127,707,337,540,341,120,180,335,92,2495,1195,562,166,144,170,96,158,4069,1724,21,43,118,157,306,235,129,170,0,17,24.3,25.8,3.0,4.4,36.1,16.3,15.9,8.8,2.0,2.9,5.6,2.1,41.7,10.0,9.4,3.6,7.3,8.6,1.9,3.1,68.1,22.0,1.0,2.0,5.6,7.4,15.6,11.8,6.6,8.1,0.0,0.3,0.6096,0.3403,0.8384,0.8383,0.1209,2.7475,0.5863,0.0308,0.9946,0.1787,0.6416,0.8275,2.6732,0.6654,0.896,0.896,0.896,0.3292,0.7962,0.9981,0.5765,0.0,2.7,0.7213,9.0167,0.7314,0,0,0,0,0,0,0,1,0,0,0,1,0,0,0,0,1,0,0,1,2,1501,13,39,1810,1626,158,221,895,673,0,17,0,17,1206,942,0,17,0.7,2.0,30.3,20.3,2.6,3.9,15.0,12.0,0.0,0.6,0.0,0.6,20.2,15.2,0.0,0.6
39,Ohio,OH,39049,Franklin County,39049010203,Census Tract 102.03; Franklin County; Ohio,0.923118144332,3616,649,2134,314,2048,346,294,208,96,123,644,329,55,90,465,303,119,118,417,265,231,156,99,103,0,48,2119,812,248,224,0,12,0,16,28,46,79,5,8.3,5.7,3.6,4.4,31.4,15.2,1.9,3.1,12.9,7.9,3.3,3.2,11.5,7.1,6.4,4.2,4.8,5.0,0.0,1.4,58.6,19.8,11.7,10.4,0.0,1.6,0.0,0.8,1.4,2.2,2.2,0.4,0.1542,0.4308,0.7575,0.0808,0.9089,2.3322,0.4625,0.0146,0.0564,0.0527,0.4565,0.0,0.5802,0.006,0.8567,0.8567,0.8567,0.7244,0.0,0.0,0.1476,0.773,1.645,0.2733,5.4141,0.1794,0,0,0,0,1,1,0,0,0,0,0,0,0,0,0,0,0,0,0,0,1,2313,64,65,1569,447,0,12,237,334,0,12,0,12,313,262,0,12,3.1,3.3,43.4,12.3,0.0,1.0,6.6,8.6,0.0,1.0,0.0,1.0,8.7,6.8,0.0,1.0
39,Ohio,OH,39049,Franklin County,39049010204,Census Tract 102.04; Franklin County; Ohio,3.150334403864,6128,1231,3312,588,3019,613,1345,767,77,132,641,289,291,262,446,339,484,168,1289,464,686,299,310,171,233,242,3840,1530,546,338,0,17,0,24,111,114,0,17,21.9,11.7,2.0,3.4,21.2,8.6,7.0,6.6,7.3,5.5,7.9,3.4,21.0,5.9,11.2,5.1,10.2,5.3,4.1,4.2,62.7,21.6,16.5,9.8,0.0,1.0,0.0,0.8,3.7,4.0,0.0,0.3,0.556,0.194,0.4451,0.4486,0.6661,2.3098,0.4568,0.065,0.4499,0.2964,0.7835,0.9325,2.5273,0.574,0.8751,0.8751,0.8751,0.8054,0.0,0.0,0.3727,0.0,1.1781,0.141,6.8903,0.4111,0,0,0,0,0,0,0,0,0,0,1,1,0,0,0,0,0,0,0,0,1,2465,415,317,2935,966,204,190,417,426,0,17,0,17,284,225,0,17,13.7,11.1,47.9,10.7,3.3,3.4,6.8,7.2,0.0,0.6,0.0,0.6,4.6,3.8,0.0,0.6
39,Ohio,OH,39049,Franklin County,39049010300,Census Tract 103; Franklin County; Ohio,7.565421198618,2401,520,992,151,861,165,660,220,32,30,314,112,104,46,375,380,138,42,917,244,178,68,128,75,0,48,720,704,25,23,9,14,18,20,43,34,0,12,27.8,7.0,2.9,2.6,36.5,11.0,8.2,3.8,15.7,13.2,5.7,2.1,38.2,4.0,7.4,2.9,14.8,8.2,0.0,2.3,30.0,28.6,2.5,2.3,0.9,1.4,2.1,2.3,5.0,3.9,0.0,0.5,0.6753,0.327,0.8432,0.526,0.9476,3.3191,0.7413,0.0317,0.9883,0.0847,0.8975,0.0,2.0022,0.2717,0.7067,0.7067,0.7067,0.4413,0.6187,0.7448,0.4702,0.0,2.275,0.539,8.303,0.6314,0,0,0,0,1,1,0,1,0,0,0,1,0,0,0,0,0,0,0,0,2,4138,26,26,327,203,199,109,1,3,0,12,0,12,192,120,1,7,3.0,3.0,13.6,7.9,8.3,4.6,0.0,0.1,0.0,1.4,0.0,1.4,8.0,4.8,0.0,0.3
39,Ohio,OH,39049,Franklin County,39049010401,Census Tract 104.01; Franklin County; Ohio,0.992549708686,2397,419,751,113,751,113,85,82,159,160,57,43,30,44,39,57,198,105,800,242,167,84,26,35,27,59,1149,491,0,16,0,12,22,26,14,22,0,12,3.5,3.4,11.3,11.1,7.6,5.6,2.1,3.0,1.6,2.4,8.3,4.3,33.4,6.3,7.0,3.3,3.5,4.6,1.2,2.6,47.9,18.7,0.0,2.1,0.0,4.5,3.0,3.4,1.9,3.0,0.0,0.5,0.0336,0.8695,0.0175,0.0938,0.0825,1.0969,0.1213,0.0742,0.9629,0.0724,0.3187,0.7403,2.1685,0.36,0.8174,0.8174,0.8174,0.0,0.0,0.8429,0.2029,0.0,1.0458,0.1124,5.1286,0.1546,0,0,0,0,0,0,0,1,0,0,0,1,0,0,0,0,0,0,0,0,1,1283,11,19,61,64,224,181,691,357,0,12,0,12,157,76,16,27,1.5,2.4,2.5,2.6,9.3,7.6,28.8,11.3,0.0,1.4,0.0,1.4,6.5,3.1,0.7,1.1
39,Ohio,OH,39049,Franklin County,39049010402,Census Tract 104.02; Franklin County; Ohio,1.359314176118,5905,873,1985,212,1888,184,182,153,41,46,238,115,193,185,29,49,942,440,1572,309,444,137,46,51,314,425,1746,1120,250,85,0,17,0,24,120,75,89,2,3.1,2.6,1.5,1.7,12.6,6.0,5.0,4.3,0.5,0.8,16.0,6.4,26.6,2.8,7.6,2.7,2.4,2.7,5.6,7.5,29.6,18.5,12.6,4.1,0.0,1.7,0.0,1.3,6.4,3.9,1.5,0.2,0.0248,0.1251,0.1159,0.3041,0.0152,0.5851,0.0314,0.3989,0.7984,0.0952,0.201,0.9607,2.4542,0.5308,0.7039,0.7039,0.7039,0.7403,0.0,0.0,0.5641,0.7146,2.019,0.4254,5.7622,0.2254,0,0,0,0,0,0,0,0,0,0,1,1,0,0,0,0,0,0,0,0,1,2985,116,74,53,56,380,253,1208,630,0,17,0,17,59,57,46,73,6.1,3.8,0.9,1.0,6.4,4.3,20.5,9.1,0.0,0.6,0.0,0.6,1.0,1.0,0.8,1.3
39,Ohio,OH,39049,Franklin County,39049010501,Census Tract 105.01; Franklin County; Ohio,1.065701751912,5228,564,1930,216,1930,216,159,154,65,54,195,119,47,60,0,17,857,217,1539,285,210,98,169,123,193,159,1669,830,93,76,0,17,98,99,68,82,66,2,3.1,3.0,2.4,1.9,10.1,6.1,1.3,1.6,0.0,0.7,16.4,4.6,29.4,4.3,4.1,2.0,8.8,6.3,3.9,3.2,31.9,15.5,4.9,3.9,0.0,1.8,5.1,5.1,3.5,4.3,1.3,0.1,0.0248,0.2514,0.0514,0.0488,0.0,0.3764,0.0095,0.4255,0.8963,0.0095,0.7254,0.9249,2.9816,0.8137,0.7216,0.7216,0.7216,0.5546,0.0,0.9413,0.3537,0.6934,2.543,0.6533,6.6226,0.3641,0,0,0,0,0,0,0,0,0,0,1,1,0,0,0,0,1,0,0,1,2,5090,74,80,47,64,144,134,1256,502,7,12,0,17,215,156,0,17,3.8,4.1,0.9,1.2,2.8,2.5,24.0,9.1,0.1,0.2,0.0,0.7,4.1,3.0,0.0,0.7
39,Ohio,OH,39049,Franklin County,39049010502,Census Tract 105.02; Franklin County; Ohio,2.196735823244,3321,479,1530,308,1452,245,80,82,49,79,216,115,91,91,235,260,329,42,790,174,254,148,27,28,140,140,763,676,271,195,0,12,0,16,178,198,0,12,2.4,2.4,2.4,3.9,14.9,7.5,3.8,3.6,7.1,7.4,9.9,1.9,23.8,3.9,7.6,4.3,1.8,1.9,4.4,4.3,23.0,20.1,17.7,12.2,0.0,2.3,0.0,1.1,12.3,12.2,0.0,0.4,0.0175,0.2514,0.1857,0.2102,0.6452,1.31,0.174,0.1214,0.6439,0.0952,0.1419,0.9388,1.9412,0.2416,0.6275,0.6275,0.6275,0.8175,0.0,0.0,0.7854,0.0,1.6029,0.2594,5.4816,0.1879,0,0,0,0,0,0,0,0,0,0,1,1,0,0,0,0,0,0,0,0,1,14358,17,26,61,69,216,252,270,175,0,12,0,12,216,179,0,12,1.2,1.8,1.8,2.1,6.5,7.2,8.1,5.1,0.0,1.0,0.0,1.0,6.5,5.5,0.0,1.0
39,Ohio,OH,39049,Franklin County,39049010601,Census Tract 106.01; Franklin County; Ohio,1.404585793924,6061,698,2002,223,2002,223,324,296,92,75,216,98,92,69,235,208,285,65,1954,281,253,109,87,50,145,108,1676,968,139,97,0,17,17,31,0,17,0,17,5.3,4.8,2.6,2.0,10.8,4.7,2.4,1.7,3.9,3.4,4.7,1.1,32.2,3.1,4.2,1.8,4.3,2.5,2.5,1.8,27.7,15.6,6.9,4.8,0.0,1.7,0.8,1.5,0.0,1.7,0.0,0.3,0.0705,0.2822,0.0641,0.1135,0.3224,0.8527,0.0721,0.0238,0.9521,0.0108,0.407,0.8703,2.264,0.4124,0.6839,0.6839,0.6839,0.6146,0.0,0.5117,0.0,0.0,1.1263,0.1302,4.9269,0.1333,0,0,0,0,0,0,0,1,0,0,0,1,0,0,0,0,0,0,0,0,1,3073,10,16,301,386,129,103,852,408,0,17,19,33,349,182,26,46,0.5,0.8,5.0,6.3,2.1,1.7,14.1,6.7,0.0,0.6,0.3,0.5,5.8,3.0,0.4,0.8
39,Ohio,OH,39049,Franklin County,39049010602,Census Tract 106.02; Franklin County; Ohio,1.368422322298,6103,645,2520,223,2308,243,437,315,48,55,448,161,203,92,141,133,886,91,1533,355,627,155,124,79,68,71,1475,819,497,142,0,17,0,24,230,94,108,4,7.3,5.2,1.4,1.6,19.4,6.7,4.8,2.2,2.4,2.2,14.5,2.1,25.1,3.8,10.5,2.8,5.4,3.4,1.2,1.2,24.2,13.2,19.8,5.4,0.0,1.4,0.0,1.0,10.0,4.2,1.8,0.2,0.1276,0.1117,0.3708,0.2888,0.1568,1.0557,0.1121,0.3155,0.7188,0.2453,0.5108,0.7403,2.5307,0.5778,0.6462,0.6462,0.6462,0.8432,0.0,0.0,0.7203,0.7445,2.308,0.5524,6.5406,0.3483,0,0,0,0,0,0,0,0,0,0,0,0,0,0,0,0,0,0,0,0,0,3043,201,93,404,346,450,425,395,166,5,10,0,17,221,136,0,17,8.7,3.9,6.6,5.5,7.4,6.5,6.5,2.8,0.1,0.2,0.0,0.6,3.6,2.1,0.0,0.6
39,Ohio,OH,39049,Franklin County,39049010700,Census Tract 107; Franklin County; Ohio,0.53812194046,1250,154,809,39,727,61,242,131,24,16,237,71,58,47,169,65,116,35,129,74,134,49,56,38,43,60,329,185,374,68,0,12,9,16,59,30,6,7,19.4,10.2,2.6,1.7,32.6,9.4,5.6,4.3,13.5,4.3,9.3,3.3,10.3,5.0,10.7,3.4,7.7,5.2,3.4,4.8,26.3,14.4,46.3,8.1,0.0,4.2,1.2,2.2,8.1,4.2,0.5,0.6,0.4922,0.2822,0.786,0.3497,0.9203,2.8304,0.6114,0.1024,0.046,0.2615,0.667,0.9119,1.9888,0.2673,0.6696,0.6696,0.6696,0.9651,0.0,0.6038,0.6505,0.5742,2.7936,0.7565,8.2824,0.6286,0,0,0,0,1,1,0,0,0,0,1,1,0,0,1,0,0,0,0,1,3,1412,64,27,61,46,156,120,45,46,0,12,0,12,35,24,32,33,8.8,3.8,4.9,3.6,12.5,8.4,3.6,3.6,0.0,2.8,0.0,2.8,2.8,2.0,2.6,2.7
39,Ohio,OH,39049,Franklin County,39049010900,Census Tract 109; Franklin County; Ohio,1.697521767426,4886,943,2480,300,2249,343,418,355,79,58,590,270,237,267,351,291,545,157,1092,438,419,205,153,151,109,99,1942,1166,525,228,0,12,83,73,20,33,68,16,8.7,7.2,2.8,2.0,26.2,11.3,7.0,7.2,7.3,6.0,11.2,3.7,22.3,5.6,8.7,3.8,6.8,6.6,2.4,2.2,39.7,22.6,21.2,8.8,0.0,1.4,3.7,3.2,0.9,1.5,1.4,0.2,0.1695,0.3133,0.6241,0.4486,0.6661,2.2216,0.4324,0.1658,0.539,0.1476,0.6051,0.8646,2.3221,0.4448,0.779,0.779,0.779,0.8587,0.0,0.8841,0.0975,0.7029,2.5432,0.6537,7.8659,0.561,0,0,0,0,0,0,0,0,0,0,0,0,0,0,0,0,0,0,0,0,0,2393,49,49,774,552,593,405,333,229,0,12,0,12,161,192,81,91,2.2,2.2,15.8,10.3,12.1,7.7,6.8,4.5,0.0,0.7,0.0,0.7,3.3,3.8,1.7,1.7
39,Ohio,OH,39049,Franklin County,39049980000,Census Tract 9800; Franklin County; Ohio,4.347175700076,0,12,0,12,0,12,0,12,0,12,0,24,0,12,0,12,0,12,0,12,0,12,0,16,0,48,0,16,0,16,0,12,0,16,0,12,0,12,-999.0,-999.0,-999.0,-999.0,-999.0,-999.0,-999.0,-999.0,-999.0,-999.0,-999.0,-999.0,-999.0,-999.0,-999.0,-999.0,-999.0,-999.0,-999.0,-999.0,-999.0,-999.0,-999.0,-999.0,-999.0,-999.0,-999.0,-999.0,-999.0,-999.0,-999.0,-999.0,-999.0,-999.0,-999.0,-999.0,-999.0,-999.0,-999.0,-999.0,-999.0,-999.0,-999.0,-999.0,-999.0,-999.0,-999.0,-999.0,-999.0,-999.0,-999.0,-999.0,-999.0,-999.0,-999.0,-999.0,-999.0,-999.0,-999,-999,-999,-999,-999,-999,-999,-999,-999,-999,-999,-999,-999,-999,-999,-999,-999,-999,-999,-999,-999,14876,0,12,0,12,0,12,0,12,0,12,0,12,0,12,0,12,-999.0,-999.0,-999.0,-999.0,-999.0,-999.0,-999.0,-999.0,-999.0,-999.0,-999.0,-999.0,-999.0,-999.0,-999.0,-999.0
39,Ohio,OH,39051,Fulton County,39051040100,Census Tract 401; Fulton County; Ohio,52.511807143224,3271,311,1425,151,1347,142,362,147,36,47,154,59,123,78,275,104,609,121,538,118,481,201,69,36,86,89,343,459,17,25,145,89,18,21,30,25,15,3,11.1,4.4,1.9,2.5,11.4,4.2,5.0,3.1,8.4,3.1,18.6,3.2,16.4,3.0,14.7,5.7,5.1,2.6,2.8,2.9,10.5,14.0,1.2,1.7,10.2,6.2,1.4,1.6,2.2,1.9,0.5,0.1,0.2437,0.1787,0.0803,0.3041,0.7417,1.5485,0.2384,0.5767,0.1763,0.5287,0.4841,0.8884,2.6542,0.6549,0.3732,0.3732,0.3732,0.3483,0.8771,0.6384,0.2324,0.5742,2.6704,0.7076,7.2463,0.4606,0,0,0,0,0,0,0,0,0,0,0,0,0,0,0,0,0,0,0,0,0,3011,84,39,7,25,299,166,2,5,3,12,0,12,14,18,18,19,6.2,2.9,0.2,0.7,9.1,5.1,0.1,0.2,0.1,0.4,0.0,1.1,0.4,0.6,0.6,0.6
39,Ohio,OH,39051,Fulton County,39051040200,Census Tract 402; Fulton County; Ohio,6.467851745932,4642,494,1996,197,1987,197,677,310,86,60,329,92,305,119,408,328,977,113,964,188,792,315,58,37,5,47,303,697,145,186,9,15,32,29,65,39,165,2,15.1,6.7,3.9,2.7,16.6,4.3,8.9,3.7,9.1,6.9,21.0,3.1,20.8,3.4,17.7,5.6,2.9,1.8,0.1,1.1,6.5,15.0,7.3,9.3,0.5,0.7,1.7,1.4,3.3,2.0,3.6,0.4,0.3669,0.4644,0.2546,0.5704,0.7782,2.4345,0.4886,0.7121,0.4369,0.6995,0.2473,0.4245,2.5203,0.5692,0.215,0.215,0.215,0.6283,0.5717,0.6917,0.3346,0.8545,3.0808,0.853,8.2506,0.6244,0,0,0,0,0,0,0,0,0,0,0,0,0,0,0,0,0,0,0,0,0,3909,163,73,9,30,166,92,0,12,0,12,0,12,57,69,71,91,8.2,3.8,0.2,0.7,3.6,2.0,0.0,0.7,0.0,0.7,0.0,0.7,1.2,1.5,1.5,1.9
39,Ohio,OH,39051,Fulton County,39051040300,Census Tract 403; Fulton County; Ohio,34.196678848856,4848,412,2136,235,2058,228,910,361,218,146,332,125,201,99,457,231,898,140,756,128,683,218,31,26,16,52,352,618,0,16,156,105,0,16,1,3,0,12,18.8,7.3,8.6,5.5,16.1,5.8,5.5,2.6,9.4,4.7,18.5,2.8,15.6,2.3,14.1,4.4,1.5,1.3,0.3,1.1,7.3,12.7,0.0,0.7,7.3,4.9,0.0,0.8,0.0,0.1,0.0,0.2,0.4776,0.7975,0.2321,0.3405,0.7928,2.6405,0.5524,0.5698,0.1481,0.4862,0.1156,0.4968,1.8165,0.1883,0.2489,0.2489,0.2489,0.0,0.834,0.0,0.0,0.0,0.834,0.0797,5.5399,0.194,0,0,0,0,0,0,0,0,0,0,0,0,0,0,0,0,0,0,0,0,0,1819,182,83,13,21,199,116,23,34,1,3,0,12,115,94,1,2,8.8,4.0,0.3,0.4,4.1,2.5,0.5,0.7,0.0,0.1,0.0,0.7,2.4,1.9,0.0,0.1
39,Ohio,OH,39051,Fulton County,39051040400,Census Tract 404; Fulton County; Ohio,7.302994232952,3219,317,1329,183,1242,144,688,314,47,39,288,112,100,51,197,99,433,106,971,178,478,161,119,63,137,114,548,441,0,16,93,57,0,16,39,30,8,19,21.5,9.6,3.1,2.6,23.2,8.6,5.3,2.6,6.1,3.0,13.5,3.3,30.2,5.1,14.8,4.6,9.6,4.9,4.5,3.7,17.0,13.6,0.0,1.2,7.0,4.2,0.0,1.3,3.1,2.4,0.2,0.6,0.5424,0.3537,0.5143,0.3253,0.5547,2.2904,0.4514,0.2616,0.9188,0.536,0.7654,0.9413,3.4231,0.9343,0.5349,0.5349,0.5349,0.0,0.8276,0.0,0.3143,0.4356,1.5775,0.254,7.8259,0.5537,0,0,0,0,0,0,0,1,0,0,1,2,0,0,0,0,0,0,0,0,2,3328,142,74,4,9,526,303,0,12,0,12,0,12,18,20,0,12,11.4,5.8,0.1,0.3,16.3,8.8,0.0,1.1,0.0,1.1,0.0,1.1,0.6,0.6,0.0,1.1
39,Ohio,OH,39051,Fulton County,39051040500,Census Tract 405; Fulton County; Ohio,90.750985901242,4866,381,2017,162,1900,156,633,240,26,20,280,96,95,55,116,74,817,148,1159,198,667,151,86,63,0,48,308,533,0,16,80,58,10,16,41,33,0,12,13.1,4.8,1.0,0.8,14.7,4.9,3.0,1.7,2.4,1.5,16.8,2.9,23.8,3.2,13.7,3.1,4.6,3.3,0.0,1.1,6.3,10.9,0.0,0.8,4.0,2.8,0.5,0.8,2.2,1.7,0.0,0.2,0.3078,0.0714,0.18,0.1512,0.1568,0.8672,0.0756,0.4486,0.6439,0.4589,0.4381,0.0,1.9895,0.2676,0.208,0.208,0.208,0.0,0.7619,0.4413,0.2324,0.0,1.4356,0.2105,4.5003,0.0971,0,0,0,0,0,0,0,0,0,0,0,0,0,0,0,0,0,0,0,0,0,3421,288,90,6,10,151,96,0,12,0,12,0,12,148,84,3,4,15.2,4.9,0.1,0.2,3.1,2.0,0.0,0.7,0.0,0.7,0.0,0.7,3.0,1.7,0.1,0.1
39,Ohio,OH,39051,Fulton County,39051040600,Census Tract 406; Fulton County; Ohio,82.83279604659,4629,408,1757,126,1693,126,533,210,74,52,305,98,264,106,160,100,874,96,1064,274,495,117,73,53,25,50,722,556,0,16,192,68,43,28,44,35,0,12,11.6,4.4,3.2,2.3,18.0,5.6,8.3,3.3,3.5,2.2,18.9,2.4,23.0,4.4,10.7,2.6,4.3,3.1,0.6,1.1,15.6,11.9,0.0,0.9,10.9,3.8,2.6,1.6,2.6,2.1,0.0,0.3,0.2609,0.3711,0.3114,0.5365,0.2856,1.7655,0.301,0.5973,0.5862,0.2615,0.407,0.6088,2.4608,0.5359,0.5073,0.5073,0.5073,0.0,0.8851,0.8029,0.267,0.0,1.955,0.3994,6.6886,0.3768,0,0,0,0,0,0,0,0,0,0,0,0,0,0,0,0,0,0,0,0,0,2637,149,64,11,16,521,182,50,50,0,12,0,12,140,51,0,12,8.8,3.6,0.2,0.4,11.3,3.7,1.1,1.1,0.0,0.8,0.0,0.8,3.0,1.1,0.0,0.8
39,Ohio,OH,39051,Fulton County,39051040701,Census Tract 407.01; Fulton County; Ohio,4.537035567046,2620,298,1124,161,982,154,392,206,0,12,125,93,112,73,243,200,519,166,658,126,344,129,82,54,0,48,452,415,80,44,0,12,8,19,41,40,50,2,15.3,7.9,0.0,2.7,12.7,9.3,6.6,4.4,9.4,7.5,19.8,5.3,25.1,3.7,13.3,4.9,8.3,5.3,0.0,1.9,17.3,15.7,7.1,3.8,0.0,3.1,0.8,1.9,4.2,3.9,1.9,0.2,0.3723,0.0,0.1178,0.4236,0.7928,1.7065,0.281,0.6512,0.7188,0.4361,0.7006,0.0,2.5067,0.5616,0.5438,0.5438,0.5438,0.6213,0.0,0.5117,0.4114,0.7524,2.2968,0.5473,7.0538,0.4308,0,0,0,0,0,0,0,0,0,0,0,0,0,0,0,0,0,0,0,0,0,2663,160,114,9,20,419,110,0,12,0,12,0,12,24,36,0,12,16.3,9.7,0.3,0.8,16.0,4.2,0.0,1.3,0.0,1.3,0.0,1.3,0.9,1.4,0.0,1.3
39,Ohio,OH,39051,Fulton County,39051040702,Census Tract 407.02; Fulton County; Ohio,4.478846520728,5079,351,1979,176,1979,176,519,282,76,54,276,122,177,108,87,66,831,249,1475,190,798,286,120,90,31,80,762,491,36,60,140,92,24,40,51,64,72,2,10.4,5.6,3.2,2.2,13.9,6.0,5.3,3.3,1.7,1.3,16.4,4.7,29.0,3.0,15.9,5.5,6.0,4.5,0.6,1.6,15.0,9.6,1.8,3.0,7.1,4.7,1.2,2.0,2.6,3.2,1.4,0.1,0.2199,0.3711,0.1511,0.3253,0.092,1.1594,0.1387,0.4255,0.8871,0.5985,0.5517,0.6088,3.0716,0.8435,0.4943,0.4943,0.4943,0.3917,0.8298,0.6038,0.267,0.7029,2.7952,0.7575,7.5205,0.5029,0,0,0,0,0,0,0,0,0,0,0,0,0,0,0,0,0,0,0,0,0,7405,178,97,14,24,593,182,41,32,0,17,0,17,114,80,0,17,9.0,4.8,0.3,0.5,11.7,3.5,0.8,0.6,0.0,0.7,0.0,0.7,2.2,1.6,0.0,0.7
39,Ohio,OH,39051,Fulton County,39051040800,Census Tract 408; Fulton County; Ohio,114.068924296458,4898,455,2052,165,1885,159,1122,420,58,38,405,126,221,67,193,84,861,188,1172,264,915,199,70,46,28,50,427,674,18,13,98,43,14,20,93,78,8,2,22.9,8.3,2.4,1.5,21.5,6.4,6.6,1.9,3.9,1.7,17.6,3.7,23.9,4.0,18.7,3.5,3.7,2.4,0.6,1.1,8.7,13.7,0.9,0.6,4.8,2.0,0.7,1.1,4.9,4.1,0.2,0.0,0.5798,0.2514,0.4568,0.4236,0.3224,2.034,0.3765,0.5044,0.6516,0.7477,0.34,0.6088,2.8525,0.7546,0.3085,0.3085,0.3085,0.3181,0.7797,0.4873,0.4625,0.4356,2.4832,0.6308,7.6782,0.5289,0,0,0,0,0,0,0,0,0,0,0,0,0,0,0,0,0,0,0,0,0,3145,266,69,24,34,286,127,45,37,2,4,0,12,43,42,27,41,14.1,4.0,0.5,0.7,5.8,2.7,0.9,0.7,0.0,0.1,0.0,0.7,0.9,0.9,0.6,0.9
39,Ohio,OH,39051,Fulton County,39051040900,Census Tract 409; Fulton County; Ohio,8.299039709146,4530,360,1886,164,1796,170,750,305,125,75,331,130,196,88,261,110,1062,146,1165,192,520,129,89,47,21,55,917,510,68,42,59,45,26,42,17,20,124,4,17.0,6.8,5.6,3.2,18.4,7.0,6.4,3.0,5.9,2.3,23.4,3.3,25.7,3.3,11.8,2.8,4.9,2.6,0.5,1.3,20.2,11.1,3.6,2.2,3.1,2.4,1.4,2.3,0.9,1.1,2.7,0.2,0.4237,0.6276,0.3286,0.4112,0.537,2.3281,0.4616,0.8107,0.7511,0.3351,0.4644,0.5796,2.9409,0.7978,0.5923,0.5923,0.5923,0.5013,0.7371,0.6384,0.0975,0.8085,2.7828,0.754,8.6441,0.6803,0,0,0,0,0,0,0,0,0,0,0,0,0,0,0,0,0,0,0,0,0,9249,358,133,107,53,720,164,0,12,0,12,7,12,83,55,0,12,19.9,6.8,2.4,1.2,15.9,3.5,0.0,0.8,0.0,0.8,0.2,0.3,1.8,1.2,0.0,0.8
39,Ohio,OH,39053,Gallia County,39053953500,Census Tract 9535; Gallia County; Ohio,77.23741397073199,4076,515,2135,279,1712,265,824,246,22,22,221,105,402,118,391,202,848,212,737,181,1048,303,59,52,0,48,454,733,0,16,677,202,11,20,122,72,18,3,20.2,5.5,1.2,1.2,12.9,5.8,13.2,3.5,9.6,4.5,20.8,4.5,18.1,3.6,25.7,6.0,3.5,3.0,0.0,1.2,11.1,17.9,0.0,0.7,31.7,8.1,0.6,1.2,7.1,4.1,0.4,0.1,0.5116,0.0898,0.1222,0.7644,0.8026,2.2906,0.4517,0.7051,0.2613,0.9435,0.3187,0.0,2.2286,0.3927,0.3909,0.3909,0.3909,0.0,0.9898,0.4632,0.6048,0.5374,2.5952,0.6749,7.5053,0.5003,0,0,0,0,0,0,0,0,1,0,0,1,0,0,0,1,0,0,0,1,2,4441,364,122,117,103,150,122,62,37,0,12,0,12,125,97,0,12,21.3,6.7,2.9,2.5,3.7,3.0,1.5,0.9,0.0,0.9,0.0,0.9,3.1,2.4,0.0,0.9
39,Ohio,OH,39053,Gallia County,39053953600,Census Tract 9536; Gallia County; Ohio,89.265585097698,4382,666,1907,189,1497,189,1294,599,46,59,263,128,536,205,716,405,625,109,1192,352,728,186,21,28,0,48,348,939,0,16,723,141,143,111,152,99,13,3,29.5,12.9,2.5,3.1,17.6,8.3,18.8,6.7,16.3,9.3,14.3,3.4,27.2,5.4,16.6,4.9,1.4,1.9,0.0,1.2,7.9,21.4,0.0,0.8,37.9,6.7,9.6,7.3,10.2,6.7,0.3,0.1,0.7036,0.2657,0.2943,0.8925,0.9549,3.111,0.6908,0.3047,0.824,0.6407,0.1086,0.0,1.878,0.2121,0.2771,0.2771,0.2771,0.0,0.9952,0.9883,0.726,0.4924,3.2019,0.8794,8.468,0.6575,0,0,0,0,1,1,0,0,0,0,0,0,0,0,0,1,1,0,0,2,3,2384,525,144,93,75,38,52,0,12,0,12,0,12,154,119,63,104,35.1,8.8,2.1,1.7,0.9,1.2,0.0,0.8,0.0,0.8,0.0,0.8,3.5,2.7,1.4,2.4
39,Ohio,OH,39053,Gallia County,39053953700,Census Tract 9537; Gallia County; Ohio,122.88720864708,4113,518,1661,174,1358,159,1409,438,25,25,384,125,335,122,911,375,529,109,1193,290,709,189,74,41,10,49,200,716,43,30,437,154,20,25,118,55,275,17,36.8,10.3,1.7,1.8,28.3,8.6,14.3,5.3,22.3,8.4,12.9,2.8,29.0,5.0,17.3,4.3,5.5,2.9,0.3,1.3,4.9,17.4,2.5,1.8,26.3,8.6,1.4,1.8,8.7,4.2,6.7,0.9,0.7982,0.1492,0.6857,0.7984,0.9857,3.4172,0.761,0.2302,0.8871,0.6776,0.5171,0.4968,2.8088,0.7349,0.1474,0.1474,0.1474,0.4413,0.9781,0.6384,0.6775,0.9328,3.6681,0.9635,10.0415,0.8511,0,0,0,0,1,1,0,0,0,0,0,0,0,0,0,1,0,0,1,2,3,4553,262,77,53,33,27,21,51,36,0,12,0,12,69,48,0,12,19.3,5.9,1.3,0.8,0.7,0.5,1.2,0.9,0.0,0.8,0.0,0.8,1.7,1.1,0.0,0.8
39,Ohio,OH,39053,Gallia County,39053953800,Census Tract 9538; Gallia County; Ohio,102.943919492974,4201,501,1811,164,1525,154,1018,389,93,71,197,84,585,150,345,121,691,130,890,158,851,218,65,46,0,48,131,683,0,16,739,154,12,20,81,58,0,12,24.2,8.8,4.7,3.6,12.9,5.4,20.1,5.0,8.2,2.9,16.4,3.2,21.2,3.5,20.3,5.1,4.3,3.0,0.0,1.2,3.1,16.3,0.0,0.9,40.8,7.3,0.8,1.3,5.3,3.5,0.0,0.3,0.6062,0.553,0.1222,0.9112,0.7306,2.9232,0.634,0.4255,0.4654,0.8156,0.407,0.0,2.1135,0.3308,0.0685,0.0685,0.0685,0.0,0.9968,0.5117,0.4917,0.0,2.0002,0.4156,7.1054,0.439,0,0,0,1,0,1,0,0,0,0,0,0,0,0,0,1,0,0,0,1,2,2067,386,113,0,12,12,29,27,38,0,12,0,12,92,109,0,12,25.3,7.0,0.0,0.8,0.3,0.7,0.6,0.9,0.0,0.8,0.0,0.8,2.2,2.5,0.0,0.8
39,Ohio,OH,39053,Gallia County,39053953901,Census Tract 9539.01; Gallia County; Ohio,34.13784346779,3972,615,1637,201,1492,234,1406,386,137,151,390,143,294,140,247,300,1045,217,941,313,672,241,78,55,11,49,88,862,54,64,288,128,0,16,236,137,259,3,37.9,8.3,8.2,9.1,26.1,8.7,10.7,5.2,6.7,8.5,26.3,6.4,23.7,5.5,18.1,7.4,5.3,3.6,0.3,1.3,2.2,21.7,3.3,3.9,17.6,7.8,0.0,1.1,15.8,8.2,6.5,1.0,0.8121,0.7806,0.6203,0.6741,0.6109,3.498,0.7806,0.9055,0.6354,0.7166,0.5022,0.4968,3.2565,0.9013,0.0412,0.0412,0.0412,0.4844,0.9444,0.0,0.8508,0.9299,3.2095,0.8819,10.0052,0.8476,0,0,0,0,0,0,1,0,0,0,0,1,0,0,0,1,0,0,1,2,3,4163,386,165,40,50,0,12,11,18,0,12,0,12,37,48,0,12,25.9,9.8,1.0,1.3,0.0,0.9,0.3,0.5,0.0,0.9,0.0,0.9,0.9,1.2,0.0,0.9
39,Ohio,OH,39053,Gallia County,39053953902,Census Tract 9539.02; Gallia County; Ohio,19.157597839042,2599,304,1135,135,1047,141,366,233,120,130,235,124,75,60,155,212,454,98,639,151,451,249,17,45,0,48,21,425,0,16,147,102,0,16,74,73,0,12,14.1,8.8,9.4,9.4,22.4,11.5,4.3,3.4,6.0,7.9,17.5,3.8,24.6,4.7,17.4,8.9,1.6,4.3,0.0,1.8,0.8,16.4,0.0,1.4,13.0,9.1,0.0,1.5,7.1,6.8,0.0,0.5,0.3354,0.8286,0.486,0.2508,0.5459,2.4467,0.493,0.4959,0.6877,0.6836,0.1238,0.0,1.991,0.2683,0.006,0.006,0.006,0.0,0.9114,0.0,0.6048,0.0,1.5162,0.2356,5.9599,0.2533,0,0,0,0,0,0,0,0,0,0,0,0,0,0,0,1,0,0,0,1,1,3020,125,61,0,12,0,12,0,12,21,39,0,12,0,12,0,12,11.9,6.2,0.0,1.3,0.0,1.3,0.0,1.3,0.8,1.5,0.0,1.3,0.0,1.3,0.0,1.3
39,Ohio,OH,39053,Gallia County,39053954000,Census Tract 9540; Gallia County; Ohio,7.439611406326,3751,384,1927,207,1582,200,1257,357,62,60,457,164,320,137,206,129,880,207,921,202,654,193,111,57,6,47,679,542,77,62,61,52,24,33,166,86,36,3,33.8,9.0,4.4,3.9,28.9,9.7,12.0,5.0,5.5,3.4,23.5,4.9,24.6,4.6,17.6,4.9,7.0,3.5,0.2,1.4,18.1,14.3,4.0,3.2,3.2,2.7,1.5,2.1,10.5,5.2,1.0,0.1,0.7664,0.5244,0.7016,0.7207,0.5005,3.2136,0.7162,0.8171,0.6877,0.6947,0.62,0.4556,3.2751,0.9057,0.5599,0.5599,0.5599,0.5184,0.7413,0.6606,0.7343,0.6595,3.3141,0.9025,10.3627,0.8794,0,0,0,0,0,0,0,0,0,0,0,0,0,0,0,0,0,0,0,0,0,4647,342,164,198,116,152,160,76,62,0,12,0,12,253,143,0,12,21.6,8.9,5.3,3.0,4.1,4.1,2.0,1.7,0.0,0.9,0.0,0.9,6.7,3.9,0.0,0.9
39,Ohio,OH,39053,Gallia County,39053954100,Census Tract 9541; Gallia County; Ohio,13.460133097098,2182,384,1249,188,1090,201,603,245,0,12,235,114,191,108,207,170,538,127,315,142,403,148,36,40,10,49,244,506,19,27,96,58,16,27,78,53,90,5,28.3,10.3,0.0,4.1,21.6,9.7,11.5,6.2,9.7,7.3,24.7,6.3,14.4,5.4,18.9,6.2,3.3,3.6,0.5,2.3,11.2,23.1,1.5,2.1,7.7,4.6,1.5,2.5,7.2,4.7,4.1,0.8,0.683,0.0,0.459,0.7036,0.8067,2.6523,0.5559,0.8532,0.1138,0.7566,0.2943,0.5796,2.5975,0.6194,0.3944,0.3944,0.3944,0.3717,0.8429,0.6606,0.6111,0.877,3.3633,0.9124,9.0075,0.7298,0,0,0,0,0,0,0,0,0,0,0,0,0,0,0,0,0,0,0,0,0,4194,334,126,20,33,50,195,19,24,0,12,0,12,145,85,10,18,30.6,9.8,0.9,1.5,2.3,9.0,0.9,1.1,0.0,1.6,0.0,1.6,6.6,3.8,0.5,0.8
39,Ohio,OH,39055,Geauga County,39055310100,Census Tract 3101; Geauga County; Ohio,25.534739553298,2241,177,1015,80,958,88,226,96,26,22,233,84,81,42,70,48,539,118,500,96,408,112,16,15,0,48,45,248,0,16,99,42,18,28,31,22,0,12,10.2,4.3,2.3,1.9,24.3,8.5,4.9,2.6,3.2,2.2,24.1,4.4,22.3,3.8,18.4,4.6,1.6,1.6,0.0,2.2,2.0,11.1,0.0,1.6,9.8,4.2,1.9,2.9,3.2,2.2,0.0,0.5,0.2123,0.2384,0.5524,0.2955,0.2491,1.5477,0.2371,0.8367,0.539,0.7318,0.1238,0.0,2.2313,0.3937,0.0333,0.0333,0.0333,0.0,0.8743,0.7219,0.3248,0.0,1.921,0.386,5.7333,0.22,0,0,0,0,0,0,0,0,0,0,0,0,0,0,0,0,0,0,0,0,0,1045,57,29,0,12,10,15,0,12,0,12,0,12,35,44,0,12,5.9,3.0,0.0,1.5,0.4,0.7,0.0,1.5,0.0,1.5,0.0,1.5,1.6,1.9,0.0,1.5
39,Ohio,OH,39055,Geauga County,39055310200,Census Tract 3102; Geauga County; Ohio,24.199984939297998,1840,172,871,88,806,96,211,115,26,20,141,55,39,28,8,12,356,82,280,54,208,67,0,16,5,47,114,253,8,17,4,7,0,16,0,12,10,4,11.5,6.2,2.4,1.8,17.5,6.5,2.7,2.0,0.4,0.7,19.3,4.6,15.2,3.0,11.3,3.7,0.0,2.0,0.3,2.7,6.2,13.7,0.9,1.9,0.5,0.8,0.0,2.0,0.0,4.2,0.5,0.2,0.2561,0.2514,0.2905,0.1325,0.0114,0.9419,0.0886,0.6208,0.1344,0.3028,0.0,0.4968,1.5548,0.1025,0.201,0.201,0.201,0.3181,0.5717,0.0,0.0,0.5742,1.464,0.2197,4.1617,0.0673,0,0,0,0,0,0,0,0,0,0,0,0,0,0,0,0,0,0,0,0,0,735,151,100,13,21,18,23,14,19,5,9,4,14,60,41,0,12,18.7,11.0,0.7,1.2,1.0,1.2,0.8,1.0,0.3,0.5,0.2,0.7,3.3,2.4,0.0,1.9
39,Ohio,OH,39055,Geauga County,39055310600,Census Tract 3106; Geauga County; Ohio,12.633543927684,5788,379,2349,152,2226,157,779,376,77,78,478,186,284,219,104,90,1768,401,933,215,842,345,51,41,72,81,332,552,0,24,0,17,72,84,86,73,35,5,13.5,6.4,2.6,2.6,21.5,8.2,6.2,4.5,1.8,1.6,30.5,6.1,16.1,3.5,14.5,5.6,2.3,1.8,1.3,1.5,5.7,9.5,0.0,1.0,0.0,1.5,3.2,3.8,3.9,3.4,0.6,0.1,0.3193,0.2822,0.4568,0.3966,0.1022,1.5571,0.241,0.9632,0.1658,0.5198,0.1902,0.7565,2.5955,0.6181,0.1829,0.1829,0.1829,0.0,0.0,0.8571,0.3892,0.6059,1.8522,0.3565,6.1877,0.2886,0,0,0,0,0,0,1,0,0,0,0,1,0,0,0,0,0,0,0,0,1,5374,281,169,0,17,11,19,125,115,0,17,0,17,196,201,0,17,12.6,7.2,0.0,0.6,0.2,0.3,2.2,2.0,0.0,0.6,0.0,0.6,3.4,3.5,0.0,0.6
39,Ohio,OH,39055,Geauga County,39055310700,Census Tract 3107; Geauga County; Ohio,10.758014466382,4209,378,1833,178,1759,191,435,205,147,88,200,86,171,89,82,61,1094,244,861,168,384,108,134,96,22,50,229,528,0,16,155,124,0,16,109,69,9,2,10.4,4.8,6.6,4.0,11.4,4.7,5.9,3.0,1.9,1.5,26.0,5.0,20.5,3.2,9.1,2.5,7.6,5.4,0.6,1.3,5.4,12.5,0.0,0.9,8.5,6.6,0.0,0.9,6.2,3.8,0.2,0.0,0.2199,0.6965,0.0803,0.3741,0.1104,1.4812,0.22,0.8976,0.4214,0.1644,0.661,0.6088,2.7532,0.7086,0.1687,0.1687,0.1687,0.0,0.8543,0.0,0.5546,0.4356,1.8445,0.3549,6.2476,0.2997,0,0,0,0,0,0,0,0,0,0,0,0,0,0,0,0,0,0,0,0,0,3836,154,79,15,24,5,9,0,12,0,12,0,12,209,171,0,12,8.8,4.3,0.4,0.6,0.1,0.2,0.0,0.8,0.0,0.8,0.0,0.8,5.0,4.0,0.0,0.8
39,Ohio,OH,39055,Geauga County,39055310800,Census Tract 3108; Geauga County; Ohio,25.23926380084,7061,30,2678,194,2577,151,232,117,163,133,275,137,129,91,34,33,1724,227,1550,203,626,182,0,24,10,64,345,206,55,77,0,17,0,24,43,40,338,13,3.4,1.7,4.2,3.4,10.7,5.3,2.5,1.8,0.5,0.5,24.4,3.2,22.0,2.9,9.2,2.7,0.0,0.9,0.1,0.9,4.9,2.9,2.1,2.9,0.0,1.3,0.0,0.9,1.7,1.5,4.8,0.2,0.033,0.4975,0.0619,0.1192,0.0152,0.7268,0.0505,0.8446,0.5171,0.1711,0.0,0.4245,1.9573,0.2524,0.1474,0.1474,0.1474,0.4111,0.0,0.0,0.1848,0.9008,1.4967,0.2298,4.3282,0.0813,0,0,0,0,0,0,0,0,0,0,0,0,0,0,0,0,0,0,1,1,1,7101,196,128,27,26,45,49,0,17,0,17,0,17,256,197,17,28,7.6,4.9,0.4,0.4,0.6,0.7,0.0,0.5,0.0,0.5,0.0,0.5,3.6,2.8,0.2,0.4
39,Ohio,OH,39055,Geauga County,39055310900,Census Tract 3109; Geauga County; Ohio,22.317329193382,3118,18,1353,116,1283,119,669,272,71,50,215,79,146,72,143,87,763,230,533,85,260,76,24,18,5,47,493,250,0,16,228,117,47,47,81,46,54,18,21.6,8.8,4.2,2.8,16.8,6.0,6.5,3.2,4.6,2.8,24.5,7.4,17.1,2.7,8.4,2.4,1.8,1.4,0.2,1.6,15.8,8.0,0.0,1.2,16.9,8.5,3.7,3.6,6.3,3.5,1.7,0.6,0.5452,0.4975,0.2635,0.4157,0.3996,2.1215,0.4038,0.8481,0.2096,0.1311,0.1419,0.4556,1.7863,0.1746,0.513,0.513,0.513,0.0,0.94,0.8841,0.5603,0.7381,3.1225,0.8638,7.5433,0.507,0,0,0,0,0,0,0,0,0,0,0,0,0,0,0,1,0,0,0,1,1,1916,99,52,70,63,142,133,1,2,0,12,0,12,47,55,233,243,7.7,3.9,2.2,2.0,4.6,4.3,0.0,0.1,0.0,1.1,0.0,1.1,1.5,1.8,7.5,7.8
39,Ohio,OH,39055,Geauga County,39055311000,Census Tract 3110; Geauga County; Ohio,23.67644259646,3663,20,1015,128,956,110,1039,437,70,58,125,68,736,187,1381,411,425,86,1238,237,323,122,0,16,130,79,128,89,11,20,0,12,77,57,354,82,75,2,29.0,12.2,4.3,3.6,13.1,7.0,38.1,10.1,38.5,11.5,11.6,2.4,33.8,6.5,9.0,3.4,0.0,1.7,3.9,2.4,3.5,2.4,1.1,2.0,0.0,3.4,8.0,5.9,37.0,8.7,2.0,0.1,0.6944,0.5117,0.1283,0.994,0.9965,3.3249,0.7435,0.1776,0.9651,0.1593,0.0,0.9249,2.2269,0.3917,0.0847,0.0847,0.0847,0.3378,0.0,0.9771,0.9784,0.7584,3.0517,0.8444,8.6882,0.6879,0,0,0,1,1,2,0,1,0,0,1,2,0,0,0,0,1,1,0,2,6,1744,367,91,42,68,64,68,0,12,5,9,0,12,17,21,0,12,38.4,9.3,1.1,1.9,1.7,1.9,0.0,0.9,0.1,0.2,0.0,0.9,0.5,0.6,0.0,0.9
39,Ohio,OH,39055,Geauga County,39055311300,Census Tract 3113; Geauga County; Ohio,23.799299866758,4395,21,1846,132,1615,105,708,221,52,50,321,79,415,120,387,176,840,124,1010,140,523,117,42,29,29,56,138,83,54,35,3,7,22,20,239,79,111,4,16.6,5.2,2.4,2.3,19.9,4.7,14.4,4.4,9.0,4.1,19.1,2.8,23.0,3.2,12.2,2.7,2.6,1.8,0.7,1.3,3.1,1.9,2.9,1.9,0.2,0.4,1.4,1.2,14.8,5.1,2.5,0.1,0.4116,0.2514,0.3898,0.8006,0.7721,2.6255,0.5467,0.6062,0.5862,0.3659,0.2187,0.6367,2.4137,0.5057,0.0685,0.0685,0.0685,0.4695,0.5527,0.6384,0.8333,0.7949,3.2888,0.8956,8.3965,0.6486,0,0,0,0,0,0,0,0,0,0,0,0,0,0,0,0,0,0,0,0,0,5256,295,80,41,47,53,58,0,12,0,12,0,12,44,42,0,12,18.3,5.2,0.9,1.1,1.2,1.3,0.0,0.8,0.0,0.8,0.0,0.8,1.0,1.0,0.0,0.8
39,Ohio,OH,39055,Geauga County,39055311400,Census Tract 3114; Geauga County; Ohio,27.741584685208,5258,38,2360,196,2080,203,339,168,73,59,303,153,220,151,195,132,1277,225,871,196,519,212,44,64,22,75,288,187,0,24,0,17,0,24,80,70,107,9,6.6,3.3,2.4,1.9,14.6,7.2,5.6,3.9,3.8,2.5,24.3,4.3,16.6,3.7,10.0,4.1,2.1,3.1,0.4,1.5,5.5,3.6,0.0,1.0,0.0,1.5,0.0,1.2,3.8,3.2,2.0,0.2,0.1066,0.2514,0.1762,0.3497,0.3113,1.1952,0.146,0.8421,0.1874,0.2174,0.1673,0.5412,1.9554,0.2514,0.1737,0.1737,0.1737,0.0,0.0,0.0,0.38,0.7584,1.1384,0.1343,4.4627,0.094,0,0,0,0,0,0,0,0,0,0,0,0,0,0,0,0,0,0,0,0,0,5077,123,81,36,61,28,47,0,17,25,35,0,17,144,124,55,92,5.9,3.7,0.7,1.2,0.5,0.9,0.0,0.7,0.5,0.7,0.0,0.7,2.7,2.3,1.0,1.7
39,Ohio,OH,39055,Geauga County,39055311500,Census Tract 3115; Geauga County; Ohio,20.130206923836,5557,66,2326,157,2260,160,390,161,156,166,326,177,304,313,251,160,1283,255,1171,191,372,135,59,64,0,68,548,333,0,24,0,17,17,31,87,52,13,4,7.1,2.9,5.1,5.4,14.4,7.8,7.4,7.4,4.5,2.9,23.1,4.6,21.1,3.4,6.7,2.4,2.6,2.8,0.0,1.3,9.9,6.0,0.0,1.0,0.0,1.5,0.8,1.4,3.8,2.2,0.2,0.1,0.1228,0.5892,0.1679,0.4775,0.3875,1.7449,0.2937,0.7961,0.4569,0.0622,0.2187,0.0,1.5339,0.0975,0.3542,0.3542,0.3542,0.0,0.0,0.5117,0.38,0.4356,1.3273,0.1822,4.9603,0.1362,0,0,0,0,0,0,0,0,0,0,0,0,0,0,0,0,0,0,0,0,0,3543,271,168,2,4,254,152,34,43,0,17,0,17,258,245,0,17,12.0,7.3,0.0,0.1,4.6,2.7,0.6,0.8,0.0,0.6,0.0,0.6,4.6,4.4,0.0,0.6
39,Ohio,OH,39055,Geauga County,39055311600,Census Tract 3116; Geauga County; Ohio,3.8064545209519998,3966,20,1462,92,1424,78,264,140,57,55,163,72,23,4,85,70,877,166,878,149,362,145,45,34,8,48,57,58,0,16,0,12,0,16,10,15,23,4,6.7,3.5,2.7,2.7,11.4,5.0,0.8,0.2,2.1,1.8,22.1,4.2,22.1,3.8,9.1,3.7,3.2,2.4,0.2,1.3,1.4,1.5,0.0,1.1,0.0,2.4,0.0,1.1,0.7,1.1,0.6,0.1,0.1092,0.2968,0.0803,0.0241,0.1301,0.6405,0.0397,0.7546,0.5247,0.1644,0.2841,0.4556,2.1834,0.3705,0.0159,0.0159,0.0159,0.0,0.0,0.0,0.0762,0.6059,0.6821,0.0556,3.5219,0.033,0,0,0,0,0,0,0,0,0,0,0,0,0,0,0,0,0,0,0,0,0,2870,20,23,0,12,28,34,0,12,0,12,0,12,29,38,0,12,1.4,1.6,0.0,0.9,0.7,0.9,0.0,0.9,0.0,0.9,0.0,0.9,0.7,1.0,0.0,0.9
39,Ohio,OH,39055,Geauga County,39055311700,Census Tract 3117; Geauga County; Ohio,7.2634087393,4928,355,2076,153,2056,156,645,243,43,37,259,103,23,23,37,51,1227,151,1168,187,560,150,78,73,59,73,532,503,140,53,0,12,60,35,76,40,1,2,13.1,4.8,2.0,1.7,12.6,4.9,0.7,0.7,0.8,1.0,24.9,2.8,23.7,3.0,11.4,2.8,3.8,3.5,1.3,1.6,10.8,10.2,6.8,2.5,0.0,1.7,2.9,1.7,3.7,1.9,0.0,0.0,0.3078,0.194,0.1159,0.0216,0.0279,0.6672,0.0435,0.8618,0.6354,0.3088,0.3502,0.7565,2.9127,0.781,0.3824,0.3824,0.3824,0.613,0.0,0.8349,0.3727,0.0,1.8206,0.3448,5.7829,0.2286,0,0,0,0,0,0,0,0,0,0,0,0,0,0,0,0,0,0,0,0,0,5011,193,68,243,91,157,137,33,47,0,12,0,12,99,55,0,12,9.4,3.2,4.9,1.8,3.2,2.8,0.7,1.0,0.0,0.7,0.0,0.7,2.0,1.1,0.0,0.7
39,Ohio,OH,39055,Geauga County,39055311800,Census Tract 3118; Geauga County; Ohio,18.292919707328,7908,354,3171,194,3115,189,425,194,149,93,536,179,65,53,240,168,1670,250,1616,185,730,194,97,90,14,69,583,555,120,88,12,24,0,24,136,113,13,3,5.4,2.4,3.4,2.1,17.2,5.7,1.1,0.9,3.0,2.1,21.1,3.1,20.4,2.2,9.2,2.5,3.1,2.9,0.2,0.9,7.4,7.0,3.8,2.8,0.4,0.7,0.0,0.8,4.4,3.6,0.2,0.0,0.073,0.3975,0.2784,0.0384,0.2291,1.0164,0.1025,0.7191,0.4134,0.1711,0.2733,0.4556,2.0325,0.2879,0.2521,0.2521,0.2521,0.5067,0.5625,0.0,0.4289,0.4356,1.9337,0.3911,5.2347,0.1638,0,0,0,0,0,0,0,0,0,0,0,0,0,0,0,0,0,0,0,0,0,9367,169,104,116,151,12,24,90,113,0,17,0,17,353,218,12,22,5.4,3.3,1.5,1.9,0.2,0.3,1.1,1.4,0.0,0.4,0.0,0.4,4.5,2.7,0.2,0.3
39,Ohio,OH,39055,Geauga County,39055311900,Census Tract 3119; Geauga County; Ohio,27.681621886302,6582,24,2512,202,2273,171,431,362,32,37,234,113,102,89,155,112,1213,194,1667,297,530,154,79,68,27,72,408,237,0,24,0,17,0,24,22,36,7,6,6.5,5.5,0.8,1.0,10.3,4.9,2.2,1.9,2.4,1.7,18.4,2.9,25.3,4.5,8.1,2.3,3.5,3.0,0.4,1.1,6.2,3.6,0.0,1.0,0.0,1.4,0.0,1.1,1.0,1.6,0.1,0.1,0.1028,0.0578,0.0537,0.1021,0.1568,0.4732,0.019,0.5621,0.7276,0.1162,0.3187,0.5412,2.2658,0.4137,0.201,0.201,0.201,0.0,0.0,0.0,0.1067,0.3694,0.4761,0.0324,3.4161,0.027,0,0,0,0,0,0,0,0,0,0,0,0,0,0,0,0,0,0,0,0,0,3993,69,45,27,45,125,136,152,125,0,17,0,17,104,98,0,17,3.0,2.0,0.4,0.7,1.9,2.1,2.3,1.9,0.0,0.5,0.0,0.5,1.6,1.5,0.0,0.5
39,Ohio,OH,39055,Geauga County,39055312000,Census Tract 3120; Geauga County; Ohio,25.046475736302,2776,38,1048,89,1036,91,301,117,18,17,90,37,385,145,703,244,487,125,542,137,289,99,18,15,10,46,159,140,0,16,181,57,18,13,192,52,39,5,11.0,4.3,1.2,1.2,8.7,3.5,19.5,7.5,25.4,8.8,17.5,4.5,19.5,4.9,10.4,3.6,1.8,1.4,0.4,1.8,5.7,5.0,0.0,1.5,17.3,5.1,1.7,1.2,18.5,5.4,1.4,0.2,0.2415,0.0898,0.0283,0.9033,0.9902,2.2531,0.4397,0.4959,0.3535,0.2396,0.1419,0.5412,1.7721,0.1686,0.1829,0.1829,0.1829,0.0,0.9429,0.6917,0.8848,0.7029,3.2223,0.8844,7.4304,0.4933,0,0,0,1,1,2,0,0,0,0,0,0,0,0,0,1,0,0,0,1,3,2738,379,104,3,5,125,124,0,12,0,12,0,12,31,31,0,12,36.6,9.7,0.1,0.2,4.5,4.4,0.0,1.3,0.0,1.3,0.0,1.3,1.1,1.1,0.0,1.3
39,Ohio,OH,39055,Geauga County,39055312100,Census Tract 3121; Geauga County; Ohio,26.84331490729,4445,15,1128,151,1089,130,678,332,10,15,155,72,1024,201,1349,370,480,97,1744,235,286,103,18,24,104,74,189,194,0,16,0,12,142,73,631,114,5,2,15.3,7.5,0.5,0.8,14.2,6.4,48.1,9.7,30.3,8.3,10.8,2.2,39.2,5.3,6.4,2.3,1.7,2.2,2.6,1.9,4.3,4.4,0.0,1.4,0.0,3.1,13.0,6.5,57.9,8.0,0.1,0.0,0.3723,0.033,0.161,0.9975,0.9946,2.5584,0.5267,0.1538,0.9902,0.0527,0.1337,0.877,2.2074,0.3797,0.1189,0.1189,0.1189,0.0,0.0,0.9965,0.9981,0.3694,2.364,0.5759,7.2487,0.4619,0,0,0,1,1,2,0,1,0,0,0,1,0,0,0,0,1,1,0,2,5,2244,653,119,20,25,14,23,0,12,17,18,0,12,138,141,0,12,60.0,8.8,0.4,0.6,0.3,0.5,0.0,0.8,0.4,0.4,0.0,0.8,3.1,3.2,0.0,0.8
39,Ohio,OH,39055,Geauga County,39055312201,Census Tract 3122.01; Geauga County; Ohio,5.06638025074,5521,161,2379,234,2098,210,686,496,70,61,440,168,257,119,589,340,1049,188,1166,281,522,160,79,56,15,70,306,312,279,109,0,17,0,24,97,72,125,6,12.7,9.2,2.7,2.3,21.0,7.7,6.8,3.2,10.9,6.3,19.0,3.4,21.1,5.0,9.7,3.0,3.8,2.6,0.3,1.3,5.5,5.6,11.7,4.4,0.0,1.5,0.0,1.1,4.6,3.3,2.3,0.1,0.2955,0.2968,0.4365,0.4344,0.8524,2.3156,0.4584,0.6018,0.4569,0.2003,0.3502,0.4968,2.106,0.3244,0.1737,0.1737,0.1737,0.7244,0.0,0.0,0.4419,0.7815,1.9478,0.3981,6.5431,0.3489,0,0,0,0,0,0,0,0,0,0,0,0,0,0,0,0,0,0,0,0,0,9965,182,92,75,74,107,70,0,17,0,17,0,17,124,107,0,17,8.7,4.1,1.4,1.3,1.9,1.3,0.0,0.6,0.0,0.6,0.0,0.6,2.2,1.9,0.0,0.6
39,Ohio,OH,39055,Geauga County,39055312202,Census Tract 3122.02; Geauga County; Ohio,22.19778390604,4232,166,1498,210,1412,206,322,168,12,15,213,83,67,79,89,71,992,140,1138,265,481,120,35,29,20,47,431,296,0,16,113,69,0,16,57,55,0,12,7.6,4.0,0.6,0.8,15.1,5.4,2.4,2.8,2.1,1.7,23.4,3.2,26.9,5.8,11.4,2.9,2.5,2.0,0.5,1.2,10.2,7.0,0.0,1.1,7.5,4.3,0.0,1.1,4.0,3.7,0.0,0.3,0.1384,0.0422,0.1949,0.1135,0.1301,0.6191,0.0365,0.8107,0.8107,0.3088,0.2114,0.5796,2.7212,0.6946,0.363,0.363,0.363,0.0,0.8394,0.0,0.3981,0.0,1.2375,0.1594,4.9408,0.1346,0,0,0,0,0,0,0,0,0,0,0,0,0,0,0,0,0,0,0,0,0,2007,125,63,0,12,349,160,13,17,0,12,0,12,44,37,25,35,8.9,4.3,0.0,0.8,8.2,3.8,0.3,0.4,0.0,0.8,0.0,0.8,1.0,0.9,0.6,0.8
39,Ohio,OH,39055,Geauga County,39055312203,Census Tract 3122.03; Geauga County; Ohio,22.27693481604,4694,16,1829,126,1765,120,346,162,71,55,274,85,197,92,209,117,920,143,723,100,408,133,31,30,0,48,425,174,0,16,312,93,42,37,54,38,2,4,7.4,3.5,2.6,2.0,15.5,4.7,5.6,2.6,4.5,2.5,19.6,3.1,15.4,2.1,8.7,2.8,1.7,1.7,0.0,1.1,9.1,3.7,0.0,0.9,17.1,4.5,2.4,2.1,3.1,2.1,0.0,0.1,0.1317,0.2822,0.2083,0.3497,0.3875,1.3594,0.1863,0.6411,0.1414,0.1476,0.1337,0.0,1.0638,0.0267,0.3221,0.3221,0.3221,0.0,0.9416,0.7787,0.3143,0.0,2.0346,0.4333,4.7799,0.1213,0,0,0,0,0,0,0,0,0,0,0,0,0,0,0,1,0,0,0,1,1,2459,246,101,74,64,33,41,11,20,0,12,0,12,272,139,35,54,13.9,5.2,1.6,1.4,0.7,0.9,0.2,0.4,0.0,0.7,0.0,0.7,5.8,3.0,0.7,1.1
39,Ohio,OH,39055,Geauga County,39055312300,Census Tract 3123; Geauga County; Ohio,12.506080846628,4164,352,1802,164,1752,175,768,313,180,112,441,146,618,192,535,216,1056,181,698,187,532,133,55,41,0,48,240,502,279,129,0,12,13,25,392,97,97,2,18.9,7.5,7.8,4.7,25.2,7.9,20.9,5.4,13.2,5.0,25.4,4.5,16.8,3.5,13.1,3.5,3.1,2.3,0.0,1.2,5.8,12.0,15.5,7.0,0.0,1.9,0.7,1.4,22.4,4.7,2.3,0.2,0.4805,0.7616,0.5889,0.9217,0.9143,3.667,0.8159,0.8811,0.1972,0.4199,0.2733,0.0,1.7715,0.1683,0.1855,0.1855,0.1855,0.7879,0.0,0.4873,0.9216,0.7815,2.9783,0.8222,8.6023,0.6756,0,0,0,1,1,2,0,0,0,0,0,0,0,0,0,0,0,1,0,1,3,9024,374,97,108,115,45,61,13,19,0,12,0,12,59,70,15,18,21.3,4.9,2.6,2.7,1.1,1.5,0.3,0.5,0.0,0.8,0.0,0.8,1.4,1.7,0.4,0.4
39,Ohio,OH,39055,Geauga County,39055312400,Census Tract 3124; Geauga County; Ohio,13.296118898008,3109,353,914,107,781,119,881,350,34,26,121,56,615,129,1052,363,314,116,1115,182,186,86,10,10,28,51,29,499,17,28,141,49,74,45,350,88,5,2,28.4,10.8,2.5,1.9,15.5,6.8,40.8,7.5,33.8,11.1,10.1,3.5,35.9,3.8,6.0,2.7,1.2,1.3,1.0,1.8,0.9,16.0,1.9,3.1,15.4,5.4,9.5,5.6,44.8,9.2,0.2,0.1,0.6845,0.2657,0.2083,0.9956,0.9952,3.1493,0.7016,0.1262,0.9819,0.0444,0.0937,0.707,1.9532,0.2495,0.0076,0.0076,0.0076,0.3975,0.9305,0.9876,0.9889,0.4356,3.7401,0.9698,8.8502,0.707,0,0,0,1,1,2,0,1,0,0,0,1,0,0,0,1,1,1,0,3,6,1404,405,90,4,8,15,29,0,12,0,12,0,12,10,13,0,12,51.9,9.2,0.1,0.3,0.5,0.9,0.0,1.1,0.0,1.1,0.0,1.1,0.3,0.4,0.0,1.1
39,Ohio,OH,39057,Greene County,39057200101,Census Tract 2001.01; Greene County; Ohio,0.67638120564,2583,437,1228,142,1099,165,798,297,116,70,386,118,194,108,340,190,298,87,637,207,315,105,152,79,0,48,411,602,311,132,0,12,27,32,66,58,0,12,31.2,10.3,8.6,5.2,35.1,9.4,13.3,7.1,13.2,6.1,11.5,3.8,24.7,6.4,12.2,4.8,13.8,6.9,0.0,2.0,15.9,23.2,25.3,10.3,0.0,2.8,2.5,2.9,6.0,5.3,0.0,0.5,0.729,0.7975,0.8241,0.7689,0.9143,4.0338,0.8952,0.1756,0.6956,0.3659,0.8759,0.0,2.113,0.3302,0.5146,0.5146,0.5146,0.8889,0.0,0.7902,0.5413,0.0,2.2204,0.5111,8.8818,0.7108,0,0,0,0,1,1,0,0,0,0,0,0,0,0,0,0,0,0,0,0,1,779,106,62,214,153,70,71,28,31,0,12,0,12,99,72,0,12,9.6,5.9,8.3,5.8,2.7,2.9,1.1,1.2,0.0,1.3,0.0,1.3,3.8,2.7,0.0,1.3
39,Ohio,OH,39057,Greene County,39057200103,Census Tract 2001.03; Greene County; Ohio,1.197110795408,3373,478,1961,179,1769,176,621,209,30,35,490,156,131,81,106,68,661,126,590,203,574,133,78,48,20,55,861,654,252,91,130,61,9,18,136,81,10,2,18.5,5.6,1.7,1.9,27.7,8.4,5.3,3.1,3.2,1.9,19.6,4.4,17.5,4.2,17.3,4.8,4.4,2.7,0.6,1.8,25.5,19.0,12.8,4.5,6.6,3.3,0.5,1.0,7.7,4.8,0.3,0.0,0.47,0.1492,0.6717,0.3253,0.2491,1.8653,0.3248,0.6411,0.2305,0.6776,0.4184,0.6088,2.5764,0.6076,0.6636,0.6636,0.6636,0.7457,0.82,0.4413,0.634,0.4924,3.1334,0.8654,8.2387,0.6222,0,0,0,0,0,0,0,0,0,0,0,0,0,0,0,0,0,0,0,0,0,2722,80,66,426,177,252,125,90,64,0,12,0,12,93,46,0,12,4.5,3.8,12.6,4.9,7.5,3.8,2.7,1.9,0.0,1.0,0.0,1.0,2.8,1.4,0.0,1.0
39,Ohio,OH,39057,Greene County,39057200104,Census Tract 2001.04; Greene County; Ohio,4.577452338304,5072,633,2332,297,1952,317,1352,331,277,124,1007,320,81,94,342,171,192,44,158,91,670,312,26,38,21,67,1634,879,982,302,131,91,0,24,91,83,1645,107,39.5,6.4,8.6,4.0,51.6,14.1,4.3,4.8,7.0,3.6,3.8,0.9,3.1,1.8,13.6,5.1,1.3,1.9,0.4,1.3,32.2,16.9,42.1,11.8,5.6,4.1,0.0,1.2,4.7,4.3,32.4,4.6,0.8312,0.7975,0.9762,0.2508,0.636,3.4917,0.779,0.0181,0.0143,0.4532,0.1022,0.5412,1.129,0.0321,0.7242,0.7242,0.7242,0.9556,0.7962,0.0,0.4479,0.9845,3.1842,0.8756,8.5291,0.6663,0,0,1,0,0,1,0,0,0,0,0,0,0,0,1,0,0,0,1,2,3,14276,243,108,788,176,329,141,176,80,4,7,0,17,337,128,0,17,12.4,5.3,15.5,3.8,6.5,2.7,3.5,1.7,0.1,0.1,0.0,0.7,6.6,2.5,0.0,0.7
39,Ohio,OH,39057,Greene County,39057200300,Census Tract 2003; Greene County; Ohio,2.052459930598,4050,380,1800,173,1675,180,939,292,82,78,362,128,353,168,323,143,680,149,1111,229,869,184,272,91,25,58,1130,511,22,24,80,46,73,80,224,116,80,2,23.7,7.0,4.5,4.2,21.6,7.3,13.2,6.3,8.2,3.5,16.8,3.5,27.4,4.5,22.0,4.9,16.2,5.1,0.7,1.6,27.9,12.3,1.2,1.3,4.4,2.6,4.4,4.8,13.4,6.7,2.0,0.2,0.5944,0.534,0.459,0.7644,0.7306,3.0824,0.6844,0.4486,0.832,0.8696,0.9184,0.6367,3.7053,0.9768,0.6871,0.6871,0.6871,0.3483,0.7721,0.9168,0.8089,0.7584,3.6045,0.9549,11.0793,0.9365,0,0,0,0,0,0,0,0,0,1,0,1,0,0,0,0,1,0,0,1,2,3857,223,111,547,289,41,43,34,42,0,12,0,12,435,236,73,92,13.3,5.9,13.5,6.9,1.0,1.0,0.8,1.0,0.0,0.9,0.0,0.9,10.7,5.5,1.8,2.3
39,Ohio,OH,39057,Greene County,39057200400,Census Tract 2004; Greene County; Ohio,0.674208223584,2024,346,1288,189,1151,190,702,300,10,12,550,196,186,151,136,88,339,109,266,99,588,274,31,40,0,48,314,477,167,70,0,12,3,15,114,79,23,12,34.8,13.6,1.2,1.3,47.8,15.1,11.3,8.2,7.0,4.2,16.7,4.3,13.1,4.4,30.5,13.7,2.7,3.4,0.0,2.4,15.5,23.4,13.0,5.1,0.0,2.7,0.3,1.3,9.9,6.9,1.1,0.6,0.7782,0.0898,0.96,0.6969,0.636,3.1609,0.7038,0.4439,0.0802,0.9813,0.2298,0.0,1.7352,0.1562,0.5054,0.5054,0.5054,0.7476,0.0,0.4041,0.7162,0.6703,2.5382,0.6517,7.9397,0.5756,0,0,1,0,0,1,0,0,1,0,0,1,0,0,0,0,0,0,0,0,2,2164,133,69,71,57,60,58,13,44,8,17,0,12,162,177,0,12,11.6,6.1,3.5,2.9,3.0,2.7,0.6,2.2,0.4,0.8,0.0,1.7,8.0,8.2,0.0,1.7
39,Ohio,OH,39057,Greene County,39057200500,Census Tract 2005; Greene County; Ohio,1.514882393958,4958,700,2245,256,2104,279,1545,404,215,113,637,192,547,226,514,225,750,376,1018,282,1250,458,223,138,0,48,586,964,0,16,17,25,0,16,76,66,0,12,31.4,6.9,9.0,4.6,30.3,8.2,14.9,6.3,10.5,4.5,15.1,6.5,20.5,4.7,25.5,7.3,10.6,6.4,0.0,1.0,11.8,19.4,0.0,0.7,0.8,1.2,0.0,0.8,3.6,3.1,0.0,0.2,0.7325,0.8149,0.734,0.8161,0.8385,3.936,0.8762,0.3472,0.4214,0.941,0.7975,0.0,2.5071,0.5622,0.4119,0.4119,0.4119,0.0,0.6095,0.0,0.3638,0.0,0.9733,0.1025,7.8283,0.5543,0,0,0,0,0,0,0,0,1,0,0,1,0,0,0,0,0,0,0,0,1,3180,270,108,433,275,17,25,0,12,0,12,0,12,136,88,0,12,12.8,5.3,8.7,5.4,0.3,0.5,0.0,0.7,0.0,0.7,0.0,0.7,2.7,1.7,0.0,0.7
39,Ohio,OH,39057,Greene County,39057200600,Census Tract 2006; Greene County; Ohio,1.617563904246,3737,423,1714,181,1630,194,730,289,41,32,263,98,229,93,200,100,913,123,751,186,560,144,131,79,5,47,576,587,0,16,11,19,2,13,70,59,10,3,19.6,7.4,2.2,1.8,16.1,5.7,8.2,3.2,5.4,2.7,24.4,3.0,20.1,3.8,15.0,3.9,8.0,4.8,0.1,1.3,15.4,15.6,0.0,0.9,0.6,1.1,0.1,0.8,4.3,3.6,0.3,0.1,0.4976,0.2238,0.2321,0.526,0.4916,1.9711,0.3562,0.8446,0.3906,0.5462,0.6851,0.4245,2.891,0.773,0.5041,0.5041,0.5041,0.0,0.5876,0.3819,0.4184,0.4924,1.8803,0.3676,7.2465,0.461,0,0,0,0,0,0,0,0,0,0,0,0,0,0,0,0,0,0,0,0,0,4512,181,75,102,85,117,58,90,67,0,12,0,12,267,181,0,12,11.1,4.4,2.7,2.3,3.1,1.6,2.4,1.8,0.0,0.9,0.0,0.9,7.1,4.6,0.0,0.9
39,Ohio,OH,39057,Greene County,39057200700,Census Tract 2007; Greene County; Ohio,0.620302206752,4307,522,2206,185,1912,196,2309,673,225,133,932,311,573,215,990,504,391,96,1116,325,813,343,241,154,17,53,1240,706,431,215,0,12,67,52,198,116,0,12,53.6,14.2,11.2,7.2,48.7,15.5,24.5,9.2,23.3,11.2,9.1,2.0,25.9,5.8,19.1,6.9,12.6,8.0,0.4,1.4,28.8,16.0,19.6,9.6,0.0,1.6,3.5,2.7,10.4,5.9,0.0,0.3,0.9267,0.8679,0.9622,0.9512,0.9876,4.6956,0.9943,0.0954,0.7625,0.768,0.8511,0.5412,3.0182,0.8308,0.6944,0.6944,0.6944,0.8397,0.0,0.8771,0.7311,0.0,2.4479,0.6143,10.8561,0.9225,1,0,1,1,1,4,0,0,0,0,0,0,0,0,0,0,0,0,0,0,4,1628,214,115,356,229,319,259,0,12,0,12,0,12,565,411,0,12,11.2,5.9,8.3,5.2,7.4,5.9,0.0,0.8,0.0,0.8,0.0,0.8,13.1,8.9,0.0,0.8
39,Ohio,OH,39057,Greene County,39057200901,Census Tract 2009.01; Greene County; Ohio,4.382264649836,4204,445,1984,173,1938,157,494,222,0,12,468,166,54,66,109,90,481,134,844,202,355,136,58,70,25,59,1045,636,198,80,0,12,33,37,0,12,0,12,11.8,5.2,0.0,1.5,24.1,8.3,1.9,2.4,2.7,2.2,11.4,3.7,20.1,3.3,8.9,3.4,3.0,3.6,0.7,1.6,24.9,14.9,10.0,3.9,0.0,1.7,1.7,1.9,0.0,1.8,0.0,0.3,0.2656,0.0,0.5448,0.0808,0.1888,1.08,0.1175,0.1718,0.3906,0.1552,0.2619,0.6367,1.6162,0.1175,0.655,0.655,0.655,0.6905,0.0,0.6917,0.0,0.0,1.3822,0.1962,4.7334,0.1165,0,0,0,0,0,0,0,0,0,0,0,0,0,0,0,0,0,0,0,0,0,4160,128,101,513,288,347,187,23,26,0,12,0,12,147,89,15,22,6.6,5.2,12.2,6.3,8.3,4.5,0.5,0.6,0.0,0.8,0.0,0.8,3.5,2.1,0.4,0.5
39,Ohio,OH,39057,Greene County,39057200902,Census Tract 2009.02; Greene County; Ohio,10.263168768592,3245,400,1471,166,1425,174,194,125,53,60,214,106,145,92,124,84,986,127,344,111,408,136,0,16,0,48,177,583,0,16,0,12,11,23,10,17,105,2,6.2,3.9,3.3,3.9,15.0,7.2,5.3,3.5,3.9,2.8,30.4,5.0,10.6,3.2,13.0,4.6,0.0,1.1,0.0,1.6,5.5,18.0,0.0,1.1,0.0,2.3,0.8,1.6,0.7,1.2,3.2,0.4,0.092,0.386,0.1908,0.3253,0.3224,1.3165,0.1765,0.9616,0.0466,0.4129,0.0,0.0,1.4211,0.0714,0.1737,0.1737,0.1737,0.0,0.0,0.5117,0.0762,0.8405,1.4284,0.2086,4.3397,0.0819,0,0,0,0,0,0,1,0,0,0,0,1,0,0,0,0,0,0,0,0,1,1595,143,93,25,34,27,41,42,39,0,12,0,12,83,77,0,12,10.0,6.3,0.8,1.1,0.8,1.3,1.3,1.2,0.0,1.1,0.0,1.1,2.6,2.4,0.0,1.1
39,Ohio,OH,39057,Greene County,39057210101,Census Tract 2101.01; Greene County; Ohio,1.613494003064,3629,523,2095,258,1827,255,578,276,110,95,368,151,136,139,347,130,473,189,361,124,147,123,44,44,52,87,1080,689,573,225,0,12,44,45,42,64,42,4,16.1,7.3,4.6,3.9,20.1,7.8,5.4,5.1,10.4,3.9,13.0,5.4,9.9,2.8,4.4,3.6,2.4,2.4,1.5,2.5,29.8,18.5,27.3,10.2,0.0,1.7,2.4,2.4,2.3,3.5,1.2,0.2,0.3929,0.5451,0.3971,0.3339,0.8347,2.5037,0.5117,0.2368,0.0428,0.0152,0.201,0.7854,1.2812,0.0502,0.7055,0.7055,0.7055,0.9032,0.0,0.7787,0.2429,0.6814,2.6062,0.6806,7.0966,0.4384,0,0,0,0,0,0,0,0,0,0,0,0,0,0,1,0,0,0,0,1,1,17475,0,12,97,82,104,120,656,272,0,12,0,12,223,164,0,12,0.0,1.9,2.7,2.3,2.9,3.3,18.1,6.6,0.0,1.0,0.0,1.0,6.1,4.5,0.0,1.0
39,Ohio,OH,39057,Greene County,39057210102,Census Tract 2101.02; Greene County; Ohio,1.68512480441,2215,273,972,98,906,116,228,220,36,55,212,111,13,21,29,33,294,57,558,126,248,88,16,27,0,48,510,396,308,108,43,56,24,38,29,21,2,2,10.3,9.9,3.4,5.2,23.4,11.9,0.9,1.5,1.4,1.5,13.3,2.8,25.2,4.5,11.9,4.5,1.8,3.0,0.0,2.2,23.0,17.7,31.7,10.6,4.4,5.5,2.6,4.2,3.2,2.4,0.1,0.1,0.2161,0.3975,0.52,0.0289,0.0676,1.2301,0.1527,0.2505,0.7248,0.345,0.1419,0.0,1.4622,0.08,0.6275,0.6275,0.6275,0.926,0.7721,0.8029,0.3248,0.3694,3.1952,0.8778,6.515,0.3448,0,0,0,0,0,0,0,0,0,0,0,0,0,0,1,0,0,0,0,1,1,3107,6,14,76,91,64,70,73,74,6,14,0,12,291,124,0,12,0.7,1.5,3.4,4.0,2.9,3.0,3.3,3.2,0.3,0.6,0.0,1.6,13.1,6.1,0.0,1.6
39,Ohio,OH,39057,Greene County,39057210201,Census Tract 2102.01; Greene County; Ohio,2.073258087032,4856,685,1982,228,1928,234,232,172,76,88,225,101,133,81,51,42,890,244,1180,398,431,189,0,16,4,47,572,958,0,16,11,19,17,30,26,31,93,4,4.9,3.6,3.3,3.9,11.7,5.0,3.8,2.3,1.1,0.9,18.3,5.6,24.3,5.7,9.2,4.3,0.0,0.8,0.1,1.1,11.8,19.7,0.0,0.8,0.6,1.0,0.9,1.6,1.3,1.6,1.9,0.3,0.0609,0.386,0.0895,0.2102,0.0451,0.7917,0.0625,0.5549,0.6734,0.1711,0.0,0.4245,1.8239,0.1914,0.4119,0.4119,0.4119,0.0,0.5876,0.5384,0.1349,0.7524,2.0133,0.4219,5.0408,0.146,0,0,0,0,0,0,0,0,0,0,0,0,0,0,0,0,0,0,0,0,0,2339,68,53,5,20,130,72,242,129,0,12,0,12,195,154,0,12,3.5,2.7,0.1,0.4,2.7,1.5,5.0,2.7,0.0,0.7,0.0,0.7,4.0,3.1,0.0,0.7
39,Ohio,OH,39057,Greene County,39057210202,Census Tract 2102.02; Greene County; Ohio,2.1068586135819998,3516,506,1225,83,1163,110,316,180,35,40,106,62,9,14,237,148,553,82,899,166,308,129,27,31,1,46,677,629,0,16,0,12,10,20,15,20,11,3,9.0,5.0,2.0,2.3,9.1,5.3,0.4,0.6,6.8,3.7,15.7,3.2,25.6,4.3,8.9,3.9,2.3,2.7,0.0,1.4,19.3,17.7,0.0,1.3,0.0,2.8,0.9,1.7,1.3,1.7,0.3,0.1,0.1796,0.194,0.0346,0.0149,0.6211,1.0442,0.1092,0.3814,0.7429,0.1552,0.1902,0.0,1.4697,0.0822,0.5796,0.5796,0.5796,0.0,0.0,0.5384,0.1349,0.4924,1.1657,0.1375,4.2592,0.0759,0,0,0,0,0,0,0,0,0,0,0,0,0,0,0,0,0,0,0,0,0,2982,50,44,94,126,260,215,100,97,19,37,0,12,136,100,68,86,4.3,3.8,2.7,3.6,7.4,5.5,2.8,2.6,0.5,1.0,0.0,1.0,3.9,2.8,1.9,2.4
39,Ohio,OH,39057,Greene County,39057210300,Census Tract 2103; Greene County; Ohio,3.650749623004,3659,403,1538,128,1412,153,339,167,78,49,272,106,84,61,115,79,779,186,759,168,551,180,53,36,16,49,276,570,118,53,0,12,0,16,52,32,23,3,9.4,4.5,4.3,2.7,19.3,7.2,3.2,2.3,3.2,2.2,21.3,4.4,20.7,3.3,15.1,4.8,3.8,2.5,0.5,1.4,7.5,15.6,7.7,3.4,0.0,2.2,0.0,1.1,3.7,2.2,0.6,0.0,0.1898,0.5117,0.367,0.1671,0.2491,1.4847,0.2219,0.7251,0.4315,0.5528,0.3502,0.5796,2.6392,0.6467,0.2562,0.2562,0.2562,0.6406,0.0,0.0,0.3727,0.6059,1.6192,0.2648,5.9993,0.2587,0,0,0,0,0,0,0,0,0,0,0,0,0,0,0,0,0,0,0,0,0,5094,92,41,43,66,89,86,38,35,0,12,0,12,84,63,22,25,6.5,2.9,1.2,1.8,2.4,2.4,1.0,0.9,0.0,1.0,0.0,1.0,2.3,1.7,0.6,0.7
39,Ohio,OH,39057,Greene County,39057210401,Census Tract 2104.01; Greene County; Ohio,1.85202897697,5438,891,2430,264,2081,231,1229,802,0,17,409,170,107,65,255,204,1127,209,1242,368,728,199,107,81,34,76,1480,1173,883,226,0,17,25,37,101,67,80,2,23.0,14.5,0.0,1.3,19.7,7.9,2.9,1.8,4.8,3.4,20.7,4.1,22.8,3.6,13.6,3.8,5.2,3.8,0.7,1.5,27.2,21.1,36.4,8.4,0.0,1.4,1.2,1.8,4.9,3.2,1.5,0.2,0.5824,0.0,0.3844,0.1433,0.4243,1.5344,0.2324,0.7013,0.5761,0.4532,0.4921,0.6367,2.8594,0.7578,0.6788,0.6788,0.6788,0.9448,0.0,0.6038,0.4625,0.7146,2.7257,0.7302,7.7983,0.5498,0,0,0,0,0,0,0,0,0,0,0,0,0,0,1,0,0,0,0,1,1,6115,266,172,263,196,248,176,426,291,0,17,0,17,521,331,22,34,12.8,7.5,4.8,3.5,4.6,3.4,7.8,5.5,0.0,0.6,0.0,0.6,9.6,5.1,0.4,0.6
39,Ohio,OH,39057,Greene County,39057210402,Census Tract 2104.02; Greene County; Ohio,2.686587291664,4660,336,2124,140,2051,145,456,206,91,61,231,95,150,109,110,90,1188,171,885,181,610,188,173,99,0,48,593,520,142,91,0,12,15,25,17,28,77,3,10.0,4.4,4.0,2.5,11.3,4.6,4.3,3.0,2.4,2.0,25.5,3.4,19.0,3.3,13.4,4.0,8.5,4.8,0.0,1.1,12.7,11.1,6.7,4.3,0.0,1.6,0.7,1.2,0.8,1.4,1.7,0.1,0.205,0.4756,0.0771,0.2508,0.1568,1.1653,0.14,0.8843,0.3183,0.4418,0.7102,0.0,2.3546,0.4673,0.4369,0.4369,0.4369,0.6092,0.0,0.4873,0.0873,0.7381,1.9219,0.3867,5.8787,0.2444,0,0,0,0,0,0,0,0,0,0,0,0,0,0,0,0,0,0,0,0,0,4305,79,57,61,54,117,87,181,113,0,12,0,12,118,81,116,147,3.9,2.8,1.3,1.2,2.5,1.8,3.9,2.4,0.0,0.7,0.0,0.7,2.5,1.8,2.5,3.2
39,Ohio,OH,39057,Greene County,39057210500,Census Tract 2105; Greene County; Ohio,9.852004115568,6215,706,2202,255,2159,243,353,171,66,56,207,106,100,92,89,72,1336,269,1393,345,554,180,28,49,29,73,779,999,59,64,0,17,6,20,81,74,135,5,5.8,2.7,2.2,1.8,9.6,4.8,2.3,2.1,1.5,1.2,21.5,4.7,22.4,3.7,9.2,2.9,1.3,2.3,0.5,1.2,12.5,16.0,2.7,2.9,0.0,1.6,0.3,0.9,3.8,3.3,2.2,0.3,0.0797,0.2238,0.0419,0.1068,0.072,0.5242,0.0254,0.7343,0.5466,0.1711,0.1022,0.5796,2.1338,0.3422,0.4315,0.4315,0.4315,0.4533,0.0,0.4041,0.38,0.773,2.0104,0.4213,5.0999,0.1511,0,0,0,0,0,0,0,0,0,0,0,0,0,0,0,0,0,0,0,0,0,3978,233,139,18,17,112,96,386,205,0,17,0,17,261,187,2,4,10.8,5.9,0.3,0.3,1.8,1.5,6.2,3.4,0.0,0.6,0.0,0.6,4.2,2.9,0.0,0.1
39,Ohio,OH,39057,Greene County,39057210602,Census Tract 2106.02; Greene County; Ohio,3.165309756036,5198,745,2176,208,2121,213,489,230,100,86,438,188,37,36,142,101,983,126,1153,395,610,187,15,28,0,68,774,1038,0,24,0,17,0,24,0,17,5,10,9.4,4.2,3.6,3.1,20.7,8.6,1.0,1.0,2.7,1.9,18.9,2.8,22.2,4.9,11.7,3.5,0.7,1.3,0.0,1.4,14.9,19.9,0.0,1.1,0.0,1.6,0.0,1.1,0.0,1.6,0.1,0.2,0.1898,0.4308,0.4244,0.0333,0.1888,1.2671,0.1613,0.5973,0.5336,0.3291,0.0546,0.0,1.5146,0.094,0.4911,0.4911,0.4911,0.0,0.0,0.0,0.0,0.3694,0.3694,0.0254,3.6422,0.0352,0,0,0,0,0,0,0,0,0,0,0,0,0,0,0,0,0,0,0,0,0,11270,126,86,221,172,338,241,22,50,0,17,64,91,129,160,0,17,5.9,4.0,4.3,3.3,6.5,4.6,0.4,0.9,0.0,0.7,1.2,1.7,2.5,3.0,0.0,0.7
39,Ohio,OH,39057,Greene County,39057210603,Census Tract 2106.03; Greene County; Ohio,13.756104218422,8919,570,2863,231,2812,219,286,204,102,71,184,112,111,92,132,91,938,207,2875,406,379,131,101,90,0,68,1517,803,0,24,0,17,0,24,17,27,0,17,3.2,2.3,2.5,1.7,6.5,4.0,2.0,1.6,1.5,1.0,10.5,2.3,32.2,3.7,4.3,1.5,3.5,3.2,0.0,0.8,17.0,8.9,0.0,0.8,0.0,1.2,0.0,0.9,0.6,1.0,0.0,0.2,0.0279,0.2657,0.0108,0.0881,0.072,0.4645,0.0181,0.1424,0.9521,0.013,0.3187,0.0,1.4262,0.0737,0.5349,0.5349,0.5349,0.0,0.0,0.0,0.0616,0.0,0.0616,0.0092,2.4872,0.0029,0,0,0,0,0,0,0,1,0,0,0,1,0,0,0,0,0,0,0,0,1,5358,71,88,397,252,190,133,517,174,0,17,0,17,413,234,0,17,2.5,3.1,4.5,2.8,2.1,1.5,5.8,1.9,0.0,0.4,0.0,0.4,4.6,2.6,0.0,0.4
39,Ohio,OH,39057,Greene County,39057210604,Census Tract 2106.04; Greene County; Ohio,3.068541011776,5079,466,2633,229,2595,240,623,266,13,22,543,220,145,93,86,74,1086,293,865,172,703,213,115,95,68,99,1492,612,404,156,0,17,64,67,155,142,0,17,12.4,5.2,0.5,0.9,20.9,8.3,3.9,2.4,1.8,1.5,21.4,5.3,17.0,2.8,14.3,4.0,4.4,3.6,1.4,2.0,29.4,11.7,15.3,5.8,0.0,1.3,2.5,2.6,6.0,5.3,0.0,0.3,0.2818,0.033,0.4314,0.2191,0.1022,1.0675,0.1159,0.7299,0.2067,0.5033,0.4184,0.7717,2.63,0.641,0.7013,0.7013,0.7013,0.7835,0.0,0.7902,0.5413,0.0,2.115,0.4686,6.5138,0.3444,0,0,0,0,0,0,0,0,0,0,0,0,0,0,0,0,0,0,0,0,0,5941,120,82,271,159,163,172,530,219,8,12,0,17,520,247,0,17,4.6,3.3,5.3,3.1,3.2,3.4,10.4,4.0,0.2,0.2,0.0,0.7,10.2,4.7,0.0,0.7
39,Ohio,OH,39057,Greene County,39057210605,Census Tract 2106.05; Greene County; Ohio,2.639423001854,2673,288,1183,131,1121,146,52,71,8,14,110,71,23,30,22,34,889,223,514,121,288,127,31,42,0,48,458,433,70,50,0,12,13,25,33,37,0,12,1.9,2.6,0.6,1.0,9.8,6.2,1.1,1.5,0.8,1.3,33.3,6.8,19.2,3.9,10.8,4.8,2.8,3.7,0.0,1.9,17.1,16.1,5.9,4.2,0.0,2.9,1.2,2.2,2.9,3.2,0.0,0.4,0.0121,0.0422,0.0448,0.0384,0.0279,0.1654,0.0019,0.9813,0.3313,0.2691,0.2403,0.0,1.822,0.1902,0.5387,0.5387,0.5387,0.5848,0.0,0.6038,0.2962,0.0,1.4848,0.2254,4.0109,0.0543,0,0,0,0,0,0,1,0,0,0,0,1,0,0,0,0,0,0,0,0,1,1495,19,26,77,115,81,116,95,86,0,12,0,12,205,137,0,12,1.7,2.3,2.9,4.4,3.0,4.2,3.6,3.2,0.0,1.3,0.0,1.3,7.7,5.0,0.0,1.3
39,Ohio,OH,39057,Greene County,39057220101,Census Tract 2201.01; Greene County; Ohio,6.214671150962,3760,487,1308,153,1296,154,211,166,49,55,148,106,56,46,180,133,642,217,1078,210,360,151,73,78,41,57,511,690,0,16,0,12,0,16,40,61,0,12,5.6,4.4,2.7,3.0,11.4,8.1,2.1,1.7,4.9,3.5,17.1,5.3,28.7,3.4,9.8,3.8,5.7,6.0,1.2,1.6,13.6,18.3,0.0,1.2,0.0,2.6,0.0,1.2,3.1,4.6,0.0,0.3,0.0765,0.2968,0.0803,0.0938,0.4376,0.985,0.0959,0.4677,0.8782,0.2056,0.5317,0.7403,2.8235,0.7416,0.4607,0.4607,0.4607,0.0,0.0,0.0,0.3143,0.0,0.3143,0.0232,4.5835,0.1019,0,0,0,0,0,0,0,0,0,0,0,0,0,0,0,0,0,0,0,0,0,3304,0,12,123,114,207,154,42,37,0,12,0,12,64,74,75,99,0.0,2.7,3.3,2.9,5.5,4.1,1.1,0.9,0.0,0.9,0.0,0.9,1.7,1.9,2.0,2.7
39,Ohio,OH,39057,Greene County,39057220102,Census Tract 2201.02; Greene County; Ohio,17.001467590934,5156,642,1805,217,1805,217,447,265,93,70,148,75,94,71,81,63,729,146,967,179,388,151,102,64,37,89,734,912,0,24,0,17,0,24,68,58,0,17,8.7,5.0,3.0,2.4,8.2,4.0,2.8,2.2,1.6,1.2,14.1,3.2,18.8,4.2,7.5,3.0,5.7,3.5,0.7,1.8,14.2,17.6,0.0,1.3,0.0,1.9,0.0,1.3,3.8,3.2,0.0,0.3,0.1695,0.3403,0.0238,0.1386,0.0825,0.7547,0.0546,0.2964,0.3015,0.0898,0.5317,0.6367,1.8561,0.2035,0.4769,0.4769,0.4769,0.0,0.0,0.0,0.38,0.0,0.38,0.0267,3.4677,0.0305,0,0,0,0,0,0,0,0,0,0,0,0,0,0,0,0,0,0,0,0,0,4065,128,82,0,17,138,180,269,194,0,17,0,17,307,194,20,33,7.1,4.5,0.0,0.7,2.7,3.5,5.2,3.8,0.0,0.7,0.0,0.7,6.0,3.7,0.4,0.6
39,Ohio,OH,39057,Greene County,39057220201,Census Tract 2202.01; Greene County; Ohio,2.152195868728,4195,473,1751,193,1685,188,272,199,24,37,311,139,112,100,126,88,597,112,990,234,452,146,74,55,15,51,478,670,247,115,0,12,0,16,41,47,43,3,6.7,4.8,1.2,1.9,18.5,8.0,3.7,3.2,3.1,2.2,14.2,3.2,23.6,4.1,11.0,3.8,4.4,3.2,0.4,1.3,11.4,15.9,14.1,6.4,0.0,2.0,0.0,0.9,2.4,2.8,1.0,0.1,0.1092,0.0898,0.3324,0.2039,0.2371,0.9724,0.0921,0.2993,0.6287,0.2815,0.4184,0.5412,2.1691,0.3613,0.4008,0.4008,0.4008,0.7663,0.0,0.0,0.2514,0.6595,1.6772,0.2835,5.2195,0.1619,0,0,0,0,0,0,0,0,0,0,0,0,0,0,0,0,0,0,0,0,0,6051,79,73,73,62,73,67,153,158,0,12,0,12,179,120,0,12,4.7,4.2,1.7,1.5,1.7,1.6,3.6,3.8,0.0,0.8,0.0,0.8,4.3,2.8,0.0,0.8
39,Ohio,OH,39057,Greene County,39057220202,Census Tract 2202.02; Greene County; Ohio,4.076643681226,4313,443,1887,191,1887,191,211,145,0,12,328,151,73,76,170,155,906,145,736,168,564,225,0,16,0,48,382,598,56,62,0,12,0,16,58,65,0,12,4.9,3.3,0.0,1.5,17.4,7.8,2.1,2.2,3.9,3.7,21.0,3.2,17.1,3.2,13.1,5.5,0.0,0.8,0.0,1.1,8.9,13.8,3.0,3.3,0.0,1.8,0.0,0.8,3.1,3.4,0.0,0.3,0.0609,0.0,0.2854,0.0938,0.3224,0.7625,0.0568,0.7121,0.2096,0.4199,0.0,0.0,1.3416,0.0587,0.3145,0.3145,0.3145,0.4724,0.0,0.0,0.3143,0.0,0.7867,0.073,3.2053,0.0165,0,0,0,0,0,0,0,0,0,0,0,0,0,0,0,0,0,0,0,0,0,2046,173,105,59,64,21,29,236,170,0,12,0,12,32,39,34,60,9.2,5.5,1.4,1.5,0.5,0.7,5.5,3.8,0.0,0.8,0.0,0.8,0.7,0.9,0.8,1.4
39,Ohio,OH,39057,Greene County,39057230100,Census Tract 2301; Greene County; Ohio,34.111140267368,2591,297,1027,125,981,130,366,148,95,95,172,101,89,54,169,127,649,163,369,107,363,115,30,25,0,48,274,396,39,44,141,105,0,16,28,34,0,12,14.2,5.5,6.9,6.6,17.5,10.0,4.3,2.7,6.5,4.9,25.0,5.2,14.2,3.4,14.0,4.5,3.0,2.5,0.0,1.9,10.6,15.2,3.8,4.3,13.7,9.0,0.0,1.6,2.9,3.5,0.0,0.5,0.3374,0.7143,0.2905,0.2508,0.5947,2.1877,0.4229,0.8678,0.1091,0.4811,0.2619,0.0,1.7199,0.1517,0.3748,0.3748,0.3748,0.5067,0.9187,0.0,0.2962,0.0,1.7216,0.3057,6.004,0.2603,0,0,0,0,0,0,0,0,0,0,0,0,0,0,0,1,0,0,0,1,1,1121,71,48,32,36,1,3,17,25,3,6,0,12,36,38,185,267,7.2,4.8,1.2,1.4,0.0,0.1,0.7,0.9,0.1,0.2,0.0,1.3,1.4,1.5,7.1,9.9
39,Ohio,OH,39057,Greene County,39057240100,Census Tract 2401; Greene County; Ohio,3.977693846768,3045,354,1468,182,1350,187,673,246,66,52,369,163,142,74,133,86,704,232,599,161,571,176,142,89,0,48,310,516,341,125,64,49,3,13,163,66,11,3,22.1,7.7,4.3,3.2,27.3,11.5,6.5,3.5,4.4,2.8,23.1,6.8,19.7,4.2,18.8,5.5,10.5,6.4,0.0,1.7,10.2,16.9,23.2,8.0,4.4,3.4,0.2,1.0,12.1,4.7,0.4,0.1,0.5611,0.5117,0.6606,0.4157,0.3758,2.5249,0.5168,0.7961,0.3653,0.7521,0.7933,0.0,2.7068,0.6863,0.363,0.363,0.363,0.8752,0.7721,0.3905,0.7806,0.5374,3.3558,0.9095,8.9505,0.7216,0,0,0,0,0,0,0,0,0,0,0,0,0,0,0,0,0,0,0,0,0,2519,178,77,147,94,30,40,0,12,0,12,0,12,133,144,0,12,13.2,5.6,4.8,3.1,1.0,1.3,0.0,1.1,0.0,1.1,0.0,1.1,4.4,4.8,0.0,1.1
39,Ohio,OH,39057,Greene County,39057240200,Census Tract 2402; Greene County; Ohio,2.655072102016,4867,541,2077,196,1995,202,1382,396,147,85,584,212,403,120,398,196,828,199,1192,292,920,280,235,120,6,47,682,715,422,184,7,13,41,45,139,66,255,17,29.9,7.8,7.3,4.1,29.3,10.2,12.5,4.3,8.6,3.9,17.0,4.2,24.5,4.7,19.9,5.2,11.8,5.9,0.1,1.0,14.0,14.6,20.3,8.6,0.3,0.6,2.1,2.2,7.0,3.4,5.2,0.7,0.7093,0.7387,0.7089,0.7372,0.7521,3.6462,0.8111,0.4632,0.6826,0.8032,0.8337,0.4245,3.2072,0.8883,0.4699,0.4699,0.4699,0.8505,0.5565,0.7448,0.5994,0.9109,3.6621,0.9619,10.9854,0.9302,0,0,0,0,0,0,0,0,0,0,0,0,0,0,0,0,0,0,1,1,1,4543,284,99,233,123,72,67,12,19,0,12,0,12,343,245,22,33,14.2,4.8,4.8,2.5,1.5,1.4,0.2,0.4,0.0,0.7,0.0,0.7,7.0,4.8,0.5,0.7
39,Ohio,OH,39057,Greene County,39057240302,Census Tract 2403.02; Greene County; Ohio,6.34715780514,3924,425,2179,248,1917,259,1532,371,311,210,624,177,693,228,240,140,797,148,763,169,917,194,140,90,110,108,931,568,513,190,8,13,23,24,426,226,63,12,39.1,8.5,18.4,11.1,32.6,8.1,25.8,7.5,6.1,3.4,20.3,3.6,19.4,3.8,23.4,4.9,7.3,4.6,2.9,2.9,23.7,14.2,23.6,8.3,0.4,0.6,1.2,1.2,22.2,10.4,1.6,0.3,0.8264,0.9657,0.786,0.9604,0.5547,4.0932,0.9086,0.6804,0.3453,0.9045,0.6416,0.8941,3.4659,0.9413,0.6386,0.6386,0.6386,0.8784,0.5625,0.6038,0.9197,0.727,3.6914,0.9651,11.8891,0.9781,0,1,0,1,0,2,0,0,1,0,0,1,0,0,0,0,0,1,0,1,4,2854,441,242,499,197,18,27,124,174,19,23,0,12,245,163,26,39,23.0,11.1,12.7,4.7,0.5,0.7,3.2,4.4,0.5,0.6,0.0,0.9,6.2,4.1,0.7,1.0
39,Ohio,OH,39057,Greene County,39057240303,Census Tract 2403.03; Greene County; Ohio,1.368133518002,3933,479,1599,152,1569,158,1100,427,131,101,462,167,262,120,361,193,602,132,934,226,651,224,139,71,0,48,730,636,82,76,0,12,33,57,74,72,51,5,28.7,10.6,6.9,5.3,29.4,10.2,9.3,4.5,9.2,4.7,15.3,3.5,23.7,4.8,16.6,5.6,8.9,4.4,0.0,1.3,18.6,16.0,5.1,4.7,0.0,2.2,2.1,3.6,4.7,4.6,1.3,0.2,0.6896,0.7143,0.7105,0.5951,0.7813,3.4908,0.7784,0.3576,0.6354,0.6407,0.7311,0.0,2.3648,0.4756,0.5669,0.5669,0.5669,0.5613,0.0,0.7448,0.4479,0.6934,2.4474,0.6137,8.8699,0.7095,0,0,0,0,0,0,0,0,0,0,0,0,0,0,0,0,0,0,0,0,0,3931,116,78,463,205,17,21,0,12,0,12,50,85,183,117,17,28,7.4,4.9,11.8,4.6,0.4,0.6,0.0,0.9,0.0,0.9,1.3,2.2,4.7,3.1,0.4,0.7
39,Ohio,OH,39057,Greene County,39057240304,Census Tract 2403.04; Greene County; Ohio,2.548073585266,4350,560,1636,193,1551,194,213,129,69,51,137,79,42,36,125,95,641,185,1140,259,467,118,70,67,0,48,786,798,0,16,0,12,0,16,16,29,5,2,4.9,2.9,2.9,2.1,8.8,5.0,1.4,1.2,2.9,2.1,14.7,4.3,26.2,4.0,10.9,3.0,4.5,4.3,0.0,1.2,18.1,18.2,0.0,1.0,0.0,2.1,0.0,1.0,1.0,1.9,0.1,0.0,0.0609,0.327,0.0298,0.0536,0.2142,0.6855,0.0451,0.3282,0.779,0.2752,0.4286,0.0,1.811,0.1857,0.5599,0.5599,0.5599,0.0,0.0,0.0,0.1067,0.3694,0.4761,0.0324,3.5325,0.0333,0,0,0,0,0,0,0,0,0,0,0,0,0,0,0,0,0,0,0,0,0,1396,62,50,264,128,350,239,28,41,0,12,0,12,90,75,54,95,4.0,3.2,6.1,2.9,8.0,5.4,0.6,0.9,0.0,0.8,0.0,0.8,2.1,1.7,1.2,2.2
39,Ohio,OH,39057,Greene County,39057240500,Census Tract 2405; Greene County; Ohio,5.55943443525,4516,428,2061,209,1957,217,539,267,50,36,371,138,248,101,215,135,1390,223,733,127,955,188,89,69,0,48,410,592,70,64,10,15,13,23,61,55,313,43,12.5,6.1,2.5,1.8,19.0,6.7,7.1,2.8,5.0,3.1,30.8,3.8,16.2,2.3,22.2,4.1,4.5,3.5,0.0,1.1,9.1,13.1,3.4,3.1,0.5,0.7,0.7,1.2,3.1,2.8,6.9,0.7,0.2847,0.2657,0.354,0.4569,0.4487,1.81,0.3095,0.9667,0.1703,0.875,0.4286,0.0,2.4406,0.5219,0.3221,0.3221,0.3221,0.4895,0.5717,0.4873,0.3143,0.936,2.7988,0.759,7.3715,0.4803,0,0,0,0,0,0,1,0,0,0,0,1,0,0,0,0,0,0,1,1,2,5282,174,87,209,139,15,18,14,18,0,12,0,12,148,86,24,39,8.9,4.5,4.6,2.9,0.3,0.4,0.3,0.4,0.0,0.8,0.0,0.8,3.3,1.9,0.5,0.9
39,Ohio,OH,39057,Greene County,39057240600,Census Tract 2406; Greene County; Ohio,20.840292903566,4967,417,1521,173,1154,159,1077,380,244,122,316,129,215,114,220,155,603,135,923,305,887,225,111,88,0,48,2348,665,90,71,0,12,21,25,115,61,1652,72,32.2,10.6,11.5,5.4,27.4,10.5,8.8,4.7,4.5,3.0,12.1,2.5,18.6,5.5,18.3,4.4,9.6,7.5,0.0,1.0,47.3,12.8,5.9,4.6,0.0,2.3,1.8,2.2,10.0,5.3,33.3,3.1,0.7448,0.8746,0.6635,0.5647,0.3875,3.2351,0.7222,0.1988,0.2892,0.7271,0.7654,0.0,1.9805,0.2644,0.8142,0.8142,0.8142,0.5848,0.0,0.7079,0.7203,0.9851,2.9981,0.8273,9.0279,0.7327,0,0,0,0,0,0,0,0,0,0,0,0,0,0,0,0,0,0,1,1,1,7255,178,92,1972,343,164,100,17,25,13,19,0,12,160,100,22,39,15.4,7.1,39.7,7.6,3.3,2.0,0.3,0.5,0.3,0.4,0.0,0.7,3.2,2.0,0.4,0.8
39,Ohio,OH,39057,Greene County,39057240700,Census Tract 2407; Greene County; Ohio,14.04956065742,2772,445,1192,141,1061,162,572,173,48,36,193,77,139,69,356,172,508,102,660,194,296,130,0,16,64,96,268,654,0,16,0,12,0,16,26,25,0,12,21.7,6.0,3.7,2.9,18.2,6.7,7.2,3.6,12.9,5.7,18.3,4.2,23.8,4.5,10.7,4.8,0.0,1.5,2.4,3.6,9.7,23.5,0.0,1.3,0.0,2.9,0.0,1.5,2.5,2.4,0.0,0.4,0.5497,0.4429,0.3213,0.4629,0.9089,2.6857,0.5679,0.5549,0.6439,0.2615,0.0,0.8646,2.3249,0.4476,0.3478,0.3478,0.3478,0.0,0.0,0.0,0.2587,0.0,0.2587,0.02,5.6171,0.2016,0,0,0,0,1,1,0,0,0,0,0,0,0,0,0,0,0,0,0,0,1,2090,136,72,54,61,124,159,0,12,0,12,0,12,54,41,36,58,12.8,6.2,1.9,2.3,4.5,5.7,0.0,1.3,0.0,1.3,0.0,1.3,1.9,1.6,1.3,2.0
39,Ohio,OH,39057,Greene County,39057255000,Census Tract 2550; Greene County; Ohio,2.494989965694,3484,153,1942,137,1813,146,364,122,77,70,480,141,74,69,90,72,1197,193,449,102,726,168,48,54,16,51,469,259,63,52,0,12,0,16,80,49,124,5,10.8,3.6,4.6,4.1,26.5,7.5,2.6,2.4,2.7,2.2,34.4,5.3,12.9,2.8,21.4,4.8,2.6,3.0,0.5,1.5,13.5,7.4,3.3,2.7,0.0,1.8,0.0,0.9,4.4,2.7,3.6,0.2,0.2342,0.5451,0.6356,0.1243,0.1888,1.728,0.2867,0.9838,0.077,0.8493,0.2187,0.5796,2.7084,0.6867,0.4591,0.4591,0.4591,0.4844,0.0,0.0,0.4289,0.8545,1.7678,0.3257,6.6633,0.3708,0,0,0,0,0,0,1,0,0,0,0,1,0,0,0,0,0,0,0,0,1,3985,160,85,234,108,135,65,0,12,0,12,0,12,96,74,4,6,8.8,4.5,6.7,3.1,3.9,1.9,0.0,1.0,0.0,1.0,0.0,1.0,2.8,2.1,0.1,0.2
39,Ohio,OH,39057,Greene County,39057260100,Census Tract 2601; Greene County; Ohio,75.203578056206,6586,270,1550,170,1493,163,630,212,313,119,262,95,92,57,399,170,646,120,1113,270,461,120,67,42,23,62,1115,471,9,22,28,49,29,18,40,32,2329,108,14.8,4.9,9.1,3.6,17.5,6.1,3.5,2.0,6.1,2.6,9.8,1.8,16.9,4.0,7.0,1.8,4.4,2.8,0.4,1.0,16.9,7.1,0.6,1.4,1.8,3.1,1.9,1.2,2.7,2.0,35.4,0.8,0.358,0.8178,0.2905,0.1912,0.5547,2.2122,0.4308,0.1183,0.2026,0.0724,0.4184,0.5412,1.3529,0.0597,0.533,0.533,0.533,0.2886,0.686,0.7219,0.2752,0.9857,2.9574,0.8149,7.0555,0.4317,0,0,0,0,0,0,0,0,0,0,0,0,0,0,0,0,0,0,1,1,1,6899,146,82,587,205,182,101,163,92,0,17,10,17,173,82,0,17,9.8,5.1,8.9,3.1,2.8,1.5,2.5,1.4,0.0,0.5,0.2,0.3,2.6,1.3,0.0,0.5
39,Ohio,OH,39057,Greene County,39057270100,Census Tract 2701; Greene County; Ohio,26.31050186933,3735,14,1687,96,1597,93,706,197,158,98,381,122,228,84,193,88,768,100,788,113,526,95,67,42,11,49,156,70,5,13,31,33,17,23,49,32,46,2,19.2,5.4,8.4,4.9,23.9,7.5,8.6,3.0,5.2,2.4,20.6,2.7,21.1,3.0,14.2,2.6,4.2,2.6,0.3,1.4,4.2,1.9,0.3,0.8,1.8,2.0,1.1,1.4,3.1,2.0,1.2,0.1,0.4875,0.7876,0.54,0.552,0.4706,2.8377,0.6143,0.6969,0.4569,0.4919,0.394,0.4968,2.5365,0.5829,0.1141,0.1141,0.1141,0.2683,0.686,0.587,0.3143,0.6814,2.537,0.6511,8.0253,0.5889,0,0,0,0,0,0,0,0,0,0,0,0,0,0,0,0,0,0,0,0,0,3355,227,100,57,44,23,25,5,7,6,9,0,12,65,45,0,12,14.2,6.0,1.5,1.2,0.6,0.7,0.1,0.2,0.2,0.2,0.0,0.9,1.7,1.2,0.0,0.9
39,Ohio,OH,39057,Greene County,39057280101,Census Tract 2801.01; Greene County; Ohio,21.416787977398,2641,16,1038,70,1011,67,177,104,153,92,133,62,28,29,61,45,628,143,557,113,394,101,0,16,0,48,70,60,0,16,0,12,17,28,0,12,0,12,6.7,3.9,11.0,6.0,13.2,6.1,1.4,1.5,2.3,1.7,23.8,5.4,21.1,4.3,14.9,3.8,0.0,1.6,0.0,2.0,2.7,2.3,0.0,1.5,0.0,3.3,1.7,2.8,0.0,3.4,0.0,0.5,0.1092,0.8641,0.1298,0.0536,0.1492,1.3059,0.1717,0.8269,0.4569,0.5408,0.0,0.0,1.8246,0.1921,0.0558,0.0558,0.0558,0.0,0.0,0.6917,0.0,0.0,0.6917,0.0565,3.878,0.0441,0,0,0,0,0,0,0,0,0,0,0,0,0,0,0,0,0,0,0,0,0,704,106,54,7,12,20,20,0,12,3,7,0,12,40,52,0,12,10.5,5.3,0.3,0.5,0.8,0.8,0.0,1.3,0.1,0.3,0.0,1.3,1.5,2.0,0.0,1.3
39,Ohio,OH,39057,Greene County,39057280102,Census Tract 2801.02; Greene County; Ohio,56.207004056264,2076,245,972,111,849,111,280,160,6,8,85,30,48,24,67,43,350,72,384,78,236,59,13,18,3,47,217,351,7,17,14,10,3,12,10,11,12,2,13.5,7.5,0.5,0.7,10.0,3.3,3.1,1.5,3.2,1.9,16.9,3.5,18.5,3.4,11.4,2.7,1.5,2.1,0.1,2.3,10.5,16.9,0.7,1.7,1.4,1.0,0.4,1.4,1.2,1.3,0.6,0.1,0.3193,0.033,0.0495,0.1579,0.2491,0.8088,0.0654,0.4575,0.2828,0.3088,0.1156,0.4245,1.5892,0.1108,0.3732,0.3732,0.3732,0.2994,0.6597,0.4206,0.1276,0.6059,2.1132,0.4676,4.8844,0.1295,0,0,0,0,0,0,0,0,0,0,0,0,0,0,0,0,0,0,0,0,0,613,108,38,15,20,25,28,7,11,4,5,0,12,54,34,112,126,12.7,4.5,0.7,1.0,1.2,1.3,0.3,0.5,0.2,0.2,0.0,1.7,2.6,1.6,5.4,6.0
39,Ohio,OH,39057,Greene County,39057280200,Census Tract 2802; Greene County; Ohio,25.043642133724,1467,154,666,82,632,77,101,56,7,10,120,50,13,13,40,25,403,82,263,60,165,73,22,25,2,46,157,214,0,16,0,12,16,16,14,15,0,12,6.9,3.7,1.1,1.6,19.0,7.6,1.2,1.3,2.7,1.7,27.5,5.1,17.9,3.1,11.3,5.0,3.5,3.9,0.1,3.3,10.7,14.5,0.0,2.4,0.0,5.1,2.5,2.5,2.2,2.4,0.0,0.8,0.1152,0.0803,0.354,0.0425,0.1888,0.7808,0.06,0.9271,0.2495,0.3028,0.3187,0.4245,2.2226,0.3879,0.3786,0.3786,0.3786,0.0,0.0,0.7902,0.2324,0.0,1.0226,0.1089,4.4046,0.0889,0,0,0,0,0,0,1,0,0,0,0,1,0,0,0,0,0,0,0,0,1,1445,20,19,108,90,23,28,0,12,0,12,0,12,26,36,0,12,3.2,3.0,7.4,6.0,1.6,1.9,0.0,2.4,0.0,2.4,0.0,2.4,1.8,2.5,0.0,2.4
39,Ohio,OH,39057,Greene County,39057280300,Census Tract 2803; Greene County; Ohio,10.3265682614,1579,287,453,78,422,86,317,147,53,74,119,64,0,12,25,33,23,27,397,151,97,85,38,38,0,48,528,413,5,15,0,12,8,16,0,12,285,9,24.5,10.0,8.3,11.0,28.2,14.0,0.0,4.7,2.2,2.9,1.5,1.7,25.1,6.1,8.4,7.3,9.0,8.8,0.0,3.3,33.4,25.4,1.1,3.3,0.0,7.4,1.9,3.8,0.0,8.0,18.0,3.3,0.6135,0.7835,0.6841,0.0,0.1396,2.2207,0.4321,0.007,0.7188,0.1311,0.7349,0.0,1.5918,0.1114,0.733,0.733,0.733,0.3378,0.0,0.7219,0.0,0.9718,2.0315,0.4308,6.577,0.3578,0,0,0,0,0,0,0,0,0,0,0,0,0,0,0,0,0,0,1,1,1,9641,0,12,243,98,147,79,41,27,0,12,0,12,97,61,0,12,0.0,8.0,15.4,6.5,9.3,5.0,2.6,1.9,0.0,2.2,0.0,2.2,6.1,3.6,0.0,2.2
39,Ohio,OH,39059,Guernsey County,39059977100,Census Tract 9771; Guernsey County; Ohio,152.846734263474,4410,565,2305,169,1729,185,894,307,23,20,347,135,820,324,1268,450,879,163,877,264,683,312,53,41,10,47,136,799,7,17,483,144,30,31,200,84,0,12,20.3,6.5,1.3,1.1,20.1,7.5,26.8,8.3,28.8,8.0,19.9,3.8,19.9,5.0,15.5,6.0,3.1,2.3,0.2,1.1,3.1,18.1,0.3,0.7,21.0,6.1,1.7,1.8,11.6,4.9,0.0,0.3,0.5129,0.1013,0.3971,0.9673,0.9933,2.9719,0.6517,0.6569,0.3751,0.5773,0.2733,0.4556,2.3382,0.4559,0.0685,0.0685,0.0685,0.2683,0.9638,0.6917,0.7705,0.0,2.6943,0.7175,8.0729,0.5968,0,0,0,1,1,2,0,0,0,0,0,0,0,0,0,1,0,0,0,1,3,1507,369,113,0,12,63,46,0,12,3,6,0,12,70,44,0,12,21.3,6.2,0.0,0.8,1.4,1.0,0.0,0.8,0.1,0.1,0.0,0.8,1.6,1.0,0.0,0.8
39,Ohio,OH,39059,Guernsey County,39059977200,Census Tract 9772; Guernsey County; Ohio,144.0016830056,4785,638,2258,276,2055,269,846,534,30,32,367,204,488,188,318,202,1081,192,913,275,878,223,25,32,0,48,66,903,0,16,262,137,56,64,38,36,36,3,17.7,10.9,1.4,1.5,17.9,9.6,13.6,5.0,6.6,4.1,22.6,4.2,19.1,3.8,18.3,4.3,1.2,1.5,0.0,1.1,1.4,18.9,0.0,0.7,11.6,5.8,2.7,3.1,1.8,1.7,0.8,0.1,0.4443,0.1117,0.3073,0.7796,0.6001,2.243,0.4371,0.7771,0.3256,0.7271,0.0937,0.0,1.9235,0.2333,0.0159,0.0159,0.0159,0.0,0.8946,0.814,0.1933,0.6344,2.5363,0.6502,6.7187,0.3825,0,0,0,0,0,0,0,0,0,0,0,0,0,0,0,0,0,0,0,0,0,1876,561,209,8,14,0,12,0,12,11,17,0,12,47,55,0,12,27.3,9.3,0.2,0.3,0.0,0.7,0.0,0.7,0.2,0.4,0.0,0.7,1.0,1.2,0.0,0.7
39,Ohio,OH,39059,Guernsey County,39059977300,Census Tract 9773; Guernsey County; Ohio,6.539404554674,3090,268,1661,129,1334,137,1374,357,12,20,372,136,288,125,374,167,649,98,610,158,631,232,172,102,10,49,312,379,202,103,134,86,45,54,186,95,164,7,46.6,11.3,1.0,1.6,27.9,9.8,12.9,5.4,12.7,5.6,21.0,3.0,19.7,4.4,21.4,8.0,12.9,7.5,0.4,1.7,10.1,12.2,12.2,6.1,8.1,5.0,3.4,4.0,13.9,7.1,5.3,0.5,0.8867,0.0714,0.6794,0.7524,0.9038,3.2937,0.7362,0.7121,0.3653,0.8493,0.8597,0.5412,3.3276,0.9146,0.3592,0.3592,0.3592,0.7333,0.8467,0.8708,0.8184,0.9138,4.183,0.9946,11.1635,0.9406,0,0,0,0,1,1,0,0,0,0,0,0,0,0,0,0,0,0,1,1,2,5467,219,87,19,21,129,114,24,37,0,12,0,12,140,98,0,12,16.4,6.3,0.6,0.7,4.2,3.7,0.8,1.2,0.0,1.1,0.0,1.1,4.5,3.0,0.0,1.1
39,Ohio,OH,39059,Guernsey County,39059977400,Census Tract 9774; Guernsey County; Ohio,13.965777295624,3501,423,1594,162,1470,174,888,346,112,96,469,167,329,157,286,230,886,183,557,175,476,121,118,97,9,48,391,557,203,123,21,19,0,16,95,69,210,6,26.5,9.8,5.9,4.9,31.9,10.7,13.5,5.9,8.5,6.7,25.3,5.5,15.9,4.0,14.2,3.6,8.0,6.5,0.3,1.4,11.2,15.9,12.7,7.6,1.3,1.2,0.0,1.1,6.5,4.7,6.0,0.7,0.6506,0.6492,0.7705,0.7774,0.7471,3.5948,0.8,0.8773,0.1588,0.4919,0.6851,0.4968,2.7099,0.6879,0.3944,0.3944,0.3944,0.7422,0.6505,0.0,0.5695,0.9252,2.8874,0.7905,9.5865,0.8035,0,0,0,0,0,0,0,0,0,0,0,0,0,0,0,0,0,0,1,1,1,4938,178,76,361,233,20,32,0,12,4,7,0,12,6,12,0,12,12.1,5.2,10.3,6.2,0.6,0.9,0.0,1.0,0.1,0.2,0.0,1.0,0.2,0.3,0.0,1.0
39,Ohio,OH,39059,Guernsey County,39059977500,Census Tract 9775; Guernsey County; Ohio,0.636686445122,3438,370,1560,183,1426,177,892,278,49,35,349,118,73,65,272,138,462,142,936,182,486,162,163,85,0,48,385,513,36,42,0,12,0,16,64,65,10,3,26.1,7.6,2.6,1.8,24.5,7.7,3.4,3.0,7.9,3.8,13.4,3.7,27.2,4.2,14.1,4.9,11.4,5.8,0.0,1.5,11.2,14.9,2.3,2.7,0.0,2.2,0.0,1.1,4.5,4.5,0.3,0.1,0.6446,0.2822,0.5597,0.1836,0.709,2.3791,0.4765,0.2568,0.824,0.4862,0.8219,0.0,2.3889,0.4895,0.3944,0.3944,0.3944,0.426,0.0,0.0,0.4365,0.4924,1.3549,0.1908,6.5173,0.3451,0,0,0,0,0,0,0,0,0,0,0,0,0,0,0,0,0,0,0,0,0,1417,98,58,192,132,33,37,0,12,0,12,0,12,144,109,16,31,6.9,4.0,5.6,3.8,1.0,1.0,0.0,1.0,0.0,1.0,0.0,1.0,4.2,3.1,0.5,0.9
39,Ohio,OH,39059,Guernsey County,39059977600,Census Tract 9776; Guernsey County; Ohio,2.91114923419,2892,317,1487,154,1338,159,1372,261,30,23,507,137,365,146,207,121,508,131,694,159,825,261,190,105,0,48,176,440,85,58,200,98,73,69,250,98,10,7,48.1,7.4,2.8,2.2,37.9,9.2,20.0,7.5,7.2,4.1,17.6,4.6,24.0,4.7,28.8,7.9,14.2,7.7,0.0,1.8,6.1,15.2,5.7,3.9,13.4,6.2,5.4,5.1,18.7,6.9,0.3,0.2,0.8972,0.3133,0.8676,0.9096,0.6557,3.6434,0.8102,0.5044,0.6582,0.9737,0.886,0.0,3.0223,0.8314,0.1972,0.1972,0.1972,0.5781,0.9146,0.9486,0.887,0.4924,3.8207,0.9797,10.6836,0.9079,0,0,0,1,0,1,0,0,1,0,0,1,0,0,0,1,1,0,0,2,4,4378,224,85,29,33,0,12,19,32,2,4,0,12,126,89,0,12,16.7,5.8,1.0,1.2,0.0,1.2,0.7,1.1,0.1,0.2,0.0,1.2,4.4,3.0,0.0,1.2
39,Ohio,OH,39059,Guernsey County,39059977700,Census Tract 9777; Guernsey County; Ohio,65.776310078962,3853,397,1887,233,1776,228,709,283,211,149,339,142,258,115,370,213,932,185,729,157,743,230,124,62,3,47,398,539,37,63,108,62,3,13,45,25,70,8,18.6,7.2,11.3,7.3,19.1,7.6,8.9,3.7,9.7,5.4,24.2,4.6,18.9,3.3,19.5,5.6,7.0,3.4,0.1,1.3,10.3,13.9,2.0,3.3,5.7,3.2,0.2,0.7,2.5,1.4,1.8,0.1,0.4729,0.8695,0.359,0.5704,0.8067,3.0785,0.6835,0.8399,0.3107,0.7855,0.62,0.4245,2.9806,0.813,0.3665,0.3665,0.3665,0.4051,0.7994,0.3905,0.2587,0.7445,2.5982,0.6765,9.0238,0.7324,0,0,0,0,0,0,0,0,0,0,0,0,0,0,0,0,0,0,0,0,0,3429,158,72,30,63,72,48,94,82,0,12,0,12,75,61,127,140,8.9,3.9,0.8,1.6,1.9,1.2,2.4,2.1,0.0,0.9,0.0,0.9,1.9,1.6,3.3,3.6
39,Ohio,OH,39059,Guernsey County,39059977800,Census Tract 9778; Guernsey County; Ohio,45.328664762602,3918,565,2122,152,1467,153,1055,373,24,18,201,70,400,118,277,115,722,137,1103,343,557,122,56,41,0,48,156,799,0,16,315,119,12,20,34,24,0,12,26.9,8.7,1.4,1.0,13.7,4.6,15.0,4.1,7.1,2.5,18.4,4.4,28.2,5.5,14.2,3.4,3.8,2.8,0.0,1.3,4.0,20.4,0.0,0.8,14.8,5.6,0.8,1.4,2.3,1.7,0.0,0.3,0.6579,0.1117,0.1457,0.8177,0.6452,2.3782,0.4762,0.5621,0.8608,0.4919,0.3502,0.0,2.265,0.413,0.1046,0.1046,0.1046,0.0,0.9273,0.5117,0.2429,0.0,1.6819,0.2851,6.4297,0.3314,0,0,0,0,0,0,0,0,0,0,0,0,0,0,0,1,0,0,0,1,1,1603,156,63,22,25,36,38,17,25,1,2,0,12,80,59,0,12,10.6,4.1,0.6,0.6,0.9,1.0,0.4,0.7,0.0,0.1,0.0,0.9,2.0,1.5,0.0,0.9
39,Ohio,OH,39059,Guernsey County,39059977900,Census Tract 9779; Guernsey County; Ohio,12.66148535722,4303,326,2056,169,1840,172,1146,265,221,140,467,136,320,142,226,123,656,92,948,158,894,167,133,58,0,48,154,440,38,29,369,137,19,29,195,101,0,12,26.8,5.9,10.4,6.2,25.4,7.0,10.3,4.5,5.3,2.8,15.2,2.0,22.0,3.0,20.8,3.6,7.3,3.1,0.0,1.2,3.6,10.2,1.8,1.4,17.9,6.2,1.0,1.6,10.6,5.2,0.0,0.3,0.6569,0.8511,0.5962,0.6544,0.4808,3.2394,0.7229,0.3523,0.5171,0.8305,0.6416,0.0,2.3415,0.4584,0.0885,0.0885,0.0885,0.3917,0.946,0.5676,0.74,0.0,2.6453,0.6968,8.3147,0.6324,0,0,0,0,0,0,0,0,0,0,0,0,0,0,0,1,0,0,0,1,1,6227,273,78,12,18,0,12,0,12,0,12,0,12,142,75,0,12,14.8,4.1,0.3,0.4,0.0,0.8,0.0,0.8,0.0,0.8,0.0,0.8,3.3,1.6,0.0,0.8
39,Ohio,OH,39059,Guernsey County,39059978000,Census Tract 9780; Guernsey County; Ohio,77.573485645776,4219,537,2121,251,1730,265,775,242,87,36,312,126,353,200,75,43,811,133,1115,264,495,121,62,41,0,48,385,749,0,16,267,120,27,28,12,15,10,4,18.5,5.3,4.8,2.0,18.0,6.7,12.1,6.3,1.8,1.1,19.2,3.6,26.4,3.9,11.8,3.0,3.6,2.3,0.0,1.2,9.1,17.7,0.0,0.8,12.6,5.5,1.6,1.6,0.7,0.9,0.2,0.1,0.47,0.5603,0.3114,0.7242,0.1022,2.1681,0.4159,0.6129,0.7882,0.3351,0.3292,0.0,2.0654,0.3048,0.3221,0.3221,0.3221,0.0,0.9057,0.6794,0.0762,0.4356,2.0969,0.4587,6.6525,0.3695,0,0,0,0,0,0,0,0,0,0,0,0,0,0,0,1,0,0,0,1,1,2914,518,217,33,40,118,106,0,12,0,12,0,12,106,73,128,104,29.9,9.5,0.8,0.9,2.8,2.5,0.0,0.8,0.0,0.8,0.0,0.8,2.5,1.8,3.0,2.4
39,Ohio,OH,39061,Hamilton County,39061000200,Census Tract 2; Hamilton County; Ohio,0.117005122284,911,233,590,84,489,76,578,144,13,21,356,111,107,64,55,61,183,53,240,131,181,88,94,68,2,50,845,236,278,85,0,12,0,16,205,68,35,5,63.4,22.6,4.4,6.9,72.8,19.7,16.6,10.6,6.0,5.9,20.1,8.2,26.3,9.0,19.9,8.9,19.2,13.6,0.3,6.6,92.8,10.4,47.1,12.8,0.0,5.8,0.0,3.3,41.9,14.3,3.8,1.1,0.9711,0.5244,0.9981,0.8513,0.5459,3.8908,0.8657,0.6687,0.7828,0.8032,0.9476,0.4968,3.6991,0.9765,0.9699,0.9699,0.9699,0.9663,0.0,0.0,0.9848,0.8656,2.8167,0.7651,11.3765,0.9527,1,0,1,0,0,2,0,0,0,1,0,1,1,1,1,0,0,1,0,2,6,1910,194,58,783,258,0,12,0,12,0,12,0,12,62,58,0,12,39.7,13.2,85.9,9.7,0.0,3.8,0.0,3.8,0.0,3.8,0.0,3.8,6.8,6.7,0.0,3.8
39,Ohio,OH,39061,Hamilton County,39061000700,Census Tract 7; Hamilton County; Ohio,0.30273871718,2933,458,1904,242,1717,232,303,113,82,93,360,128,157,59,125,59,244,107,115,77,195,81,13,20,8,48,848,644,1614,289,0,12,44,40,334,137,396,37,11.9,3.9,4.0,4.8,21.0,6.9,6.2,2.6,4.9,2.5,8.3,3.8,3.9,2.5,7.7,3.6,0.8,1.2,0.3,1.7,28.9,21.5,84.8,10.7,0.0,1.8,2.6,2.3,19.5,7.8,13.5,2.5,0.2682,0.4756,0.4365,0.3966,0.4376,2.0145,0.3695,0.0742,0.0165,0.0981,0.0625,0.4968,0.7481,0.0117,0.6953,0.6953,0.6953,0.9965,0.0,0.8029,0.8965,0.9658,3.6617,0.9616,7.1196,0.4416,0,0,0,0,0,0,0,0,0,0,0,0,0,0,1,0,0,0,1,2,2,31682,21,22,421,132,108,76,148,76,0,12,0,12,136,110,35,52,1.2,1.3,14.4,4.8,3.7,2.6,5.0,2.7,0.0,1.2,0.0,1.2,4.6,3.8,1.2,1.8
39,Ohio,OH,39061,Hamilton County,39061000900,Census Tract 9; Hamilton County; Ohio,0.116562649392,1979,310,1058,102,843,100,612,119,157,99,192,74,230,104,141,98,181,108,253,180,343,132,47,46,0,48,762,436,200,73,10,14,0,16,258,82,415,23,31.3,3.5,13.2,7.6,22.8,8.4,15.1,7.1,7.1,4.7,9.1,5.5,12.8,7.5,17.3,7.1,5.5,5.4,0.0,2.5,38.5,21.2,18.9,6.7,0.9,1.3,0.0,1.9,30.6,8.9,21.0,3.5,0.7306,0.9102,0.5,0.8196,0.6452,3.6056,0.8032,0.0954,0.0751,0.6776,0.5171,0.0,1.3652,0.0606,0.7698,0.7698,0.7698,0.8295,0.6187,0.0,0.9613,0.9769,3.3864,0.9171,9.127,0.7419,0,1,0,0,0,1,0,0,0,0,0,0,0,0,0,0,0,1,1,2,3,3970,160,67,600,150,15,18,81,56,0,12,0,12,49,36,17,27,19.0,7.6,30.3,8.1,0.8,0.9,4.1,2.8,0.0,1.8,0.0,1.8,2.5,1.9,0.9,1.4
39,Ohio,OH,39061,Hamilton County,39061001000,Census Tract 10; Hamilton County; Ohio,0.095796925526,1742,195,1227,155,1036,156,294,164,40,35,274,106,69,49,134,120,46,20,257,65,83,58,95,65,45,67,516,283,533,121,0,12,17,25,275,101,54,5,16.9,9.2,3.1,2.6,26.4,9.4,5.5,4.0,7.8,6.7,2.6,1.1,14.8,3.6,4.9,3.5,9.2,6.1,2.7,4.0,29.6,15.9,43.4,8.2,0.0,2.8,1.6,2.4,26.5,9.2,3.1,0.5,0.4199,0.3537,0.6327,0.3405,0.701,2.4478,0.4937,0.0114,0.123,0.0251,0.7448,0.8827,1.787,0.1752,0.7039,0.7039,0.7039,0.9594,0.0,0.6794,0.9441,0.8358,3.4187,0.9229,8.3574,0.6413,0,0,0,0,0,0,0,0,0,0,0,0,0,0,1,0,0,1,0,2,2,3803,29,25,402,89,69,57,23,19,0,12,0,12,11,13,11,15,2.8,2.4,23.1,5.5,4.0,3.2,1.3,1.1,0.0,2.0,0.0,2.0,0.6,0.8,0.6,0.9
39,Ohio,OH,39061,Hamilton County,39061001100,Census Tract 11; Hamilton County; Ohio,0.14944464012,1134,218,605,84,550,74,274,124,14,20,132,62,22,35,82,60,47,44,251,80,86,76,63,32,0,48,404,277,116,51,17,20,12,22,63,48,0,12,24.2,9.9,1.8,2.6,24.0,10.8,2.7,4.3,7.2,4.7,4.1,3.9,22.1,4.4,7.6,5.9,11.4,5.6,0.0,4.5,35.6,23.4,19.2,8.0,2.8,3.4,2.2,4.0,11.5,8.7,0.0,1.1,0.6062,0.1654,0.5422,0.1325,0.6557,2.102,0.3981,0.0206,0.5247,0.0952,0.8219,0.0,1.4624,0.0803,0.7489,0.7489,0.7489,0.834,0.7263,0.7575,0.7679,0.0,3.0857,0.8546,7.399,0.4889,0,0,0,0,0,0,0,0,0,0,0,0,0,0,0,0,0,0,0,0,0,5025,72,46,341,115,31,25,13,13,0,12,0,12,0,12,19,27,13.1,8.5,30.1,8.4,2.7,2.1,1.1,1.2,0.0,3.0,0.0,3.0,0.0,3.0,1.7,2.4
39,Ohio,OH,39061,Hamilton County,39061001600,Census Tract 16; Hamilton County; Ohio,0.132379317822,713,137,870,88,506,76,310,104,25,30,189,76,102,53,195,76,80,58,48,41,117,63,32,39,0,48,424,181,186,77,0,12,10,19,170,65,39,4,43.7,12.0,6.0,7.5,37.4,13.9,15.8,8.5,27.5,9.9,11.2,8.4,6.7,5.1,16.5,9.4,6.3,7.6,0.0,7.1,59.5,22.7,21.4,8.6,0.0,3.9,2.0,3.7,33.6,11.8,5.5,1.2,0.8712,0.6559,0.8622,0.8361,0.9921,4.2175,0.9314,0.1658,0.0247,0.6334,0.5714,0.0,1.3953,0.066,0.8605,0.8605,0.8605,0.8606,0.0,0.7346,0.9695,0.9176,3.4823,0.9365,9.9556,0.8413,0,0,0,0,1,1,0,0,0,0,0,0,0,0,0,0,0,1,1,2,3,1574,120,62,362,109,5,10,8,12,0,12,0,12,47,45,2,5,23.7,11.1,50.8,12.3,0.7,1.4,1.1,1.6,0.0,4.8,0.0,4.8,6.6,6.6,0.3,0.7
39,Ohio,OH,39061,Hamilton County,39061001700,Census Tract 17; Hamilton County; Ohio,0.087655964856,1223,260,1040,173,662,176,507,178,48,56,180,85,57,40,35,33,165,101,237,41,256,142,109,52,69,102,752,334,123,58,51,85,51,85,147,64,0,12,41.5,11.6,7.5,7.9,27.2,10.6,6.4,4.9,2.9,2.8,13.5,7.5,19.4,4.8,20.9,10.1,16.5,6.5,6.1,8.9,61.5,24.0,11.8,5.2,4.9,7.7,7.7,12.7,22.2,9.2,0.0,1.0,0.8499,0.7479,0.6575,0.4112,0.2142,2.8807,0.6244,0.2616,0.3453,0.8328,0.9229,0.9664,3.329,0.9152,0.8697,0.8697,0.8697,0.7267,0.7819,0.9749,0.9197,0.0,3.4032,0.92,10.4826,0.8927,0,0,0,0,0,0,0,0,0,1,1,2,0,0,0,0,1,1,0,2,4,936,169,104,617,142,11,22,71,88,0,12,0,12,41,46,12,18,25.5,15.0,50.4,13.1,0.9,1.7,5.8,6.8,0.0,2.8,0.0,2.8,3.4,3.4,1.0,1.4
39,Ohio,OH,39061,Hamilton County,39061001800,Census Tract 18; Hamilton County; Ohio,0.198366080132,1345,252,871,137,678,139,169,93,4,7,207,76,68,43,23,27,76,37,122,92,138,55,5,14,7,47,450,327,8,10,0,12,0,16,20,25,148,13,13.6,7.0,0.5,0.8,30.5,9.3,6.2,3.8,1.8,2.2,5.7,2.7,9.1,5.6,11.0,4.4,0.7,2.1,0.5,3.5,33.5,23.5,0.9,1.1,0.0,3.9,0.0,2.4,2.9,3.7,11.0,2.3,0.3224,0.033,0.7381,0.3966,0.1022,1.5923,0.2498,0.0317,0.0384,0.2815,0.0546,0.5796,0.9858,0.0219,0.7349,0.7349,0.7349,0.3181,0.0,0.0,0.2962,0.9578,1.5721,0.2527,4.8851,0.1298,0,0,0,0,0,0,0,0,0,0,0,0,0,0,0,0,0,0,1,1,1,1172,13,14,254,140,17,17,59,62,0,12,0,12,120,87,0,12,1.9,2.0,18.9,9.4,1.3,1.3,4.4,4.3,0.0,2.6,0.0,2.6,8.9,6.6,0.0,2.6
39,Ohio,OH,39061,Hamilton County,39061001900,Census Tract 19; Hamilton County; Ohio,0.454666765364,1913,290,1352,221,1255,210,406,177,35,34,349,123,113,102,122,99,254,94,103,65,374,201,45,54,6,47,615,393,625,197,0,12,9,18,199,112,75,4,21.3,8.7,2.3,2.1,27.8,8.6,7.2,6.6,6.4,4.9,13.3,5.3,5.4,3.4,19.6,8.8,3.6,4.3,0.3,2.6,32.1,20.0,46.2,12.5,0.0,2.6,0.7,1.4,15.9,8.8,3.9,0.6,0.5376,0.2384,0.6733,0.4629,0.5849,2.4971,0.5083,0.2505,0.0193,0.7893,0.3292,0.4968,1.8851,0.2152,0.7238,0.7238,0.7238,0.9644,0.0,0.4873,0.8517,0.87,3.1734,0.8727,8.2794,0.6273,0,0,0,0,0,0,0,0,0,0,0,0,0,0,1,0,0,0,0,1,1,7763,133,72,421,132,104,72,27,23,0,12,0,12,55,48,8,13,10.6,6.0,22.0,6.7,5.4,3.8,1.4,1.2,0.0,1.8,0.0,1.8,2.9,2.3,0.4,0.7
39,Ohio,OH,39061,Hamilton County,39061002000,Census Tract 20; Hamilton County; Ohio,0.209393925456,1476,204,1024,83,930,97,204,61,31,25,198,63,27,35,70,33,328,80,56,51,163,70,21,24,0,48,262,275,468,87,0,12,0,16,58,47,46,10,13.9,3.7,2.7,2.2,21.3,6.4,2.1,2.7,4.8,2.2,22.2,5.2,3.8,3.2,11.1,4.6,2.3,2.6,0.0,3.3,17.8,18.5,45.7,7.6,0.0,3.4,0.0,1.7,6.2,4.8,3.1,0.5,0.3304,0.2968,0.4483,0.0938,0.4243,1.5936,0.2511,0.7575,0.0162,0.2882,0.1902,0.0,1.2521,0.0463,0.5539,0.5539,0.5539,0.9641,0.0,0.0,0.5546,0.8358,2.3545,0.5705,5.7541,0.2241,0,0,0,0,0,0,0,0,0,0,0,0,0,0,1,0,0,0,0,1,1,2064,50,35,133,73,53,57,37,25,0,12,0,12,39,30,0,12,5.4,3.6,9.0,4.6,3.6,3.7,2.5,1.7,0.0,2.3,0.0,2.3,2.6,2.1,0.0,2.3
39,Ohio,OH,39061,Hamilton County,39061002200,Census Tract 22; Hamilton County; Ohio,0.24929254783,1992,434,1529,232,1169,262,1104,397,155,132,507,236,201,128,231,179,317,212,259,140,343,148,96,104,165,194,1382,493,444,156,0,12,0,16,598,279,88,10,56.9,16.0,17.0,12.3,43.4,17.7,15.0,9.7,11.9,8.5,15.9,9.8,13.0,5.7,17.7,8.7,8.2,8.7,8.5,9.8,69.4,19.6,29.0,9.2,0.0,2.3,0.0,1.4,51.2,16.9,4.4,1.1,0.9483,0.9556,0.9295,0.8177,0.8842,4.5353,0.9794,0.3922,0.078,0.6995,0.6946,0.9832,2.8475,0.7514,0.9014,0.9014,0.9014,0.9121,0.0,0.0,0.9946,0.8881,2.7948,0.7571,11.079,0.9362,1,1,1,0,0,3,0,0,0,0,1,1,1,1,1,0,0,1,0,2,7,2176,230,129,1015,338,94,88,183,188,0,12,0,12,79,89,11,18,19.7,11.2,51.0,11.9,4.7,4.5,9.2,9.4,0.0,1.7,0.0,1.7,4.0,4.3,0.6,0.9
39,Ohio,OH,39061,Hamilton County,39061002300,Census Tract 23; Hamilton County; Ohio,0.253038509434,1368,294,893,164,736,155,599,195,69,40,261,81,152,73,81,61,152,127,222,124,159,82,6,15,3,47,999,305,433,134,0,12,27,26,49,45,63,8,45.7,10.8,9.2,5.2,35.5,8.1,16.3,7.5,6.2,4.5,11.1,8.6,16.2,7.0,12.1,5.7,0.8,2.0,0.2,3.5,73.0,15.8,48.5,12.1,0.0,3.8,3.6,3.5,6.7,6.0,4.6,1.1,0.8804,0.8222,0.8292,0.8469,0.5659,3.9446,0.8778,0.1617,0.1703,0.3586,0.0625,0.4556,1.2087,0.041,0.9112,0.9112,0.9112,0.9695,0.0,0.8822,0.5816,0.8954,3.3287,0.9054,9.3932,0.7819,0,0,0,0,0,0,0,0,0,0,0,0,1,1,1,0,0,0,0,1,2,2329,40,33,728,234,53,45,189,137,0,12,0,12,29,34,0,12,5.4,4.6,53.2,9.8,3.9,3.3,13.8,8.9,0.0,2.5,0.0,2.5,2.1,2.5,0.0,2.5
39,Ohio,OH,39061,Hamilton County,39061002500,Census Tract 25; Hamilton County; Ohio,0.185701934532,3169,562,1561,154,1295,138,2360,466,115,83,746,192,32,45,125,103,104,64,128,27,168,91,56,12,0,48,536,793,766,204,0,12,76,71,248,117,14,3,74.8,6.4,5.4,3.3,57.6,13.5,6.5,9.6,3.9,3.2,3.3,2.1,4.0,1.3,5.3,3.0,4.3,0.8,0.0,1.5,16.9,24.8,49.1,12.1,0.0,2.2,5.8,5.4,19.2,8.7,0.4,0.1,0.9908,0.6143,0.9895,0.4157,0.3224,3.3327,0.7451,0.0146,0.0168,0.0321,0.407,0.0,0.4705,0.0029,0.533,0.533,0.533,0.9705,0.0,0.9575,0.8924,0.5374,3.3578,0.9105,7.694,0.533,1,0,1,0,0,2,0,0,0,0,0,0,0,0,1,0,1,0,0,2,4,2483,240,94,213,124,45,47,134,86,0,12,0,12,144,103,0,12,18.5,7.3,6.7,4.2,1.4,1.5,4.2,3.0,0.0,1.1,0.0,1.1,4.5,3.0,0.0,1.1
39,Ohio,OH,39061,Hamilton County,39061002600,Census Tract 26; Hamilton County; Ohio,0.218544542856,3502,509,1471,107,1290,124,2192,381,81,75,585,172,69,90,241,84,68,41,78,18,261,123,33,13,14,51,611,701,94,66,0,12,0,16,141,63,11,3,62.6,6.0,3.0,2.5,45.3,12.6,10.3,12.6,6.9,2.5,1.9,1.2,2.2,0.6,7.5,3.7,2.6,1.0,0.4,1.5,17.4,19.9,6.3,4.5,0.0,2.3,0.0,1.2,10.9,5.0,0.3,0.1,0.9689,0.3403,0.9454,0.6544,0.6274,3.5364,0.7892,0.0098,0.0117,0.0898,0.2187,0.5412,0.8712,0.0159,0.546,0.546,0.546,0.5952,0.0,0.0,0.7495,0.4924,1.8371,0.3521,6.7907,0.3924,1,0,1,0,0,2,0,0,0,0,0,0,0,0,0,0,0,0,0,0,2,2788,39,54,208,155,216,92,59,50,0,12,0,12,128,97,0,12,3.0,4.2,5.9,4.4,6.2,2.5,1.7,1.4,0.0,1.0,0.0,1.0,3.7,2.8,0.0,1.0
39,Ohio,OH,39061,Hamilton County,39061002700,Census Tract 27; Hamilton County; Ohio,0.215098196404,1703,337,922,148,788,160,545,185,51,57,201,78,69,47,167,130,112,49,130,42,167,108,7,15,10,48,472,403,130,57,0,12,10,15,75,38,0,12,32.0,8.8,4.0,4.0,25.5,8.4,7.3,4.8,9.8,6.9,6.6,3.0,7.6,2.9,9.8,5.4,0.9,1.9,0.6,2.9,27.7,23.0,14.1,5.8,0.0,3.7,1.3,1.9,9.5,5.1,0.0,0.7,0.7414,0.4756,0.5994,0.4715,0.8124,3.1003,0.6879,0.0415,0.0298,0.2056,0.0705,0.6088,0.9562,0.0206,0.6839,0.6839,0.6839,0.7663,0.0,0.6181,0.7013,0.0,2.0857,0.4527,6.8261,0.4019,0,0,0,0,0,0,0,0,0,0,0,0,0,0,0,0,0,0,0,0,0,525,19,18,318,243,46,37,40,32,0,12,0,12,68,65,0,12,2.4,2.4,18.7,12.1,2.7,2.1,2.3,1.8,0.0,2.0,0.0,2.0,4.0,3.7,0.0,2.0
39,Ohio,OH,39061,Hamilton County,39061002800,Census Tract 28; Hamilton County; Ohio,1.199827022978,1151,170,614,138,479,130,269,104,92,49,114,51,173,68,55,34,171,131,106,46,142,55,53,40,0,48,457,226,40,30,0,12,8,16,51,28,296,30,31.0,10.3,16.2,8.4,23.8,8.5,18.9,7.1,6.3,4.3,14.9,10.0,9.2,3.8,16.4,7.1,11.1,7.8,0.0,4.3,39.7,18.7,6.5,4.7,0.0,5.5,1.7,3.3,10.6,6.4,25.7,4.6,0.7258,0.9505,0.5368,0.8944,0.5763,3.6838,0.8203,0.3377,0.0393,0.6296,0.8137,0.0,1.8203,0.1895,0.779,0.779,0.779,0.6013,0.0,0.6917,0.74,0.98,3.013,0.834,9.2961,0.766,0,1,0,0,0,1,0,0,0,0,0,0,0,0,0,0,0,0,1,1,2,4376,35,20,361,156,32,34,16,24,0,12,0,12,48,35,0,12,7.3,4.7,31.4,11.6,2.8,3.0,1.4,2.1,0.0,3.0,0.0,3.0,4.2,3.1,0.0,3.0
39,Ohio,OH,39061,Hamilton County,39061002901,Census Tract 29.01; Hamilton County; Ohio,0.177069079914,2039,206,578,102,523,101,660,200,78,50,311,121,7,12,84,60,19,22,42,26,119,112,8,13,9,45,523,346,125,87,7,13,0,16,28,31,1000,33,63.5,14.3,7.0,3.8,59.5,20.1,2.5,4.1,4.1,2.9,0.9,1.1,2.1,1.2,5.8,5.7,1.5,2.5,0.4,2.2,25.6,16.8,21.6,14.6,1.2,2.2,0.0,3.1,5.4,6.2,49.0,5.2,0.9724,0.7222,0.9921,0.1192,0.3478,3.1537,0.7032,0.0051,0.0111,0.0397,0.1156,0.5412,0.7127,0.0108,0.6642,0.6642,0.6642,0.8629,0.6451,0.0,0.4994,0.9908,2.9982,0.8276,7.5288,0.5038,1,0,1,0,0,2,0,0,0,0,0,0,0,0,0,0,0,0,1,1,3,2413,69,83,201,92,180,159,71,53,49,26,9,9,13,23,0,12,13.2,16.5,9.9,4.4,8.8,7.6,3.5,2.6,2.4,1.2,0.4,0.4,0.6,1.1,0.0,1.7
39,Ohio,OH,39061,Hamilton County,39061002902,Census Tract 29.02; Hamilton County; Ohio,0.278996532996,2437,451,1597,225,1326,248,808,295,70,71,740,230,76,60,244,188,284,52,142,87,345,151,0,16,103,89,1083,605,977,238,0,12,0,16,258,156,216,3,36.2,11.0,4.5,4.4,55.8,13.9,4.9,3.9,10.9,7.6,11.7,2.6,5.8,3.3,15.5,6.7,0.0,1.2,4.3,3.6,44.4,23.4,61.2,12.2,0.0,2.2,0.0,1.2,19.5,10.4,8.9,1.7,0.7921,0.534,0.9863,0.2955,0.8524,3.4603,0.7708,0.1836,0.0216,0.5773,0.0,0.9353,1.7178,0.1511,0.8034,0.8034,0.8034,0.9841,0.0,0.0,0.8965,0.9509,2.8315,0.7711,8.813,0.7029,0,0,1,0,0,1,0,0,0,0,1,1,0,0,1,0,0,0,1,2,4,4327,269,127,468,198,115,74,500,275,0,12,0,12,0,12,0,12,20.3,8.9,19.2,7.1,4.7,3.2,20.5,10.6,0.0,1.4,0.0,1.4,0.0,1.4,0.0,1.4
39,Ohio,OH,39061,Hamilton County,39061003000,Census Tract 30; Hamilton County; Ohio,0.518120312452,4853,335,690,127,617,125,968,258,266,178,371,109,17,3,160,111,52,30,70,37,247,115,0,16,20,49,1683,606,379,122,9,13,25,23,83,56,3440,195,68.5,11.7,12.4,8.0,60.1,12.8,3.1,1.0,3.3,2.3,1.1,0.6,1.4,0.8,5.1,2.3,0.0,2.6,0.4,1.0,34.7,12.3,54.9,14.5,1.3,1.9,4.1,3.6,13.5,8.3,70.9,6.3,0.9806,0.8924,0.9924,0.1579,0.2634,3.2867,0.7337,0.0063,0.0086,0.0279,0.0,0.5412,0.584,0.0063,0.7422,0.7422,0.7422,0.9781,0.6505,0.9006,0.8111,0.994,4.3343,0.9975,8.9472,0.7213,1,0,1,0,0,2,0,0,0,0,0,0,0,0,1,0,1,0,1,3,5,26782,37,31,737,263,311,142,568,159,0,12,0,12,67,53,0,12,6.0,5.0,15.2,5.6,6.4,3.0,11.7,3.3,0.0,0.7,0.0,0.7,1.4,1.1,0.0,0.7
39,Ohio,OH,39061,Hamilton County,39061003200,Census Tract 32; Hamilton County; Ohio,0.314886644406,1688,297,760,71,684,75,997,206,29,28,336,83,75,47,54,44,49,41,149,92,141,57,29,26,65,87,621,400,297,63,0,12,28,26,87,48,82,12,59.8,6.5,3.2,3.1,49.1,10.9,10.6,6.0,3.2,2.5,2.9,2.5,8.8,5.0,8.4,3.5,4.3,3.8,4.0,5.3,36.8,22.8,39.1,7.4,0.0,4.5,4.1,3.8,12.7,7.0,4.9,1.1,0.9591,0.3711,0.966,0.6671,0.2491,3.2124,0.7156,0.0127,0.0361,0.1311,0.407,0.9296,1.5165,0.0946,0.7559,0.7559,0.7559,0.9517,0.0,0.9006,0.794,0.9036,3.5499,0.9457,9.0347,0.7337,1,0,1,0,0,2,0,0,0,0,1,1,0,0,1,0,1,0,1,3,6,29287,63,38,178,68,83,88,220,91,0,12,0,12,140,114,0,12,9.2,5.6,10.5,4.7,4.9,4.9,13.0,5.5,0.0,2.0,0.0,2.0,8.3,6.4,0.0,2.0
39,Ohio,OH,39061,Hamilton County,39061003300,Census Tract 33; Hamilton County; Ohio,0.203978072702,2905,469,1415,151,1260,150,2042,424,198,166,856,202,144,149,111,66,0,12,164,28,138,96,0,16,128,106,872,612,897,182,0,12,102,53,289,137,38,5,71.2,9.1,10.4,7.9,67.9,13.8,18.9,14.1,3.8,2.2,0.0,1.2,5.6,1.1,4.8,3.4,0.0,1.3,4.6,3.8,30.0,20.5,63.4,10.9,0.0,2.4,8.1,4.1,22.9,9.8,1.3,0.3,0.9848,0.8511,0.9978,0.8944,0.3113,4.0394,0.8962,0.0,0.0203,0.0225,0.0,0.9429,0.9857,0.0216,0.7067,0.7067,0.7067,0.9857,0.0,0.9797,0.9267,0.6934,3.5855,0.9508,9.3173,0.7705,1,0,1,0,0,2,0,0,0,0,1,1,0,0,1,0,1,1,0,3,6,2303,152,131,308,212,75,117,235,131,0,12,0,12,254,198,0,12,12.1,9.3,10.6,6.7,2.6,3.9,8.1,4.8,0.0,1.2,0.0,1.2,8.7,6.4,0.0,1.2
39,Ohio,OH,39061,Hamilton County,39061003600,Census Tract 36; Hamilton County; Ohio,0.288278425076,1036,251,812,237,663,224,400,141,0,12,209,80,293,233,21,30,323,61,131,89,226,83,41,41,3,47,968,255,348,80,0,12,0,16,247,79,99,3,42.6,9.8,0.0,7.5,31.5,5.7,33.7,19.5,2.2,3.3,31.2,9.2,12.6,7.7,24.0,10.0,6.2,5.8,0.3,4.6,93.4,9.7,42.9,15.9,0.0,4.2,0.0,2.4,37.3,15.1,9.6,2.3,0.8588,0.0,0.7603,0.9886,0.1396,2.7473,0.586,0.9696,0.0717,0.9143,0.5657,0.4968,3.0181,0.8305,0.9727,0.9727,0.9727,0.9581,0.0,0.0,0.9787,0.9534,2.8902,0.7921,9.6283,0.8073,0,0,0,1,0,1,1,0,1,0,0,2,1,1,1,0,0,1,1,3,7,499,216,88,794,241,0,12,25,13,0,12,0,12,149,66,0,12,32.6,15.0,76.6,8.8,0.0,3.3,2.4,1.3,0.0,3.3,0.0,3.3,14.4,6.4,0.0,3.3
39,Ohio,OH,39061,Hamilton County,39061003700,Census Tract 37; Hamilton County; Ohio,0.257742003998,1569,227,1294,200,1019,196,732,230,16,27,362,117,303,197,98,91,284,97,192,22,528,201,0,16,14,49,1076,254,881,219,0,12,10,18,584,214,45,11,47.9,13.3,2.2,3.6,35.5,9.2,25.0,13.8,6.4,5.8,18.1,6.4,12.2,2.3,34.5,10.7,0.0,1.6,0.9,3.2,68.6,12.8,68.0,13.3,0.0,2.7,1.0,1.8,57.3,13.2,2.9,0.6,0.895,0.2238,0.8292,0.9537,0.5849,3.4866,0.7771,0.539,0.0647,0.9917,0.0,0.6855,2.2809,0.4257,0.8982,0.8982,0.8982,0.9889,0.0,0.5676,0.9978,0.8224,3.3767,0.9146,10.0424,0.8514,0,0,0,1,0,1,0,0,1,0,0,1,0,0,1,0,0,1,0,2,4,3523,515,202,843,215,23,33,6,10,0,12,0,12,204,187,0,12,50.5,13.5,53.7,10.8,1.5,2.1,0.4,0.7,0.0,2.2,0.0,2.2,13.0,11.0,0.0,2.2
39,Ohio,OH,39061,Hamilton County,39061003800,Census Tract 38; Hamilton County; Ohio,0.4674923016,2025,382,1231,117,967,117,892,386,109,105,367,142,139,91,88,76,466,199,467,307,399,103,182,127,0,48,1709,444,260,106,0,12,0,16,280,115,11,13,45.4,17.7,11.6,10.9,38.0,13.9,10.6,6.9,4.3,3.3,23.0,11.9,23.1,11.7,19.7,6.0,18.8,12.9,0.0,2.6,84.4,15.1,21.1,8.4,0.0,2.8,0.0,1.7,29.0,11.0,0.5,0.6,0.8797,0.8775,0.8689,0.6671,0.3659,3.6591,0.8146,0.7945,0.5948,0.794,0.9448,0.0,3.1281,0.8625,0.9455,0.9455,0.9455,0.8584,0.0,0.0,0.9556,0.5742,2.3882,0.5879,10.1209,0.8584,0,0,0,0,0,0,0,0,0,1,0,1,1,1,0,0,0,1,0,1,3,4586,184,105,1610,369,52,77,7,12,20,33,0,12,20,30,0,12,19.0,10.7,79.5,11.0,2.6,3.7,0.3,0.6,1.0,1.6,0.0,1.7,1.0,1.5,0.0,1.7
39,Ohio,OH,39061,Hamilton County,39061003900,Census Tract 39; Hamilton County; Ohio,0.212204361914,1453,306,1068,254,774,266,428,190,37,31,165,65,150,90,122,81,249,86,203,111,241,150,53,51,0,48,1090,348,62,46,0,12,0,16,70,86,0,12,29.5,11.5,4.1,3.6,21.3,4.1,12.7,8.0,8.4,5.5,17.1,6.4,14.0,6.7,16.6,9.6,6.8,6.2,0.0,3.4,75.0,18.0,5.8,4.1,0.0,3.2,0.0,2.1,9.0,11.4,0.0,0.8,0.7036,0.4867,0.4483,0.7454,0.7417,3.1257,0.6949,0.4677,0.1024,0.6407,0.6051,0.0,1.8159,0.1867,0.9179,0.9179,0.9179,0.5806,0.0,0.0,0.6873,0.0,1.2679,0.1667,7.1274,0.4432,0,0,0,0,0,0,0,0,0,0,0,0,1,1,0,0,0,0,0,0,1,870,99,81,1002,305,79,98,0,12,0,12,0,12,9,10,0,12,12.8,10.7,69.0,13.1,5.4,6.7,0.0,2.4,0.0,2.4,0.0,2.4,0.6,0.7,0.0,2.4
39,Ohio,OH,39061,Hamilton County,39061004000,Census Tract 40; Hamilton County; Ohio,0.425452357534,2295,422,1000,134,921,133,387,176,42,39,233,81,151,74,175,105,392,91,521,202,229,75,65,56,115,117,1196,596,185,49,0,12,0,16,101,58,92,3,17.8,7.3,3.7,3.3,25.3,8.0,9.2,4.4,8.0,5.0,17.1,5.2,22.7,5.3,10.4,3.8,7.1,6.0,5.3,5.3,52.1,24.1,18.5,4.2,0.0,3.4,0.0,1.7,11.0,6.1,4.0,0.7,0.4468,0.4429,0.593,0.5875,0.7166,2.7868,0.599,0.4677,0.5669,0.2396,0.626,0.9569,2.8571,0.7559,0.8342,0.8342,0.8342,0.826,0.0,0.0,0.753,0.8757,2.4547,0.6168,8.9328,0.719,0,0,0,0,0,0,0,0,0,0,1,1,0,0,0,0,0,0,0,0,1,2507,114,66,965,273,131,109,45,63,0,12,0,12,55,49,0,12,12.4,7.3,42.0,12.5,5.7,4.9,2.0,2.8,0.0,1.5,0.0,1.5,2.4,2.2,0.0,1.5
39,Ohio,OH,39061,Hamilton County,39061004100,Census Tract 41; Hamilton County; Ohio,0.299918628172,1583,181,892,73,719,91,113,54,39,36,196,69,115,54,51,38,322,57,188,37,155,48,16,16,0,48,675,283,247,73,0,12,0,16,58,52,98,4,7.6,3.5,3.8,3.6,27.3,9.0,9.2,4.3,3.4,2.6,20.3,3.8,11.9,2.1,10.4,3.4,2.3,2.2,0.0,3.2,42.6,17.2,27.7,7.9,0.0,3.8,0.0,2.2,8.1,7.0,6.2,0.8,0.1384,0.4524,0.6606,0.5875,0.2745,2.1134,0.4016,0.6804,0.0621,0.2396,0.1902,0.0,1.1723,0.0371,0.793,0.793,0.793,0.9051,0.0,0.0,0.6505,0.9277,2.4833,0.6311,6.562,0.354,0,0,0,0,0,0,0,0,0,0,0,0,0,0,1,0,0,0,1,2,2,1722,70,45,391,147,0,12,236,161,0,12,0,12,44,47,4,7,9.7,6.0,24.7,8.4,0.0,2.2,14.9,10.5,0.0,2.2,0.0,2.2,2.8,2.9,0.3,0.5
39,Ohio,OH,39061,Hamilton County,39061004200,Census Tract 42; Hamilton County; Ohio,0.343920742602,1886,309,1330,190,1268,196,404,200,12,18,436,174,92,60,8,12,589,234,266,125,231,102,57,43,0,48,615,381,652,192,0,12,0,16,159,74,0,12,21.4,10.0,1.1,1.6,34.4,12.7,6.0,4.3,0.4,0.6,31.2,9.9,14.1,6.0,12.2,4.3,4.5,3.3,0.0,2.6,32.6,19.5,49.1,12.6,0.0,2.6,0.0,1.3,12.5,6.0,0.0,0.6,0.5401,0.0803,0.8149,0.3811,0.0114,1.8278,0.3146,0.9696,0.1056,0.3659,0.4286,0.0,1.8697,0.2086,0.7273,0.7273,0.7273,0.9705,0.0,0.0,0.7911,0.0,1.7616,0.3229,6.1864,0.2883,0,0,0,0,0,0,1,0,0,0,0,1,0,0,1,0,0,0,0,1,2,1256,138,67,397,169,129,145,41,46,0,12,0,12,25,39,23,34,10.9,5.6,21.0,7.4,6.8,7.5,2.2,2.5,0.0,1.8,0.0,1.8,1.3,2.1,1.2,1.8
39,Ohio,OH,39061,Hamilton County,39061004602,Census Tract 46.02; Hamilton County; Ohio,1.406047962198,4505,371,2206,126,2107,152,752,315,149,149,555,226,170,146,52,50,631,104,1207,267,471,183,103,154,0,48,708,531,354,186,0,12,0,16,208,153,0,12,17.1,7.0,5.9,5.8,26.3,10.6,5.6,4.8,1.2,1.1,14.0,2.7,26.8,4.8,10.5,4.2,4.9,7.3,0.0,1.1,15.7,11.7,16.0,8.4,0.0,1.6,0.0,0.8,9.9,7.1,0.0,0.3,0.4268,0.6492,0.6283,0.3497,0.0511,2.1051,0.399,0.2885,0.805,0.2453,0.4644,0.0,1.8032,0.1835,0.5101,0.5101,0.5101,0.7971,0.0,0.0,0.7162,0.0,1.5133,0.2343,5.9317,0.2508,0,0,0,0,0,0,0,0,0,0,0,0,0,0,0,0,0,0,0,0,0,3732,158,111,211,292,49,52,107,153,0,12,0,12,341,251,0,12,7.5,5.2,4.7,6.4,1.1,1.1,2.4,3.4,0.0,0.8,0.0,0.8,7.6,5.4,0.0,0.8
39,Ohio,OH,39061,Hamilton County,39061004603,Census Tract 46.03; Hamilton County; Ohio,0.633407280836,4070,982,1617,271,1590,278,548,279,80,63,309,107,150,137,25,25,562,124,882,292,511,248,79,59,0,48,440,1344,34,26,0,12,0,16,112,66,105,4,13.8,6.1,4.2,2.9,19.4,5.8,5.7,5.1,0.6,0.6,13.8,4.4,21.7,3.9,12.9,5.8,5.0,3.6,0.0,1.2,10.8,32.9,2.1,1.6,0.0,2.1,0.0,1.0,7.0,4.3,2.6,0.6,0.3281,0.4975,0.3708,0.357,0.0187,1.5721,0.2454,0.2809,0.4965,0.4059,0.4762,0.0,1.6595,0.1295,0.3824,0.3824,0.3824,0.4111,0.0,0.0,0.5994,0.8012,1.8117,0.341,5.4257,0.1813,0,0,0,0,0,0,0,0,0,0,0,0,0,0,0,0,0,0,0,0,0,1574,145,67,93,68,68,47,0,12,0,12,0,12,279,285,0,12,9.1,4.3,2.3,1.7,1.7,1.2,0.0,0.9,0.0,0.9,0.0,0.9,6.9,6.7,0.0,0.9
39,Ohio,OH,39061,Hamilton County,39061004604,Census Tract 46.04; Hamilton County; Ohio,1.069784780562,3960,460,1905,174,1801,186,878,390,77,70,477,186,209,145,129,86,458,72,1052,324,657,179,94,70,52,70,589,681,471,181,0,12,9,17,177,142,0,12,22.3,9.5,3.6,3.4,26.5,10.0,9.0,5.9,3.3,2.2,11.6,2.2,26.6,5.5,16.6,4.8,5.3,3.8,1.4,1.9,14.9,17.1,24.7,9.2,0.0,1.8,0.5,0.9,9.8,7.7,0.0,0.3,0.5659,0.4308,0.6356,0.5755,0.2634,2.4712,0.5003,0.1776,0.7984,0.6407,0.5022,0.7717,2.8906,0.7721,0.4911,0.4911,0.4911,0.8848,0.0,0.4413,0.7133,0.0,2.0394,0.4352,7.8923,0.5651,0,0,0,0,0,0,0,0,0,0,0,0,0,0,0,0,0,0,0,0,0,1150,190,97,254,177,98,68,72,63,1,4,16,27,110,88,38,52,10.5,5.3,6.4,4.5,2.5,1.7,1.8,1.6,0.0,0.1,0.4,0.7,2.8,2.3,1.0,1.3
39,Ohio,OH,39061,Hamilton County,39061004605,Census Tract 46.05; Hamilton County; Ohio,1.76661935355,2457,284,1391,157,1318,175,247,166,49,49,313,132,33,32,116,71,408,111,348,104,256,92,44,36,0,48,575,381,391,149,0,12,0,16,168,122,1,1,10.1,6.7,3.1,3.2,23.7,9.5,1.7,1.6,4.7,3.0,16.6,4.5,14.2,3.7,10.4,3.5,3.3,2.7,0.0,2.0,23.4,15.3,28.1,10.2,0.0,2.5,0.0,1.2,12.7,8.5,0.0,0.0,0.2091,0.3537,0.5333,0.0694,0.4135,1.579,0.2463,0.4379,0.1091,0.2396,0.2943,0.0,1.0809,0.0279,0.6335,0.6335,0.6335,0.9086,0.0,0.0,0.794,0.0,1.7026,0.2959,4.996,0.1416,0,0,0,0,0,0,0,0,0,0,0,0,0,0,1,0,0,0,0,1,1,1089,117,69,413,237,46,46,30,50,0,12,0,12,86,70,0,12,8.9,5.3,16.8,8.7,1.9,1.9,1.2,2.0,0.0,1.4,0.0,1.4,3.5,2.9,0.0,1.4
39,Ohio,OH,39061,Hamilton County,39061004703,Census Tract 47.03; Hamilton County; Ohio,4.95336626483,3677,706,1901,195,1787,206,171,73,47,35,223,98,64,36,258,312,592,176,560,103,138,60,63,43,14,48,376,1006,124,80,7,12,0,16,33,24,5,9,4.7,1.8,1.9,1.4,12.5,5.3,2.4,1.4,7.0,7.4,16.1,5.1,15.2,3.4,3.8,1.8,3.5,2.4,0.4,1.4,10.2,27.3,6.5,4.2,0.4,0.6,0.0,0.9,1.8,1.4,0.1,0.2,0.0574,0.1787,0.1124,0.1135,0.636,1.098,0.1219,0.4071,0.1344,0.0079,0.3187,0.5412,1.4093,0.0695,0.363,0.363,0.363,0.6013,0.5625,0.0,0.1933,0.3694,1.7265,0.3067,4.5968,0.1029,0,0,0,0,0,0,0,0,0,0,0,0,0,0,0,0,0,0,0,0,0,6423,53,38,63,65,137,85,58,47,0,12,0,12,118,69,0,12,3.0,2.1,1.7,1.8,3.7,2.4,1.6,1.3,0.0,0.9,0.0,0.9,3.2,1.9,0.0,0.9
39,Ohio,OH,39061,Hamilton County,39061004800,Census Tract 48; Hamilton County; Ohio,1.015261386632,3527,382,1510,237,1466,229,85,47,26,26,119,70,0,12,15,19,514,140,945,136,118,49,31,28,14,50,506,507,5,16,0,12,0,16,0,12,0,12,2.4,1.3,1.3,1.3,8.1,4.6,0.0,1.4,0.4,0.5,14.6,3.9,26.8,3.0,3.3,1.4,2.1,1.9,0.4,1.5,14.3,14.3,0.3,1.1,0.0,2.3,0.0,1.1,0.0,2.4,0.0,0.3,0.0175,0.1013,0.0216,0.0,0.0114,0.1518,0.001,0.3212,0.805,0.0038,0.1673,0.5412,1.8385,0.1978,0.4784,0.4784,0.4784,0.2683,0.0,0.0,0.0,0.0,0.2683,0.021,2.737,0.0076,0,0,0,0,0,0,0,0,0,0,0,0,0,0,0,0,0,0,0,0,0,1491,20,21,36,52,135,111,189,188,0,12,0,12,81,63,65,88,1.4,1.5,1.0,1.5,3.8,3.1,5.4,5.1,0.0,1.0,0.0,1.0,2.3,1.7,1.8,2.5
39,Ohio,OH,39061,Hamilton County,39061004900,Census Tract 49; Hamilton County; Ohio,1.785290087964,6129,852,3443,390,3160,420,589,254,65,74,496,178,48,47,121,124,773,130,1166,236,330,137,85,58,25,77,806,1165,684,212,22,32,32,53,150,86,31,3,9.6,3.9,1.6,1.9,15.7,5.2,1.1,1.1,2.0,2.0,12.6,2.7,19.0,2.7,5.4,2.2,2.7,1.8,0.4,1.3,13.2,18.9,19.9,5.7,0.6,0.9,1.0,1.7,4.7,2.7,0.5,0.1,0.1939,0.1346,0.2175,0.0384,0.1209,0.7053,0.047,0.2229,0.3183,0.0343,0.2298,0.5412,1.3465,0.059,0.4509,0.4509,0.4509,0.8451,0.5876,0.5676,0.4479,0.5742,3.0224,0.8387,5.5251,0.1924,0,0,0,0,0,0,0,0,0,0,0,0,0,0,0,0,0,0,0,0,0,4081,59,56,168,131,186,152,331,240,0,17,0,17,121,86,0,17,1.9,1.8,2.7,2.2,3.0,2.5,5.4,3.5,0.0,0.6,0.0,0.6,2.0,1.4,0.0,0.6
39,Ohio,OH,39061,Hamilton County,39061005000,Census Tract 50; Hamilton County; Ohio,0.638639349038,4979,944,2542,243,2323,280,644,268,36,26,543,159,43,48,256,194,662,140,831,253,344,100,41,36,0,48,775,1183,711,160,0,12,150,187,56,45,66,3,13.1,4.8,1.1,0.8,23.4,6.2,1.2,1.2,5.2,3.3,13.3,3.9,16.7,3.5,7.0,2.6,1.8,1.5,0.0,1.0,15.6,23.6,28.0,5.7,0.0,1.4,6.5,8.0,2.4,2.0,1.3,0.3,0.3078,0.0803,0.52,0.0425,0.4706,1.4212,0.2048,0.2505,0.1925,0.0724,0.1419,0.0,0.6573,0.0086,0.5073,0.5073,0.5073,0.9067,0.0,0.966,0.2514,0.6934,2.8175,0.7654,5.4033,0.1778,0,0,0,0,0,0,0,0,0,0,0,0,0,0,1,0,1,0,0,2,2,6619,123,81,190,182,381,307,93,80,0,12,0,12,111,73,0,12,5.3,3.4,3.8,3.6,7.7,5.2,1.9,1.6,0.0,0.7,0.0,0.7,2.2,1.5,0.0,0.7
39,Ohio,OH,39061,Hamilton County,39061005100,Census Tract 51; Hamilton County; Ohio,0.483786192102,2422,281,1141,113,1097,128,168,99,38,29,147,83,7,9,47,49,315,71,468,96,101,41,36,41,0,48,295,418,105,52,0,12,0,16,10,15,26,5,7.0,4.0,2.4,1.9,13.4,7.4,0.4,0.5,1.9,2.1,13.0,2.7,19.3,3.4,4.2,1.7,3.2,3.7,0.0,2.1,12.2,17.2,9.2,4.5,0.0,3.0,0.0,1.5,0.9,1.4,1.1,0.2,0.1181,0.2514,0.1371,0.0149,0.1104,0.6319,0.0381,0.2368,0.3377,0.0108,0.2841,0.0,0.8694,0.0156,0.4226,0.4226,0.4226,0.6778,0.0,0.0,0.0975,0.6703,1.4456,0.214,3.3695,0.0241,0,0,0,0,0,0,0,0,0,0,0,0,0,0,0,0,0,0,0,0,0,2073,59,69,163,159,51,42,50,40,0,12,0,12,31,32,0,12,5.4,5.9,6.7,6.5,2.1,1.7,2.1,1.6,0.0,1.4,0.0,1.4,1.3,1.3,0.0,1.4
39,Ohio,OH,39061,Hamilton County,39061005200,Census Tract 52; Hamilton County; Ohio,0.46610387880799997,3219,313,1931,179,1761,203,209,86,83,60,366,115,63,46,49,49,246,51,442,123,253,88,21,25,46,66,307,428,229,102,0,12,0,16,126,62,10,2,6.5,2.6,3.4,2.4,20.8,6.1,2.6,1.9,1.5,1.5,7.6,1.5,13.7,3.6,7.9,2.8,1.2,1.4,1.6,2.2,9.5,13.3,11.8,5.2,0.0,1.8,0.0,0.9,7.2,3.5,0.3,0.1,0.1028,0.3975,0.4283,0.1243,0.072,1.1249,0.1273,0.0571,0.0948,0.106,0.0937,0.7971,1.1487,0.0327,0.337,0.337,0.337,0.7267,0.0,0.0,0.6111,0.4924,1.8302,0.3476,4.4408,0.0924,0,0,0,0,0,0,0,0,0,0,0,0,0,0,0,0,0,0,0,0,0,2329,58,45,49,61,75,52,92,89,0,12,0,12,63,35,28,46,3.3,2.6,1.5,1.9,2.3,1.6,2.9,2.7,0.0,1.1,0.0,1.1,2.0,1.1,0.9,1.4
39,Ohio,OH,39061,Hamilton County,39061005301,Census Tract 53.01; Hamilton County; Ohio,0.487685050098,3464,572,2284,408,2069,408,457,168,46,43,491,174,196,107,52,44,440,123,333,113,675,378,17,29,10,49,621,781,886,395,0,12,0,16,150,103,15,6,13.2,4.3,1.9,1.9,23.7,7.0,6.9,3.7,1.5,1.3,12.7,3.7,9.6,3.0,19.6,8.9,0.8,1.4,0.3,1.5,17.9,22.4,38.8,15.8,0.0,1.5,0.0,0.8,7.2,5.0,0.4,0.2,0.3113,0.1787,0.5333,0.4423,0.072,1.5376,0.234,0.2257,0.0412,0.7893,0.0625,0.4968,1.6155,0.1171,0.5558,0.5558,0.5558,0.9508,0.0,0.0,0.6111,0.5374,2.0993,0.4597,5.8082,0.2324,0,0,0,0,0,0,0,0,0,0,0,0,0,0,1,0,0,0,0,1,1,4273,166,92,289,167,196,171,41,52,0,12,0,12,95,88,0,12,8.0,4.5,8.3,4.4,5.7,5.1,1.2,1.5,0.0,1.0,0.0,1.0,2.7,2.5,0.0,1.0
39,Ohio,OH,39061,Hamilton County,39061005302,Census Tract 53.02; Hamilton County; Ohio,0.833689971296,3324,366,1991,174,1884,192,265,113,69,57,381,128,103,69,259,144,864,136,336,77,320,113,75,72,0,48,570,499,479,125,0,12,0,16,157,84,167,4,8.4,3.4,3.3,2.7,20.2,6.5,3.6,2.5,8.2,4.6,26.0,4.0,10.1,2.4,10.1,3.8,4.0,3.8,0.0,1.5,17.1,14.9,24.0,5.9,0.0,1.7,0.0,0.8,8.3,4.4,5.0,0.6,0.1568,0.386,0.4029,0.1966,0.7306,1.8729,0.3276,0.8976,0.0444,0.2222,0.3743,0.0,1.5385,0.0994,0.5387,0.5387,0.5387,0.8803,0.0,0.0,0.6606,0.9068,2.4477,0.614,6.3978,0.3232,0,0,0,0,0,0,0,0,0,0,0,0,0,0,0,0,0,0,1,1,1,2393,177,76,247,107,187,158,78,60,0,12,0,12,57,46,1,3,9.4,4.0,7.4,3.3,5.6,4.6,2.3,1.8,0.0,1.0,0.0,1.0,1.7,1.4,0.0,0.1
39,Ohio,OH,39061,Hamilton County,39061005500,Census Tract 55; Hamilton County; Ohio,1.26408443443,4234,605,2433,228,2190,238,1244,357,79,66,700,165,305,138,175,111,1065,269,528,265,767,153,90,49,0,48,2015,720,943,200,0,12,40,52,308,112,179,9,30.4,7.5,3.4,2.7,32.0,6.7,9.4,4.5,4.3,2.7,25.2,5.2,12.5,5.2,18.8,4.6,4.1,2.2,0.0,1.2,47.6,15.6,38.8,7.4,0.0,1.4,1.8,2.4,14.1,4.9,4.2,0.6,0.7188,0.3975,0.7724,0.5999,0.3659,2.8545,0.6178,0.8744,0.0704,0.7521,0.3844,0.0,2.0813,0.3133,0.8155,0.8155,0.8155,0.9508,0.0,0.7079,0.8206,0.8824,3.3617,0.9121,9.113,0.7397,0,0,0,0,0,0,0,0,0,0,0,0,0,0,1,0,0,0,0,1,1,8376,535,170,1712,441,72,66,45,35,5,10,0,12,181,140,0,12,24.4,6.7,40.4,7.6,1.7,1.5,1.1,0.8,0.1,0.2,0.0,0.8,4.3,3.1,0.0,0.8
39,Ohio,OH,39061,Hamilton County,39061005600,Census Tract 56; Hamilton County; Ohio,0.89639563881,5474,713,2686,327,2482,370,1185,420,70,79,890,289,341,291,327,210,455,159,1104,263,623,278,379,174,0,68,1868,970,103,122,50,78,0,24,132,87,0,17,21.6,7.1,2.2,2.5,35.9,10.3,8.6,6.6,6.0,3.9,8.3,3.0,20.2,4.3,11.4,4.5,15.3,6.6,0.0,1.3,34.1,17.2,3.8,4.5,1.9,2.9,0.0,1.0,5.3,3.6,0.0,0.3,0.5452,0.2238,0.8349,0.552,0.5459,2.7018,0.5727,0.0742,0.397,0.3088,0.9076,0.0,1.6876,0.1394,0.7375,0.7375,0.7375,0.5067,0.693,0.0,0.4917,0.0,1.6914,0.2911,6.8183,0.3994,0,0,0,0,0,0,0,0,0,1,0,1,0,0,0,0,0,0,0,0,1,2366,281,120,1341,279,139,142,32,40,0,17,0,17,356,291,0,17,11.3,5.0,24.5,5.2,2.5,2.6,0.6,0.7,0.0,0.6,0.0,0.6,6.5,5.1,0.0,0.6
39,Ohio,OH,39061,Hamilton County,39061005701,Census Tract 57.01; Hamilton County; Ohio,0.64796023742,3311,585,1840,315,1637,330,845,579,95,101,372,115,267,274,255,112,445,113,848,256,349,272,279,276,13,51,1128,700,121,108,0,12,0,16,88,63,21,7,25.6,16.9,5.4,5.7,22.7,5.3,11.8,11.2,7.7,3.3,13.4,3.8,25.6,4.3,10.6,7.2,17.0,16.5,0.4,1.7,34.1,20.3,6.6,5.8,0.0,1.9,0.0,1.0,5.4,3.9,0.6,0.2,0.6357,0.6143,0.4962,0.7131,0.6915,3.1508,0.7019,0.2568,0.7429,0.2542,0.9279,0.5412,2.723,0.6959,0.7375,0.7375,0.7375,0.6063,0.0,0.0,0.4994,0.6059,1.7116,0.2997,8.3229,0.6337,0,0,0,0,0,0,0,0,0,1,0,1,0,0,0,0,0,0,0,0,1,2270,96,63,602,203,60,67,38,43,0,12,0,12,217,276,211,278,5.9,3.7,18.2,6.1,1.8,2.1,1.1,1.4,0.0,1.0,0.0,1.0,6.6,7.6,6.4,7.7
39,Ohio,OH,39061,Hamilton County,39061005702,Census Tract 57.02; Hamilton County; Ohio,0.9907423652239999,3723,533,2073,183,1970,203,537,209,31,28,509,227,228,189,81,79,565,128,517,249,657,263,161,148,35,75,1415,691,186,106,0,12,0,16,131,103,113,4,14.8,5.3,1.3,1.2,25.8,11.2,8.0,6.5,2.2,2.1,15.2,3.4,13.9,5.1,18.1,6.5,8.2,7.5,1.0,2.1,38.0,17.7,9.0,5.1,0.0,1.7,0.0,0.8,6.6,5.2,3.0,0.4,0.358,0.1013,0.6092,0.5133,0.1396,1.7214,0.2844,0.3523,0.0992,0.7166,0.6946,0.707,2.5697,0.6044,0.7647,0.7647,0.7647,0.6746,0.0,0.0,0.5765,0.8291,2.0802,0.4489,7.136,0.4454,0,0,0,0,0,0,0,0,0,0,0,0,0,0,0,0,0,0,0,0,0,4609,129,93,945,320,122,106,159,198,0,12,0,12,189,155,0,12,6.5,4.7,25.4,7.6,3.3,2.9,4.3,5.2,0.0,0.9,0.0,0.9,5.1,4.0,0.0,0.9
39,Ohio,OH,39061,Hamilton County,39061005800,Census Tract 58; Hamilton County; Ohio,1.229942978978,4714,701,2488,278,2372,305,1424,664,174,127,728,236,243,144,308,188,828,148,795,262,768,273,78,86,65,116,3348,809,502,259,0,12,28,36,411,174,23,4,30.2,13.4,7.3,5.0,30.7,9.1,6.7,3.8,6.5,3.8,17.6,3.7,16.9,4.1,16.3,5.9,3.3,3.6,1.5,2.7,71.0,13.5,20.2,10.2,0.0,1.4,1.2,1.5,17.3,7.4,0.5,0.0,0.715,0.7387,0.7422,0.4293,0.5947,3.2199,0.7181,0.5044,0.2026,0.6223,0.2943,0.7854,2.409,0.5035,0.9052,0.9052,0.9052,0.8495,0.0,0.6038,0.8708,0.5742,2.8983,0.7959,9.4324,0.7867,0,0,0,0,0,0,0,0,0,0,0,0,1,1,0,0,0,0,0,0,1,2666,570,234,2869,577,283,299,0,12,11,20,0,12,185,165,0,12,24.0,9.2,60.9,6.0,6.0,6.4,0.0,0.7,0.2,0.4,0.0,0.7,3.9,3.4,0.0,0.7
39,Ohio,OH,39061,Hamilton County,39061005900,Census Tract 59; Hamilton County; Ohio,0.357228520236,1305,181,661,116,646,118,150,92,34,33,211,91,20,24,45,35,155,56,234,76,105,67,33,32,16,50,583,221,46,23,0,12,0,16,19,16,0,12,11.5,6.9,4.1,3.8,32.7,12.8,2.1,2.5,3.4,2.6,11.9,4.6,17.9,4.4,8.0,5.3,5.1,4.9,1.3,4.1,44.7,15.8,7.0,3.3,0.0,5.2,0.0,2.5,2.9,2.5,0.0,0.9,0.2561,0.4867,0.7886,0.0938,0.2745,1.8997,0.3352,0.1925,0.2495,0.1104,0.4841,0.7565,1.793,0.1784,0.8047,0.8047,0.8047,0.6171,0.0,0.0,0.2962,0.0,0.9133,0.0927,5.4107,0.1787,0,0,0,0,0,0,0,0,0,0,0,0,0,0,0,0,0,0,0,0,0,862,42,28,383,183,35,41,106,76,0,12,0,12,36,38,23,36,6.5,4.4,29.3,12.0,2.7,3.1,8.1,5.4,0.0,2.6,0.0,2.6,2.8,2.8,1.8,2.7
39,Ohio,OH,39061,Hamilton County,39061006000,Census Tract 60; Hamilton County; Ohio,1.301779958792,5237,764,3031,235,2448,260,1605,691,43,46,941,255,454,197,655,422,894,110,965,413,787,262,159,109,143,154,2878,842,907,246,4,8,117,109,269,169,246,8,32.0,12.9,1.5,1.6,38.4,9.6,11.9,5.4,13.0,7.3,17.1,2.9,18.4,6.3,15.7,5.3,6.5,4.4,2.9,3.1,55.0,13.9,30.0,7.8,0.1,0.3,4.8,4.4,11.0,6.5,4.7,0.7,0.7414,0.1251,0.874,0.7178,0.9108,3.3691,0.7502,0.4677,0.279,0.5874,0.5844,0.8941,2.8126,0.7378,0.8453,0.8453,0.8453,0.9194,0.5502,0.9317,0.753,0.8976,4.0519,0.9921,11.0789,0.9359,0,0,0,0,1,1,0,0,0,0,0,0,0,0,1,0,1,0,0,2,3,3308,364,151,2294,567,389,323,80,96,0,17,0,17,115,149,0,17,14.9,5.9,43.8,7.7,7.4,5.6,1.5,1.9,0.0,0.7,0.0,0.7,2.2,2.8,0.0,0.7
39,Ohio,OH,39061,Hamilton County,39061006100,Census Tract 61; Hamilton County; Ohio,1.266615719142,2759,586,1174,158,1055,169,1321,350,45,69,466,113,297,224,307,336,442,223,821,276,208,101,275,107,54,93,1593,643,183,99,0,12,131,75,103,69,5,2,47.9,7.6,3.3,4.4,44.2,8.0,18.1,11.5,11.1,10.9,16.0,8.6,29.8,7.1,7.5,3.2,26.1,9.2,2.0,3.5,57.7,19.8,15.5,8.2,0.0,2.9,12.4,6.8,9.8,6.5,0.2,0.1,0.895,0.386,0.9371,0.8814,0.8607,3.9602,0.8806,0.3989,0.9081,0.0898,0.9819,0.8348,3.2135,0.8892,0.8545,0.8545,0.8545,0.7879,0.0,0.9946,0.7133,0.4356,2.9314,0.8054,10.9596,0.9286,0,0,1,0,0,1,0,1,0,1,0,2,0,0,0,0,1,0,0,1,4,2223,123,70,892,326,607,308,0,12,0,12,0,12,94,108,0,12,11.7,6.8,32.3,8.8,22.0,9.1,0.0,1.3,0.0,1.3,0.0,1.3,3.4,3.6,0.0,1.3
39,Ohio,OH,39061,Hamilton County,39061006300,Census Tract 63; Hamilton County; Ohio,0.620960896764,3805,628,1710,145,1479,160,758,276,137,73,367,129,125,78,342,183,657,124,1004,367,549,167,145,101,0,48,3672,631,129,115,11,18,25,38,112,80,12,2,20.6,6.7,7.9,4.0,24.8,8.3,5.0,3.2,9.0,4.7,17.3,3.7,26.4,6.2,14.4,4.6,9.8,6.7,0.0,1.3,96.5,4.6,7.5,6.7,0.6,1.1,1.7,2.6,7.6,5.4,0.3,0.0,0.5198,0.7667,0.5717,0.3041,0.7721,2.9344,0.6375,0.4845,0.7882,0.5119,0.7705,0.0,2.5551,0.5933,0.9832,0.9832,0.9832,0.6343,0.5876,0.6917,0.6279,0.4924,3.0339,0.8416,9.5066,0.7943,0,0,0,0,0,0,0,0,0,0,0,0,1,1,0,0,0,0,0,0,1,3150,176,96,3308,664,64,75,0,12,0,12,0,12,247,175,53,81,11.9,6.5,86.9,6.5,1.7,2.0,0.0,0.9,0.0,0.9,0.0,0.9,6.5,4.6,1.4,2.2
39,Ohio,OH,39061,Hamilton County,39061006400,Census Tract 64; Hamilton County; Ohio,1.191175635464,3482,515,1889,333,1660,360,1375,488,224,205,788,295,341,146,281,245,639,132,776,306,594,195,180,87,0,48,3081,562,40,53,0,12,13,26,168,95,135,9,40.9,13.1,12.8,10.7,47.5,14.5,13.2,5.5,8.4,6.9,18.4,4.3,22.3,7.6,17.7,6.4,10.8,4.7,0.0,1.5,88.5,9.4,2.1,2.8,0.0,1.8,0.8,1.6,10.1,6.0,3.9,0.6,0.8454,0.9025,0.9578,0.7644,0.7417,4.2118,0.9292,0.5621,0.539,0.6995,0.8032,0.0,2.6038,0.6225,0.9547,0.9547,0.9547,0.4111,0.0,0.5117,0.7232,0.87,2.516,0.641,10.2863,0.8749,0,1,1,0,0,2,0,0,0,0,0,0,1,1,0,0,0,0,0,0,3,4651,272,144,3008,501,34,38,0,12,4,8,0,12,35,38,0,12,16.4,9.6,86.4,6.6,1.0,1.1,0.0,1.0,0.1,0.2,0.0,1.0,1.0,1.1,0.0,1.0
39,Ohio,OH,39061,Hamilton County,39061006501,Census Tract 65.01; Hamilton County; Ohio,0.36445712188,2866,715,622,301,607,300,240,101,135,60,79,44,17,20,45,38,474,675,202,56,160,91,22,17,9,47,752,1004,61,58,0,12,0,16,48,47,1556,149,18.1,12.2,12.5,6.1,13.0,3.4,1.5,2.3,1.6,1.4,16.5,20.0,7.0,2.2,5.6,3.6,3.6,2.2,0.3,1.7,26.2,34.4,9.8,8.0,0.0,5.5,0.0,2.6,7.9,9.1,54.3,14.5,0.4573,0.8946,0.1248,0.058,0.0825,1.6172,0.2587,0.4306,0.026,0.0371,0.3292,0.4968,1.3197,0.0559,0.6687,0.6687,0.6687,0.686,0.0,0.0,0.6444,0.9921,2.3225,0.56,5.9281,0.2502,0,0,0,0,0,0,0,0,0,0,0,0,0,0,0,0,0,0,1,1,1,8103,95,61,541,129,61,62,79,117,0,12,0,12,40,39,31,50,15.7,15.7,18.9,5.3,2.1,2.3,2.8,4.1,0.0,1.2,0.0,1.2,1.4,1.4,1.1,1.9
39,Ohio,OH,39061,Hamilton County,39061006502,Census Tract 65.02; Hamilton County; Ohio,0.91501540776,3023,518,1710,177,1430,188,477,212,186,165,563,238,166,237,25,31,622,178,581,230,386,213,55,56,0,48,1649,650,595,197,0,12,0,16,176,132,21,4,15.8,6.5,10.1,9.0,39.4,15.8,7.8,10.7,0.8,1.0,20.6,6.0,19.2,5.6,12.8,6.9,3.8,3.9,0.0,1.7,54.5,19.4,34.8,10.9,0.0,2.0,0.0,1.1,12.3,9.2,0.7,0.1,0.385,0.8448,0.8876,0.5003,0.0279,2.6456,0.554,0.6969,0.3313,0.4002,0.3502,0.0,1.7786,0.1714,0.8443,0.8443,0.8443,0.9384,0.0,0.0,0.7854,0.6243,2.3481,0.5689,7.6166,0.5194,0,0,0,0,0,0,0,0,0,0,0,0,0,0,1,0,0,0,0,1,1,2583,219,177,1391,356,82,135,106,79,0,12,7,31,63,52,0,12,15.3,11.7,46.0,10.8,2.7,4.2,3.5,2.4,0.0,1.1,0.2,1.0,2.1,1.7,0.0,1.1
39,Ohio,OH,39061,Hamilton County,39061006600,Census Tract 66; Hamilton County; Ohio,0.305506296316,1875,476,1103,204,873,210,1137,489,315,183,517,217,338,168,322,222,235,166,142,194,383,205,78,129,6,48,1333,530,399,140,0,12,28,45,375,134,243,9,68.6,22.0,30.5,14.9,59.2,20.4,26.3,11.2,17.2,9.7,12.5,8.7,7.6,9.2,20.5,12.2,8.9,14.6,0.3,2.7,71.1,21.8,36.2,10.8,0.0,3.1,3.2,5.1,43.0,15.5,13.0,3.3,0.981,0.994,0.9911,0.9642,0.9616,4.8919,1.0,0.2166,0.0298,0.821,0.7311,0.4968,2.2953,0.4324,0.9065,0.9065,0.9065,0.9438,0.0,0.8571,0.9873,0.9645,3.7527,0.9717,11.8464,0.9765,1,1,1,1,1,5,0,0,0,0,0,0,1,1,1,0,0,1,1,3,9,1444,351,136,954,326,73,75,35,41,0,12,0,12,271,190,0,12,40.2,13.5,50.9,13.5,3.9,3.5,1.9,2.2,0.0,1.8,0.0,1.8,14.5,9.1,0.0,1.8
39,Ohio,OH,39061,Hamilton County,39061006800,Census Tract 68; Hamilton County; Ohio,0.661405081264,4550,835,2386,244,2021,308,2612,653,111,112,1239,348,465,204,1051,630,907,375,1163,407,979,369,188,138,141,106,4143,878,1057,313,0,12,128,132,806,242,210,8,61.9,9.7,7.1,7.4,61.3,14.5,15.7,7.1,24.1,12.5,19.9,7.6,25.6,6.6,22.4,7.4,9.3,6.7,3.4,2.5,91.1,9.6,44.3,12.3,0.0,1.5,6.4,6.5,39.9,10.9,4.6,0.9,0.9664,0.7283,0.9946,0.8339,0.9886,4.5118,0.9762,0.6569,0.7429,0.8804,0.7495,0.9119,3.9416,0.9943,0.9629,0.9629,0.9629,0.9613,0.0,0.9651,0.9832,0.8954,3.805,0.9784,13.2213,0.9994,1,0,1,0,1,3,0,0,0,0,1,1,1,1,1,0,1,1,0,3,8,2758,443,199,3411,788,537,558,65,71,0,12,0,12,130,112,0,12,21.9,9.6,75.0,13.3,11.8,11.7,1.4,1.6,0.0,0.8,0.0,0.8,2.9,2.4,0.0,0.8
39,Ohio,OH,39061,Hamilton County,39061006900,Census Tract 69; Hamilton County; Ohio,0.514378984072,2949,563,1681,212,1331,207,1156,591,149,121,455,178,197,133,73,70,329,237,1117,364,486,230,385,155,0,48,2831,570,234,120,0,12,0,16,380,170,19,11,39.3,18.6,11.0,8.3,34.2,12.3,11.9,7.8,2.5,2.5,11.2,7.4,37.9,7.9,16.5,6.9,28.9,10.7,0.0,1.7,96.0,6.1,13.9,6.9,0.0,2.1,0.0,1.2,28.5,11.7,0.6,0.4,0.8289,0.8641,0.8111,0.7178,0.1692,3.3911,0.7546,0.1658,0.987,0.6334,0.9883,0.0,2.7745,0.7206,0.9803,0.9803,0.9803,0.7632,0.0,0.0,0.9533,0.6059,2.3224,0.5597,9.4683,0.7895,0,0,0,0,0,0,0,1,0,1,0,2,1,1,0,0,0,1,0,1,4,2392,190,106,2382,544,298,312,39,46,0,12,0,12,112,111,0,12,14.3,8.1,80.8,11.8,10.1,10.0,1.3,1.6,0.0,1.2,0.0,1.2,3.8,3.6,0.0,1.2
39,Ohio,OH,39061,Hamilton County,39061007000,Census Tract 70; Hamilton County; Ohio,0.718990264054,2388,368,1261,150,1105,135,376,162,44,37,228,84,1,2,76,47,246,73,362,145,144,71,17,28,27,55,921,443,339,109,0,12,0,16,158,70,8,8,15.8,6.4,2.8,2.4,20.6,7.2,0.1,0.1,3.2,2.0,10.3,3.2,15.2,4.8,6.0,3.1,1.5,2.5,1.2,2.5,38.6,17.6,26.9,8.0,0.0,2.7,0.0,1.4,14.3,6.4,0.3,0.3,0.385,0.3133,0.4213,0.0082,0.2491,1.3769,0.1917,0.1325,0.1344,0.0444,0.1156,0.7403,1.1672,0.0359,0.7708,0.7708,0.7708,0.9,0.0,0.0,0.8241,0.4924,2.2165,0.5086,5.5314,0.1927,0,0,0,0,0,0,0,0,0,0,0,0,0,0,1,0,0,0,0,1,1,1212,67,44,364,279,242,203,272,144,0,12,0,12,27,31,16,27,6.1,3.9,15.2,10.6,10.1,7.7,11.4,5.7,0.0,1.5,0.0,1.5,1.1,1.3,0.7,1.2
39,Ohio,OH,39061,Hamilton County,39061007100,Census Tract 71; Hamilton County; Ohio,1.09237522248,3576,456,1823,173,1680,168,656,234,24,21,270,97,93,81,126,76,708,131,505,92,274,97,31,37,15,51,1015,596,594,141,0,12,0,16,314,106,94,2,18.8,6.3,1.2,1.0,16.1,5.5,3.7,3.3,3.6,2.2,19.8,3.9,14.1,2.4,7.9,3.0,1.8,2.2,0.4,1.5,28.4,16.3,32.6,7.1,0.0,1.9,0.0,1.0,18.7,6.4,2.6,0.3,0.4776,0.0898,0.2321,0.2039,0.2945,1.2979,0.1679,0.6512,0.1056,0.106,0.1419,0.5412,1.5459,0.1,0.6912,0.6912,0.6912,0.9302,0.0,0.0,0.887,0.8012,2.6184,0.6851,6.1534,0.2822,0,0,0,0,0,0,0,0,0,0,0,0,0,0,1,0,0,0,0,1,1,2448,194,80,334,129,119,95,449,315,0,12,0,12,113,76,0,12,11.5,5.0,9.3,3.9,3.3,2.6,12.6,8.2,0.0,1.0,0.0,1.0,3.2,2.2,0.0,1.0
39,Ohio,OH,39061,Hamilton County,39061007200,Census Tract 72; Hamilton County; Ohio,0.385550646344,2347,388,1415,269,1407,267,634,180,103,83,540,162,13,19,217,123,136,29,199,56,305,175,18,35,38,53,821,514,798,267,0,12,6,16,217,79,0,12,27.0,6.2,5.8,4.4,38.4,8.9,0.9,1.3,9.2,4.6,5.8,1.6,8.5,2.6,13.0,7.2,1.3,2.5,1.7,2.3,35.0,21.1,56.4,15.5,0.0,2.4,0.4,1.1,15.4,6.2,0.0,0.5,0.6601,0.6432,0.874,0.0289,0.7813,2.9875,0.6565,0.0327,0.0342,0.4129,0.1022,0.8094,1.3914,0.0651,0.7448,0.7448,0.7448,0.9803,0.0,0.4206,0.8438,0.0,2.2447,0.5203,7.3684,0.4794,0,0,0,0,0,0,0,0,0,0,0,0,0,0,1,0,0,0,0,1,1,6432,45,38,326,219,57,59,261,108,0,12,0,12,177,146,0,12,3.2,2.9,13.9,8.2,2.4,2.6,11.1,4.8,0.0,1.5,0.0,1.5,7.5,6.4,0.0,1.5
39,Ohio,OH,39061,Hamilton County,39061007300,Census Tract 73; Hamilton County; Ohio,1.925271754166,2220,488,1004,139,922,145,701,203,91,58,422,149,234,95,180,105,262,53,515,204,356,115,126,89,51,63,1490,512,236,108,5,8,36,35,161,76,10,2,31.6,5.9,9.5,5.4,45.8,14.5,16.2,6.1,8.1,4.4,11.8,3.5,23.2,5.1,16.0,6.1,13.7,9.4,2.4,2.9,67.1,17.7,23.5,10.3,0.5,0.8,4.0,3.7,17.5,7.8,0.5,0.1,0.7356,0.8317,0.947,0.8437,0.7226,4.0806,0.9057,0.1877,0.6005,0.6039,0.8733,0.8646,3.13,0.8638,0.8932,0.8932,0.8932,0.8775,0.5717,0.8952,0.8727,0.5742,3.7913,0.9771,11.8951,0.9784,0,0,1,0,0,1,0,0,0,0,0,0,0,0,0,0,0,0,0,0,1,6082,136,60,1192,426,150,115,0,12,0,12,0,12,108,100,40,56,14.8,6.6,53.7,10.3,6.8,5.3,0.0,1.6,0.0,1.6,0.0,1.6,4.9,4.3,1.8,2.5
39,Ohio,OH,39061,Hamilton County,39061007400,Census Tract 74; Hamilton County; Ohio,0.290020903402,1806,238,1129,91,950,105,397,147,53,36,243,75,77,40,118,100,129,31,308,90,219,84,60,42,0,48,471,320,207,57,0,12,5,15,126,43,0,12,22.0,7.6,4.1,2.6,25.6,7.4,5.9,3.0,6.5,5.2,7.1,2.0,17.1,3.9,12.1,4.2,6.3,4.4,0.0,2.8,26.1,17.4,18.4,4.8,0.0,3.0,0.5,1.6,13.3,4.7,0.0,0.7,0.5576,0.4867,0.6032,0.3741,0.5947,2.6163,0.5425,0.0479,0.2096,0.3586,0.5714,0.0,1.1875,0.039,0.6677,0.6677,0.6677,0.8254,0.0,0.4413,0.8063,0.0,2.073,0.447,6.5445,0.3502,0,0,0,0,0,0,0,0,0,0,0,0,0,0,0,0,0,0,0,0,0,1444,97,46,280,97,69,36,15,14,0,12,0,12,107,56,0,12,10.2,5.0,15.5,5.0,3.8,2.0,0.8,0.8,0.0,1.9,0.0,1.9,5.9,3.1,0.0,1.9
39,Ohio,OH,39061,Hamilton County,39061007500,Census Tract 75; Hamilton County; Ohio,0.630059390394,1996,226,1154,104,1064,96,303,175,11,16,296,110,73,74,108,70,479,121,211,85,207,113,16,27,0,48,420,309,441,117,0,12,0,16,60,37,11,8,15.2,8.6,0.9,1.3,27.8,10.0,4.4,4.2,5.4,3.5,24.0,5.8,10.6,3.8,10.4,5.6,1.5,2.5,0.0,2.6,21.0,15.3,38.3,9.5,0.0,3.0,0.0,1.5,5.6,3.5,0.6,0.4,0.3691,0.0654,0.6733,0.2581,0.4916,1.8575,0.3238,0.8329,0.0466,0.2396,0.1156,0.0,1.2347,0.0441,0.6024,0.6024,0.6024,0.9498,0.0,0.0,0.5175,0.6059,2.0732,0.4473,5.7678,0.2267,0,0,0,0,0,0,0,0,0,0,0,0,0,0,1,0,0,0,0,1,1,798,96,61,316,180,0,12,92,66,0,12,0,12,12,17,0,12,9.0,5.7,15.8,8.4,0.0,1.7,4.6,3.4,0.0,1.7,0.0,1.7,0.6,0.8,0.0,1.7
39,Ohio,OH,39061,Hamilton County,39061007700,Census Tract 77; Hamilton County; Ohio,0.84621782289,3108,503,1423,226,1182,203,2447,554,182,135,713,271,167,131,137,107,188,122,1359,304,348,147,603,218,39,78,2653,565,233,122,0,12,51,60,522,242,14,6,78.7,12.5,24.8,17.7,60.3,20.5,12.2,8.0,4.5,3.6,6.0,3.8,43.7,6.1,11.4,5.0,51.1,16.2,1.4,2.8,85.4,11.8,16.4,8.2,0.0,2.4,4.3,5.0,44.2,16.6,0.5,0.2,0.9943,0.9857,0.9927,0.7273,0.3875,4.0875,0.907,0.0358,0.9965,0.3088,0.9987,0.7717,3.1115,0.8581,0.949,0.949,0.949,0.8022,0.0,0.9111,0.9883,0.5742,3.2758,0.8927,11.4238,0.9552,1,1,1,0,0,3,0,1,0,1,0,2,1,1,0,0,1,1,0,2,8,2450,115,85,2524,498,3,6,4,8,0,12,0,12,122,129,0,12,9.7,7.3,81.2,9.1,0.1,0.2,0.1,0.3,0.0,1.1,0.0,1.1,3.9,4.1,0.0,1.1
39,Ohio,OH,39061,Hamilton County,39061008000,Census Tract 80; Hamilton County; Ohio,2.081931868462,6741,970,2793,393,2746,403,5274,864,600,385,1341,335,564,200,533,352,390,152,3304,657,926,278,1323,379,0,68,6383,986,634,333,0,17,0,24,1070,276,0,17,78.2,6.1,23.8,13.9,48.8,9.9,18.8,6.8,7.9,5.1,5.8,2.6,49.0,4.3,13.7,4.4,48.1,11.9,0.0,1.2,94.7,5.3,22.7,11.5,0.0,1.2,0.0,0.9,39.0,10.2,0.0,0.3,0.9937,0.9829,0.9632,0.8925,0.709,4.5413,0.9797,0.0327,0.999,0.4589,0.9981,0.0,2.4887,0.5508,0.9753,0.9753,0.9753,0.8724,0.0,0.0,0.9819,0.0,1.8543,0.3571,9.8596,0.8324,1,1,1,0,0,3,0,1,0,1,0,2,1,1,0,0,0,1,0,1,7,4823,513,241,5711,907,355,336,0,17,0,17,0,17,297,279,20,32,18.7,7.9,84.7,6.8,5.3,4.7,0.0,0.5,0.0,0.5,0.0,0.5,4.4,4.1,0.3,0.5
39,Ohio,OH,39061,Hamilton County,39061008100,Census Tract 81; Hamilton County; Ohio,1.09058563971,2701,394,1460,255,1399,243,861,242,59,48,659,244,191,100,258,166,568,223,486,211,302,137,170,108,0,48,2027,505,426,152,0,12,0,16,191,99,11,16,33.0,8.0,3.8,3.2,47.1,15.4,9.5,4.9,9.6,5.9,21.0,7.4,18.0,6.3,11.2,5.0,12.2,7.4,0.0,2.0,75.0,15.2,29.2,9.1,0.0,2.4,0.0,1.1,13.7,6.8,0.4,0.6,0.755,0.4524,0.9556,0.6068,0.8026,3.5724,0.7968,0.7121,0.2565,0.2964,0.8432,0.0,2.1082,0.3267,0.9179,0.9179,0.9179,0.913,0.0,0.0,0.814,0.5374,2.2644,0.5356,8.8629,0.7089,0,0,1,0,0,1,0,0,0,0,0,0,1,1,1,0,0,0,0,1,3,1211,288,215,1872,414,21,29,0,12,0,12,7,12,127,108,0,12,20.6,13.0,69.3,12.5,0.8,1.0,0.0,1.3,0.0,1.3,0.3,0.5,4.7,3.9,0.0,1.3
39,Ohio,OH,39061,Hamilton County,39061008201,Census Tract 82.01; Hamilton County; Ohio,0.653885358712,4191,625,1832,182,1762,201,1195,429,209,140,616,182,257,125,205,156,602,122,1049,254,632,217,173,123,1,46,2944,673,185,114,0,12,0,16,238,124,12,3,28.6,9.3,10.6,6.8,35.0,9.5,9.0,4.2,4.9,3.5,14.4,3.0,25.0,4.3,15.1,4.3,9.8,6.9,0.0,1.2,70.2,12.2,10.1,6.1,0.0,1.9,0.0,0.9,13.5,7.1,0.3,0.1,0.6871,0.8565,0.8225,0.5755,0.4376,3.3792,0.7514,0.3101,0.7131,0.5528,0.7705,0.0,2.3465,0.461,0.9042,0.9042,0.9042,0.6933,0.0,0.0,0.8111,0.4924,1.9968,0.414,8.6267,0.6781,0,0,0,0,0,0,0,0,0,0,0,0,1,1,0,0,0,0,0,0,1,1828,254,125,2601,707,89,87,0,12,0,12,9,17,245,233,0,12,14.4,6.7,62.1,10.0,2.1,2.2,0.0,0.8,0.0,0.8,0.2,0.4,5.8,5.5,0.0,0.8
39,Ohio,OH,39061,Hamilton County,39061008202,Census Tract 82.02; Hamilton County; Ohio,0.534553971878,3722,451,1771,154,1652,165,1256,438,227,119,644,184,232,110,255,161,614,116,689,214,747,241,245,128,11,49,2477,520,446,177,0,12,35,39,387,136,190,5,34.9,11.3,10.5,5.7,39.0,10.4,8.6,3.8,7.1,4.5,16.5,3.4,18.5,4.4,20.7,6.2,14.8,7.6,0.3,1.4,66.6,11.4,25.2,9.8,0.0,2.0,2.1,2.4,23.4,7.6,5.1,0.6,0.7791,0.8549,0.8835,0.552,0.6452,3.7147,0.8276,0.4306,0.2828,0.8293,0.8975,0.4968,2.937,0.7956,0.8909,0.8909,0.8909,0.8876,0.0,0.7448,0.9283,0.9087,3.4694,0.933,11.012,0.9314,0,0,0,0,0,0,0,0,0,0,0,0,0,0,0,0,0,1,1,2,2,2848,179,83,2395,405,48,46,13,22,0,12,0,12,21,23,0,12,10.8,5.0,64.3,6.0,1.3,1.3,0.3,0.6,0.0,0.9,0.0,0.9,0.6,0.6,0.0,0.9
39,Ohio,OH,39061,Hamilton County,39061008300,Census Tract 83; Hamilton County; Ohio,0.985566667914,4854,808,2418,313,2196,344,1926,750,297,206,1184,340,298,218,228,169,650,223,1103,339,701,224,339,193,129,137,3474,888,507,242,0,12,0,16,305,155,25,4,39.7,14.0,11.6,7.8,53.9,13.0,9.5,6.3,4.7,3.4,13.4,4.4,22.7,5.8,14.4,4.8,15.5,8.4,2.8,2.9,71.6,13.9,21.0,9.6,0.0,1.4,0.0,0.7,13.9,7.0,0.5,0.1,0.8334,0.8775,0.9829,0.6068,0.4135,3.7141,0.8273,0.2568,0.5669,0.5119,0.9105,0.8884,3.1345,0.866,0.9077,0.9077,0.9077,0.8575,0.0,0.0,0.8184,0.5742,2.2501,0.5254,10.0064,0.8483,0,0,1,0,0,1,0,0,0,1,0,1,1,1,0,0,0,0,0,0,3,2893,216,138,2821,846,398,323,39,48,0,12,0,12,216,196,0,12,9.8,6.3,58.1,10.5,8.2,6.5,0.8,1.0,0.0,0.7,0.0,0.7,4.4,4.2,0.0,0.7
39,Ohio,OH,39061,Hamilton County,39061008400,Census Tract 84; Hamilton County; Ohio,1.12752015703,2133,453,1070,229,992,226,513,255,32,42,445,245,138,78,34,34,631,100,563,128,305,141,253,140,6,47,1032,618,223,106,0,12,0,16,204,95,185,7,26.3,11.6,4.6,6.7,44.9,22.5,9.1,5.5,1.7,1.8,29.6,7.6,26.4,2.8,15.7,7.9,25.5,12.9,0.3,2.3,48.4,27.1,20.8,8.9,0.0,3.2,0.0,1.6,20.6,11.0,8.7,1.9,0.6477,0.5451,0.941,0.5821,0.092,2.8079,0.6044,0.9575,0.7882,0.5874,0.9781,0.4968,3.808,0.987,0.819,0.819,0.819,0.8556,0.0,0.0,0.9083,0.9499,2.7138,0.7244,10.1487,0.8613,0,0,1,0,0,1,1,0,0,1,0,2,0,0,0,0,0,1,1,2,5,2163,275,145,735,218,3,12,0,12,0,12,0,12,294,258,0,12,27.7,13.1,34.5,12.5,0.1,0.6,0.0,1.6,0.0,1.6,0.0,1.6,13.8,11.7,0.0,1.6
39,Ohio,OH,39061,Hamilton County,39061008501,Census Tract 85.01; Hamilton County; Ohio,2.372219954448,3094,608,1693,148,1276,179,1984,612,269,191,589,187,308,151,211,141,205,92,1173,501,564,211,264,130,95,140,2500,653,723,175,0,12,109,95,542,204,17,2,64.1,15.3,22.0,11.6,46.2,13.1,17.9,8.7,6.8,4.6,6.6,3.2,37.9,11.3,18.2,8.0,20.7,9.8,3.5,5.2,80.8,13.9,42.7,9.6,0.0,2.0,8.5,7.3,42.5,13.6,0.5,0.1,0.974,0.9787,0.9489,0.8795,0.6211,4.4022,0.9594,0.0415,0.987,0.7204,0.96,0.916,3.6249,0.9705,0.9369,0.9369,0.9369,0.9568,0.0,0.9835,0.9867,0.5742,3.5012,0.9378,12.4652,0.9952,1,1,1,0,0,3,0,1,0,1,1,3,1,1,1,0,1,1,0,3,10,1063,220,130,2038,513,95,133,106,148,0,12,0,12,261,221,0,12,17.2,9.8,65.9,7.9,3.1,4.2,3.4,5.0,0.0,1.1,0.0,1.1,8.4,7.0,0.0,1.1
39,Ohio,OH,39061,Hamilton County,39061008502,Census Tract 85.02; Hamilton County; Ohio,0.408034138008,2503,401,883,115,864,120,2328,380,154,88,523,135,141,77,161,187,17,15,1444,284,330,116,646,108,12,50,2359,410,198,112,0,12,32,38,361,115,0,12,93.0,2.9,23.4,11.7,60.5,13.2,21.6,10.7,6.4,7.2,0.7,0.6,57.7,4.9,13.2,5.2,74.8,7.0,0.6,2.6,94.2,6.4,22.4,12.3,0.0,3.9,3.7,4.4,41.8,12.0,0.0,0.5,0.9987,0.9822,0.993,0.9302,0.5849,4.489,0.9714,0.0032,1.0,0.4307,0.9994,0.6088,3.0421,0.8365,0.975,0.975,0.975,0.8698,0.0,0.8841,0.9844,0.0,2.7383,0.7346,11.2444,0.946,1,1,1,1,0,4,0,1,0,1,0,2,1,1,0,0,0,1,0,1,8,550,121,83,2050,377,219,213,0,12,0,12,0,12,44,49,46,70,14.0,9.8,81.9,8.0,8.7,8.0,0.0,1.4,0.0,1.4,0.0,1.4,1.8,2.0,1.8,2.8
39,Ohio,OH,39061,Hamilton County,39061008601,Census Tract 86.01; Hamilton County; Ohio,1.02534405426,2165,533,1172,324,1040,323,1300,531,300,253,350,124,252,83,265,222,210,96,553,216,370,209,189,88,11,49,1833,577,148,90,0,12,0,16,246,114,35,7,60.3,19.6,26.9,13.2,33.7,5.7,19.3,7.8,12.3,9.7,9.7,5.0,25.5,9.5,17.2,6.7,18.2,6.3,0.6,2.5,84.7,16.6,12.7,6.8,0.0,2.9,0.0,1.5,23.7,11.4,1.6,0.5,0.9606,0.9886,0.8041,0.9001,0.8934,4.5468,0.9806,0.1138,0.7378,0.6728,0.9381,0.6088,3.0713,0.8432,0.9474,0.9474,0.9474,0.7422,0.0,0.0,0.9295,0.727,2.3987,0.5937,10.9642,0.9292,1,1,0,1,0,3,0,0,0,1,0,1,1,1,0,0,0,1,0,1,6,968,126,70,1412,300,64,83,0,12,0,12,0,12,357,430,0,12,12.1,7.8,65.2,16.7,3.0,3.9,0.0,1.6,0.0,1.6,0.0,1.6,16.5,16.5,0.0,1.6
39,Ohio,OH,39061,Hamilton County,39061008800,Census Tract 88; Hamilton County; Ohio,0.547313484672,2992,563,1573,190,1295,198,1535,567,152,104,783,260,336,188,574,486,514,261,924,443,713,337,208,175,0,48,2680,578,498,155,0,12,106,84,432,167,33,9,51.4,16.3,11.8,8.2,60.5,17.8,17.5,8.4,19.2,14.1,17.2,8.6,30.9,10.8,23.9,8.7,16.1,13.3,0.0,1.7,89.6,9.4,31.7,9.1,0.0,2.2,8.2,6.4,33.4,11.2,1.1,0.2,0.9172,0.8816,0.993,0.8713,0.973,4.6361,0.9902,0.4765,0.9356,0.9121,0.9178,0.0,3.242,0.8975,0.9588,0.9588,0.9588,0.926,0.0,0.9806,0.9686,0.6703,3.5455,0.9451,12.3824,0.9924,1,0,1,0,1,3,0,1,1,1,0,3,1,1,1,0,1,1,0,3,10,895,163,84,2558,551,2,3,0,12,0,12,0,12,120,110,0,12,12.6,6.5,85.5,4.6,0.1,0.1,0.0,1.2,0.0,1.2,0.0,1.2,4.0,3.6,0.0,1.2
39,Ohio,OH,39061,Hamilton County,39061009200,Census Tract 92; Hamilton County; Ohio,1.201832822868,4364,685,1951,239,1656,244,2040,585,115,92,645,235,588,279,846,454,200,48,1352,397,758,412,225,128,460,199,2872,800,962,248,0,12,49,55,248,123,4,1,47.3,11.4,5.6,4.7,38.9,13.0,22.9,10.9,19.4,9.9,4.6,1.4,31.0,6.2,17.4,8.2,13.6,7.5,11.3,4.6,65.8,15.1,49.3,11.2,0.0,1.8,3.0,3.3,15.0,7.3,0.1,0.0,0.8915,0.6276,0.8816,0.9391,0.974,4.3138,0.946,0.0228,0.9379,0.6836,0.8717,0.9918,3.5078,0.9511,0.8874,0.8874,0.8874,0.9714,0.0,0.8429,0.8365,0.3694,3.0202,0.8375,11.7292,0.9714,0,0,0,1,1,2,0,1,0,0,1,2,0,0,1,0,0,0,0,1,5,2733,188,86,1411,687,1160,564,64,74,0,12,0,12,200,170,37,86,11.4,5.5,32.3,12.8,26.6,11.4,1.5,1.7,0.0,0.8,0.0,0.8,4.6,4.2,0.8,2.0
39,Ohio,OH,39061,Hamilton County,39061009300,Census Tract 93; Hamilton County; Ohio,0.436352789198,3450,632,1364,194,1057,179,2308,377,74,68,394,145,515,134,671,719,238,75,1441,413,408,147,60,78,193,280,2593,758,250,116,0,12,149,122,117,81,153,8,70.0,17.6,5.8,5.4,37.3,12.2,30.6,11.2,19.4,19.6,6.9,3.0,41.8,6.1,11.8,4.8,5.7,7.3,6.5,9.4,75.2,17.1,18.3,8.1,0.0,2.5,14.1,11.3,11.1,7.8,4.4,0.8,0.9835,0.6432,0.8578,0.9822,0.974,4.4407,0.9657,0.0457,0.9952,0.3351,0.5317,0.9705,2.8782,0.7663,0.9192,0.9192,0.9192,0.8241,0.0,0.9971,0.7552,0.8881,3.4645,0.9321,11.7026,0.9702,1,0,0,1,1,3,0,1,0,0,1,2,1,1,0,0,1,0,0,1,7,2366,191,183,1790,540,669,914,7,13,0,12,0,12,127,132,0,12,18.1,15.5,51.9,16.0,19.4,25.4,0.2,0.4,0.0,1.0,0.0,1.0,3.7,3.8,0.0,1.0
39,Ohio,OH,39061,Hamilton County,39061009400,Census Tract 94; Hamilton County; Ohio,0.169237386946,1711,450,764,197,693,211,899,318,116,120,229,101,323,214,292,138,140,74,552,214,267,113,82,67,177,188,1113,495,5,13,0,12,0,16,202,124,0,12,52.5,12.4,17.1,13.9,33.0,10.6,30.7,17.5,17.1,8.4,8.2,4.7,32.3,7.4,15.6,6.9,11.8,9.0,12.6,13.0,65.0,23.3,0.7,1.7,0.0,4.5,0.0,2.3,29.1,13.1,0.0,0.7,0.9216,0.9562,0.7943,0.9835,0.9606,4.6162,0.9879,0.0726,0.9531,0.5833,0.8337,0.9949,3.4376,0.9378,0.8849,0.8849,0.8849,0.2994,0.0,0.0,0.9559,0.0,1.2553,0.1635,10.194,0.8644,1,1,0,1,1,4,0,1,0,0,1,2,0,0,0,0,0,1,0,1,7,1566,178,73,646,229,276,178,177,282,0,12,0,12,14,19,0,12,25.7,11.5,37.8,9.6,16.1,10.0,10.3,14.9,0.0,2.0,0.0,2.0,0.8,1.2,0.0,2.0
39,Ohio,OH,39061,Hamilton County,39061009500,Census Tract 95; Hamilton County; Ohio,0.252631171824,2078,369,900,104,704,119,882,363,148,101,213,90,224,90,540,221,197,71,569,205,440,170,8,19,35,61,1388,402,92,65,0,12,33,29,161,71,28,3,42.5,15.8,13.8,8.3,30.3,11.7,16.8,6.8,26.0,9.6,9.5,3.2,27.4,7.5,21.2,6.5,1.1,2.7,1.8,3.2,66.8,15.3,10.2,7.1,0.0,3.8,4.7,4.0,22.9,9.9,1.3,0.3,0.8578,0.9175,0.734,0.8576,0.9908,4.3577,0.9521,0.1084,0.832,0.8426,0.0829,0.8183,2.6842,0.6705,0.8916,0.8916,0.8916,0.6959,0.0,0.9283,0.9267,0.6934,3.2443,0.8876,11.1778,0.9425,0,1,0,0,1,2,0,0,0,0,0,0,0,0,0,0,1,1,0,2,4,1317,108,73,952,360,377,203,0,12,2,3,0,12,57,56,0,12,15.3,9.9,45.8,11.2,18.1,9.4,0.0,1.7,0.1,0.2,0.0,1.7,2.7,2.8,0.0,1.7
39,Ohio,OH,39061,Hamilton County,39061009600,Census Tract 96; Hamilton County; Ohio,0.946844884436,4305,939,2236,402,1972,416,1752,645,44,37,502,158,356,141,234,108,1035,686,1107,422,715,216,299,145,39,64,2086,992,277,83,27,32,112,117,473,171,106,4,40.8,12.1,2.7,2.3,25.5,5.9,12.0,5.1,5.4,2.5,24.0,12.5,25.7,7.6,16.6,6.0,15.2,6.6,1.0,1.6,48.5,20.5,12.4,3.0,1.2,1.4,5.7,5.8,24.0,8.9,2.5,0.6,0.8435,0.2968,0.5994,0.7207,0.4916,2.952,0.6457,0.8329,0.7511,0.6407,0.906,0.707,3.8377,0.9886,0.8193,0.8193,0.8193,0.7375,0.6451,0.9549,0.9314,0.7949,4.0638,0.9927,11.6728,0.9689,0,0,0,0,0,0,0,0,0,1,0,1,0,0,0,0,1,1,0,2,3,1412,309,149,1244,566,41,93,2,13,9,17,0,12,357,227,433,686,15.7,7.8,28.9,10.7,1.0,2.1,0.0,0.3,0.2,0.4,0.0,0.8,8.3,5.4,10.1,14.4
39,Ohio,OH,39061,Hamilton County,39061009700,Census Tract 97; Hamilton County; Ohio,0.734129709576,5691,977,2310,276,2101,269,1769,760,290,222,559,255,892,396,624,308,583,206,1752,611,788,307,172,127,131,129,3575,1186,307,196,0,17,85,103,275,134,21,3,31.1,12.2,10.4,8.0,26.6,11.6,26.4,10.5,11.0,4.7,10.2,3.7,30.8,6.7,13.8,5.7,8.2,6.0,2.4,2.3,62.8,17.8,13.3,8.3,0.0,1.5,4.0,4.9,13.1,6.7,0.4,0.1,0.7274,0.8511,0.6397,0.9648,0.8566,4.0396,0.8965,0.1297,0.9347,0.4675,0.6946,0.8646,3.0911,0.8514,0.8754,0.8754,0.8754,0.753,0.0,0.8952,0.8013,0.5374,2.9869,0.8244,10.993,0.9308,0,0,0,1,0,1,0,1,0,0,0,1,0,0,0,0,0,0,0,0,2,3550,319,149,2233,995,821,547,221,297,0,17,0,17,164,168,136,220,15.2,7.0,39.2,13.4,14.4,9.7,3.9,5.4,0.0,0.6,0.0,0.6,2.9,3.0,2.4,3.8
39,Ohio,OH,39061,Hamilton County,39061009800,Census Tract 98; Hamilton County; Ohio,0.37681045537,2348,340,1087,128,965,137,1263,360,84,73,430,113,223,96,425,183,133,50,712,238,392,164,226,99,0,48,1703,377,631,143,0,12,2,13,258,90,75,4,55.8,13.6,8.6,7.6,44.6,9.9,16.5,7.3,18.7,7.4,5.7,2.4,30.3,7.4,17.2,6.5,23.4,9.7,0.0,2.2,72.5,12.1,58.0,11.2,0.0,3.2,0.2,1.3,26.7,8.6,3.2,0.5,0.9416,0.7975,0.9394,0.8503,0.9714,4.5002,0.9743,0.0317,0.923,0.6728,0.9724,0.0,2.5999,0.621,0.9093,0.9093,0.9093,0.9816,0.0,0.3905,0.9457,0.8405,3.1583,0.8705,11.1677,0.9416,1,0,1,0,1,3,0,1,0,1,0,2,1,1,1,0,0,1,0,2,8,971,195,68,1453,302,44,37,86,93,0,12,0,12,92,104,28,41,20.2,7.2,61.9,7.8,1.9,1.6,3.7,3.8,0.0,1.5,0.0,1.5,3.9,4.4,1.2,1.7
39,Ohio,OH,39061,Hamilton County,39061009901,Census Tract 99.01; Hamilton County; Ohio,0.600943052472,4231,679,1899,189,1738,211,735,261,42,45,575,189,258,92,440,229,527,131,1132,303,469,166,100,62,26,64,1228,862,104,73,0,12,0,16,49,62,0,12,17.4,5.5,1.9,2.0,33.1,10.1,9.3,3.3,10.4,5.4,12.5,2.7,26.8,4.3,11.1,3.6,5.8,3.5,0.7,1.6,29.0,19.8,5.5,3.8,0.0,1.8,0.0,0.9,2.8,3.6,0.0,0.3,0.437,0.1787,0.7962,0.5951,0.8347,2.8417,0.6149,0.2166,0.805,0.2882,0.54,0.6367,2.4865,0.5492,0.6963,0.6963,0.6963,0.5733,0.0,0.0,0.2848,0.0,0.8581,0.0829,6.8826,0.4105,0,0,0,0,0,0,0,0,0,0,0,0,0,0,0,0,0,0,0,0,0,1419,104,69,803,293,158,136,47,72,0,12,0,12,220,202,0,12,6.0,3.9,19.0,6.3,3.7,3.0,1.1,1.7,0.0,0.8,0.0,0.8,5.2,4.4,0.0,0.8
39,Ohio,OH,39061,Hamilton County,39061009902,Census Tract 99.02; Hamilton County; Ohio,0.624412648644,3993,1029,1798,334,1566,324,1573,706,85,79,609,231,347,171,407,148,246,53,1160,409,767,313,75,50,159,128,1287,1284,157,101,0,12,79,79,458,284,5,4,39.4,14.5,4.9,4.4,38.9,12.4,14.3,6.1,10.2,4.0,6.2,2.2,29.1,5.1,19.2,6.3,4.8,3.0,4.3,3.3,32.2,31.1,8.7,5.4,0.0,1.9,5.0,4.9,29.2,14.0,0.1,0.1,0.8305,0.5711,0.8816,0.7984,0.8258,3.9074,0.8692,0.0374,0.8906,0.7721,0.4565,0.9353,3.0919,0.8524,0.7242,0.7242,0.7242,0.666,0.0,0.9381,0.9565,0.3694,2.93,0.8035,10.6535,0.906,0,0,0,0,0,0,0,0,0,0,1,1,0,0,0,0,1,1,0,2,3,1121,301,188,839,679,393,334,0,12,0,12,0,12,36,49,19,29,19.2,10.1,21.0,13.9,9.8,9.1,0.0,0.9,0.0,0.9,0.0,0.9,0.9,1.3,0.5,0.7
39,Ohio,OH,39061,Hamilton County,39061010002,Census Tract 100.02; Hamilton County; Ohio,1.097637406638,6485,1031,3122,402,2847,429,2383,784,602,368,962,300,1030,487,563,270,477,81,1895,712,834,327,640,242,65,118,5341,1072,979,251,0,17,92,104,892,433,31,3,36.7,10.6,18.8,9.7,33.8,9.2,25.9,10.4,8.7,4.5,7.4,1.7,29.2,7.8,12.9,4.7,22.5,7.8,1.1,2.0,82.4,10.1,31.3,7.0,0.0,1.1,3.2,3.6,31.3,12.1,0.5,0.1,0.7972,0.9686,0.8054,0.9613,0.7566,4.2891,0.941,0.052,0.8928,0.4059,0.967,0.7254,3.0431,0.8371,0.941,0.941,0.941,0.9254,0.0,0.8571,0.9625,0.5742,3.3192,0.9035,11.5924,0.9638,0,1,0,1,0,2,0,0,0,1,0,1,1,1,1,0,0,1,0,2,6,2266,451,259,4889,1147,0,17,361,397,0,17,0,17,91,80,0,17,15.8,9.0,75.4,8.6,0.0,0.5,5.6,6.2,0.0,0.5,0.0,0.5,1.4,1.3,0.0,0.5
39,Ohio,OH,39061,Hamilton County,39061010003,Census Tract 100.03; Hamilton County; Ohio,0.855346432476,6184,1481,2060,280,1896,301,1916,603,272,199,608,194,527,277,865,507,577,135,2150,712,639,221,154,98,220,170,4684,1538,729,230,0,17,52,71,284,110,208,5,32.2,6.2,9.4,7.0,32.1,8.9,15.4,6.6,14.5,5.7,9.3,3.3,34.8,4.3,10.7,4.3,8.1,5.0,4.2,3.2,75.7,17.0,35.4,10.1,0.0,1.7,2.7,3.7,15.0,6.1,3.4,0.8,0.7448,0.8286,0.7737,0.8291,0.9362,4.1124,0.9127,0.1024,0.9759,0.2615,0.6914,0.9334,2.9646,0.807,0.9214,0.9214,0.9214,0.9403,0.0,0.814,0.8365,0.8494,3.4402,0.9263,11.4386,0.9571,0,0,0,0,1,1,0,1,0,0,1,2,1,1,1,0,0,0,0,1,5,1987,152,72,3202,850,965,949,137,198,4,10,0,17,362,233,14,21,8.0,4.0,51.8,12.8,15.6,12.8,2.2,3.3,0.1,0.2,0.0,0.6,5.9,4.4,0.2,0.3
39,Ohio,OH,39061,Hamilton County,39061010004,Census Tract 100.04; Hamilton County; Ohio,0.604478202384,4910,586,2853,302,2641,361,1288,636,173,121,969,371,332,161,733,325,450,179,1115,373,378,207,294,201,410,274,4150,654,2139,462,0,12,63,79,564,288,154,5,27.1,12.9,5.9,4.1,36.7,13.1,9.5,4.8,15.4,7.1,9.2,3.8,22.7,6.3,7.9,4.4,11.1,7.5,9.9,6.5,84.5,8.7,75.0,14.1,0.0,1.2,2.4,3.0,21.4,10.6,3.1,0.4,0.663,0.6492,0.8489,0.6068,0.9454,3.7133,0.827,0.0983,0.5669,0.106,0.8137,0.9899,2.5748,0.6067,0.9464,0.9464,0.9464,0.9924,0.0,0.7787,0.9137,0.8358,3.5206,0.9406,10.7551,0.9133,0,0,0,0,1,1,0,0,0,0,1,1,1,1,1,0,0,1,0,2,5,2080,287,186,3931,598,34,54,0,12,0,12,0,12,185,182,0,12,10.9,7.1,80.1,7.5,0.7,1.1,0.0,0.7,0.0,0.7,0.0,0.7,3.8,3.6,0.0,0.7
39,Ohio,OH,39061,Hamilton County,39061010005,Census Tract 100.05; Hamilton County; Ohio,0.315376221742,1493,184,608,65,557,47,404,172,78,53,139,78,66,41,195,94,162,43,389,154,205,107,128,72,0,48,621,274,0,16,0,12,0,16,46,32,0,12,27.1,11.0,10.8,7.8,25.0,13.8,6.8,4.7,13.1,5.6,10.9,3.1,26.1,8.1,13.7,7.3,23.0,12.8,0.0,3.4,41.6,17.6,0.0,2.6,0.0,5.6,0.0,2.9,8.3,5.7,0.0,0.8,0.663,0.86,0.5784,0.4344,0.913,3.4488,0.7676,0.1554,0.7736,0.4589,0.9695,0.0,2.3574,0.4686,0.7885,0.7885,0.7885,0.0,0.0,0.0,0.6606,0.0,0.6606,0.0537,7.2553,0.4625,0,0,0,0,1,1,0,0,0,1,0,1,0,0,0,0,0,0,0,0,2,3142,15,16,618,266,0,12,0,12,0,12,0,12,3,9,0,12,2.7,3.1,41.4,15.2,0.0,2.3,0.0,2.3,0.0,2.3,0.0,2.3,0.2,0.6,0.0,2.3
39,Ohio,OH,39061,Hamilton County,39061010100,Census Tract 101; Hamilton County; Ohio,1.56221502424,4064,754,2609,390,2071,433,573,221,91,92,636,325,165,141,186,126,354,122,775,336,447,217,245,215,28,64,2129,863,598,252,0,12,0,16,258,224,73,7,14.1,4.8,3.4,3.3,30.7,14.3,5.2,4.4,4.6,3.2,8.7,3.3,19.1,6.2,11.0,5.7,11.9,10.1,0.7,1.6,52.4,18.9,22.9,9.0,0.0,1.3,0.0,0.8,12.5,9.6,1.8,0.4,0.3354,0.3975,0.7422,0.3148,0.3996,2.1895,0.4238,0.0853,0.3256,0.2815,0.8359,0.6367,2.165,0.3578,0.8364,0.8364,0.8364,0.873,0.0,0.0,0.7911,0.7445,2.4086,0.5952,7.5995,0.5168,0,0,0,0,0,0,0,0,0,0,0,0,0,0,0,0,0,0,0,0,0,2040,250,156,1936,553,161,218,28,45,0,12,0,12,4,7,0,12,12.1,7.4,47.6,7.8,4.0,5.2,0.7,1.1,0.0,0.9,0.0,0.9,0.1,0.2,0.0,0.9
39,Ohio,OH,39061,Hamilton County,39061010201,Census Tract 102.01; Hamilton County; Ohio,0.910337009826,6089,824,2877,460,2713,495,2021,553,209,175,854,268,599,318,422,247,709,188,1580,340,456,188,224,174,513,606,2781,1203,428,208,0,17,0,24,267,151,5,3,33.7,8.0,6.0,5.0,31.5,8.0,14.4,7.5,6.9,4.2,11.6,3.2,25.9,4.5,7.5,3.2,8.3,6.2,9.1,10.7,45.7,18.8,14.9,6.8,0.0,1.2,0.0,0.9,9.8,6.0,0.1,0.0,0.7639,0.6559,0.7603,0.8006,0.6274,3.6081,0.8041,0.1776,0.7625,0.0898,0.7006,0.986,2.7165,0.6902,0.8085,0.8085,0.8085,0.7787,0.0,0.0,0.7133,0.3694,1.8614,0.3613,8.9945,0.7276,0,0,0,0,0,0,0,0,0,0,1,1,0,0,0,0,0,0,0,0,1,6276,245,145,2143,877,31,50,115,164,0,17,0,17,492,344,0,17,9.0,5.4,35.2,13.1,0.5,0.8,1.9,2.8,0.0,0.6,0.0,0.6,8.1,5.2,0.0,0.6
39,Ohio,OH,39061,Hamilton County,39061010202,Census Tract 102.02; Hamilton County; Ohio,0.477898908806,2608,396,1228,142,1177,156,425,162,42,45,205,126,46,47,131,142,257,130,522,212,341,200,42,45,27,53,903,553,196,114,0,12,0,16,150,124,7,8,16.9,5.8,2.7,2.9,17.4,10.5,2.3,2.4,5.0,5.6,9.9,5.2,20.0,6.7,13.1,7.3,3.6,3.8,1.2,2.3,34.6,20.5,16.0,9.1,0.0,2.8,0.0,1.4,12.7,10.7,0.3,0.3,0.4199,0.2968,0.2854,0.1068,0.4487,1.5576,0.2413,0.1214,0.3836,0.4199,0.3292,0.7403,1.9944,0.2692,0.7413,0.7413,0.7413,0.7971,0.0,0.0,0.794,0.4924,2.0835,0.4505,6.3768,0.3197,0,0,0,0,0,0,0,0,0,0,0,0,0,0,0,0,0,0,0,0,0,1599,34,40,679,338,133,140,0,12,0,12,0,12,91,83,0,12,2.9,3.4,26.0,12.4,5.1,5.4,0.0,1.3,0.0,1.3,0.0,1.3,3.5,3.2,0.0,1.3
39,Ohio,OH,39061,Hamilton County,39061010300,Census Tract 103; Hamilton County; Ohio,1.353209517396,1431,334,609,113,506,98,643,239,79,71,193,82,215,71,202,126,187,62,408,160,342,112,43,46,0,48,493,382,95,72,17,21,19,28,79,60,71,3,48.1,13.4,12.9,10.9,38.1,14.4,25.1,9.4,14.9,8.1,13.1,5.3,28.5,7.0,25.1,7.4,8.5,8.9,0.0,3.9,34.5,25.5,15.6,11.5,2.8,3.4,3.8,5.5,15.6,11.0,5.0,1.2,0.8972,0.9051,0.8708,0.9543,0.9391,4.5665,0.9832,0.2413,0.8719,0.9327,0.7102,0.0,2.7561,0.7108,0.741,0.741,0.741,0.7889,0.7263,0.8898,0.8479,0.9068,4.1597,0.9943,12.2233,0.9889,0,1,0,1,1,3,0,0,1,0,0,1,0,0,0,0,0,0,1,1,5,1243,121,79,201,99,47,45,0,12,0,12,0,12,234,198,11,16,23.9,13.1,14.0,5.5,3.3,3.0,0.0,2.4,0.0,2.4,0.0,2.4,16.4,10.8,0.8,1.1
39,Ohio,OH,39061,Hamilton County,39061010400,Census Tract 104; Hamilton County; Ohio,1.53750063522,1134,213,552,63,517,61,323,208,0,12,146,74,198,106,122,34,224,47,169,66,321,151,14,19,0,48,90,301,202,56,0,12,16,27,5,10,0,12,28.5,17.5,0.0,6.5,28.2,13.9,23.5,8.6,10.8,3.4,19.8,4.5,14.9,5.1,28.3,9.5,2.7,3.7,0.0,4.5,7.9,26.5,36.6,9.2,0.0,6.1,3.1,5.2,1.0,2.0,0.0,1.1,0.6855,0.0,0.6841,0.9448,0.8502,3.1646,0.7044,0.6512,0.1259,0.9683,0.2298,0.0,1.9752,0.2606,0.2771,0.2771,0.2771,0.9457,0.0,0.8502,0.1067,0.0,1.9026,0.3762,7.3195,0.4737,0,0,0,1,0,1,0,0,1,0,0,1,0,0,1,0,0,0,0,1,3,1077,28,25,49,57,16,17,0,12,0,12,0,12,21,28,4,6,5.4,4.9,4.3,4.9,1.4,1.5,0.0,3.0,0.0,3.0,0.0,3.0,1.9,2.6,0.4,0.5
39,Ohio,OH,39061,Hamilton County,39061010500,Census Tract 105; Hamilton County; Ohio,0.350267101176,1494,323,649,89,592,97,516,350,91,85,222,101,133,82,47,38,186,32,434,181,243,93,63,40,0,48,161,463,67,59,16,25,11,20,70,41,0,12,34.5,22.2,11.9,9.7,37.5,15.9,13.2,6.4,3.1,2.6,12.4,3.3,29.0,7.0,16.3,6.3,10.6,6.5,0.0,3.5,10.8,30.9,10.3,9.0,2.5,3.8,1.9,3.4,11.8,6.8,0.0,0.8,0.7753,0.8832,0.8632,0.7644,0.2371,3.5232,0.7857,0.2118,0.8871,0.6223,0.7975,0.0,2.5187,0.5679,0.3824,0.3824,0.3824,0.6978,0.7175,0.7219,0.774,0.0,2.9112,0.7984,9.3355,0.7727,0,0,0,0,0,0,0,0,0,0,0,0,0,0,0,0,0,0,0,0,0,548,55,39,10,15,72,56,0,12,0,12,0,12,70,60,9,14,9.3,6.1,0.7,1.1,4.8,3.9,0.0,2.3,0.0,2.3,0.0,2.3,4.7,4.0,0.6,0.9
39,Ohio,OH,39061,Hamilton County,39061010600,Census Tract 106; Hamilton County; Ohio,0.753356044768,1408,235,657,88,594,86,232,99,18,15,132,56,63,35,91,73,276,63,276,91,262,84,68,31,0,48,173,339,28,31,32,45,0,16,61,50,4,2,16.5,6.5,2.4,2.1,22.2,8.9,5.9,3.5,6.5,5.4,19.6,5.2,19.6,5.4,18.6,6.1,11.4,5.0,0.0,3.6,12.3,24.0,4.3,4.7,4.9,6.8,0.0,2.7,10.3,7.9,0.3,0.1,0.4078,0.2514,0.4803,0.3741,0.5947,2.1083,0.3994,0.6411,0.3602,0.7407,0.8219,0.0,2.5639,0.5997,0.4255,0.4255,0.4255,0.5314,0.7819,0.0,0.7289,0.4924,2.5346,0.6492,7.6323,0.5216,0,0,0,0,0,0,0,0,0,0,0,0,0,0,0,0,0,0,0,0,0,933,51,28,115,111,24,33,0,12,0,12,0,12,34,27,0,12,8.6,4.6,8.2,7.8,1.7,2.4,0.0,2.5,0.0,2.5,0.0,2.5,2.4,2.0,0.0,2.5
39,Ohio,OH,39061,Hamilton County,39061010700,Census Tract 107; Hamilton County; Ohio,0.32441293905199997,1468,254,784,98,738,102,411,191,36,40,182,65,75,56,43,39,270,142,355,161,204,128,94,62,0,48,292,357,33,33,0,12,0,16,93,65,0,12,28.0,12.1,4.7,5.0,24.7,8.1,7.1,5.2,2.9,2.8,18.4,8.6,24.2,8.1,13.9,7.8,12.7,8.2,0.0,3.4,19.9,24.1,4.2,4.2,0.0,4.4,0.0,2.2,12.6,8.3,0.0,0.8,0.6791,0.553,0.567,0.4569,0.2142,2.4702,0.5,0.5621,0.669,0.4754,0.8559,0.0,2.5624,0.5978,0.5891,0.5891,0.5891,0.5257,0.0,0.0,0.793,0.0,1.3187,0.179,6.9404,0.4152,0,0,0,0,0,0,0,0,0,0,0,0,0,0,0,0,0,0,0,0,0,2404,88,42,205,157,5,8,0,12,0,12,0,12,82,70,0,12,11.9,5.7,14.0,10.3,0.3,0.5,0.0,2.4,0.0,2.4,0.0,2.4,5.6,4.6,0.0,2.4
39,Ohio,OH,39061,Hamilton County,39061010900,Census Tract 109; Hamilton County; Ohio,0.610603324512,1883,414,1173,117,991,152,834,417,97,94,512,194,176,108,170,144,426,116,354,201,432,174,47,39,0,48,1020,446,343,149,34,54,6,15,198,118,0,12,44.3,19.9,9.8,8.8,51.7,17.9,12.4,7.4,9.0,7.6,22.6,6.7,18.8,8.2,22.9,10.0,4.7,3.9,0.0,2.8,54.2,20.5,29.2,12.4,2.9,4.7,0.6,1.5,20.0,11.5,0.0,0.6,0.8737,0.8368,0.9765,0.7337,0.7721,4.1928,0.9257,0.7771,0.3015,0.8934,0.4476,0.0,2.4196,0.5098,0.8437,0.8437,0.8437,0.913,0.7317,0.4632,0.9032,0.0,3.0111,0.8337,10.4672,0.8914,0,0,1,0,0,1,0,0,0,0,0,0,0,0,1,0,0,1,0,2,3,3686,162,91,926,389,39,59,5,9,0,12,0,12,50,55,0,12,16.3,9.6,49.2,12.2,2.1,3.1,0.3,0.5,0.0,1.8,0.0,1.8,2.7,2.9,0.0,1.8
39,Ohio,OH,39061,Hamilton County,39061011000,Census Tract 110; Hamilton County; Ohio,0.58181517329,2782,541,1312,173,1156,188,1332,496,16,31,669,223,335,175,87,90,454,117,882,275,662,195,370,188,0,48,2268,587,239,143,0,12,0,16,123,67,47,6,47.9,15.2,1.2,2.3,57.9,16.8,21.1,9.0,3.1,3.2,16.3,6.0,31.7,6.8,23.8,6.5,32.0,15.4,0.0,1.9,81.5,13.9,18.2,10.6,0.0,2.6,0.0,1.4,10.6,5.9,1.7,0.4,0.895,0.0898,0.9902,0.9249,0.2371,3.137,0.6975,0.4195,0.9461,0.9099,0.9917,0.0,3.2672,0.9035,0.9391,0.9391,0.9391,0.8238,0.0,0.0,0.74,0.7381,2.3019,0.5498,9.6452,0.8098,0,0,1,1,0,2,0,1,1,1,0,3,1,1,0,0,0,0,0,0,6,2679,137,90,2092,570,0,12,0,12,0,12,0,12,176,148,0,12,11.9,8.2,75.2,10.6,0.0,1.2,0.0,1.2,0.0,1.2,0.0,1.2,6.3,5.5,0.0,1.2
39,Ohio,OH,39061,Hamilton County,39061011100,Census Tract 111; Hamilton County; Ohio,0.71983698574,3831,668,1469,168,1409,172,972,349,260,288,380,189,231,183,284,168,544,143,887,247,402,136,181,90,26,62,2128,960,138,127,0,12,0,16,127,121,46,4,25.4,8.0,12.1,11.9,27.0,13.0,8.8,5.6,7.4,3.7,14.2,4.2,23.2,4.8,10.5,4.1,12.8,6.2,0.7,1.7,55.5,23.1,9.4,8.6,0.0,2.4,0.0,1.1,9.0,8.3,1.2,0.2,0.6322,0.8854,0.6517,0.5647,0.6744,3.4084,0.7584,0.2993,0.6005,0.2453,0.8587,0.6367,2.6405,0.6476,0.8462,0.8462,0.8462,0.6803,0.0,0.0,0.6873,0.6814,2.049,0.4375,8.9441,0.7203,0,0,0,0,0,0,0,0,0,0,0,0,0,0,0,0,0,0,0,0,0,1051,64,60,1850,417,16,31,43,57,0,12,0,12,219,157,0,12,4.5,4.2,48.3,11.8,0.4,0.8,1.1,1.5,0.0,0.9,0.0,0.9,5.7,4.2,0.0,0.9
39,Ohio,OH,39061,Hamilton County,39061020401,Census Tract 204.01; Hamilton County; Ohio,3.279199421282,5273,354,1994,166,1831,148,907,340,127,103,425,148,428,144,267,93,654,96,1601,271,593,148,184,76,0,68,439,497,133,65,5,8,45,39,65,32,0,17,17.2,6.3,4.9,3.8,23.2,7.9,13.4,4.1,5.1,1.7,12.4,1.9,30.4,4.2,11.2,2.7,10.0,4.1,0.0,1.4,8.3,9.4,6.7,3.2,0.3,0.4,2.5,2.1,3.5,1.8,0.0,0.3,0.4307,0.5711,0.5143,0.7736,0.4611,2.7508,0.5879,0.2118,0.9242,0.2964,0.7781,0.0,2.2105,0.3813,0.2933,0.2933,0.2933,0.6092,0.5565,0.7902,0.3537,0.0,2.3096,0.553,7.5642,0.5105,0,0,0,0,0,0,0,1,0,0,0,1,0,0,0,0,0,0,0,0,1,4949,140,51,146,104,55,57,24,24,2,5,0,17,201,89,11,16,7.6,2.7,2.8,1.9,1.0,1.1,0.5,0.5,0.0,0.1,0.0,0.7,3.8,1.7,0.2,0.3
39,Ohio,OH,39061,Hamilton County,39061020403,Census Tract 204.03; Hamilton County; Ohio,15.248206208278,5807,430,2141,145,2025,156,114,92,386,370,193,114,328,172,286,121,827,137,1423,177,220,106,0,24,0,68,397,695,58,48,65,90,0,24,0,17,0,17,2.0,1.6,11.5,10.1,9.5,5.6,8.2,4.2,4.9,2.1,14.2,2.5,24.5,2.9,3.8,1.8,0.0,1.2,0.0,1.2,6.8,12.0,2.7,2.2,3.0,4.1,0.0,1.2,0.0,1.7,0.0,0.3,0.013,0.8746,0.04,0.526,0.4376,1.8912,0.3317,0.2993,0.6826,0.0079,0.0,0.0,0.9898,0.0222,0.2264,0.2264,0.2264,0.4533,0.734,0.0,0.0,0.0,1.1873,0.1435,4.2947,0.0781,0,0,0,0,0,0,0,0,0,0,0,0,0,0,0,0,0,0,0,0,0,2067,214,130,0,17,87,104,0,17,0,17,0,17,310,287,0,17,10.6,6.1,0.0,0.6,1.5,1.8,0.0,0.6,0.0,0.6,0.0,0.6,5.3,5.0,0.0,0.6
39,Ohio,OH,39061,Hamilton County,39061020404,Census Tract 204.04; Hamilton County; Ohio,4.165874942242,4815,345,1825,134,1825,134,240,151,64,48,185,86,117,52,90,62,1248,121,924,144,459,147,0,16,0,48,115,492,42,34,0,12,0,16,0,12,103,2,5.1,3.2,2.7,2.0,10.1,4.7,3.2,1.5,1.9,1.3,25.9,2.1,19.2,2.5,9.7,3.0,0.0,0.9,0.0,1.0,2.4,10.2,2.3,1.9,0.0,1.9,0.0,0.9,0.0,1.9,2.1,0.2,0.0657,0.2968,0.0514,0.1671,0.1104,0.6914,0.046,0.8938,0.3313,0.2003,0.0,0.0,1.4254,0.073,0.0479,0.0479,0.0479,0.426,0.0,0.0,0.0,0.7644,1.1904,0.1444,3.3551,0.0235,0,0,0,0,0,0,0,0,0,0,0,0,0,0,0,0,0,0,0,0,0,2208,65,52,46,38,32,49,0,12,0,12,0,12,37,37,0,12,3.6,2.9,1.0,0.8,0.7,1.0,0.0,0.7,0.0,0.7,0.0,0.7,0.8,0.8,0.0,0.7
39,Ohio,OH,39061,Hamilton County,39061020501,Census Tract 205.01; Hamilton County; Ohio,8.939474046382,3200,392,1272,162,1183,165,138,89,33,30,177,90,54,44,52,43,582,204,793,164,266,92,45,71,0,48,463,530,159,62,0,12,0,16,8,12,0,12,4.3,2.7,2.0,1.8,15.0,7.3,2.4,2.0,1.6,1.3,18.2,5.6,24.8,3.6,8.3,2.9,3.8,6.0,0.0,1.7,14.5,16.5,12.5,4.6,0.0,2.7,0.0,1.4,0.7,1.0,0.0,0.4,0.0489,0.194,0.1908,0.1135,0.0825,0.6297,0.0375,0.5466,0.7004,0.1257,0.3502,0.0,1.7229,0.1524,0.4816,0.4816,0.4816,0.7387,0.0,0.0,0.0762,0.0,0.8149,0.0775,3.6491,0.0356,0,0,0,0,0,0,0,0,0,0,0,0,0,0,0,0,0,0,0,0,0,1369,33,28,216,163,39,68,7,12,0,12,0,12,188,136,13,20,2.8,2.3,6.8,4.9,1.2,2.1,0.2,0.4,0.0,1.1,0.0,1.1,5.9,4.1,0.4,0.6
39,Ohio,OH,39061,Hamilton County,39061020502,Census Tract 205.02; Hamilton County; Ohio,11.981286761106,5621,1170,2197,294,2094,301,477,326,102,103,291,139,159,127,341,255,811,209,1189,563,937,418,29,51,0,68,1291,1562,192,82,0,17,64,58,18,20,0,17,8.5,5.5,3.8,3.7,13.9,6.3,3.9,3.0,6.1,4.3,14.4,4.6,21.2,7.6,16.7,5.8,1.4,2.4,0.0,1.3,23.0,27.4,8.7,3.5,0.0,1.6,3.0,2.7,0.9,1.0,0.0,0.3,0.1622,0.4524,0.1511,0.2191,0.5547,1.5395,0.2343,0.3101,0.4654,0.6493,0.1086,0.0,1.5334,0.0968,0.6275,0.6275,0.6275,0.666,0.0,0.8429,0.0975,0.0,1.6064,0.26,5.3068,0.1708,0,0,0,0,0,0,0,0,0,0,0,0,0,0,0,0,0,0,0,0,0,2727,166,134,947,857,98,137,9,15,0,17,0,17,237,163,0,17,7.9,6.3,16.8,13.9,1.7,2.6,0.2,0.3,0.0,0.6,0.0,0.6,4.2,2.9,0.0,0.6
39,Ohio,OH,39061,Hamilton County,39061020504,Census Tract 205.04; Hamilton County; Ohio,6.142427605742,3154,266,1176,81,1154,88,304,239,46,54,108,63,150,88,177,111,546,82,735,135,334,143,72,54,32,55,909,390,0,16,0,12,19,27,10,17,0,12,9.7,7.6,2.5,3.0,9.4,5.4,6.7,4.1,5.6,3.5,17.3,2.5,23.3,3.3,10.6,4.4,6.3,4.7,1.1,1.8,28.8,12.1,0.0,1.4,0.0,2.9,1.6,2.3,0.9,1.5,0.0,0.4,0.1974,0.2657,0.0378,0.4293,0.5075,1.4377,0.2083,0.4845,0.6068,0.2542,0.5714,0.7254,2.6423,0.6489,0.6944,0.6944,0.6944,0.0,0.0,0.6794,0.0975,0.0,0.7769,0.0698,5.5513,0.1962,0,0,0,0,0,0,0,0,0,0,0,0,0,0,0,0,0,0,0,0,0,3688,42,27,630,158,16,24,216,212,0,12,0,12,47,59,0,12,3.6,2.4,20.0,4.7,0.5,0.8,6.8,6.7,0.0,1.1,0.0,1.1,1.5,1.9,0.0,1.1
39,Ohio,OH,39061,Hamilton County,39061020505,Census Tract 205.05; Hamilton County; Ohio,1.292871427346,4225,534,1785,147,1562,150,797,320,218,86,404,155,318,112,313,207,708,121,853,278,628,234,122,81,93,113,1801,672,21,23,0,12,11,18,85,72,100,2,19.6,7.5,8.7,3.5,25.9,9.6,10.5,3.8,7.6,4.7,16.8,2.5,20.2,4.8,15.2,5.5,7.8,5.1,2.3,2.8,42.6,15.0,1.2,1.3,0.0,1.9,0.7,1.2,5.4,4.6,2.4,0.3,0.4976,0.8032,0.6111,0.6627,0.6855,3.2601,0.726,0.4486,0.397,0.5592,0.6749,0.8548,2.9345,0.7933,0.793,0.793,0.793,0.3483,0.0,0.4873,0.4994,0.7885,2.1235,0.4737,9.1111,0.7394,0,0,0,0,0,0,0,0,0,0,0,0,0,0,0,0,0,0,0,0,0,3479,180,114,1326,409,277,252,68,79,0,12,0,12,130,98,0,12,11.5,6.9,31.4,8.3,6.6,5.7,1.6,1.9,0.0,0.8,0.0,0.8,3.1,2.3,0.0,0.8
39,Ohio,OH,39061,Hamilton County,39061020601,Census Tract 206.01; Hamilton County; Ohio,4.65500787484,6542,673,2588,224,2496,243,651,473,78,70,501,181,189,126,247,187,1404,217,1517,295,727,230,80,103,36,77,283,1003,326,142,0,17,57,75,45,72,0,17,10.0,7.2,2.3,1.9,20.1,7.0,4.0,2.8,3.8,2.7,21.5,3.5,23.2,3.3,11.1,3.2,3.2,4.1,0.6,1.3,4.3,15.3,12.6,5.4,0.0,1.3,2.3,3.0,1.8,2.8,0.0,0.3,0.205,0.2384,0.3971,0.2283,0.3113,1.3801,0.1924,0.7343,0.6005,0.2882,0.2841,0.6088,2.5159,0.5663,0.1189,0.1189,0.1189,0.7403,0.0,0.7698,0.1933,0.0,1.7034,0.2965,5.7183,0.2181,0,0,0,0,0,0,0,0,0,0,0,0,0,0,0,0,0,0,0,0,0,2497,96,81,191,193,16,25,19,30,0,17,0,17,44,47,13,22,3.8,3.3,2.9,3.0,0.2,0.4,0.3,0.5,0.0,0.5,0.0,0.5,0.7,0.7,0.2,0.3
39,Ohio,OH,39061,Hamilton County,39061020603,Census Tract 206.03; Hamilton County; Ohio,2.206971773366,4894,425,2322,228,2251,195,522,210,125,94,484,170,136,75,82,64,874,209,1130,258,577,214,112,93,20,55,468,638,623,177,0,12,10,20,95,85,0,12,10.7,4.2,4.7,3.4,21.5,7.3,3.8,2.0,1.7,1.3,17.9,4.3,23.1,4.4,11.8,4.3,5.0,4.1,0.4,1.2,9.6,13.0,26.8,7.2,0.0,1.5,0.4,0.9,4.2,3.7,0.0,0.2,0.2307,0.553,0.4568,0.2102,0.092,1.5427,0.2349,0.5231,0.5948,0.3351,0.4762,0.5412,2.4704,0.5403,0.3424,0.3424,0.3424,0.8997,0.0,0.4206,0.4114,0.0,1.7317,0.3092,6.0872,0.2717,0,0,0,0,0,0,0,0,0,0,0,0,0,0,0,0,0,0,0,0,0,2715,107,72,234,213,80,101,86,94,0,12,0,12,68,69,0,12,4.8,3.2,4.8,4.3,1.6,2.0,1.8,1.9,0.0,0.7,0.0,0.7,1.4,1.4,0.0,0.7
39,Ohio,OH,39061,Hamilton County,39061020604,Census Tract 206.04; Hamilton County; Ohio,1.54984238565,2957,885,1271,111,1204,145,384,267,13,26,297,124,39,43,132,149,635,110,887,608,459,168,8,17,0,48,329,1104,557,154,0,12,54,57,82,64,0,12,13.5,8.5,1.0,2.1,24.7,9.9,2.1,2.3,4.5,4.8,21.5,8.2,30.0,12.4,15.5,7.6,0.7,1.4,0.0,1.8,11.1,37.2,43.9,11.5,0.0,2.7,4.5,4.7,6.8,5.2,0.0,0.4,0.3193,0.0714,0.567,0.0938,0.3875,1.439,0.2089,0.7343,0.9138,0.5773,0.0546,0.0,2.28,0.4254,0.3909,0.3909,0.3909,0.96,0.0,0.9213,0.5879,0.0,2.4692,0.6229,6.5791,0.3584,0,0,0,0,0,0,0,1,0,0,0,1,0,0,1,0,1,0,0,2,3,3892,151,101,57,90,0,12,57,99,0,12,0,12,215,229,0,12,12.5,8.6,1.9,2.6,0.0,1.2,1.9,3.5,0.0,1.2,0.0,1.2,7.3,6.4,0.0,1.2
39,Ohio,OH,39061,Hamilton County,39061020701,Census Tract 207.01; Hamilton County; Ohio,3.284417589812,7237,747,3397,572,3347,571,1016,457,0,17,706,312,296,157,16,28,1433,319,1437,325,827,321,217,188,0,68,2258,934,1099,569,86,76,53,64,340,251,20,1,14.2,6.2,0.0,0.9,21.1,8.6,5.5,3.1,0.2,0.4,19.8,4.0,19.9,4.1,11.5,4.1,6.5,5.5,0.0,1.0,31.2,12.5,32.3,15.8,2.5,2.3,1.6,1.9,10.2,7.1,0.3,0.0,0.3374,0.0,0.4403,0.3405,0.0073,1.1255,0.1276,0.6512,0.3751,0.3158,0.5844,0.0,1.9265,0.2349,0.715,0.715,0.715,0.9283,0.7175,0.6794,0.726,0.4924,3.5436,0.9444,7.3106,0.4721,0,0,0,0,0,0,0,0,0,0,0,0,0,0,1,0,0,0,0,1,1,12333,489,295,1449,673,0,17,101,157,0,17,0,17,708,396,0,17,14.6,8.4,20.0,7.9,0.0,0.5,1.4,2.2,0.0,0.5,0.0,0.5,9.8,5.6,0.0,0.5
39,Ohio,OH,39061,Hamilton County,39061020705,Census Tract 207.05; Hamilton County; Ohio,1.086525004976,3562,914,1358,275,1263,282,426,258,132,186,299,128,93,52,107,75,361,61,802,190,560,581,74,55,20,52,1886,938,119,77,148,105,5,16,50,56,5,6,12.0,6.6,7.1,8.6,23.7,8.6,3.7,2.2,3.0,2.2,10.1,2.8,22.5,6.0,15.8,13.0,5.8,4.2,0.6,1.5,52.9,22.6,8.8,5.4,10.9,7.4,0.4,1.3,4.0,4.7,0.1,0.2,0.2707,0.7283,0.5333,0.2039,0.2291,1.9653,0.3556,0.1262,0.5526,0.5941,0.54,0.6088,2.4217,0.5105,0.8389,0.8389,0.8389,0.6676,0.8851,0.4206,0.3981,0.3694,2.7408,0.7356,7.9667,0.5797,0,0,0,0,0,0,0,0,0,0,0,0,0,0,0,0,0,0,0,0,0,2378,93,70,1554,844,0,12,28,48,0,12,20,41,266,196,18,24,7.4,5.6,43.6,13.9,0.0,1.0,0.8,1.4,0.0,1.0,0.6,1.1,7.5,5.3,0.5,0.7
39,Ohio,OH,39061,Hamilton County,39061020707,Census Tract 207.07; Hamilton County; Ohio,2.902169273874,4540,410,1996,168,1876,195,226,177,30,45,250,131,168,80,146,137,1259,250,846,147,380,140,53,59,14,51,361,575,0,16,0,12,0,16,27,32,0,12,5.0,3.9,1.3,1.9,13.3,6.8,4.9,2.3,3.2,3.0,27.7,4.5,18.6,2.6,8.4,3.1,2.8,3.1,0.3,1.2,8.0,12.6,0.0,0.8,0.0,1.7,0.0,0.9,1.4,1.7,0.0,0.3,0.0644,0.1013,0.1337,0.2955,0.2491,0.844,0.0711,0.9315,0.2892,0.1311,0.2403,0.4968,2.0889,0.3165,0.2825,0.2825,0.2825,0.0,0.0,0.0,0.1476,0.0,0.1476,0.0168,3.363,0.0238,0,0,0,0,0,0,1,0,0,0,0,1,0,0,0,0,0,0,0,0,1,2803,63,50,160,174,0,12,85,79,0,12,0,12,28,38,88,92,3.4,2.7,3.5,3.8,0.0,0.8,1.9,1.7,0.0,0.8,0.0,0.8,0.6,0.8,1.9,2.0
39,Ohio,OH,39061,Hamilton County,39061020741,Census Tract 207.41; Hamilton County; Ohio,0.505891689908,3129,322,1433,98,1377,120,920,349,37,36,444,147,164,96,201,116,436,109,753,145,432,167,163,72,100,105,1629,409,158,80,0,12,7,16,90,65,0,12,29.4,10.7,2.2,2.1,32.2,10.3,7.6,4.2,6.4,3.4,13.9,4.0,24.1,3.6,13.8,5.5,11.8,5.1,3.6,3.7,52.1,11.9,11.0,5.5,0.0,2.4,0.5,1.2,6.5,4.7,0.0,0.4,0.7017,0.2238,0.7752,0.4876,0.5849,2.7732,0.5946,0.2841,0.6655,0.4675,0.8337,0.9182,3.169,0.8778,0.8342,0.8342,0.8342,0.7089,0.0,0.4413,0.5695,0.0,1.7197,0.3044,8.4961,0.6625,0,0,0,0,0,0,0,0,0,0,1,1,0,0,0,0,0,0,0,0,1,2961,218,84,1338,248,0,12,92,84,0,12,0,12,165,106,34,43,15.8,5.9,42.8,7.1,0.0,1.1,2.9,2.6,0.0,1.1,0.0,1.1,5.3,3.4,1.1,1.3
39,Ohio,OH,39061,Hamilton County,39061020742,Census Tract 207.42; Hamilton County; Ohio,0.763687748186,4551,1133,1761,259,1610,243,1110,453,169,102,568,250,391,212,728,856,489,121,1094,318,451,138,147,85,0,48,2418,1181,286,103,8,13,23,36,81,65,0,12,24.4,7.9,7.4,4.9,35.3,14.6,13.6,4.4,16.0,15.5,10.7,3.8,24.0,7.6,9.9,4.1,9.1,5.1,0.0,1.1,53.1,22.3,16.2,5.3,0.5,0.7,1.4,2.2,5.0,4.2,0.0,0.3,0.6116,0.7438,0.8273,0.7796,0.9518,3.9141,0.8711,0.1503,0.6582,0.2104,0.7403,0.0,1.7592,0.1638,0.8396,0.8396,0.8396,0.8,0.5717,0.6384,0.4702,0.0,2.4803,0.6289,8.9932,0.7273,0,0,0,0,1,1,0,0,0,0,0,0,0,0,0,0,0,0,0,0,1,2158,111,55,2038,1150,95,145,66,74,0,12,0,12,219,126,0,12,6.9,3.5,44.8,15.2,2.1,3.2,1.5,1.8,0.0,0.8,0.0,0.8,4.8,3.1,0.0,0.8
39,Ohio,OH,39061,Hamilton County,39061020762,Census Tract 207.62; Hamilton County; Ohio,0.651995775524,3161,465,1395,170,1253,188,896,469,53,45,273,151,177,90,285,164,375,91,976,249,528,218,190,144,71,77,1260,549,291,153,0,12,36,44,117,78,0,12,28.7,14.4,3.4,2.8,21.8,11.6,8.8,4.3,9.0,4.5,11.9,3.0,30.9,4.3,16.7,6.3,15.2,11.3,2.5,2.7,39.9,16.3,20.9,10.7,0.0,2.5,2.9,3.5,9.3,6.0,0.0,0.4,0.6896,0.3975,0.4657,0.5647,0.7721,2.8896,0.627,0.1925,0.9356,0.6493,0.906,0.8703,3.5537,0.9575,0.7806,0.7806,0.7806,0.8565,0.0,0.8349,0.6968,0.0,2.3882,0.5879,9.6121,0.8051,0,0,0,0,0,0,0,1,0,1,0,2,0,0,0,0,0,0,0,0,2,2341,104,68,524,355,267,201,228,287,0,12,0,12,183,138,58,86,8.3,5.4,16.6,9.4,8.4,6.3,7.2,9.1,0.0,1.1,0.0,1.1,5.8,4.5,1.8,2.7
39,Ohio,OH,39061,Hamilton County,39061020763,Census Tract 207.63; Hamilton County; Ohio,0.440087553844,2275,479,926,85,926,85,280,135,99,120,180,84,42,44,5,9,268,97,526,186,213,76,98,74,0,48,386,676,71,51,0,12,0,16,47,42,2,3,12.3,5.3,7.0,7.0,19.4,8.9,2.6,2.8,0.2,0.4,11.8,5.5,23.1,6.8,9.4,3.9,10.6,7.9,0.0,2.2,17.0,29.5,7.7,5.5,0.0,3.7,0.0,1.7,5.1,4.6,0.1,0.1,0.2786,0.7222,0.3708,0.1243,0.0073,1.5032,0.227,0.1877,0.5948,0.1787,0.7975,0.0,1.7587,0.1635,0.5349,0.5349,0.5349,0.6406,0.0,0.0,0.4787,0.3694,1.4887,0.2267,5.2855,0.1683,0,0,0,0,0,0,0,0,0,0,0,0,0,0,0,0,0,0,0,0,0,1698,52,44,210,158,26,44,0,12,0,12,0,12,150,136,0,12,5.6,4.8,9.2,7.1,1.1,1.9,0.0,1.5,0.0,1.5,0.0,1.5,6.6,5.7,0.0,1.5
39,Ohio,OH,39061,Hamilton County,39061020764,Census Tract 207.64; Hamilton County; Ohio,0.89064271901,5112,959,2072,337,1991,338,803,329,118,121,646,339,416,225,125,123,613,88,1459,599,856,589,85,69,226,184,2616,1082,152,100,0,17,92,61,0,17,7,7,17.2,6.7,4.3,4.5,32.4,16.1,13.7,6.7,2.4,2.3,12.0,2.6,28.5,7.5,16.8,9.1,4.3,3.4,4.9,3.8,51.2,18.9,7.3,4.7,0.0,1.7,4.6,3.0,0.0,1.7,0.1,0.1,0.4307,0.5117,0.78,0.7815,0.1568,2.6607,0.5594,0.1963,0.8719,0.656,0.407,0.9493,3.0805,0.8473,0.831,0.831,0.831,0.6283,0.0,0.9251,0.0,0.3694,1.9228,0.3873,8.495,0.6622,0,0,0,0,0,0,0,0,0,0,1,1,0,0,0,0,1,0,0,1,2,2815,178,88,1383,859,101,113,790,434,0,17,0,17,342,357,0,17,8.9,4.5,27.1,12.9,2.0,2.2,15.5,8.5,0.0,0.7,0.0,0.7,6.7,7.1,0.0,0.7
39,Ohio,OH,39061,Hamilton County,39061020802,Census Tract 208.02; Hamilton County; Ohio,2.996957314874,4991,1357,2084,270,1910,242,323,195,80,89,243,142,181,100,134,105,721,230,1506,894,455,205,93,96,29,56,1247,1505,132,49,0,12,0,16,105,73,21,3,6.6,3.6,2.9,3.3,12.7,7.3,5.6,3.0,2.7,2.0,14.4,6.8,30.2,10.7,9.1,5.0,4.9,5.0,0.6,1.2,25.0,29.4,6.4,2.2,0.0,1.7,0.0,0.8,5.5,3.8,0.4,0.1,0.1066,0.327,0.1178,0.3497,0.1888,1.0899,0.1197,0.3101,0.9188,0.1644,0.4644,0.6088,2.4665,0.5371,0.6563,0.6563,0.6563,0.5978,0.0,0.0,0.5098,0.5374,1.645,0.2733,5.8577,0.2394,0,0,0,0,0,0,0,1,0,0,0,1,0,0,0,0,0,0,0,0,1,4940,240,107,947,1100,51,83,0,12,41,55,0,12,208,231,0,12,12.6,5.7,19.0,18.3,1.0,1.6,0.0,0.7,0.8,1.2,0.0,0.7,4.2,3.7,0.0,0.7
39,Ohio,OH,39061,Hamilton County,39061020811,Census Tract 208.11; Hamilton County; Ohio,1.842394959866,5502,745,2698,233,2404,238,574,391,110,75,440,175,199,118,158,123,827,251,1134,416,652,237,229,219,149,158,1723,1014,707,221,0,17,0,24,37,47,26,5,10.5,7.0,3.5,2.4,18.3,7.1,5.1,3.0,2.9,2.2,15.0,5.0,20.6,5.7,11.9,4.2,9.5,9.1,3.0,3.1,31.3,17.9,26.2,7.9,0.0,1.3,0.0,1.0,1.5,1.9,0.5,0.1,0.225,0.4156,0.3248,0.3098,0.2142,1.4894,0.2229,0.3431,0.4271,0.345,0.76,0.8976,2.7728,0.72,0.7169,0.7169,0.7169,0.8952,0.0,0.0,0.1597,0.5742,1.6291,0.2689,6.6082,0.3616,0,0,0,0,0,0,0,0,0,0,0,0,0,0,0,0,0,0,0,0,0,3688,159,151,719,351,113,138,596,499,0,17,0,17,295,219,0,17,6.6,5.9,13.1,6.4,2.1,2.6,10.8,8.3,0.0,0.6,0.0,0.6,5.4,4.2,0.0,0.6
39,Ohio,OH,39061,Hamilton County,39061020812,Census Tract 208.12; Hamilton County; Ohio,2.067283544684,4581,579,2009,218,1955,225,507,177,54,70,394,138,96,55,57,50,1246,173,902,196,508,124,74,77,17,53,322,797,269,87,0,12,0,16,259,113,78,2,11.3,3.7,2.3,3.0,20.2,6.7,2.9,1.6,1.3,1.1,27.2,4.6,19.7,2.7,11.3,2.7,3.8,3.9,0.4,1.3,7.0,17.4,13.4,4.1,0.0,1.7,0.0,0.8,13.2,5.5,1.7,0.2,0.2513,0.2384,0.4029,0.1433,0.0593,1.0952,0.1206,0.9214,0.3653,0.3028,0.3502,0.5412,2.4809,0.5457,0.234,0.234,0.234,0.7546,0.0,0.0,0.8035,0.7381,2.2962,0.5467,6.1063,0.2759,0,0,0,0,0,0,1,0,0,0,0,1,0,0,0,0,0,0,0,0,1,3865,205,83,166,162,97,84,19,17,0,12,0,12,40,36,0,12,10.5,4.4,3.6,3.5,2.1,1.8,0.4,0.4,0.0,0.8,0.0,0.8,0.9,0.8,0.0,0.8
39,Ohio,OH,39061,Hamilton County,39061020901,Census Tract 209.01; Hamilton County; Ohio,0.618670925802,3335,473,1548,187,1374,197,522,332,63,61,405,129,192,84,214,167,442,114,1024,248,587,178,187,83,33,57,886,637,108,70,0,12,0,16,65,40,69,4,16.2,10.1,3.6,3.5,29.5,8.4,8.9,3.8,6.5,4.9,13.3,3.0,30.7,4.6,17.9,5.2,13.6,5.7,1.1,1.8,26.6,18.7,7.0,4.4,0.0,2.2,0.0,1.2,4.7,2.9,2.1,0.3,0.3951,0.4308,0.7137,0.5704,0.5947,2.7047,0.5743,0.2505,0.9321,0.708,0.8717,0.7254,3.4877,0.9463,0.6722,0.6722,0.6722,0.6171,0.0,0.0,0.4479,0.7644,1.8294,0.3473,8.694,0.6886,0,0,0,0,0,0,0,1,0,0,0,1,0,0,0,0,0,0,0,0,1,3100,175,78,389,324,137,143,13,21,0,12,15,34,303,248,29,45,12.7,5.2,11.7,9.6,4.1,4.2,0.4,0.6,0.0,1.0,0.4,1.0,9.1,7.3,0.9,1.3
39,Ohio,OH,39061,Hamilton County,39061020902,Census Tract 209.02; Hamilton County; Ohio,0.746061419682,5480,497,2642,217,2305,195,1907,773,230,179,742,249,218,143,388,235,506,181,1669,513,639,229,525,273,0,68,1685,808,565,272,18,33,98,148,262,176,81,2,35.8,14.1,7.7,5.9,32.2,10.5,6.3,4.0,7.2,4.5,9.2,3.6,30.5,7.2,11.8,4.2,22.8,11.7,0.0,1.3,30.7,14.5,21.4,10.1,0.7,1.2,4.3,6.4,11.4,7.6,1.5,0.1,0.7871,0.7571,0.7752,0.4042,0.6557,3.3793,0.7517,0.0983,0.9264,0.3351,0.9683,0.0,2.3281,0.4517,0.7108,0.7108,0.7108,0.8606,0.6003,0.9111,0.7651,0.7146,3.8517,0.9822,10.2699,0.8727,0,0,0,0,0,0,0,1,0,1,0,2,0,0,0,0,1,0,0,1,3,3369,260,148,1227,729,232,210,0,17,0,17,0,17,226,173,0,17,11.3,6.2,22.4,12.6,4.2,3.8,0.0,0.6,0.0,0.6,0.0,0.6,4.1,3.2,0.0,0.6
39,Ohio,OH,39061,Hamilton County,39061021001,Census Tract 210.01; Hamilton County; Ohio,1.045196260794,2954,355,1344,172,1305,183,407,165,79,73,277,107,109,98,212,111,641,99,598,106,265,84,148,61,30,52,366,445,162,71,0,12,18,29,246,175,110,3,14.3,5.5,4.9,4.4,21.2,7.6,5.2,4.7,7.5,3.9,21.7,4.1,20.2,3.6,9.3,2.8,11.3,4.4,1.1,1.9,12.4,15.0,12.0,5.1,0.0,2.6,1.4,2.2,18.9,11.0,3.7,0.5,0.3393,0.5711,0.4451,0.3148,0.6798,2.3501,0.4686,0.7413,0.397,0.1755,0.8187,0.7254,2.8579,0.7568,0.4277,0.4277,0.4277,0.7308,0.0,0.6384,0.8892,0.8599,3.1183,0.8625,8.754,0.6949,0,0,0,0,0,0,0,0,0,0,0,0,0,0,0,0,0,0,0,0,0,4558,164,88,270,297,19,30,21,33,0,12,0,12,56,68,0,12,12.6,6.5,9.1,9.2,0.6,1.0,0.7,1.1,0.0,1.2,0.0,1.2,1.9,2.4,0.0,1.2
39,Ohio,OH,39061,Hamilton County,39061021002,Census Tract 210.02; Hamilton County; Ohio,0.759403174292,3840,478,1516,153,1448,132,531,242,49,39,291,97,47,31,133,79,550,83,1090,243,437,141,36,30,0,48,202,688,3,15,0,12,0,16,31,31,0,12,13.9,6.1,2.4,1.9,20.1,6.4,1.9,1.2,3.5,2.0,14.3,2.4,28.4,3.4,11.4,3.3,2.5,2.1,0.0,1.3,5.3,17.9,0.2,1.0,0.0,2.3,0.0,1.1,2.1,2.1,0.0,0.3,0.3304,0.2514,0.3971,0.0808,0.2856,1.3453,0.1822,0.3047,0.8678,0.3088,0.2114,0.0,1.6927,0.1397,0.1642,0.1642,0.1642,0.261,0.0,0.0,0.2248,0.0,0.4858,0.0337,3.688,0.0381,0,0,0,0,0,0,0,0,0,0,0,0,0,0,0,0,0,0,0,0,0,4147,72,46,23,62,46,52,0,12,0,12,0,12,133,87,0,12,5.0,3.3,0.6,1.6,1.2,1.4,0.0,0.9,0.0,0.9,0.0,0.9,3.5,2.3,0.0,0.9
39,Ohio,OH,39061,Hamilton County,39061021003,Census Tract 210.03; Hamilton County; Ohio,0.521682103402,3154,617,1148,127,1148,127,549,591,52,48,167,111,246,118,143,63,468,216,799,155,669,484,90,52,0,48,230,850,36,38,0,12,16,25,45,48,0,12,17.5,18.5,3.0,2.7,14.5,9.5,11.5,4.1,4.5,2.2,14.8,4.5,25.3,5.5,21.3,12.2,7.8,4.4,0.0,1.6,7.3,26.9,3.1,3.3,0.0,3.0,1.4,2.2,3.9,4.1,0.0,0.4,0.4402,0.3403,0.1721,0.7036,0.3875,2.0437,0.3803,0.3335,0.7276,0.8448,0.6749,0.0,2.5808,0.6108,0.2489,0.2489,0.2489,0.4765,0.0,0.6384,0.3892,0.0,1.5041,0.2317,6.3775,0.3206,0,0,0,0,0,0,0,0,0,0,0,0,0,0,0,0,0,0,0,0,0,1794,22,22,0,12,87,137,0,12,0,12,0,12,143,125,0,12,1.9,2.0,0.0,1.1,2.8,4.3,0.0,1.1,0.0,1.1,0.0,1.1,4.5,4.0,0.0,1.1
39,Ohio,OH,39061,Hamilton County,39061021101,Census Tract 211.01; Hamilton County; Ohio,3.81976886232,4501,348,1655,97,1655,97,340,178,106,64,243,94,212,114,104,73,894,167,955,169,456,174,20,22,0,48,153,497,55,29,0,12,10,20,26,26,6,2,7.7,4.0,4.2,2.6,14.7,5.6,6.6,3.4,2.3,1.6,19.9,3.7,21.2,3.0,10.1,3.6,1.2,1.3,0.0,1.1,3.4,11.0,3.3,1.7,0.0,2.1,0.6,1.2,1.6,1.6,0.1,0.0,0.1412,0.4975,0.18,0.4236,0.1492,1.3915,0.1965,0.6569,0.4654,0.2222,0.0937,0.0,1.4382,0.0752,0.0824,0.0824,0.0824,0.4844,0.0,0.4632,0.1724,0.3694,1.4894,0.2273,4.4015,0.0883,0,0,0,0,0,0,0,0,0,0,0,0,0,0,0,0,0,0,0,0,0,2294,115,62,35,41,78,83,0,12,3,4,0,12,31,27,6,10,6.9,3.7,0.8,0.9,1.7,1.8,0.0,0.8,0.1,0.1,0.0,0.8,0.7,0.6,0.1,0.2
39,Ohio,OH,39061,Hamilton County,39061021102,Census Tract 211.02; Hamilton County; Ohio,4.596429637706,6957,1142,2487,344,2487,344,433,277,31,34,372,198,287,185,45,74,1246,197,2065,555,521,154,49,43,0,68,110,1624,0,24,0,17,0,24,33,37,0,17,6.2,3.9,0.9,1.0,15.0,7.7,6.3,3.8,0.6,1.0,17.9,3.5,29.7,3.7,7.5,2.2,1.9,1.7,0.0,1.0,1.6,23.3,0.0,1.0,0.0,1.4,0.0,1.0,1.3,1.5,0.0,0.2,0.092,0.0654,0.1908,0.4042,0.0187,0.7711,0.0584,0.5231,0.9055,0.0898,0.1517,0.0,1.6701,0.1321,0.0222,0.0222,0.0222,0.0,0.0,0.0,0.1349,0.0,0.1349,0.0152,2.5983,0.0048,0,0,0,0,0,0,0,1,0,0,0,1,0,0,0,0,0,0,0,0,1,4396,258,177,0,17,39,51,5,10,4,7,0,17,62,90,0,17,10.4,6.5,0.0,0.5,0.6,0.8,0.1,0.1,0.1,0.1,0.0,0.5,0.9,1.3,0.0,0.5
39,Ohio,OH,39061,Hamilton County,39061021201,Census Tract 212.01; Hamilton County; Ohio,1.486880346408,2064,256,813,82,794,76,150,76,17,17,99,35,21,15,23,20,541,82,476,122,159,49,19,22,0,48,131,364,0,16,0,12,9,15,15,17,0,12,7.3,3.6,1.8,1.8,12.5,4.2,1.5,1.1,1.1,1.0,26.2,5.1,23.1,3.7,7.7,2.5,2.4,2.8,0.0,2.6,6.3,17.6,0.0,2.0,0.0,4.2,1.1,1.9,1.9,2.1,0.0,0.6,0.1276,0.1654,0.1124,0.058,0.0451,0.5085,0.0225,0.902,0.5948,0.0981,0.201,0.0,1.7959,0.1797,0.208,0.208,0.208,0.0,0.0,0.587,0.2029,0.0,0.7899,0.0749,3.3023,0.0203,0,0,0,0,0,0,1,0,0,0,0,1,0,0,0,0,0,0,0,0,1,842,18,15,18,25,47,40,7,12,0,12,0,12,59,74,0,12,2.3,1.9,0.9,1.2,2.3,1.9,0.3,0.6,0.0,1.7,0.0,1.7,2.9,3.6,0.0,1.7
39,Ohio,OH,39061,Hamilton County,39061021202,Census Tract 212.02; Hamilton County; Ohio,1.49911437438,5017,680,2159,189,1991,195,610,412,15,20,355,142,102,76,45,43,1166,227,1446,501,480,149,86,75,0,68,586,945,18,33,0,17,23,40,18,29,8,2,12.6,8.4,0.6,0.9,17.8,6.9,3.1,2.2,0.9,0.9,23.2,4.1,28.8,6.8,9.6,3.1,4.4,3.7,0.0,1.4,11.7,18.8,0.8,1.5,0.0,1.6,1.2,2.0,0.9,1.4,0.2,0.0,0.2897,0.0422,0.3038,0.1579,0.0349,0.8285,0.0692,0.8031,0.8808,0.1933,0.4184,0.0,2.2956,0.4327,0.4084,0.4084,0.4084,0.3111,0.0,0.6038,0.0975,0.4356,1.448,0.2152,4.9805,0.1394,0,0,0,0,0,0,0,0,0,0,0,0,0,0,0,0,0,0,0,0,0,2434,198,97,414,103,105,106,10,17,0,17,0,17,39,51,18,26,9.9,4.7,8.3,2.2,2.1,2.1,0.2,0.3,0.0,0.7,0.0,0.7,0.8,1.0,0.4,0.5
39,Ohio,OH,39061,Hamilton County,39061021302,Census Tract 213.02; Hamilton County; Ohio,3.517596942876,5148,562,2049,198,1990,226,517,338,50,40,332,167,188,115,217,184,1254,226,1073,262,620,234,93,66,0,68,432,814,179,97,0,17,18,34,50,35,253,14,10.5,6.8,1.7,1.3,16.7,8.2,5.0,2.9,4.4,3.6,24.4,4.1,20.8,3.6,12.6,4.1,4.7,3.3,0.0,1.4,8.4,15.8,8.8,4.7,0.0,1.7,0.9,1.7,2.5,1.8,4.9,0.6,0.225,0.1492,0.2581,0.3041,0.3758,1.3122,0.1749,0.8446,0.4369,0.3897,0.4476,0.0,2.1188,0.3352,0.2977,0.2977,0.2977,0.6676,0.0,0.5384,0.2587,0.9036,2.3683,0.5775,6.097,0.2733,0,0,0,0,0,0,0,0,0,0,0,0,0,0,0,0,0,0,1,1,1,4622,247,146,257,218,57,72,10,17,0,17,0,17,57,80,51,79,12.4,6.5,5.0,4.3,1.1,1.4,0.2,0.3,0.0,0.7,0.0,0.7,1.1,1.6,1.0,1.5
39,Ohio,OH,39061,Hamilton County,39061021303,Census Tract 213.03; Hamilton County; Ohio,1.123310486924,5281,750,1820,199,1757,197,772,384,99,64,327,115,187,90,266,141,706,91,1299,243,670,228,109,51,8,67,445,1112,0,24,0,17,57,66,34,43,6,10,14.7,7.0,3.1,2.1,18.6,6.2,5.5,3.0,5.0,2.7,13.4,2.8,24.6,3.6,12.7,3.4,6.2,2.8,0.2,1.3,8.4,21.0,0.0,1.3,0.0,1.9,3.2,3.7,1.9,2.4,0.1,0.2,0.3548,0.3537,0.3359,0.3405,0.4487,1.8336,0.3165,0.2568,0.6877,0.3951,0.5657,0.4556,2.3609,0.4724,0.2977,0.2977,0.2977,0.0,0.0,0.8571,0.2029,0.3694,1.4294,0.2092,5.9216,0.2486,0,0,0,0,0,0,0,0,0,0,0,0,0,0,0,0,0,0,0,0,0,2202,91,56,280,309,48,52,0,17,0,17,0,17,117,68,0,17,5.2,3.3,5.3,5.9,0.9,1.0,0.0,0.7,0.0,0.7,0.0,0.7,2.2,1.4,0.0,0.7
39,Ohio,OH,39061,Hamilton County,39061021304,Census Tract 213.04; Hamilton County; Ohio,2.096662818068,4689,350,1751,200,1685,195,262,111,54,52,268,94,179,79,113,91,1196,219,875,131,713,204,41,33,0,48,242,514,132,74,0,12,8,17,83,71,551,26,6.2,2.6,2.3,2.1,15.9,5.3,5.7,2.2,2.5,2.0,25.5,4.0,18.7,2.2,15.7,4.0,2.4,1.9,0.0,1.1,5.2,11.0,7.6,4.1,0.0,2.0,0.5,1.0,4.9,4.0,11.8,1.0,0.092,0.2384,0.2254,0.357,0.1692,1.082,0.1184,0.8843,0.2964,0.5874,0.201,0.0,1.9691,0.2584,0.1585,0.1585,0.1585,0.6375,0.0,0.4413,0.4625,0.9601,2.5014,0.6371,5.711,0.2171,0,0,0,0,0,0,0,0,0,0,0,0,0,0,0,0,0,0,1,1,1,4322,189,145,136,80,0,12,50,48,0,12,0,12,48,36,8,13,11.2,7.8,2.9,1.7,0.0,0.7,1.1,1.0,0.0,0.7,0.0,0.7,1.0,0.8,0.2,0.3
39,Ohio,OH,39061,Hamilton County,39061021401,Census Tract 214.01; Hamilton County; Ohio,1.26304582005,4388,590,2191,276,2092,280,566,250,94,97,534,246,305,147,346,178,723,137,874,321,398,151,112,94,33,67,618,838,346,213,0,12,59,91,237,207,0,12,12.9,5.4,3.8,3.9,25.5,11.3,9.5,4.4,7.9,4.0,16.5,3.4,19.9,5.8,9.1,3.5,5.3,4.4,0.8,1.7,14.1,19.0,15.8,9.5,0.0,1.6,2.8,4.3,11.3,9.1,0.0,0.3,0.3005,0.4524,0.5994,0.6068,0.709,2.6681,0.5622,0.4306,0.3751,0.1644,0.5022,0.6636,2.1359,0.3435,0.4727,0.4727,0.4727,0.793,0.0,0.826,0.7622,0.0,2.3812,0.5844,7.6579,0.5263,0,0,0,0,0,0,0,0,0,0,0,0,0,0,0,0,0,0,0,0,0,3625,222,102,76,134,174,214,73,91,0,12,0,12,295,203,0,12,10.6,4.7,1.7,3.0,4.0,4.8,1.7,2.0,0.0,0.8,0.0,0.8,6.7,4.6,0.0,0.8
39,Ohio,OH,39061,Hamilton County,39061021421,Census Tract 214.21; Hamilton County; Ohio,0.87605771596,3972,443,1467,174,1444,168,445,251,68,45,178,65,131,57,82,55,567,73,1038,207,377,112,41,34,46,61,296,608,0,16,0,12,0,16,23,27,0,12,11.2,6.2,3.1,2.2,12.3,4.3,4.9,2.2,2.1,1.4,14.3,2.0,26.1,3.0,9.5,3.1,2.8,2.3,1.2,1.6,7.5,15.3,0.0,1.1,0.0,2.4,0.0,1.1,1.6,2.0,0.0,0.3,0.2475,0.3537,0.1063,0.2955,0.1301,1.1331,0.1308,0.3047,0.7736,0.1872,0.2403,0.7403,2.2461,0.4019,0.2562,0.2562,0.2562,0.0,0.0,0.0,0.1724,0.0,0.1724,0.0181,3.8078,0.0425,0,0,0,0,0,0,0,0,0,0,0,0,0,0,0,0,0,0,0,0,0,1643,89,48,95,70,0,12,65,94,0,12,0,12,136,88,0,12,6.2,3.3,2.4,1.7,0.0,0.9,1.6,2.4,0.0,0.9,0.0,0.9,3.4,2.1,0.0,0.9
39,Ohio,OH,39061,Hamilton County,39061021422,Census Tract 214.22; Hamilton County; Ohio,0.860736030294,3217,549,1260,235,1160,235,1038,462,191,212,272,144,172,116,475,307,453,152,907,175,369,144,104,122,124,122,946,760,224,132,19,30,66,64,25,24,0,12,32.4,13.3,11.8,10.7,23.4,11.5,8.7,5.8,14.8,8.5,14.1,4.6,28.2,4.9,11.5,4.9,9.0,10.4,4.2,4.1,29.4,23.1,17.8,9.9,1.5,2.4,5.7,5.4,2.2,2.2,0.0,0.4,0.7471,0.8816,0.52,0.5574,0.9375,3.6436,0.8105,0.2964,0.8608,0.3158,0.7349,0.9334,3.1413,0.8679,0.7013,0.7013,0.7013,0.8184,0.6667,0.9549,0.2324,0.0,2.6724,0.7083,10.1586,0.8619,0,0,0,0,1,1,0,0,0,0,1,1,0,0,0,0,1,0,0,1,3,1835,70,53,556,274,0,12,189,255,0,12,0,12,124,128,77,119,6.0,4.5,17.3,8.7,0.0,1.1,5.9,7.8,0.0,1.1,0.0,1.1,3.9,3.8,2.4,3.6
39,Ohio,OH,39061,Hamilton County,39061021501,Census Tract 215.01; Hamilton County; Ohio,1.56898918383,5222,794,1988,194,1902,180,302,225,223,207,513,254,295,140,155,93,836,164,995,407,485,190,225,211,41,82,3249,938,110,76,0,17,0,24,150,114,7,3,5.8,4.2,8.3,7.9,27.0,13.1,8.2,3.7,3.0,1.9,16.0,4.8,19.1,5.7,9.4,4.2,11.8,11.0,0.8,1.6,62.2,15.3,5.5,3.8,0.0,1.7,0.0,1.3,7.9,6.0,0.1,0.1,0.0797,0.7835,0.6517,0.526,0.2291,2.27,0.4467,0.3989,0.3256,0.1787,0.8337,0.6636,2.4005,0.4994,0.8719,0.8719,0.8719,0.5733,0.0,0.0,0.6444,0.3694,1.5871,0.2562,7.1295,0.4435,0,0,0,0,0,0,0,0,0,0,0,0,0,0,0,0,0,0,0,0,0,2660,128,114,2335,890,197,178,300,268,0,17,0,17,417,567,0,17,6.7,5.9,44.7,13.7,3.8,3.6,5.7,5.2,0.0,0.7,0.0,0.7,8.0,10.6,0.0,0.7
39,Ohio,OH,39061,Hamilton County,39061021504,Census Tract 215.04; Hamilton County; Ohio,2.07081367527,6436,859,2544,261,2478,271,1346,841,206,152,764,340,333,242,428,219,1104,369,1225,412,969,534,286,213,343,244,4387,1024,38,61,19,33,0,24,133,116,13,3,20.9,12.8,5.2,3.5,30.8,13.3,7.4,5.4,6.7,3.8,17.2,5.7,19.0,5.1,15.1,7.5,11.5,8.5,5.5,3.8,68.2,13.0,1.5,2.4,0.7,1.3,0.0,1.0,5.4,4.6,0.2,0.0,0.5278,0.5971,0.7448,0.4775,0.6109,2.9581,0.6479,0.4765,0.3183,0.5528,0.8248,0.9601,3.1325,0.8644,0.8963,0.8963,0.8963,0.3717,0.6003,0.0,0.4994,0.4356,1.907,0.3784,8.8939,0.713,0,0,0,0,0,0,0,0,0,0,1,1,0,0,0,0,0,0,0,0,1,4502,187,136,3513,901,272,316,180,255,0,17,0,17,360,279,62,73,7.5,5.4,54.6,10.5,4.2,5.0,2.8,4.0,0.0,0.5,0.0,0.5,5.6,4.4,1.0,1.1
39,Ohio,OH,39061,Hamilton County,39061021505,Census Tract 215.05; Hamilton County; Ohio,0.96223761287,3719,625,1392,196,1357,195,890,537,47,48,387,173,306,198,322,204,737,199,715,283,751,264,156,114,255,225,2927,688,200,140,0,12,43,63,142,108,0,12,23.9,13.9,2.7,2.7,28.5,12.1,12.9,6.8,8.7,4.9,19.8,6.4,19.2,7.0,20.2,5.7,11.5,8.2,7.0,6.1,78.7,12.9,14.4,9.9,0.0,2.5,3.2,4.6,10.5,7.5,0.0,0.3,0.5982,0.2968,0.6914,0.7524,0.7566,3.0954,0.6873,0.6512,0.3313,0.8134,0.8248,0.975,3.5957,0.9651,0.9293,0.9293,0.9293,0.7717,0.0,0.8571,0.7343,0.0,2.3631,0.5749,9.9835,0.8448,0,0,0,0,0,0,0,0,0,0,1,1,1,1,0,0,0,0,0,0,2,1716,64,42,2081,539,101,89,353,493,3,5,0,12,247,296,142,212,4.7,3.2,56.0,12.5,2.7,2.4,9.5,12.6,0.1,0.1,0.0,0.9,6.6,7.5,3.8,5.7
39,Ohio,OH,39061,Hamilton County,39061021506,Census Tract 215.06; Hamilton County; Ohio,0.889950438124,3666,485,1267,158,1267,158,452,231,124,156,436,183,115,84,279,161,475,96,1083,248,371,192,180,114,86,86,2909,577,190,160,23,31,6,19,25,28,80,4,12.6,6.2,6.6,7.7,34.4,13.8,5.0,3.7,7.8,4.4,13.0,2.9,29.5,5.4,10.3,5.1,14.2,8.8,2.5,2.5,79.4,11.7,15.0,12.5,1.8,2.4,0.5,1.5,2.0,2.2,2.2,0.3,0.2897,0.6965,0.8149,0.3041,0.701,2.8062,0.6035,0.2368,0.8998,0.2329,0.886,0.8703,3.1258,0.8616,0.9325,0.9325,0.9325,0.7803,0.686,0.4413,0.2127,0.773,2.8933,0.7946,9.7578,0.8216,0,0,0,0,0,0,0,0,0,0,0,0,1,1,0,0,0,0,0,0,1,2786,102,62,2024,379,569,290,107,123,6,9,0,12,184,140,19,29,8.1,4.9,55.2,8.7,15.5,7.3,2.9,3.4,0.2,0.2,0.0,0.9,5.0,3.8,0.5,0.8
39,Ohio,OH,39061,Hamilton County,39061021508,Census Tract 215.08; Hamilton County; Ohio,1.387094215018,5490,1066,2215,201,2093,248,655,586,162,186,314,174,295,197,107,94,861,149,1260,485,871,311,269,225,3,68,2109,1409,421,131,0,17,0,24,17,29,28,3,12.0,10.5,5.5,5.9,15.0,8.1,8.1,4.7,2.0,1.6,15.7,3.8,23.0,5.4,15.9,4.5,12.9,10.6,0.1,1.4,38.4,24.6,19.0,5.7,0.0,1.6,0.0,1.1,0.8,1.4,0.5,0.1,0.2707,0.621,0.1908,0.5206,0.1209,1.724,0.2854,0.3814,0.5862,0.5985,0.8597,0.4245,2.8503,0.7533,0.7676,0.7676,0.7676,0.8321,0.0,0.0,0.0873,0.5742,1.4936,0.2289,6.8355,0.4032,0,0,0,0,0,0,0,0,0,0,0,0,0,0,0,0,0,0,0,0,0,4300,123,66,1739,549,37,60,0,17,0,17,0,17,333,191,0,17,5.9,3.2,31.7,9.2,0.7,1.1,0.0,0.6,0.0,0.6,0.0,0.6,6.1,3.5,0.0,0.6
39,Ohio,OH,39061,Hamilton County,39061021509,Census Tract 215.09; Hamilton County; Ohio,3.01654349713,7456,1312,2947,299,2673,280,2711,953,128,115,1128,406,341,147,335,346,1114,196,2827,1038,627,218,849,351,123,138,4971,1372,204,152,25,45,0,24,384,296,201,6,37.3,11.2,4.5,4.1,42.2,14.5,7.9,3.4,4.6,4.2,14.9,3.3,37.9,8.2,8.6,3.4,31.8,12.7,1.8,2.1,66.7,14.2,6.9,5.1,0.8,1.5,0.0,0.9,14.4,10.1,2.7,0.5,0.8032,0.534,0.9206,0.5076,0.3996,3.165,0.7054,0.3377,0.987,0.1415,0.9911,0.8183,3.2756,0.906,0.8912,0.8912,0.8912,0.6146,0.6095,0.0,0.8263,0.8085,2.8589,0.7813,10.1907,0.8641,0,0,1,0,0,1,0,1,0,1,0,2,0,0,0,0,0,0,0,0,3,6772,256,179,3796,1036,476,471,0,17,63,80,0,17,636,525,0,17,9.6,6.6,50.9,6.7,6.4,6.6,0.0,0.5,0.8,1.1,0.0,0.5,8.5,6.2,0.0,0.5
39,Ohio,OH,39061,Hamilton County,39061021571,Census Tract 215.71; Hamilton County; Ohio,1.085227702256,3441,537,1422,220,1334,228,384,207,74,60,356,149,190,99,145,91,895,182,620,203,328,122,100,72,79,83,2160,722,218,98,0,12,54,66,23,26,105,3,11.5,5.9,4.2,3.6,26.7,10.2,7.7,3.6,4.3,2.7,26.0,5.3,18.0,5.6,9.8,3.6,7.5,5.2,2.4,2.5,62.8,18.6,15.3,6.5,0.0,2.4,4.0,4.9,1.7,1.9,3.1,0.5,0.2561,0.4975,0.6425,0.4933,0.3659,2.2553,0.441,0.8976,0.2565,0.2056,0.6546,0.8646,2.8789,0.767,0.8754,0.8754,0.8754,0.7835,0.0,0.8952,0.1848,0.8358,2.6993,0.7206,8.7089,0.6905,0,0,0,0,0,0,0,0,0,0,0,0,0,0,0,0,0,0,0,0,0,2069,95,87,1700,377,252,214,80,86,0,12,0,12,128,106,0,12,7.1,6.3,49.4,9.9,7.3,6.1,2.3,2.6,0.0,1.0,0.0,1.0,3.7,3.1,0.0,1.0
39,Ohio,OH,39061,Hamilton County,39061021572,Census Tract 215.72; Hamilton County; Ohio,2.733545403006,5483,819,2432,240,2360,243,1320,568,105,120,1117,321,570,253,698,362,882,222,933,410,731,219,165,131,288,227,4429,873,721,236,0,17,129,127,172,102,0,17,24.1,9.7,3.4,3.7,47.3,12.7,13.5,5.4,12.7,6.0,16.1,4.1,17.0,6.3,13.3,4.3,7.0,5.5,5.6,4.3,80.8,10.4,29.7,9.3,0.0,1.4,5.5,5.4,7.3,4.3,0.0,0.3,0.602,0.3975,0.9565,0.7774,0.9038,3.6372,0.8089,0.4071,0.2067,0.4361,0.62,0.9607,2.6306,0.6413,0.9369,0.9369,0.9369,0.9175,0.0,0.9502,0.6159,0.0,2.4836,0.6317,9.6883,0.8143,0,0,1,0,1,2,0,0,0,0,1,1,1,1,1,0,1,0,0,2,6,9278,163,92,2713,692,1184,580,126,107,0,17,234,258,172,119,0,17,6.9,3.9,49.5,10.0,21.6,8.9,2.3,2.0,0.0,0.6,4.3,4.8,3.1,2.2,0.0,0.6
39,Ohio,OH,39061,Hamilton County,39061021602,Census Tract 216.02; Hamilton County; Ohio,1.198135510116,3303,1133,1431,298,1377,302,838,401,50,65,447,171,118,88,225,175,435,135,1144,747,220,109,203,133,0,48,2739,1139,74,87,0,12,0,16,82,77,6,2,25.4,8.5,3.1,4.1,32.5,10.2,6.0,4.7,6.8,5.6,13.2,5.6,34.6,12.2,6.7,4.3,14.7,9.1,0.0,1.5,82.9,19.5,5.2,6.0,0.0,2.4,0.0,1.2,6.0,5.8,0.2,0.1,0.6322,0.3537,0.7832,0.3811,0.6211,2.7713,0.5937,0.2457,0.9734,0.0622,0.8952,0.0,2.1765,0.3654,0.9423,0.9423,0.9423,0.5648,0.0,0.0,0.5413,0.4356,1.5417,0.2438,7.4318,0.494,0,0,0,0,0,0,0,1,0,0,0,1,1,1,0,0,0,0,0,0,2,882,111,82,2717,1145,0,12,0,12,0,12,0,12,22,33,0,12,8.1,6.2,82.3,7.6,0.0,1.1,0.0,1.1,0.0,1.1,0.0,1.1,0.7,1.0,0.0,1.1
39,Ohio,OH,39061,Hamilton County,39061021603,Census Tract 216.03; Hamilton County; Ohio,1.607687415086,3165,348,1404,123,1317,111,610,276,89,92,390,149,193,128,128,94,622,187,438,183,734,192,69,80,44,71,1884,433,0,16,0,12,23,28,0,12,25,11,19.3,8.5,5.1,5.1,29.6,11.0,7.6,4.8,4.0,2.9,19.7,6.5,13.8,5.2,23.2,6.0,5.2,6.1,1.4,2.3,59.5,12.0,0.0,1.1,0.0,2.5,1.8,2.1,0.0,2.6,0.8,0.3,0.491,0.5892,0.7146,0.4876,0.3377,2.6201,0.5444,0.6468,0.0964,0.8994,0.4921,0.7717,2.9064,0.7784,0.8605,0.8605,0.8605,0.0,0.0,0.7079,0.0,0.6344,1.3423,0.1857,7.7293,0.5381,0,0,0,0,0,0,0,0,0,0,0,0,0,0,0,0,0,0,0,0,0,2551,86,59,1384,250,26,41,61,82,0,12,0,12,334,162,79,139,6.5,4.4,43.7,5.7,0.8,1.3,1.9,2.6,0.0,1.1,0.0,1.1,10.6,5.1,2.5,4.3
39,Ohio,OH,39061,Hamilton County,39061021604,Census Tract 216.04; Hamilton County; Ohio,1.128527497148,3961,559,1591,178,1514,188,911,399,27,33,438,185,419,252,153,78,696,193,994,311,833,225,143,107,135,186,2626,602,72,98,0,12,0,16,98,106,5,2,23.0,9.5,1.4,1.6,28.9,11.7,15.9,9.5,3.9,2.0,17.6,5.8,25.1,5.4,21.0,6.0,9.4,7.0,3.6,4.9,66.3,12.0,4.5,6.1,0.0,2.2,0.0,1.1,6.5,6.6,0.1,0.0,0.5824,0.1117,0.7016,0.8383,0.3224,2.5564,0.5257,0.5044,0.7188,0.8366,0.754,0.9182,3.732,0.9784,0.8893,0.8893,0.8893,0.5397,0.0,0.0,0.5695,0.3694,1.4786,0.2238,8.6563,0.6832,0,0,0,0,0,0,0,0,0,0,1,1,0,0,0,0,0,0,0,0,1,1377,242,136,1905,596,118,166,363,447,0,12,0,12,240,204,0,12,16.0,8.4,48.1,12.3,3.0,4.2,9.2,11.2,0.0,0.9,0.0,0.9,6.1,5.0,0.0,0.9
39,Ohio,OH,39061,Hamilton County,39061021701,Census Tract 217.01; Hamilton County; Ohio,0.81343776309,2553,377,1349,195,1208,187,388,202,77,71,432,164,184,86,171,117,640,190,237,110,624,253,41,35,0,48,980,479,230,133,49,48,35,53,92,62,98,12,15.8,7.8,5.3,4.5,35.8,12.4,8.6,4.1,6.9,4.7,25.1,7.9,9.3,4.1,25.4,8.2,3.4,2.8,0.0,1.9,38.4,17.9,17.0,9.5,3.6,3.5,2.9,4.4,7.6,4.9,3.8,0.7,0.385,0.6057,0.833,0.552,0.6274,3.0031,0.6613,0.8716,0.0396,0.9391,0.3089,0.0,2.1592,0.3552,0.7676,0.7676,0.7676,0.8117,0.7502,0.8349,0.6279,0.8656,3.8903,0.9848,9.8202,0.8289,0,0,0,0,0,0,0,0,1,0,0,1,0,0,0,0,0,0,0,0,1,3646,256,137,763,261,27,29,64,75,0,12,0,12,44,55,82,116,21.2,10.6,29.9,8.9,1.1,1.1,2.5,2.9,0.0,1.4,0.0,1.4,1.7,2.1,3.2,4.4
39,Ohio,OH,39061,Hamilton County,39061021702,Census Tract 217.02; Hamilton County; Ohio,0.84324097647,4684,380,2073,183,1917,174,1747,677,163,179,706,220,209,85,333,151,885,176,1313,420,600,211,352,181,33,59,2693,666,369,148,98,88,78,88,408,132,131,5,38.2,14.5,8.0,8.5,36.8,11.0,7.0,2.8,7.3,3.5,18.9,4.5,28.0,7.6,13.1,4.8,18.4,9.3,0.8,1.4,57.5,13.4,17.8,7.0,4.7,4.2,4.0,4.6,21.3,6.4,2.8,0.3,0.8166,0.773,0.8514,0.4486,0.6661,3.5557,0.793,0.5973,0.8535,0.4199,0.9397,0.6636,3.474,0.9435,0.8532,0.8532,0.8532,0.8184,0.779,0.8952,0.913,0.8161,4.2217,0.9956,12.1046,0.9867,0,0,0,0,0,0,0,0,0,1,0,1,0,0,0,0,0,1,0,1,2,2027,441,153,2525,711,129,147,7,13,0,12,0,12,32,41,0,12,23.0,7.7,53.9,13.3,2.8,3.2,0.1,0.3,0.0,0.7,0.0,0.7,0.7,0.9,0.0,0.7
39,Ohio,OH,39061,Hamilton County,39061021801,Census Tract 218.01; Hamilton County; Ohio,1.12502786862,5450,653,2688,257,2358,265,1766,947,306,193,740,288,529,267,131,131,1021,288,1147,724,1816,960,263,196,0,68,3700,799,524,195,0,17,0,24,306,175,138,4,33.2,17.3,11.8,7.3,31.4,11.7,13.6,7.2,2.5,2.4,18.7,6.2,21.0,11.8,34.1,15.4,11.2,8.2,0.0,1.3,67.9,12.2,19.5,7.0,0.0,1.3,0.0,1.0,13.0,7.2,2.5,0.3,0.7594,0.8816,0.7575,0.7796,0.1692,3.3473,0.7463,0.5821,0.4499,0.9908,0.8162,0.0,2.839,0.7492,0.8951,0.8951,0.8951,0.839,0.0,0.0,0.7981,0.7949,2.432,0.607,9.5134,0.7952,0,0,0,0,0,0,0,0,1,0,0,1,0,0,0,0,0,0,0,0,1,4584,177,123,3240,903,44,67,29,44,0,17,0,17,387,423,0,17,7.5,5.1,59.4,13.0,0.8,1.3,0.5,0.8,0.0,0.6,0.0,0.6,7.1,7.7,0.0,0.6
39,Ohio,OH,39061,Hamilton County,39061021802,Census Tract 218.02; Hamilton County; Ohio,0.698846164408,4164,653,1507,240,1407,236,1296,448,113,80,420,167,352,153,293,150,298,85,1245,325,602,209,215,138,9,48,2669,740,19,30,0,12,38,39,107,74,112,2,31.9,9.8,5.2,3.6,29.9,10.8,13.3,5.5,7.2,3.7,7.2,2.2,29.9,5.3,14.8,5.1,15.3,9.5,0.2,1.2,64.1,14.7,1.3,2.0,0.0,2.3,2.7,2.7,7.6,5.3,2.7,0.4,0.7398,0.5971,0.7235,0.7689,0.6557,3.485,0.7762,0.0495,0.9112,0.536,0.9076,0.4556,2.8599,0.7584,0.8814,0.8814,0.8814,0.359,0.0,0.814,0.6279,0.8085,2.6094,0.6819,9.8357,0.8295,0,0,0,0,0,0,0,1,0,1,0,2,0,0,0,0,0,0,0,0,2,1277,146,85,2553,484,0,12,0,12,4,6,0,12,112,103,0,12,10.4,6.1,61.3,6.6,0.0,0.8,0.0,0.8,0.1,0.1,0.0,0.8,2.7,2.4,0.0,0.8
39,Ohio,OH,39061,Hamilton County,39061021900,Census Tract 219; Hamilton County; Ohio,0.285903511674,1373,437,601,131,533,146,396,378,24,25,183,130,121,70,189,121,437,100,152,136,245,102,30,44,16,50,789,500,38,40,0,12,0,16,11,13,113,3,31.4,28.0,3.9,4.0,34.3,22.5,10.5,6.2,15.0,8.4,31.8,12.5,11.1,7.4,19.4,8.3,5.6,8.1,1.2,3.6,57.5,31.5,6.4,6.5,0.0,5.7,0.0,3.0,2.1,2.4,8.2,2.6,0.7325,0.4644,0.8127,0.6627,0.9403,3.6126,0.8054,0.9737,0.0523,0.782,0.5241,0.7403,3.0724,0.8438,0.8532,0.8532,0.8532,0.5978,0.0,0.0,0.2248,0.9458,1.7684,0.326,9.3066,0.7683,0,0,0,0,1,1,1,0,0,0,0,1,0,0,0,0,0,0,1,1,3,598,55,36,632,109,147,183,0,12,0,12,0,12,10,15,0,12,10.3,7.2,46.0,14.0,10.7,10.6,0.0,2.5,0.0,2.5,0.0,2.5,0.7,1.1,0.0,2.5
39,Ohio,OH,39061,Hamilton County,39061022000,Census Tract 220; Hamilton County; Ohio,1.635875949902,3838,75,1606,164,1554,153,721,282,36,32,313,113,141,87,201,97,658,146,910,209,500,156,108,84,10,50,1030,276,41,35,23,34,9,19,139,91,79,3,19.2,7.5,1.9,1.6,20.1,7.0,5.5,3.2,5.3,2.5,17.1,3.8,23.7,5.4,13.3,4.1,6.9,5.4,0.3,1.4,26.8,7.2,2.6,2.2,1.4,2.1,0.6,1.2,8.9,5.6,2.1,0.1,0.4875,0.1787,0.3971,0.3405,0.4808,1.8846,0.3305,0.4677,0.6354,0.4361,0.613,0.4968,2.649,0.6521,0.675,0.675,0.675,0.446,0.6597,0.4632,0.6848,0.7644,3.0181,0.8365,8.2267,0.6219,0,0,0,0,0,0,0,0,0,0,0,0,0,0,0,0,0,0,0,0,0,3516,124,56,621,248,145,115,25,25,0,12,0,12,239,181,0,12,8.0,3.4,16.2,6.4,3.8,3.0,0.7,0.6,0.0,0.9,0.0,0.9,6.2,4.7,0.0,0.9
39,Ohio,OH,39061,Hamilton County,39061022101,Census Tract 221.01; Hamilton County; Ohio,2.87817998441,4262,566,1883,194,1819,192,582,366,56,63,370,131,131,108,158,87,1121,221,788,242,815,419,175,146,13,51,1712,650,37,36,0,12,0,16,14,21,3,4,13.7,8.4,2.5,2.8,20.3,6.9,4.2,3.5,3.7,2.1,26.3,4.1,18.5,4.1,19.1,8.4,9.6,8.0,0.3,1.2,40.2,14.3,2.0,1.9,0.0,1.8,0.0,0.9,0.8,1.2,0.1,0.1,0.3247,0.2657,0.4086,0.2441,0.3021,1.5452,0.2359,0.9055,0.2828,0.768,0.7654,0.4968,3.2185,0.8908,0.7822,0.7822,0.7822,0.4051,0.0,0.0,0.0873,0.3694,0.8618,0.0841,6.4077,0.326,0,0,0,0,0,0,1,0,0,0,0,1,0,0,0,0,0,0,0,0,1,3533,57,53,1288,387,116,111,22,36,0,12,0,12,51,43,235,224,3.1,2.9,30.2,6.5,2.7,2.4,0.5,0.8,0.0,0.8,0.0,0.8,1.2,1.0,5.5,5.2
39,Ohio,OH,39061,Hamilton County,39061022102,Census Tract 221.02; Hamilton County; Ohio,1.887986270128,6584,870,2628,278,2628,278,732,410,121,100,453,204,216,140,417,236,1036,215,1429,333,1208,326,296,134,33,85,3179,961,0,24,0,17,99,85,216,160,20,3,11.2,6.1,3.6,2.8,17.2,7.5,4.3,2.8,6.3,3.5,15.7,3.5,21.7,3.5,18.4,5.2,11.3,5.0,0.5,1.3,48.3,13.1,0.0,0.9,0.0,1.3,3.7,3.2,8.2,5.9,0.3,0.0,0.2475,0.4308,0.2784,0.2508,0.5763,1.7838,0.3038,0.3814,0.4965,0.7318,0.8187,0.5796,3.008,0.827,0.8186,0.8186,0.8186,0.0,0.0,0.8841,0.6552,0.4924,2.0317,0.4311,7.6421,0.5235,0,0,0,0,0,0,0,0,0,0,0,0,0,0,0,0,0,0,0,0,0,5472,75,70,1985,519,61,72,675,612,1,3,0,17,457,315,0,17,2.9,2.7,30.1,6.0,0.9,1.1,10.3,8.8,0.0,0.1,0.0,0.5,6.9,4.4,0.0,0.5
39,Ohio,OH,39061,Hamilton County,39061022200,Census Tract 222; Hamilton County; Ohio,2.204383345558,4443,552,2000,250,1930,251,922,213,32,34,468,187,38,40,209,139,1191,275,745,211,358,126,42,70,0,48,1817,717,46,48,0,12,40,46,36,40,12,13,20.8,4.0,1.3,1.5,24.2,9.2,1.1,1.1,4.7,3.2,26.8,5.5,16.8,4.4,8.1,3.1,2.2,3.6,0.0,1.1,40.9,15.3,2.3,2.4,0.0,1.7,2.1,2.4,1.9,2.1,0.3,0.3,0.5249,0.1013,0.5486,0.0384,0.4135,1.6267,0.2622,0.9153,0.1972,0.1162,0.1762,0.0,1.4049,0.0683,0.7866,0.7866,0.7866,0.426,0.0,0.7448,0.2029,0.4924,1.8661,0.3625,5.6843,0.2127,0,0,0,0,0,0,1,0,0,0,0,1,0,0,0,0,0,0,0,0,1,6184,87,67,1393,376,3,4,49,65,4,8,0,12,368,255,0,12,4.5,3.6,31.4,7.9,0.1,0.1,1.1,1.5,0.1,0.2,0.0,0.8,8.3,5.7,0.0,0.8
39,Ohio,OH,39061,Hamilton County,39061022301,Census Tract 223.01; Hamilton County; Ohio,3.32937492059,5613,787,2476,385,2184,356,1667,527,110,96,852,289,795,349,932,404,1241,246,1517,412,979,315,250,164,756,460,3207,950,554,209,0,17,276,135,239,134,156,6,30.5,8.6,4.3,3.7,39.0,11.6,21.2,8.7,17.0,7.3,22.1,4.0,27.0,5.4,17.9,5.3,11.4,7.3,15.1,9.0,57.1,14.9,22.4,7.7,0.0,1.4,12.6,5.8,10.9,6.0,2.8,0.4,0.7198,0.5117,0.8835,0.9255,0.9603,4.0008,0.8889,0.7546,0.8158,0.708,0.8219,0.9981,4.0984,0.9981,0.8513,0.8513,0.8513,0.8698,0.0,0.9949,0.7495,0.8161,3.4303,0.9254,12.3808,0.9921,0,0,0,1,1,2,0,0,0,0,1,1,0,0,0,0,1,0,0,1,4,22732,535,182,1735,544,1252,416,181,176,0,17,0,17,9,20,30,48,24.5,7.6,30.9,8.0,22.3,7.5,3.2,3.1,0.0,0.6,0.0,0.6,0.2,0.4,0.5,0.9
39,Ohio,OH,39061,Hamilton County,39061022302,Census Tract 223.02; Hamilton County; Ohio,3.421284185078,5409,678,2625,322,2529,303,370,232,113,71,518,188,245,135,286,243,1757,361,784,334,572,165,69,109,74,109,846,874,133,138,198,255,21,38,97,68,149,3,7.0,4.3,4.6,3.0,20.5,7.0,5.5,3.2,5.4,4.4,32.5,6.9,14.5,5.1,10.9,3.0,2.7,4.3,1.4,2.0,15.6,16.0,5.1,5.2,7.5,9.1,0.8,1.5,3.8,2.8,2.8,0.4,0.1181,0.5451,0.4171,0.3405,0.4916,1.9124,0.3384,0.9769,0.1148,0.2752,0.2298,0.7717,2.3684,0.4787,0.5073,0.5073,0.5073,0.5613,0.8394,0.5117,0.38,0.8161,3.1085,0.859,7.8966,0.5663,0,0,0,0,0,0,1,0,0,0,0,1,0,0,0,0,0,0,0,0,1,14293,178,93,110,87,347,300,27,61,0,17,0,17,362,372,0,17,7.0,3.7,2.0,1.5,6.4,5.4,0.5,1.1,0.0,0.6,0.0,0.6,6.7,6.5,0.0,0.6
39,Ohio,OH,39061,Hamilton County,39061022400,Census Tract 224; Hamilton County; Ohio,1.653750541992,2154,287,1042,158,926,153,368,220,43,44,138,49,34,22,100,62,590,94,441,109,152,40,7,15,0,48,576,372,7,13,0,12,19,26,15,13,32,6,17.1,10.0,4.0,3.9,14.9,4.7,2.2,1.5,4.6,2.7,27.4,4.5,20.5,3.6,7.1,2.1,0.8,1.6,0.0,2.3,26.7,16.9,0.7,1.2,0.0,3.3,2.1,2.8,1.6,1.4,1.5,0.2,0.4268,0.4756,0.1857,0.1021,0.3996,1.5898,0.2492,0.9255,0.4214,0.0758,0.0625,0.0,1.4852,0.0876,0.6734,0.6734,0.6734,0.2994,0.0,0.7448,0.1724,0.7146,1.9312,0.3895,5.6796,0.2124,0,0,0,0,0,0,1,0,0,0,0,1,0,0,0,0,0,0,0,0,1,2449,40,22,418,250,41,32,40,25,0,12,0,12,77,53,0,12,4.3,2.3,19.4,10.4,1.9,1.5,1.9,1.2,0.0,1.6,0.0,1.6,3.6,2.6,0.0,1.6
39,Ohio,OH,39061,Hamilton County,39061022500,Census Tract 225; Hamilton County; Ohio,3.362652279766,4393,246,2018,232,1944,231,951,421,85,57,648,212,232,129,105,80,792,193,845,147,514,207,251,176,8,48,2913,347,676,196,0,12,0,16,110,88,180,26,22.5,9.9,3.4,2.2,33.3,10.2,7.9,4.0,2.5,1.8,18.0,4.2,19.2,2.9,12.1,4.8,12.9,8.9,0.2,1.1,66.3,7.0,33.5,8.9,0.0,1.7,0.0,0.8,5.7,4.3,4.1,0.5,0.5693,0.3975,0.7978,0.5076,0.1692,2.4414,0.4917,0.5317,0.3313,0.3586,0.8597,0.4556,2.5369,0.5832,0.8893,0.8893,0.8893,0.9327,0.0,0.0,0.5241,0.877,2.3338,0.5651,8.2014,0.6181,0,0,0,0,0,0,0,0,0,0,0,0,0,0,1,0,0,0,0,1,1,7417,176,134,2498,327,132,126,55,83,1,2,0,12,227,163,0,12,9.1,6.4,56.9,7.0,3.0,2.8,1.3,1.9,0.0,0.1,0.0,0.8,5.2,3.7,0.0,0.8
39,Ohio,OH,39061,Hamilton County,39061022601,Census Tract 226.01; Hamilton County; Ohio,2.375512246202,6165,543,2164,196,2129,191,57,28,13,22,244,140,34,32,46,54,895,176,1892,270,360,128,51,46,0,68,1026,818,15,30,0,17,36,48,32,35,43,3,0.9,0.4,0.5,0.9,11.5,6.5,0.8,0.8,0.7,0.9,14.5,2.7,30.7,3.1,5.8,2.1,2.4,2.1,0.0,1.2,16.6,13.2,0.7,1.4,0.0,1.6,1.7,2.2,1.5,1.6,0.7,0.1,0.0029,0.033,0.0844,0.0241,0.0235,0.1679,0.0022,0.3155,0.9321,0.0397,0.201,0.0,1.4883,0.0883,0.5254,0.5254,0.5254,0.2994,0.0,0.6917,0.1597,0.6243,1.7751,0.3273,3.9567,0.0505,0,0,0,0,0,0,0,1,0,0,0,1,0,0,0,0,0,0,0,0,1,2744,0,17,494,149,87,101,157,126,0,17,0,17,261,174,27,39,0.0,1.6,8.0,2.5,1.4,1.6,2.5,2.0,0.0,0.6,0.0,0.6,4.2,2.9,0.4,0.6
39,Ohio,OH,39061,Hamilton County,39061022602,Census Tract 226.02; Hamilton County; Ohio,0.675326374976,2775,376,1129,176,1105,168,119,100,44,45,135,69,56,51,56,53,377,129,888,173,313,133,180,118,0,48,1001,484,28,36,0,12,0,16,76,60,0,12,4.3,3.6,3.2,3.2,12.2,6.0,3.1,3.0,2.0,1.8,13.6,4.2,32.0,3.7,11.3,4.5,16.2,10.4,0.0,1.9,36.1,16.7,2.5,3.2,0.0,3.0,0.0,1.4,6.9,5.3,0.0,0.4,0.0489,0.3711,0.1032,0.1579,0.1209,0.802,0.0635,0.2695,0.949,0.3028,0.9184,0.0,2.4397,0.521,0.7505,0.7505,0.7505,0.4413,0.0,0.0,0.5924,0.0,1.0337,0.1102,5.0259,0.1451,0,0,0,0,0,0,0,1,0,1,0,2,0,0,0,0,0,0,0,0,2,3996,50,37,618,209,37,49,24,30,0,12,0,12,322,256,0,12,4.5,3.3,22.3,6.5,1.3,1.8,0.9,1.0,0.0,1.3,0.0,1.3,11.6,8.9,0.0,1.3
39,Ohio,OH,39061,Hamilton County,39061022700,Census Tract 227; Hamilton County; Ohio,0.750541361188,3140,13,1451,199,1221,183,2249,380,258,169,466,177,178,110,127,94,352,162,1308,319,442,199,399,187,0,48,2892,220,240,210,0,12,0,16,222,128,0,12,72.7,12.2,26.5,15.5,38.2,13.3,10.7,6.0,4.0,3.0,11.2,5.1,41.7,10.2,14.1,6.3,32.7,14.5,0.0,1.9,92.1,7.0,16.6,14.3,0.0,2.4,0.0,1.3,18.2,9.2,0.0,0.4,0.9873,0.987,0.8717,0.6741,0.3377,3.8578,0.86,0.1658,0.9946,0.4862,0.994,0.0,2.6406,0.6479,0.968,0.968,0.968,0.8073,0.0,0.0,0.8816,0.0,1.6889,0.2886,9.1553,0.7448,1,1,0,0,0,2,0,1,0,1,0,2,1,1,0,0,0,0,0,0,5,2032,269,143,2593,571,0,12,0,12,0,12,0,12,299,371,0,12,22.0,9.9,82.6,18.1,0.0,1.1,0.0,1.1,0.0,1.1,0.0,1.1,9.5,11.8,0.0,1.1
39,Ohio,OH,39061,Hamilton County,39061023001,Census Tract 230.01; Hamilton County; Ohio,6.77103602482,4440,490,2705,350,2336,342,500,280,31,34,851,321,308,210,365,234,1055,333,812,162,834,345,44,53,115,120,1693,723,1493,459,58,57,34,57,283,127,108,5,11.5,6.3,1.4,1.6,36.4,12.7,9.2,6.1,8.4,5.0,23.8,6.6,18.3,3.3,19.2,7.5,1.9,2.3,2.9,3.0,38.1,15.7,55.2,15.4,2.1,2.1,1.5,2.4,12.1,5.3,2.4,0.3,0.2561,0.1117,0.8413,0.5875,0.7417,2.5383,0.5216,0.8269,0.272,0.7721,0.1517,0.8941,2.9168,0.7838,0.7663,0.7663,0.7663,0.9794,0.7019,0.6606,0.7806,0.7885,3.911,0.986,10.1324,0.859,0,0,0,0,0,0,0,0,0,0,0,0,0,0,1,0,0,0,0,1,1,33405,394,246,760,467,168,243,538,334,0,12,0,12,227,289,0,12,16.9,9.7,17.1,10.4,3.8,5.4,12.1,7.5,0.0,0.8,0.0,0.8,5.1,6.5,0.0,0.8
39,Ohio,OH,39061,Hamilton County,39061023002,Census Tract 230.02; Hamilton County; Ohio,1.445307585762,5411,550,2597,342,2547,345,727,275,76,71,645,259,375,148,280,160,1161,314,736,163,769,243,112,94,0,68,601,851,158,123,0,17,15,30,54,51,70,5,13.6,4.9,2.4,2.3,25.3,9.6,8.7,3.5,5.2,3.1,21.5,4.9,13.6,3.2,14.3,4.4,4.4,3.6,0.0,1.3,11.1,15.7,6.1,4.7,0.0,1.3,0.6,1.2,2.1,2.0,1.3,0.2,0.3224,0.2514,0.593,0.5574,0.4706,2.1948,0.4257,0.7343,0.0904,0.5033,0.4184,0.0,1.7464,0.1597,0.3909,0.3909,0.3909,0.5905,0.0,0.4632,0.2248,0.6934,1.9719,0.4076,6.304,0.3057,0,0,0,0,0,0,0,0,0,0,0,0,0,0,0,0,0,0,0,0,0,3207,367,342,337,220,102,124,26,40,0,17,0,17,136,112,0,17,14.4,12.0,6.2,4.2,1.9,2.3,0.5,0.7,0.0,0.6,0.0,0.6,2.5,2.1,0.0,0.6
39,Ohio,OH,39061,Hamilton County,39061023100,Census Tract 231; Hamilton County; Ohio,4.761249245568,2663,20,978,82,947,75,83,53,26,19,52,30,49,27,172,117,639,92,630,116,224,69,24,15,45,60,519,176,0,16,0,12,0,16,5,7,0,12,3.1,2.0,2.2,1.5,5.5,3.1,2.6,1.3,6.5,4.4,24.0,3.5,23.7,4.3,8.4,2.6,2.6,1.6,1.8,2.4,19.5,6.6,0.0,1.6,0.0,3.5,0.0,1.7,0.5,0.8,0.0,0.5,0.0248,0.2238,0.006,0.1243,0.5947,0.9736,0.0927,0.8329,0.6354,0.1311,0.2187,0.8183,2.6364,0.6457,0.5834,0.5834,0.5834,0.0,0.0,0.0,0.0524,0.0,0.0524,0.0079,4.2458,0.0733,0,0,0,0,0,0,0,0,0,0,0,0,0,0,0,0,0,0,0,0,0,12672,27,20,110,51,76,52,132,86,0,12,0,12,201,159,0,12,2.9,2.0,4.1,1.9,2.9,1.9,5.0,3.2,0.0,1.3,0.0,1.3,7.5,6.0,0.0,1.3
39,Ohio,OH,39061,Hamilton County,39061023201,Census Tract 232.01; Hamilton County; Ohio,1.004480646588,2532,306,1482,217,1348,230,944,311,203,128,503,259,132,73,227,127,470,215,489,119,362,119,58,48,0,48,348,464,132,63,0,12,0,16,138,72,5,10,37.3,11.4,13.8,9.0,37.3,18.1,7.4,4.1,9.0,5.2,18.6,7.6,19.3,4.0,14.3,4.6,4.3,3.5,0.0,2.0,13.7,18.3,8.9,4.0,0.0,2.3,0.0,1.2,10.2,5.4,0.2,0.4,0.8032,0.9175,0.8578,0.4775,0.7721,3.8281,0.8521,0.5767,0.3377,0.5033,0.407,0.0,1.8247,0.1924,0.4642,0.4642,0.4642,0.6714,0.0,0.0,0.726,0.4356,1.833,0.3486,7.95,0.5775,0,1,0,0,0,1,0,0,0,0,0,0,0,0,0,0,0,0,0,0,1,5373,300,236,154,141,5,8,0,12,0,12,33,52,155,117,1,3,22.3,14.8,6.1,5.7,0.2,0.3,0.0,1.4,0.0,1.4,1.3,2.1,6.1,4.5,0.0,0.1
39,Ohio,OH,39061,Hamilton County,39061023210,Census Tract 232.10; Hamilton County; Ohio,1.222659936952,5808,729,2491,400,2445,412,564,272,88,85,202,101,278,154,245,201,892,160,1198,222,500,228,120,93,23,77,1413,898,654,372,0,17,63,65,89,88,17,3,9.7,4.5,2.5,2.2,8.3,3.9,6.5,3.6,4.2,3.1,15.4,3.1,20.6,3.6,8.6,4.0,4.9,3.7,0.4,1.4,24.3,15.2,26.3,14.3,0.0,1.4,2.6,2.6,3.6,3.7,0.3,0.0,0.1974,0.2657,0.0251,0.4157,0.3561,1.26,0.1603,0.3643,0.4271,0.1415,0.4644,0.5412,1.9385,0.24,0.6471,0.6471,0.6471,0.8965,0.0,0.8029,0.3638,0.4924,2.5556,0.6603,6.4012,0.3238,0,0,0,0,0,0,0,0,0,0,0,0,0,0,0,0,0,0,0,0,0,2752,53,49,700,593,423,327,184,180,5,8,0,17,101,108,0,17,2.2,2.0,12.1,9.1,7.3,5.5,3.2,3.1,0.1,0.1,0.0,0.6,1.7,1.8,0.0,0.6
39,Ohio,OH,39061,Hamilton County,39061023222,Census Tract 232.22; Hamilton County; Ohio,0.863133337612,3276,494,1767,287,1718,287,842,347,108,87,440,173,280,159,200,114,523,285,477,140,499,231,74,64,8,47,767,758,479,123,17,26,45,43,35,33,74,10,26.4,10.1,5.9,4.7,25.6,9.1,11.3,7.1,6.2,3.4,16.0,7.0,14.6,4.6,15.5,7.3,4.3,3.7,0.3,1.5,23.4,22.9,27.1,5.4,1.0,1.5,2.6,2.5,2.0,2.0,2.3,0.5,0.6496,0.6492,0.6032,0.6969,0.5659,3.1648,0.7048,0.3989,0.1173,0.5773,0.407,0.4968,1.9973,0.2705,0.6335,0.6335,0.6335,0.9006,0.6295,0.8029,0.2127,0.7815,3.3272,0.9048,9.1228,0.7413,0,0,0,0,0,0,0,0,0,0,0,0,0,0,1,0,0,0,0,1,1,2858,58,38,469,229,33,36,182,196,0,12,0,12,83,55,0,12,3.4,2.4,14.3,7.3,1.0,1.1,5.6,6.1,0.0,1.1,0.0,1.1,2.5,1.8,0.0,1.1
39,Ohio,OH,39061,Hamilton County,39061023300,Census Tract 233; Hamilton County; Ohio,3.395847399216,4249,198,1625,171,1625,171,205,131,144,68,151,64,9,15,52,34,905,183,1163,220,353,118,0,16,0,48,744,347,0,16,18,20,6,15,22,23,0,12,4.8,3.1,6.1,2.9,9.3,3.8,0.3,0.5,1.2,0.8,21.3,4.3,27.4,4.8,8.3,2.7,0.0,1.0,0.0,1.2,17.5,8.1,0.0,1.0,1.1,1.2,0.4,0.9,1.4,1.4,0.0,0.3,0.059,0.6648,0.0368,0.0114,0.0511,0.8231,0.0683,0.7251,0.832,0.1257,0.0,0.0,1.6828,0.1375,0.5469,0.5469,0.5469,0.0,0.6378,0.4206,0.1476,0.0,1.206,0.1479,4.2588,0.0756,0,0,0,0,0,0,0,0,0,0,0,0,0,0,0,0,0,0,0,0,0,2239,31,26,224,99,188,168,213,134,0,12,0,12,119,119,0,12,1.9,1.6,5.3,2.3,4.4,3.9,5.0,3.1,0.0,0.8,0.0,0.8,2.8,2.8,0.0,0.8
39,Ohio,OH,39061,Hamilton County,39061023400,Census Tract 234; Hamilton County; Ohio,0.580303970062,3786,19,1782,187,1699,159,1284,414,53,53,597,190,248,117,222,120,636,176,874,118,484,187,139,78,89,87,2752,236,47,36,10,15,25,39,204,99,0,12,33.9,10.9,2.5,2.5,35.1,10.7,8.9,4.1,5.9,3.2,16.8,4.6,23.1,3.1,12.8,4.9,8.2,4.5,2.5,2.4,72.7,6.2,2.7,2.0,0.6,0.8,1.5,2.3,12.0,5.5,0.0,0.3,0.7683,0.2657,0.8241,0.5704,0.537,2.9655,0.6502,0.4486,0.5948,0.4002,0.6946,0.8703,3.0085,0.8273,0.91,0.91,0.91,0.4533,0.5876,0.6606,0.7794,0.0,2.4809,0.6298,9.3649,0.7775,0,0,0,0,0,0,0,0,0,0,0,0,1,1,0,0,0,0,0,0,1,2281,228,99,2241,300,78,100,258,260,0,12,0,12,175,111,0,12,13.4,5.4,59.2,7.9,2.1,2.6,6.8,6.9,0.0,0.9,0.0,0.9,4.6,2.9,0.0,0.9
39,Ohio,OH,39061,Hamilton County,39061023501,Census Tract 235.01; Hamilton County; Ohio,3.131113087998,5061,517,2086,205,2011,208,289,146,24,26,298,105,45,31,78,69,1149,281,1113,203,336,113,62,43,42,68,1139,711,280,109,0,17,43,40,58,56,0,17,5.7,2.8,1.0,1.1,14.8,5.0,1.2,0.9,1.5,1.3,22.7,4.8,22.0,3.1,6.6,2.0,3.0,2.1,0.9,1.4,22.5,13.9,13.5,5.1,0.0,1.7,2.1,2.0,2.9,2.8,0.0,0.3,0.0781,0.0714,0.1829,0.0425,0.072,0.4469,0.0156,0.7819,0.5171,0.0584,0.2619,0.6855,2.3048,0.4381,0.6224,0.6224,0.6224,0.7562,0.0,0.7448,0.2962,0.0,1.7972,0.3349,5.1713,0.1581,0,0,0,0,0,0,0,0,0,0,0,0,0,0,0,0,0,0,0,0,0,20139,33,27,140,81,30,36,803,245,0,17,0,17,129,64,37,44,1.6,1.3,2.8,1.5,0.6,0.7,15.9,4.7,0.0,0.7,0.0,0.7,2.5,1.3,0.7,0.9
39,Ohio,OH,39061,Hamilton County,39061023521,Census Tract 235.21; Hamilton County; Ohio,2.456667797786,2790,556,1256,158,1121,137,239,115,51,44,250,100,104,67,9,10,378,118,806,333,139,69,77,46,49,58,932,763,31,34,58,60,24,38,69,93,2,2,8.6,3.8,3.4,2.6,22.3,8.5,5.8,3.5,0.3,0.4,13.5,5.9,28.9,7.0,5.0,2.7,6.9,4.0,1.9,2.3,33.4,26.5,2.5,2.7,4.6,4.6,2.1,3.4,6.2,8.1,0.1,0.1,0.1666,0.3975,0.4813,0.3662,0.0092,1.4208,0.2044,0.2616,0.884,0.027,0.613,0.8275,2.6131,0.6298,0.733,0.733,0.733,0.4413,0.7778,0.7448,0.5546,0.3694,2.8879,0.7908,7.6548,0.5251,0,0,0,0,0,0,0,0,0,0,0,0,0,0,0,0,0,0,0,0,0,18098,16,17,322,162,47,56,497,262,0,12,0,12,41,39,25,42,1.4,1.5,11.5,5.5,1.7,2.1,17.8,9.7,0.0,1.2,0.0,1.2,1.5,1.4,0.9,1.6
39,Ohio,OH,39061,Hamilton County,39061023522,Census Tract 235.22; Hamilton County; Ohio,2.304910020584,5746,642,2871,286,2615,266,546,214,36,36,705,227,124,71,166,138,1194,154,1231,268,642,185,312,164,0,68,1500,835,540,179,0,17,0,24,136,95,79,10,9.6,3.6,1.2,1.1,27.0,8.2,3.0,1.7,2.9,2.3,20.8,2.9,21.4,3.4,11.4,3.4,11.9,6.2,0.0,1.3,26.1,14.2,18.8,5.9,0.0,1.2,0.0,0.9,5.2,3.6,1.4,0.1,0.1939,0.0898,0.6517,0.1512,0.2142,1.3008,0.1695,0.7051,0.4803,0.3088,0.8359,0.0,2.3301,0.453,0.6677,0.6677,0.6677,0.8286,0.0,0.0,0.4844,0.7029,2.0159,0.4232,6.3145,0.3076,0,0,0,0,0,0,0,0,0,0,0,0,0,0,0,0,0,0,0,0,0,15020,206,103,499,304,545,449,322,125,0,17,0,17,114,133,20,33,7.9,3.9,8.7,5.1,9.5,7.3,5.6,2.3,0.0,0.6,0.0,0.6,2.0,2.3,0.3,0.6
39,Ohio,OH,39061,Hamilton County,39061023600,Census Tract 236; Hamilton County; Ohio,1.113289981718,3898,468,1961,166,1761,192,391,159,28,26,412,124,102,52,138,77,712,144,745,170,388,117,58,55,0,48,183,664,24,29,0,12,7,16,56,44,4,8,10.0,3.9,1.3,1.2,23.4,6.6,3.6,1.8,3.5,1.9,18.3,3.4,19.1,3.1,10.0,2.6,3.3,3.1,0.0,1.3,4.7,17.0,1.2,1.5,0.0,1.8,0.4,0.9,3.2,2.4,0.1,0.2,0.205,0.1013,0.52,0.1966,0.2856,1.3085,0.1733,0.5549,0.3256,0.2174,0.2943,0.0,1.3922,0.0654,0.1395,0.1395,0.1395,0.3483,0.0,0.4206,0.3248,0.3694,1.4631,0.2187,4.3033,0.0797,0,0,0,0,0,0,0,0,0,0,0,0,0,0,0,0,0,0,0,0,0,1812,182,86,78,68,27,31,53,45,0,12,0,12,25,32,0,12,10.3,4.6,2.0,1.7,0.7,0.8,1.4,1.2,0.0,0.9,0.0,0.9,0.6,0.8,0.0,0.9
39,Ohio,OH,39061,Hamilton County,39061023701,Census Tract 237.01; Hamilton County; Ohio,0.459654817102,2965,275,1411,130,1330,131,499,351,79,65,306,167,174,101,165,122,448,107,557,193,353,116,127,158,21,51,137,399,70,47,0,12,0,16,63,38,144,7,17.4,12.2,4.4,3.6,23.0,12.4,7.8,4.4,5.8,4.2,15.1,3.7,18.8,5.6,12.3,4.3,9.5,11.8,0.8,1.9,4.6,13.5,5.0,3.3,0.0,2.4,0.0,1.2,4.7,2.7,4.9,0.5,0.437,0.5244,0.5079,0.5003,0.5294,2.499,0.5089,0.3472,0.3015,0.3745,0.76,0.6636,2.4468,0.527,0.1335,0.1335,0.1335,0.5578,0.0,0.0,0.4479,0.9036,1.9093,0.3797,6.9886,0.4203,0,0,0,0,0,0,0,0,0,0,0,0,0,0,0,0,0,0,1,1,1,2442,35,31,43,56,10,16,48,51,0,12,0,12,36,33,0,12,2.6,2.3,1.5,1.9,0.3,0.5,1.6,1.8,0.0,1.2,0.0,1.2,1.2,1.1,0.0,1.2
39,Ohio,OH,39061,Hamilton County,39061023702,Census Tract 237.02; Hamilton County; Ohio,0.406827569258,2394,279,1311,249,1224,254,170,103,27,28,208,95,49,32,56,45,560,254,392,70,218,88,29,27,0,48,129,393,7,16,0,12,0,16,7,11,4,8,7.1,4.2,1.6,1.7,17.0,6.9,2.6,1.9,2.3,1.9,23.4,9.3,16.4,3.3,9.1,3.7,2.4,2.1,0.0,2.1,5.4,16.4,0.5,1.2,0.0,2.6,0.0,1.3,0.6,1.0,0.2,0.3,0.1228,0.1346,0.2714,0.1243,0.1492,0.8023,0.0638,0.8107,0.1763,0.1644,0.201,0.0,1.3524,0.0594,0.1687,0.1687,0.1687,0.2819,0.0,0.0,0.0616,0.4356,0.7791,0.0714,3.1025,0.0133,0,0,0,0,0,0,0,0,0,0,0,0,0,0,0,0,0,0,0,0,0,1213,41,31,60,60,27,29,11,14,13,22,0,12,18,21,0,12,3.3,2.6,2.5,2.5,1.1,1.2,0.5,0.6,0.5,0.9,0.0,1.4,0.8,0.9,0.0,1.4
39,Ohio,OH,39061,Hamilton County,39061023800,Census Tract 238; Hamilton County; Ohio,1.143949183232,5225,212,2900,284,2612,264,1142,393,158,111,1018,314,368,167,426,216,1076,240,909,273,1021,279,176,115,105,129,3075,418,328,141,0,17,31,50,307,189,132,8,22.2,7.6,5.4,3.6,39.0,11.4,8.8,3.9,8.3,4.1,20.6,4.7,17.4,5.2,19.9,5.5,6.7,4.4,2.1,2.6,58.9,7.6,11.4,4.7,0.0,1.2,1.2,1.9,11.8,6.8,2.5,0.1,0.5643,0.6143,0.8835,0.5647,0.7363,3.3631,0.7483,0.6969,0.2248,0.8032,0.5975,0.8427,3.1651,0.8768,0.8586,0.8586,0.8586,0.7178,0.0,0.6038,0.774,0.7949,2.8905,0.7927,10.2773,0.874,0,0,0,0,0,0,0,0,0,0,0,0,0,0,0,0,0,0,0,0,0,2876,512,262,2073,338,400,251,120,116,43,44,0,17,403,240,36,45,19.6,9.1,39.7,6.8,7.7,4.7,2.3,2.3,0.8,0.8,0.0,0.7,7.7,4.5,0.7,0.9
39,Ohio,OH,39061,Hamilton County,39061023901,Census Tract 239.01; Hamilton County; Ohio,1.80128745213,4467,451,1987,219,1923,234,451,256,85,56,573,255,39,14,98,59,1072,245,976,154,322,103,0,16,29,52,1186,577,129,62,0,12,26,35,0,12,159,5,10.5,5.8,3.5,2.4,29.8,12.8,1.2,0.4,2.3,1.4,24.0,5.1,21.8,2.6,7.5,2.3,0.0,0.8,0.7,1.2,26.6,12.6,6.5,3.0,0.0,1.7,1.4,1.8,0.0,1.8,3.6,0.4,0.225,0.4156,0.7206,0.0425,0.1492,1.5529,0.2403,0.8329,0.5025,0.0898,0.0,0.6367,2.0619,0.3019,0.6722,0.6722,0.6722,0.6013,0.0,0.6384,0.0,0.8545,2.0942,0.4568,6.3812,0.3213,0,0,0,0,0,0,0,0,0,0,0,0,0,0,0,0,0,0,0,0,0,8833,54,38,561,328,89,71,354,179,14,20,0,12,135,84,33,43,2.8,2.0,12.6,6.8,2.0,1.6,7.9,3.8,0.3,0.4,0.0,0.8,3.0,1.9,0.7,1.0
39,Ohio,OH,39061,Hamilton County,39061023902,Census Tract 239.02; Hamilton County; Ohio,1.994956601432,5243,690,2077,332,2004,364,179,88,105,112,138,65,48,45,56,55,1246,298,1276,205,444,202,78,61,0,68,783,930,93,55,0,17,0,24,56,36,133,3,3.5,1.7,4.2,4.5,6.9,3.0,1.3,1.2,1.1,1.1,23.8,4.6,24.3,3.0,8.7,3.7,3.9,3.0,0.0,1.4,14.9,17.6,4.5,2.5,0.0,1.7,0.0,1.2,2.8,1.8,2.5,0.3,0.0336,0.4975,0.0143,0.0488,0.0451,0.6393,0.0394,0.8269,0.6734,0.1476,0.3638,0.0,2.0117,0.2768,0.4911,0.4911,0.4911,0.5397,0.0,0.0,0.2848,0.7949,1.6194,0.2651,4.7615,0.1194,0,0,0,0,0,0,0,0,0,0,0,0,0,0,0,0,0,0,0,0,0,7537,118,64,61,52,240,207,123,102,0,17,0,17,326,320,33,41,5.9,2.8,1.2,1.0,4.6,3.8,2.3,1.9,0.0,0.7,0.0,0.7,6.2,5.9,0.6,0.8
39,Ohio,OH,39061,Hamilton County,39061024001,Census Tract 240.01; Hamilton County; Ohio,1.508783140664,5620,527,2624,281,2568,275,769,343,216,122,677,235,142,85,287,236,1457,265,1031,185,538,239,115,96,13,68,1607,730,523,184,0,17,42,66,235,137,181,7,14.1,6.1,6.9,4.1,26.4,8.7,3.3,1.9,5.3,4.2,25.9,4.6,18.3,3.1,9.9,4.3,4.4,3.7,0.2,1.3,28.6,12.7,19.9,6.7,0.0,1.3,1.6,2.6,9.2,5.0,3.2,0.3,0.3354,0.7143,0.6327,0.176,0.4808,2.3392,0.4641,0.8938,0.272,0.2104,0.4184,0.4556,2.2502,0.4041,0.6921,0.6921,0.6921,0.8451,0.0,0.6794,0.6937,0.8405,3.0587,0.8457,8.3402,0.6371,0,0,0,0,0,0,0,0,0,0,0,0,0,0,0,0,0,0,0,0,0,15742,303,142,589,174,542,265,233,76,0,17,0,17,171,178,72,77,11.8,5.1,10.5,3.1,9.6,4.5,4.1,1.5,0.0,0.6,0.0,0.6,3.0,3.1,1.3,1.4
39,Ohio,OH,39061,Hamilton County,39061024002,Census Tract 240.02; Hamilton County; Ohio,1.073824565788,3144,322,1407,188,1274,182,240,170,49,51,382,173,70,61,170,152,827,99,596,104,355,95,31,37,44,60,675,456,311,90,0,12,0,16,155,52,243,5,8.2,5.8,3.2,3.3,30.0,12.9,2.9,2.5,5.8,5.1,26.3,3.3,19.0,3.1,12.2,3.2,2.4,2.9,1.5,2.0,21.5,14.3,22.1,5.7,0.0,2.5,0.0,1.3,12.2,4.3,7.7,0.8,0.1514,0.3711,0.7267,0.1433,0.5294,1.9219,0.3413,0.9055,0.3183,0.3659,0.201,0.7854,2.5761,0.6073,0.611,0.611,0.611,0.8683,0.0,0.0,0.7825,0.9426,2.5934,0.673,7.7024,0.534,0,0,0,0,0,0,1,0,0,0,0,1,0,0,0,0,0,0,1,1,2,8490,183,128,107,65,99,123,440,287,3,6,0,12,26,35,0,12,14.4,8.9,3.4,2.1,3.1,3.9,14.0,8.5,0.1,0.2,0.0,1.1,0.8,1.1,0.0,1.1
39,Ohio,OH,39061,Hamilton County,39061024100,Census Tract 241; Hamilton County; Ohio,1.87136303462,7265,396,2792,185,2606,142,154,97,69,88,252,105,62,45,54,44,1088,221,2224,249,572,168,142,93,0,68,820,647,29,31,68,46,0,24,10,18,114,13,2.1,1.3,1.9,2.5,9.7,4.0,1.3,1.0,0.8,0.6,15.0,3.2,30.6,2.6,8.0,2.3,5.5,3.6,0.0,1.0,11.3,8.9,1.0,1.1,2.4,1.6,0.0,0.9,0.4,0.7,1.6,0.2,0.014,0.1787,0.0435,0.0488,0.0279,0.3129,0.0076,0.3431,0.9287,0.1104,0.5171,0.0,1.8993,0.2213,0.3989,0.3989,0.3989,0.3292,0.7143,0.0,0.0476,0.727,1.8181,0.3438,4.4292,0.0908,0,0,0,0,0,0,0,1,0,0,0,1,0,0,0,0,0,0,0,0,1,6438,107,71,47,41,301,234,261,171,0,17,0,17,211,161,0,17,4.1,2.7,0.6,0.6,4.1,3.2,3.6,2.4,0.0,0.5,0.0,0.5,2.9,2.2,0.0,0.5
39,Ohio,OH,39061,Hamilton County,39061024200,Census Tract 242; Hamilton County; Ohio,1.641517672326,2768,367,1276,134,1158,144,157,77,35,38,243,98,53,44,32,42,878,130,565,126,448,129,0,16,0,48,554,521,306,80,0,12,0,16,128,62,149,3,6.0,2.8,3.1,3.4,21.0,8.0,2.6,2.1,1.2,1.6,31.7,4.4,20.4,3.0,17.1,4.0,0.0,1.4,0.0,1.8,20.0,18.6,24.0,5.7,0.0,2.7,0.0,1.4,11.1,5.1,5.4,0.7,0.0844,0.3537,0.4365,0.1243,0.0511,1.05,0.1111,0.9727,0.4134,0.6674,0.0,0.0,2.0535,0.2975,0.5904,0.5904,0.5904,0.8803,0.0,0.0,0.7552,0.9157,2.5512,0.6575,6.2451,0.2994,0,0,0,0,0,0,1,0,0,0,0,1,0,0,0,0,0,0,1,1,2,1135,157,68,360,184,44,79,108,107,0,12,0,12,42,64,0,12,13.6,5.7,13.0,6.4,1.6,2.8,3.9,3.8,0.0,1.3,0.0,1.3,1.5,2.3,0.0,1.3
39,Ohio,OH,39061,Hamilton County,39061024301,Census Tract 243.01; Hamilton County; Ohio,1.754139378604,3647,427,1435,174,1417,173,270,117,49,38,227,87,25,28,204,99,610,155,1038,190,303,116,55,42,135,100,1155,589,18,17,0,12,26,32,0,12,0,12,7.4,3.1,2.8,2.2,16.0,5.8,1.0,1.1,5.6,2.7,16.7,4.2,28.5,3.2,8.3,2.9,3.9,2.9,4.0,2.9,31.7,15.7,1.2,1.2,0.0,2.4,1.8,2.2,0.0,2.4,0.0,0.3,0.1317,0.3133,0.2279,0.0333,0.5075,1.2137,0.1498,0.4439,0.8719,0.1257,0.3638,0.9296,2.7349,0.7013,0.72,0.72,0.72,0.3483,0.0,0.7079,0.0,0.0,1.0562,0.1143,5.7248,0.2184,0,0,0,0,0,0,0,0,0,0,1,1,0,0,0,0,0,0,0,0,1,10816,28,33,132,85,128,114,701,246,0,12,0,12,194,145,0,12,2.0,2.2,3.6,2.3,3.5,3.1,19.2,6.4,0.0,1.0,0.0,1.0,5.3,4.1,0.0,1.0
39,Ohio,OH,39061,Hamilton County,39061024303,Census Tract 243.03; Hamilton County; Ohio,2.930196418054,6785,517,2623,226,2544,224,849,379,54,54,529,190,173,117,259,170,676,105,1882,263,486,176,203,141,20,73,964,794,437,181,0,17,47,69,238,158,0,17,12.5,5.5,1.4,1.4,20.8,7.2,4.0,2.7,3.8,2.5,10.0,1.5,27.7,3.1,7.2,2.6,8.0,5.5,0.3,1.1,14.2,11.7,16.7,6.7,0.0,1.3,1.8,2.7,9.4,6.1,0.0,0.3,0.2847,0.1117,0.4283,0.2283,0.3113,1.3643,0.1876,0.124,0.844,0.0774,0.6851,0.4968,2.2273,0.3921,0.4769,0.4769,0.4769,0.8089,0.0,0.7079,0.6997,0.0,2.2165,0.5086,6.285,0.3035,0,0,0,0,0,0,0,0,0,0,0,0,0,0,0,0,0,0,0,0,0,9170,43,35,282,169,430,313,143,127,0,17,0,17,109,88,0,17,1.7,1.4,4.2,2.5,6.3,4.6,2.1,1.9,0.0,0.5,0.0,0.5,1.6,1.3,0.0,0.5
39,Ohio,OH,39061,Hamilton County,39061024322,Census Tract 243.22; Hamilton County; Ohio,4.802499224942,8905,1069,3021,224,2799,235,521,401,117,66,252,133,41,35,120,110,1102,182,3274,785,424,222,94,61,47,74,1853,1541,96,83,0,17,43,49,65,68,0,17,5.9,4.5,2.9,1.5,9.0,4.7,0.8,0.6,1.3,1.2,12.4,2.7,36.8,5.0,4.8,2.4,3.4,2.2,0.6,0.9,20.8,17.1,3.1,2.7,0.0,1.1,1.5,1.7,2.3,2.4,0.0,0.2,0.0831,0.327,0.0324,0.0241,0.0593,0.5259,0.026,0.2118,0.9845,0.0225,0.3089,0.6088,2.1365,0.3438,0.6005,0.6005,0.6005,0.4765,0.0,0.6606,0.2429,0.0,1.38,0.1956,4.6429,0.107,0,0,0,0,0,0,0,1,0,0,0,1,0,0,0,0,0,0,0,0,1,4411,106,74,141,106,704,441,864,286,4,8,0,17,140,148,0,17,3.8,2.6,1.6,1.2,7.9,4.7,9.7,3.6,0.0,0.1,0.0,0.4,1.6,1.7,0.0,0.4
39,Ohio,OH,39061,Hamilton County,39061024323,Census Tract 243.23; Hamilton County; Ohio,1.264218797926,3860,551,1422,175,1402,182,438,424,67,90,172,86,55,37,107,101,946,332,1011,272,250,196,114,99,320,271,1347,625,71,55,0,12,14,22,0,12,0,12,11.3,10.9,3.1,4.2,12.3,5.9,2.1,1.5,2.8,2.4,24.5,7.6,26.2,5.2,6.5,5.3,8.2,7.0,8.5,7.1,34.9,15.4,5.0,3.8,0.0,2.4,1.0,1.6,0.0,2.5,0.0,0.3,0.2513,0.3537,0.1063,0.0938,0.1996,1.0047,0.1,0.8481,0.779,0.0549,0.6946,0.9832,3.3598,0.9206,0.7441,0.7441,0.7441,0.5578,0.0,0.5676,0.0,0.0,1.1254,0.1298,6.234,0.2962,0,0,0,0,0,0,0,0,0,0,1,1,0,0,0,0,0,0,0,0,1,2194,60,68,53,61,168,135,585,444,0,12,0,12,102,122,439,322,4.3,4.8,1.4,1.6,4.4,3.4,15.2,10.6,0.0,0.9,0.0,0.9,2.6,3.2,11.4,7.9
39,Ohio,OH,39061,Hamilton County,39061024324,Census Tract 243.24; Hamilton County; Ohio,1.608912902834,4241,596,1983,289,1743,280,461,301,64,68,284,114,138,79,170,112,851,154,952,255,413,123,10,19,5,47,669,741,680,255,29,40,23,32,97,57,27,2,11.0,7.0,2.7,2.9,16.3,6.0,4.5,2.6,4.0,2.7,20.1,4.1,22.4,4.6,9.8,3.0,0.6,1.1,0.1,1.2,15.8,17.3,34.3,11.8,1.5,2.0,1.3,1.8,5.6,3.2,0.6,0.1,0.2415,0.2968,0.2422,0.267,0.3377,1.3852,0.1946,0.6687,0.5466,0.2056,0.0521,0.4245,1.8975,0.2194,0.513,0.513,0.513,0.9359,0.6667,0.6181,0.5175,0.6059,3.3441,0.9079,7.1398,0.4457,0,0,0,0,0,0,0,0,0,0,0,0,0,0,1,0,0,0,0,1,1,3696,108,72,381,397,127,107,89,99,0,12,0,12,48,53,24,37,6.2,3.9,9.0,8.7,3.0,2.5,2.1,2.4,0.0,0.8,0.0,0.8,1.1,1.2,0.6,0.9
39,Ohio,OH,39061,Hamilton County,39061024401,Census Tract 244.01; Hamilton County; Ohio,8.726477403164,5115,511,2200,283,2160,290,631,367,145,110,418,185,31,42,150,122,1641,537,1081,270,298,115,65,80,88,100,835,708,93,102,0,17,0,24,28,50,13,3,12.3,7.1,6.6,5.1,19.4,8.2,0.8,1.1,2.9,2.4,32.1,8.6,21.1,5.3,5.8,2.3,3.0,3.7,1.8,2.0,16.3,13.7,4.2,4.6,0.0,1.6,0.0,1.1,1.3,2.3,0.3,0.1,0.2786,0.6965,0.3708,0.0241,0.2142,1.5842,0.2476,0.975,0.4569,0.0397,0.2619,0.8183,2.5518,0.5905,0.5209,0.5209,0.5209,0.5257,0.0,0.0,0.1349,0.4924,1.153,0.1359,5.8099,0.233,0,0,0,0,0,0,1,0,0,0,0,1,0,0,0,0,0,0,0,0,1,4135,312,244,494,301,80,73,143,125,37,45,0,17,81,73,0,17,14.4,10.6,9.7,5.5,1.6,1.5,2.8,2.5,0.7,0.9,0.0,0.7,1.6,1.4,0.0,0.7
39,Ohio,OH,39061,Hamilton County,39061024402,Census Tract 244.02; Hamilton County; Ohio,10.80351427047,2991,375,1088,132,1088,132,73,76,30,42,97,60,62,67,22,31,635,123,771,165,223,95,53,41,0,48,492,545,23,35,0,12,0,16,23,33,7,4,2.4,2.5,2.0,2.8,8.9,5.4,2.9,3.0,0.7,1.0,21.2,3.9,25.8,4.1,7.5,3.4,4.8,3.7,0.0,1.6,16.4,18.1,2.1,3.2,0.0,3.2,0.0,1.5,2.1,3.0,0.2,0.1,0.0175,0.194,0.0314,0.1433,0.0235,0.4097,0.0121,0.7213,0.7562,0.0898,0.4565,0.0,2.0238,0.2844,0.5225,0.5225,0.5225,0.4111,0.0,0.0,0.2248,0.4356,1.0715,0.1178,4.0275,0.0565,0,0,0,0,0,0,0,0,0,0,0,0,0,0,0,0,0,0,0,0,0,3703,40,40,63,90,42,69,293,174,0,12,0,12,94,74,0,12,3.7,3.7,2.1,3.0,1.4,2.3,9.8,5.8,0.0,1.2,0.0,1.2,3.1,2.4,0.0,1.2
39,Ohio,OH,39061,Hamilton County,39061024700,Census Tract 247; Hamilton County; Ohio,0.778521787026,1661,186,752,78,733,78,212,74,39,22,192,55,64,24,67,32,203,33,393,75,203,71,102,52,0,48,172,252,11,16,0,12,6,15,26,16,0,12,12.8,4.2,3.9,2.2,26.2,7.0,5.6,2.1,4.0,2.0,12.2,1.9,23.7,3.5,12.2,3.9,13.9,6.9,0.0,3.0,10.4,15.1,1.5,2.1,0.0,4.5,0.8,2.0,3.5,2.2,0.0,0.7,0.297,0.4644,0.6241,0.3497,0.3377,2.0729,0.3898,0.2032,0.6354,0.3659,0.879,0.0,2.0835,0.3146,0.3694,0.3694,0.3694,0.3717,0.0,0.5117,0.3537,0.0,1.2371,0.1587,5.7629,0.2257,0,0,0,0,0,0,0,0,0,0,0,0,0,0,0,0,0,0,0,0,0,4922,81,32,66,54,79,61,0,12,0,12,0,12,27,20,0,12,11.1,4.3,4.0,3.2,4.8,3.5,0.0,2.1,0.0,2.1,0.0,2.1,1.6,1.2,0.0,2.1
39,Ohio,OH,39061,Hamilton County,39061024800,Census Tract 248; Hamilton County; Ohio,0.8514305859919999,3647,126,1689,167,1496,147,57,43,32,25,234,87,20,24,15,19,499,95,998,195,171,94,35,45,30,53,228,194,238,84,27,40,0,16,49,37,47,2,1.6,1.2,1.7,1.3,15.6,5.6,0.8,1.0,0.4,0.5,13.7,2.6,27.4,5.2,4.8,2.6,2.3,3.0,0.9,1.6,6.3,5.3,14.1,4.8,1.6,2.3,0.0,1.1,3.3,2.4,1.3,0.0,0.0079,0.1492,0.213,0.0241,0.0114,0.4056,0.0114,0.2752,0.832,0.0225,0.1902,0.6855,2.0054,0.2737,0.208,0.208,0.208,0.7663,0.6749,0.0,0.3346,0.6934,2.4692,0.6229,5.0882,0.1502,0,0,0,0,0,0,0,0,0,0,0,0,0,0,0,0,0,0,0,0,0,4463,9,15,129,106,0,12,35,58,0,12,0,12,51,55,13,21,0.6,1.0,3.5,2.9,0.0,1.0,1.0,1.6,0.0,1.0,0.0,1.0,1.4,1.5,0.4,0.6
39,Ohio,OH,39061,Hamilton County,39061024901,Census Tract 249.01; Hamilton County; Ohio,6.131250725046,844,125,508,60,413,67,201,86,25,21,76,43,128,56,104,63,172,34,159,52,116,53,0,16,7,46,36,183,0,16,29,26,0,16,52,44,15,2,24.5,9.8,5.8,5.0,18.4,10.0,20.5,7.7,12.5,7.3,20.4,4.7,18.8,5.1,14.0,6.6,0.0,3.9,0.9,5.8,4.3,21.7,0.0,3.1,5.7,4.9,0.0,3.9,12.6,10.0,1.8,0.4,0.6135,0.6432,0.3286,0.9169,0.8978,3.4,0.7565,0.6855,0.3015,0.4811,0.0,0.6855,2.1536,0.3517,0.1189,0.1189,0.1189,0.0,0.7994,0.0,0.793,0.7445,2.3369,0.5663,8.0094,0.5873,0,0,0,1,0,1,0,0,0,0,0,0,0,0,0,0,0,0,0,0,1,3206,76,45,0,12,0,12,8,14,0,12,0,12,28,23,0,12,18.4,10.4,0.0,4.1,0.0,4.1,0.9,1.6,0.0,4.1,0.0,4.1,3.3,2.9,0.0,4.1
39,Ohio,OH,39061,Hamilton County,39061024903,Census Tract 249.03; Hamilton County; Ohio,2.658935438628,4743,630,1566,196,1561,197,19,23,70,65,120,74,86,69,46,49,652,117,1572,284,244,129,54,43,0,48,340,833,0,16,0,12,0,16,0,12,0,12,0.4,0.5,2.8,2.5,7.7,4.6,3.0,2.4,1.0,1.0,13.7,2.6,33.1,2.9,5.1,2.7,3.4,2.7,0.0,1.1,7.2,17.5,0.0,1.0,0.0,2.2,0.0,1.0,0.0,2.2,0.0,0.3,0.0013,0.3133,0.0184,0.1512,0.0394,0.5236,0.0251,0.2752,0.9588,0.0279,0.3089,0.0,1.5708,0.1067,0.2435,0.2435,0.2435,0.0,0.0,0.0,0.0,0.0,0.0,0.0,2.3379,0.0019,0,0,0,0,0,0,0,1,0,0,0,1,0,0,0,0,0,0,0,0,1,4948,66,55,57,80,19,29,20,24,0,12,0,12,244,187,0,12,4.2,3.5,1.2,1.7,0.4,0.6,0.4,0.5,0.0,0.7,0.0,0.7,5.1,3.6,0.0,0.7
39,Ohio,OH,39061,Hamilton County,39061024904,Census Tract 249.04; Hamilton County; Ohio,2.741804510888,3380,340,1407,120,1316,124,134,89,51,46,227,162,33,23,42,27,631,246,935,219,124,36,46,30,9,48,256,490,91,42,0,12,0,16,13,14,0,12,4.0,2.6,2.9,2.6,17.2,12.2,1.4,1.0,1.2,0.8,18.7,7.1,27.7,4.6,3.7,1.2,3.5,2.3,0.3,1.5,7.6,14.5,6.4,2.9,0.0,2.5,0.0,1.2,1.0,1.0,0.0,0.4,0.0444,0.327,0.2784,0.0536,0.0511,0.7545,0.0543,0.5821,0.844,0.0067,0.3187,0.4968,2.2483,0.4035,0.2609,0.2609,0.2609,0.5978,0.0,0.0,0.1067,0.0,0.7045,0.059,3.9682,0.0517,0,0,0,0,0,0,0,0,0,0,0,0,0,0,0,0,0,0,0,0,0,1536,47,36,70,49,16,18,61,60,0,12,0,12,61,47,48,72,3.6,2.8,2.1,1.5,0.5,0.5,1.8,1.8,0.0,1.0,0.0,1.0,1.8,1.4,1.4,2.1
39,Ohio,OH,39061,Hamilton County,39061025001,Census Tract 250.01; Hamilton County; Ohio,2.287356279256,6860,1078,2669,410,2669,410,421,189,159,127,437,165,41,41,203,184,1280,318,1770,453,397,170,79,63,24,70,804,1537,121,98,0,17,0,24,26,29,159,7,6.3,2.6,4.3,3.5,16.4,5.6,0.8,0.8,3.0,2.7,18.7,4.6,25.8,4.3,5.9,2.5,2.9,2.3,0.4,1.1,11.7,22.3,4.5,3.6,0.0,1.3,0.0,0.9,1.0,1.1,2.3,0.4,0.0952,0.5117,0.2451,0.0241,0.2291,1.1052,0.1235,0.5821,0.7562,0.0422,0.2473,0.5412,2.169,0.361,0.4084,0.4084,0.4084,0.5397,0.0,0.0,0.1067,0.7815,1.4279,0.2083,5.1105,0.1517,0,0,0,0,0,0,0,0,0,0,0,0,0,0,0,0,0,0,0,0,0,7549,97,66,310,380,161,113,210,186,0,17,0,17,123,107,0,17,3.6,2.6,4.5,5.5,2.3,1.7,3.1,2.7,0.0,0.5,0.0,0.5,1.8,1.6,0.0,0.5
39,Ohio,OH,39061,Hamilton County,39061025002,Census Tract 250.02; Hamilton County; Ohio,3.212103001824,6916,648,2545,184,2545,184,773,421,57,45,436,165,55,63,99,81,941,98,1952,400,523,190,197,144,20,72,552,917,0,24,0,17,10,26,14,23,0,17,11.2,6.0,1.5,1.3,17.1,6.4,1.2,1.4,1.4,1.1,13.6,1.4,28.2,3.7,7.6,2.9,7.7,5.6,0.3,1.1,8.0,13.2,0.0,0.9,0.0,1.4,0.4,1.0,0.6,0.9,0.0,0.2,0.2475,0.1251,0.2765,0.0425,0.0676,0.7592,0.0556,0.2695,0.8608,0.0952,0.667,0.4968,2.3893,0.4898,0.2825,0.2825,0.2825,0.0,0.0,0.4206,0.0616,0.0,0.4822,0.033,3.9132,0.046,0,0,0,0,0,0,0,0,0,0,0,0,0,0,0,0,0,0,0,0,0,2983,143,92,50,56,247,215,65,75,0,17,0,17,190,134,0,17,5.6,3.6,0.7,0.8,3.6,3.0,0.9,1.1,0.0,0.5,0.0,0.5,2.7,2.0,0.0,0.5
39,Ohio,OH,39061,Hamilton County,39061025101,Census Tract 251.01; Hamilton County; Ohio,2.513544869508,4748,519,1598,134,1522,137,288,186,71,44,154,68,27,28,75,70,731,168,1392,218,232,81,67,42,0,48,700,729,0,16,0,12,6,15,13,20,0,12,6.1,3.9,2.9,1.7,10.1,4.4,0.9,0.9,1.6,1.5,15.4,3.4,29.3,2.8,4.9,1.8,4.4,2.7,0.0,1.1,14.7,15.3,0.0,1.0,0.0,2.2,0.4,1.0,0.9,1.3,0.0,0.3,0.0882,0.327,0.0514,0.0289,0.0825,0.578,0.0308,0.3643,0.8951,0.0251,0.4184,0.0,1.7029,0.1438,0.4857,0.4857,0.4857,0.0,0.0,0.4206,0.0975,0.0,0.5181,0.0381,3.2847,0.0194,0,0,0,0,0,0,0,0,0,0,0,0,0,0,0,0,0,0,0,0,0,1944,63,49,143,149,171,140,143,129,0,12,0,12,243,193,0,12,4.1,3.1,3.0,3.1,3.6,3.1,3.0,2.7,0.0,0.7,0.0,0.7,5.1,3.9,0.0,0.7
39,Ohio,OH,39061,Hamilton County,39061025102,Census Tract 251.02; Hamilton County; Ohio,1.99320717327,7479,797,2965,336,2753,273,871,433,147,89,499,217,70,73,475,264,934,107,1907,235,489,155,233,106,19,72,959,1157,285,197,0,17,0,24,47,58,7,3,11.6,5.7,3.6,2.1,18.1,7.7,1.4,1.4,6.4,3.5,12.5,2.0,25.5,2.2,6.5,2.1,8.5,3.8,0.3,1.0,12.8,15.4,9.6,6.6,0.0,1.2,0.0,0.9,1.7,2.1,0.1,0.0,0.2609,0.4308,0.3175,0.0536,0.5849,1.6477,0.266,0.2166,0.7378,0.0549,0.7102,0.4968,2.2163,0.3851,0.4401,0.4401,0.4401,0.6832,0.0,0.0,0.1848,0.3694,1.2374,0.159,5.5415,0.1946,0,0,0,0,0,0,0,0,0,0,0,0,0,0,0,0,0,0,0,0,0,7736,107,74,535,471,292,266,72,84,0,17,0,17,60,101,0,17,3.9,2.7,7.2,6.2,3.9,3.5,1.0,1.2,0.0,0.5,0.0,0.5,0.8,1.4,0.0,0.5
39,Ohio,OH,39061,Hamilton County,39061025103,Census Tract 251.03; Hamilton County; Ohio,2.401887646026,6668,584,2962,352,2919,372,555,320,197,148,736,324,132,124,177,123,1998,420,1457,273,959,360,86,73,17,71,723,816,814,324,0,17,0,24,486,296,102,6,8.4,4.8,6.1,4.2,25.2,10.6,2.7,2.5,2.7,1.8,30.0,5.1,21.9,3.7,14.5,4.9,2.9,2.5,0.3,1.1,10.8,12.2,27.5,10.4,0.0,1.2,0.0,0.8,16.6,8.9,1.5,0.2,0.1568,0.6648,0.5889,0.1325,0.1888,1.7318,0.2889,0.9594,0.5098,0.5198,0.2473,0.4968,2.7331,0.7003,0.3824,0.3824,0.3824,0.9044,0.0,0.0,0.8613,0.7146,2.4803,0.6289,7.3276,0.4743,0,0,0,0,0,0,1,0,0,0,0,1,0,0,1,0,0,0,0,1,2,8181,307,105,388,316,102,71,83,108,0,17,0,17,136,121,14,24,10.5,3.9,5.8,4.6,1.5,1.1,1.2,1.7,0.0,0.5,0.0,0.5,2.0,1.8,0.2,0.4
39,Ohio,OH,39061,Hamilton County,39061025200,Census Tract 252; Hamilton County; Ohio,0.588601302042,3895,509,2213,289,1974,280,845,309,41,32,761,272,334,159,452,193,600,209,598,193,615,190,38,41,22,55,925,719,167,78,0,12,24,24,234,145,6,4,21.7,7.4,1.7,1.4,38.6,12.6,11.2,5.0,11.6,4.9,15.4,5.1,15.4,3.9,15.8,4.9,2.0,2.1,0.6,1.5,23.7,18.2,7.6,3.4,0.0,1.6,1.2,1.2,11.9,6.7,0.2,0.1,0.5497,0.1492,0.8771,0.694,0.8753,3.1453,0.7003,0.3643,0.1414,0.5941,0.159,0.6088,1.8676,0.2079,0.6386,0.6386,0.6386,0.6375,0.0,0.6038,0.7778,0.4356,2.4547,0.6168,8.1062,0.601,0,0,0,0,0,0,0,0,0,0,0,0,0,0,0,0,0,0,0,0,0,4606,325,162,513,246,316,226,31,37,0,12,0,12,52,46,13,21,16.5,7.3,13.2,5.7,8.1,6.0,0.8,1.0,0.0,0.9,0.0,0.9,1.3,1.2,0.3,0.5
39,Ohio,OH,39061,Hamilton County,39061025300,Census Tract 253; Hamilton County; Ohio,0.61348712035,2775,419,1442,196,1319,188,798,349,10,20,446,194,208,156,175,206,337,122,621,185,275,127,161,126,0,48,1065,596,351,187,0,12,111,116,97,59,0,12,28.8,11.8,0.7,1.3,33.8,13.9,10.4,7.1,6.3,7.4,12.1,4.1,22.4,4.9,9.9,4.4,12.2,9.4,0.0,1.8,38.4,20.7,24.4,12.5,0.0,2.4,8.4,8.7,7.4,4.5,0.0,0.4,0.6909,0.0502,0.8054,0.6582,0.5763,2.781,0.5975,0.1988,0.5466,0.2104,0.8432,0.0,1.799,0.1813,0.7676,0.7676,0.7676,0.8825,0.0,0.9829,0.6203,0.0,2.4857,0.6324,7.8333,0.5552,0,0,0,0,0,0,0,0,0,0,0,0,0,0,0,0,1,0,0,1,1,2241,155,73,780,327,218,196,0,12,2,4,0,12,65,76,0,12,11.8,5.9,28.1,11.2,7.9,6.9,0.0,1.3,0.1,0.1,0.0,1.3,2.3,2.7,0.0,1.3
39,Ohio,OH,39061,Hamilton County,39061025401,Census Tract 254.01; Hamilton County; Ohio,0.40367929355,1422,263,860,115,736,110,254,122,74,45,254,84,100,71,142,93,287,136,225,133,209,105,16,21,0,48,207,381,69,36,3,5,0,16,16,17,54,9,17.9,7.9,8.2,5.1,34.5,10.2,8.7,6.0,10.0,6.2,20.2,9.0,15.8,7.7,14.7,7.0,2.2,2.8,0.0,3.6,14.6,26.7,8.0,4.0,0.3,0.6,0.0,2.2,2.2,2.2,3.8,0.9,0.451,0.7806,0.8165,0.5574,0.8197,3.4252,0.7629,0.6734,0.156,0.5287,0.1762,0.0,1.5343,0.0978,0.4838,0.4838,0.4838,0.6502,0.5565,0.0,0.2324,0.8656,2.3047,0.5505,7.748,0.5416,0,0,0,0,0,0,0,0,0,0,0,0,0,0,0,0,0,0,0,0,0,3483,107,76,133,112,32,31,23,36,0,12,0,12,19,26,0,12,14.5,10.0,9.4,7.9,2.3,2.2,1.6,2.6,0.0,2.4,0.0,2.4,1.3,1.8,0.0,2.4
39,Ohio,OH,39061,Hamilton County,39061025402,Census Tract 254.02; Hamilton County; Ohio,0.537351280868,3174,401,1604,137,1486,131,574,245,111,81,460,154,159,109,270,158,278,69,459,195,266,104,47,48,0,48,287,577,137,49,0,12,50,52,26,24,0,12,18.1,7.4,5.4,3.8,31.0,10.0,6.8,4.8,8.5,4.9,8.8,2.4,14.5,5.8,8.4,3.4,3.2,3.2,0.0,1.6,9.0,18.1,8.5,3.0,0.0,2.2,3.4,3.5,1.7,1.6,0.0,0.4,0.4573,0.6143,0.7511,0.4344,0.7471,3.0042,0.6619,0.0881,0.1148,0.1311,0.2841,0.0,0.6181,0.0076,0.3177,0.3177,0.3177,0.661,0.0,0.8708,0.1848,0.0,1.7166,0.3025,5.6566,0.2076,0,0,0,0,0,0,0,0,0,0,0,0,0,0,0,0,0,0,0,0,0,7383,135,57,159,166,20,19,14,15,4,8,0,12,90,74,0,12,9.1,3.9,5.0,5.2,0.6,0.6,0.4,0.5,0.1,0.3,0.0,1.1,2.8,2.4,0.0,1.1
39,Ohio,OH,39061,Hamilton County,39061025500,Census Tract 255; Hamilton County; Ohio,0.529346228102,4128,460,2020,197,1764,191,1233,308,236,255,652,178,466,139,690,326,720,165,828,192,470,115,187,91,64,73,1257,631,251,112,0,12,49,47,419,175,193,28,31.2,6.9,10.6,10.9,37.0,9.3,16.6,5.4,17.4,7.1,17.4,3.4,20.1,4.0,11.9,3.3,10.6,5.0,1.6,1.9,30.5,14.9,12.4,5.4,0.0,1.7,2.8,2.6,23.8,8.6,4.7,0.4,0.729,0.8565,0.8533,0.8513,0.9641,4.2542,0.9356,0.4908,0.3906,0.345,0.7975,0.7971,2.821,0.741,0.7099,0.7099,0.7099,0.7375,0.0,0.826,0.9302,0.8976,3.3913,0.9178,11.1764,0.9422,0,0,0,0,1,1,0,0,0,0,0,0,0,0,0,0,0,1,0,1,2,3650,340,145,682,297,404,275,0,12,0,12,0,12,171,148,0,12,19.3,7.6,16.5,7.0,9.8,6.3,0.0,0.8,0.0,0.8,0.0,0.8,4.1,3.6,0.0,0.8
39,Ohio,OH,39061,Hamilton County,39061025600,Census Tract 256; Hamilton County; Ohio,0.483302020194,3624,580,1448,151,1359,149,1072,319,34,33,385,124,79,58,267,187,266,68,506,239,317,116,0,16,43,57,797,802,231,97,0,12,34,34,137,71,20,5,29.7,7.4,1.5,1.5,28.3,8.6,4.0,3.1,7.4,5.2,7.3,2.0,14.0,5.3,8.7,3.5,0.0,1.2,1.2,1.6,22.0,21.8,16.0,6.5,0.0,2.4,2.5,2.5,10.1,5.1,0.6,0.1,0.7058,0.1251,0.6857,0.2283,0.6744,2.4193,0.4844,0.0504,0.1024,0.1476,0.0,0.7403,1.0407,0.0257,0.617,0.617,0.617,0.7971,0.0,0.7902,0.7232,0.6059,2.9164,0.8013,6.9934,0.4213,0,0,0,0,0,0,0,0,0,0,0,0,0,0,0,0,0,0,0,0,0,2934,108,71,377,197,47,48,122,93,0,12,135,165,116,81,0,12,7.9,5.2,10.4,5.3,1.3,1.3,3.4,2.7,0.0,1.0,3.7,4.5,3.2,2.3,0.0,1.0
39,Ohio,OH,39061,Hamilton County,39061025700,Census Tract 257; Hamilton County; Ohio,0.323401351812,2312,468,960,65,770,78,1118,377,59,51,314,117,290,104,240,239,375,129,689,188,804,364,81,60,5,47,308,695,31,29,0,12,51,50,187,86,0,12,49.4,13.0,6.8,5.4,40.8,14.6,21.7,8.3,10.4,9.7,16.2,4.5,29.8,5.5,34.8,12.2,10.5,7.7,0.2,2.1,13.3,29.9,3.2,3.0,0.0,3.6,6.6,6.5,24.3,10.3,0.0,0.5,0.9054,0.7079,0.9054,0.9312,0.8347,4.2846,0.9397,0.4138,0.9081,0.9933,0.7933,0.4556,3.5641,0.9587,0.4547,0.4547,0.4547,0.4797,0.0,0.9673,0.9337,0.0,2.3807,0.5835,10.6841,0.9083,1,0,1,1,0,3,0,1,1,0,0,2,0,0,0,0,1,1,0,2,7,2541,303,96,109,90,37,38,0,12,0,12,0,12,162,116,0,12,39.4,11.3,4.7,4.1,1.6,1.7,0.0,1.5,0.0,1.5,0.0,1.5,7.0,5.6,0.0,1.5
39,Ohio,OH,39061,Hamilton County,39061025800,Census Tract 258; Hamilton County; Ohio,1.534655835684,4026,20,2113,260,1773,219,478,187,67,56,333,120,197,99,116,94,492,151,559,182,510,150,73,59,0,48,591,250,205,96,0,12,5,15,168,95,16,3,11.9,4.6,2.7,2.2,18.8,6.4,6.3,3.0,2.9,2.3,12.2,3.7,13.9,4.5,12.7,3.7,4.1,3.3,0.0,1.2,14.7,6.2,9.7,4.4,0.0,1.6,0.3,0.8,9.5,5.1,0.4,0.1,0.2682,0.2968,0.3444,0.4042,0.2142,1.5278,0.2314,0.2032,0.0992,0.3951,0.3844,0.0,1.0819,0.0283,0.4857,0.4857,0.4857,0.6844,0.0,0.4041,0.7013,0.5374,2.3272,0.5616,5.4226,0.1806,0,0,0,0,0,0,0,0,0,0,0,0,0,0,0,0,0,0,0,0,0,7234,125,74,374,198,132,93,0,12,0,12,0,12,83,59,2,4,7.1,4.0,9.3,4.9,3.3,2.3,0.0,0.9,0.0,0.9,0.0,0.9,2.1,1.5,0.0,0.1
39,Ohio,OH,39061,Hamilton County,39061026001,Census Tract 260.01; Hamilton County; Ohio,10.075546748814,5293,513,1922,163,1883,144,239,124,46,36,158,66,142,79,43,36,864,94,1377,276,399,98,54,52,0,68,244,740,25,24,98,80,0,24,0,17,0,17,4.6,2.3,1.6,1.3,8.4,3.4,3.9,2.2,0.8,0.7,16.3,2.4,26.0,3.3,7.5,1.8,2.9,2.8,0.0,1.4,4.6,14.0,1.3,1.2,5.1,4.2,0.0,1.3,0.0,1.8,0.0,0.3,0.0568,0.1346,0.026,0.2191,0.0279,0.4644,0.0178,0.4195,0.7689,0.0898,0.2473,0.0,1.5255,0.0959,0.1335,0.1335,0.1335,0.359,0.7851,0.0,0.0,0.0,1.1441,0.1352,3.2675,0.0175,0,0,0,0,0,0,0,0,0,0,0,0,0,0,0,0,0,0,0,0,0,5602,57,38,44,54,55,58,18,25,0,17,0,17,127,110,0,17,3.0,1.9,0.8,1.0,1.0,1.1,0.3,0.5,0.0,0.7,0.0,0.7,2.4,2.1,0.0,0.7
39,Ohio,OH,39061,Hamilton County,39061026002,Census Tract 260.02; Hamilton County; Ohio,26.13461889476,8374,561,3417,305,3309,305,374,206,26,42,378,173,221,103,136,113,1249,254,2211,357,695,288,85,86,0,68,381,834,375,157,94,71,60,75,16,27,0,17,4.5,2.4,0.5,0.9,11.4,5.1,3.8,1.9,1.6,1.4,14.9,3.0,26.4,3.5,8.3,3.5,2.6,2.6,0.0,0.9,4.5,10.0,11.0,4.5,2.8,2.1,1.8,2.3,0.5,0.8,0.0,0.2,0.0536,0.033,0.0803,0.2102,0.0825,0.4596,0.0165,0.3377,0.7882,0.1257,0.2187,0.0,1.4703,0.0825,0.1297,0.1297,0.1297,0.7089,0.7263,0.7079,0.0524,0.0,2.1955,0.5003,4.2551,0.0749,0,0,0,0,0,0,0,0,0,0,0,0,0,0,0,0,0,0,0,0,0,5758,370,129,0,17,57,92,0,17,19,30,0,17,305,270,0,17,11.2,3.8,0.0,0.4,0.7,1.1,0.0,0.4,0.2,0.4,0.0,0.4,3.6,3.2,0.0,0.4
39,Ohio,OH,39061,Hamilton County,39061026102,Census Tract 261.02; Hamilton County; Ohio,13.852289176458,3049,465,1366,202,1230,189,996,486,34,33,428,174,354,104,145,90,788,111,576,189,456,126,41,33,10,49,242,666,12,23,770,135,10,21,82,51,150,3,34.4,15.8,2.3,2.3,34.8,13.1,15.4,4.6,5.0,3.0,25.8,5.2,18.9,4.3,15.7,4.3,3.3,2.6,0.3,1.7,7.9,21.8,0.9,1.7,56.4,8.4,0.8,1.7,6.7,4.1,4.9,0.8,0.7744,0.2384,0.8203,0.8291,0.4487,3.1109,0.6905,0.8906,0.3107,0.5874,0.2943,0.4968,2.5798,0.6098,0.2771,0.2771,0.2771,0.3181,0.999,0.5117,0.5816,0.9036,3.314,0.9022,9.2818,0.7632,0,0,0,0,0,0,0,0,0,0,0,0,0,0,0,1,0,0,1,2,2,2726,193,73,70,113,88,110,0,12,0,12,0,12,84,83,0,12,15.7,5.5,2.3,3.6,2.9,3.6,0.0,1.1,0.0,1.1,0.0,1.1,2.8,2.8,0.0,1.1
39,Ohio,OH,39061,Hamilton County,39061026103,Census Tract 261.03; Hamilton County; Ohio,1.12577111497,3937,505,1864,223,1635,191,249,112,52,82,284,144,223,99,87,74,687,165,1026,314,450,161,154,137,0,48,284,705,264,122,0,12,0,16,111,93,4,8,6.4,2.7,2.6,3.9,17.4,8.6,8.2,3.6,2.2,1.9,17.4,4.4,26.1,5.6,11.4,4.3,9.4,8.3,0.0,1.3,7.2,17.9,14.2,6.3,0.0,1.9,0.0,1.0,6.8,5.5,0.1,0.2,0.0984,0.2822,0.2854,0.526,0.1396,1.3316,0.179,0.4908,0.7736,0.3088,0.754,0.0,2.3272,0.4505,0.2435,0.2435,0.2435,0.7689,0.0,0.0,0.5879,0.3694,1.7262,0.3063,5.6285,0.2038,0,0,0,0,0,0,0,0,0,0,0,0,0,0,0,0,0,0,0,0,0,3906,150,93,120,129,98,140,0,12,0,12,0,12,66,57,0,12,9.2,5.7,3.0,3.2,2.5,3.4,0.0,0.9,0.0,0.9,0.0,0.9,1.7,1.5,0.0,0.9
39,Ohio,OH,39061,Hamilton County,39061026104,Census Tract 261.04; Hamilton County; Ohio,1.593252605714,3869,586,1745,247,1714,252,280,211,7,13,301,120,252,194,109,84,812,247,638,142,571,199,49,39,0,48,111,819,327,87,105,168,0,16,36,42,0,12,7.2,5.3,0.3,0.6,17.6,6.5,8.6,6.8,2.8,2.2,21.0,4.9,16.5,4.5,14.8,5.5,2.9,2.2,0.0,1.3,2.9,21.2,18.8,4.2,6.0,9.2,0.0,0.9,2.1,2.4,0.0,0.3,0.125,0.0263,0.2943,0.552,0.1996,1.1972,0.147,0.7121,0.1823,0.536,0.2473,0.0,1.6777,0.1359,0.0618,0.0618,0.0618,0.8286,0.807,0.0,0.2248,0.0,1.8604,0.3594,4.7971,0.1232,0,0,0,0,0,0,0,0,0,0,0,0,0,0,0,0,0,0,0,0,0,4470,112,63,0,12,13,23,0,12,0,12,0,12,63,62,35,61,6.5,3.9,0.0,0.9,0.3,0.6,0.0,0.9,0.0,0.9,0.0,0.9,1.6,1.6,0.9,1.5
39,Ohio,OH,39061,Hamilton County,39061026200,Census Tract 262; Hamilton County; Ohio,9.709225526478,2105,411,852,166,735,149,892,328,56,41,350,127,306,99,290,157,216,87,644,187,508,181,120,58,0,48,117,577,0,16,529,128,42,36,20,18,0,12,42.7,13.4,6.2,4.9,47.6,14.3,24.5,7.1,13.8,6.7,10.3,3.5,30.6,5.9,24.1,7.7,16.3,7.2,0.0,2.5,5.6,27.4,0.0,1.9,62.1,8.9,5.7,4.8,2.7,2.4,0.0,0.6,0.8607,0.6698,0.9587,0.9512,0.9242,4.3646,0.954,0.1325,0.9287,0.9169,0.9194,0.0,2.8975,0.7759,0.1776,0.1776,0.1776,0.0,0.9994,0.9549,0.2752,0.0,2.2295,0.5152,9.6692,0.8124,0,0,1,1,1,3,0,1,1,1,0,3,0,0,0,1,1,0,0,2,8,2766,96,57,13,18,43,44,0,12,0,12,0,12,61,40,0,12,13.1,6.6,0.6,0.9,2.0,2.0,0.0,1.6,0.0,1.6,0.0,1.6,2.9,1.9,0.0,1.6
39,Ohio,OH,39061,Hamilton County,39061026300,Census Tract 263; Hamilton County; Ohio,1.863363387282,1158,234,513,68,380,91,969,218,98,44,213,87,263,86,114,76,72,49,380,155,266,77,116,80,0,48,584,325,21,19,0,12,14,17,180,69,256,38,84.6,8.1,23.2,11.3,56.1,18.5,39.7,10.5,9.8,6.4,6.2,4.6,32.8,8.1,23.0,8.5,30.5,19.7,0.0,5.0,50.4,26.2,4.1,3.7,0.0,6.6,3.7,4.4,47.4,13.5,22.1,5.5,0.9984,0.9813,0.9867,0.9946,0.8124,4.7734,0.9978,0.0374,0.9566,0.8959,0.9895,0.0,2.8794,0.7676,0.8272,0.8272,0.8272,0.5219,0.0,0.8841,0.9911,0.9784,3.3755,0.9143,11.8555,0.9768,1,1,1,1,0,4,0,1,0,1,0,2,0,0,0,0,0,1,1,2,8,10730,112,53,441,238,9,14,0,12,0,12,0,12,134,83,0,12,29.5,13.3,38.1,17.4,0.8,1.3,0.0,3.0,0.0,3.0,0.0,3.0,11.6,6.8,0.0,3.0
39,Ohio,OH,39061,Hamilton County,39061026400,Census Tract 264; Hamilton County; Ohio,0.227794002368,2951,616,1340,225,1277,222,1557,721,211,180,354,153,169,144,225,179,121,89,995,436,154,157,399,148,0,48,2273,727,98,73,0,12,36,57,336,223,0,12,52.8,21.8,15.6,12.2,27.7,11.0,9.9,8.2,7.6,5.6,4.1,3.1,33.7,9.3,5.2,5.4,31.2,10.2,0.0,1.8,77.0,18.7,7.3,5.3,0.0,2.6,2.8,4.4,26.3,15.4,0.0,0.4,0.9226,0.9429,0.6717,0.6319,0.6855,3.8546,0.859,0.0206,0.9642,0.0305,0.9902,0.0,2.0055,0.274,0.9242,0.9242,0.9242,0.6283,0.0,0.826,0.9438,0.0,2.3981,0.5927,9.1824,0.7486,1,1,0,0,0,2,0,1,0,1,0,2,1,1,0,0,0,1,0,1,6,4595,301,132,1957,345,31,40,138,164,5,9,0,12,142,146,0,12,23.6,11.7,66.3,13.6,1.1,1.3,4.7,5.2,0.2,0.3,0.0,1.2,4.8,4.4,0.0,1.2
39,Ohio,OH,39061,Hamilton County,39061026500,Census Tract 265; Hamilton County; Ohio,0.726786435638,3214,385,2405,216,2164,250,750,303,87,65,792,267,83,48,68,81,329,115,206,126,319,122,125,152,0,48,1288,496,2242,232,0,12,36,35,414,175,36,7,23.4,9.0,3.7,2.7,36.6,11.6,3.1,1.8,2.1,2.5,10.2,3.7,6.4,3.5,9.9,4.0,5.8,7.0,0.0,1.6,40.1,14.7,93.2,4.8,0.0,1.4,1.6,1.6,19.1,6.8,1.1,0.2,0.5887,0.4429,0.8463,0.1579,0.1301,2.1659,0.4152,0.1297,0.0238,0.2104,0.54,0.0,0.9039,0.0175,0.7815,0.7815,0.7815,0.9984,0.0,0.6794,0.8914,0.6703,3.2395,0.8863,7.0908,0.4368,0,0,0,0,0,0,0,0,0,0,0,0,0,0,1,0,0,0,0,1,1,34876,211,163,811,332,32,32,259,113,0,12,0,12,186,184,0,12,9.8,6.8,25.2,8.5,1.0,1.0,8.1,3.7,0.0,1.1,0.0,1.1,5.8,5.5,0.0,1.1
39,Ohio,OH,39061,Hamilton County,39061026600,Census Tract 266; Hamilton County; Ohio,1.000659781196,1430,241,799,126,707,133,221,100,47,29,128,43,114,69,108,69,314,81,161,111,151,59,41,32,5,47,248,318,159,42,0,12,0,16,38,29,13,3,15.5,6.5,5.5,3.4,18.1,5.0,9.3,4.9,7.6,4.7,22.0,6.0,11.3,6.9,10.6,3.7,5.8,4.4,0.4,3.4,17.3,22.0,19.9,4.2,0.0,4.3,0.0,2.3,5.4,4.3,0.9,0.1,0.3786,0.621,0.3175,0.5951,0.6855,2.5977,0.5371,0.7505,0.0545,0.2542,0.54,0.5412,2.1404,0.346,0.5438,0.5438,0.5438,0.8451,0.0,0.0,0.4994,0.6458,1.9903,0.4124,7.2722,0.4667,0,0,0,0,0,0,0,0,0,0,0,0,0,0,0,0,0,0,0,0,0,2820,46,24,11,14,49,30,28,19,0,12,0,12,57,51,103,127,6.5,3.5,0.8,1.0,3.4,2.1,2.0,1.4,0.0,2.4,0.0,2.4,4.0,3.6,7.2,8.3
39,Ohio,OH,39061,Hamilton County,39061026700,Census Tract 267; Hamilton County; Ohio,0.456858666418,1913,369,1038,104,740,119,827,261,31,25,222,69,197,79,141,59,155,46,434,193,208,90,73,54,24,57,1444,408,255,87,0,12,44,38,264,76,1,16,43.3,10.8,3.0,2.3,30.0,8.0,15.1,6.4,7.4,3.1,8.1,2.6,22.7,7.8,10.9,5.1,9.8,7.1,1.4,3.3,75.5,15.6,24.5,8.0,0.0,3.3,5.9,5.0,35.7,10.7,0.1,0.8,0.8654,0.3403,0.7267,0.8196,0.6744,3.4264,0.7635,0.0704,0.5669,0.2752,0.7705,0.7717,2.4547,0.5311,0.9207,0.9207,0.9207,0.8838,0.0,0.959,0.9752,0.3694,3.1874,0.8765,9.9892,0.8457,0,0,0,0,0,0,0,0,0,0,0,0,1,1,0,0,1,1,0,2,3,4486,161,73,1152,271,99,132,0,12,0,12,0,12,166,129,27,40,21.8,9.7,60.2,11.4,5.2,6.5,0.0,1.8,0.0,1.8,0.0,1.8,8.7,6.3,1.4,2.1
39,Ohio,OH,39061,Hamilton County,39061026800,Census Tract 268; Hamilton County; Ohio,0.23739867572,1643,202,1056,118,977,116,128,63,28,21,204,77,12,12,13,19,238,91,114,61,133,54,0,16,0,48,251,255,267,77,0,12,13,22,60,39,0,12,7.8,3.7,2.3,1.7,20.9,7.5,0.9,0.9,0.8,1.2,14.5,5.8,6.9,3.3,8.2,3.6,0.0,1.6,0.0,3.0,15.3,15.4,25.3,6.7,0.0,3.3,1.3,2.2,6.1,4.0,0.0,0.7,0.1444,0.2384,0.4314,0.0289,0.0279,0.871,0.0765,0.3155,0.0254,0.1215,0.0,0.0,0.4624,0.0025,0.5013,0.5013,0.5013,0.8889,0.0,0.6181,0.5479,0.0,2.0549,0.4394,3.8896,0.0454,0,0,0,0,0,0,0,0,0,0,0,0,0,0,0,0,0,0,0,0,0,1655,52,35,33,29,71,57,18,20,0,12,0,12,129,113,0,12,5.3,3.7,2.0,1.8,4.3,3.4,1.1,1.2,0.0,2.1,0.0,2.1,7.9,6.3,0.0,2.1
39,Ohio,OH,39061,Hamilton County,39061026900,Census Tract 269; Hamilton County; Ohio,0.370620468106,3013,794,1683,260,1238,230,2203,624,167,151,577,249,288,137,309,169,333,188,1001,590,561,268,301,117,0,48,2265,937,641,239,0,12,132,89,669,244,41,4,73.9,7.4,14.6,14.5,46.6,18.2,16.2,7.1,10.3,5.7,11.1,6.7,33.2,14.7,18.6,9.5,24.3,8.3,0.0,1.8,75.2,24.0,38.1,12.9,0.0,2.1,10.7,6.9,54.0,13.5,1.4,0.4,0.9895,0.9279,0.9502,0.8437,0.8305,4.5418,0.98,0.1617,0.9597,0.7407,0.9752,0.0,2.8373,0.7486,0.9192,0.9192,0.9192,0.9492,0.0,0.9933,0.9962,0.7029,3.6416,0.9594,11.9399,0.98,1,1,1,0,0,3,0,1,0,1,0,2,1,1,1,0,1,1,0,3,9,1772,126,85,1944,660,108,94,18,29,2,3,0,12,193,184,0,12,10.2,6.7,64.5,14.3,3.6,3.5,0.6,1.0,0.1,0.1,0.0,1.2,6.4,6.3,0.0,1.2
39,Ohio,OH,39061,Hamilton County,39061027000,Census Tract 270; Hamilton County; Ohio,0.697415656498,3418,607,1720,279,1475,286,1774,507,106,73,538,175,545,180,374,276,700,252,672,217,613,183,176,126,0,48,3155,620,356,140,0,12,33,38,552,211,281,10,54.0,11.8,6.8,4.5,36.5,9.5,23.2,7.2,11.4,7.5,20.5,6.4,19.7,5.0,18.6,6.8,11.9,8.2,0.0,1.5,92.3,7.8,20.7,7.4,0.0,2.0,2.2,2.5,37.4,12.6,8.2,1.5,0.9289,0.7079,0.8432,0.9413,0.8721,4.2934,0.9419,0.6909,0.3653,0.7407,0.8359,0.0,2.6328,0.6432,0.9683,0.9683,0.9683,0.854,0.0,0.7575,0.9794,0.9458,3.5367,0.9422,11.4312,0.9562,1,0,0,1,0,2,0,0,0,0,0,0,1,1,0,0,0,1,1,2,5,4657,363,144,3013,610,20,28,54,52,7,11,0,12,61,71,0,12,24.6,10.0,88.2,5.1,0.6,0.8,1.6,1.6,0.2,0.3,0.0,1.0,1.8,2.1,0.0,1.0
39,Ohio,OH,39061,Hamilton County,39061027100,Census Tract 271; Hamilton County; Ohio,1.159999443372,4910,1064,2588,382,2402,418,2135,714,263,203,1124,329,1020,506,163,147,1104,431,1088,458,813,341,274,162,6,47,4514,1083,467,157,0,12,0,16,795,296,286,32,47.0,11.3,13.8,10.5,46.8,11.0,30.3,12.0,3.5,3.2,22.5,8.0,22.2,7.1,17.5,5.8,11.4,6.4,0.1,1.0,91.9,9.5,18.0,5.5,0.0,1.3,0.0,0.7,33.1,10.8,5.8,1.4,0.8899,0.9175,0.9527,0.9816,0.2856,4.0273,0.8933,0.7717,0.5336,0.6903,0.8219,0.4245,3.242,0.8975,0.9673,0.9673,0.9673,0.821,0.0,0.0,0.9676,0.9217,2.7103,0.7238,10.9469,0.9273,0,1,1,1,0,3,0,0,0,0,0,0,1,1,0,0,0,1,1,2,6,6652,432,184,4455,1069,48,57,0,12,11,21,0,12,0,12,0,12,18.0,8.3,90.7,4.1,1.0,1.2,0.0,0.7,0.2,0.4,0.0,0.7,0.0,0.7,0.0,0.7
39,Ohio,OH,39061,Hamilton County,39061027200,Census Tract 272; Hamilton County; Ohio,0.537791051046,1926,402,1092,120,888,124,1196,390,104,50,368,118,166,71,179,98,229,47,474,287,382,118,67,68,0,48,1071,489,314,97,0,12,29,41,278,93,166,6,65.0,15.7,12.2,6.1,41.4,12.0,13.2,5.6,9.7,5.1,11.9,3.5,24.6,10.9,20.8,7.5,7.5,7.6,0.0,2.7,55.6,22.6,28.7,8.3,0.0,3.2,3.2,4.6,31.3,8.8,8.6,1.8,0.9756,0.8876,0.9111,0.7644,0.8067,4.3454,0.9505,0.1925,0.6877,0.8305,0.6546,0.0,2.3653,0.4762,0.8469,0.8469,0.8469,0.9111,0.0,0.8571,0.9625,0.949,3.6797,0.9644,11.2373,0.9454,1,0,1,0,0,2,0,0,0,0,0,0,0,0,1,0,0,1,1,3,5,1648,145,73,811,333,142,212,0,12,0,12,0,12,112,61,6,9,16.3,7.9,42.1,13.2,7.4,10.8,0.0,1.8,0.0,1.8,0.0,1.8,5.8,3.1,0.3,0.5
39,Ohio,OH,39061,Hamilton County,39061027300,Census Tract 273; Hamilton County; Ohio,2.683842878648,2542,275,925,76,865,82,84,47,12,10,94,32,35,21,88,54,385,64,850,123,114,41,16,15,0,48,194,383,9,17,0,12,0,16,0,12,0,12,3.3,1.8,1.0,0.9,10.9,3.6,2.2,1.2,3.5,2.1,15.1,2.7,33.4,2.1,4.5,1.5,1.8,1.7,0.0,2.1,7.6,15.0,1.0,1.8,0.0,3.7,0.0,1.8,0.0,4.0,0.0,0.5,0.0301,0.0714,0.0657,0.1021,0.2856,0.5549,0.0273,0.3472,0.9629,0.0184,0.1419,0.0,1.4704,0.0829,0.2609,0.2609,0.2609,0.3292,0.0,0.0,0.0,0.0,0.3292,0.0238,2.6154,0.0051,0,0,0,0,0,0,0,1,0,0,0,1,0,0,0,0,0,0,0,0,1,1583,34,25,59,36,77,68,6,6,0,12,0,12,36,21,16,16,3.9,3.0,2.3,1.4,3.0,2.6,0.2,0.2,0.0,1.4,0.0,1.4,1.4,0.8,0.6,0.6
39,Ohio,OH,39061,Hamilton County,39061027400,Census Tract 274; Hamilton County; Ohio,1.492551798686,4514,265,2148,260,1942,249,1540,419,192,109,575,196,423,170,272,160,802,200,871,168,962,228,294,95,115,98,1701,443,269,143,16,18,3,13,315,139,5,8,34.1,9.1,7.9,4.7,29.6,9.4,14.0,5.5,6.0,3.5,17.8,4.2,19.3,3.1,21.3,4.8,15.2,4.5,2.7,2.3,37.7,9.6,12.5,6.5,0.7,0.8,0.2,0.7,16.2,6.2,0.1,0.2,0.7715,0.7667,0.7146,0.7888,0.5459,3.5875,0.7984,0.5178,0.3377,0.8448,0.906,0.8827,3.489,0.947,0.7619,0.7619,0.7619,0.7387,0.6003,0.3905,0.8565,0.3694,2.9554,0.8143,10.7938,0.9159,0,0,0,0,0,0,0,0,0,1,0,1,0,0,0,0,0,0,0,0,1,4927,415,165,1430,358,28,28,45,53,3,10,0,12,156,94,39,59,21.4,7.3,31.7,7.6,0.6,0.6,1.0,1.2,0.1,0.2,0.0,0.8,3.5,2.0,0.9,1.3
39,Ohio,OH,39061,Hamilton County,39061027500,Census Tract 275; Hamilton County; Ohio,8.583841671814,2678,390,1076,82,985,78,165,114,75,62,93,42,31,29,126,118,463,58,738,165,213,107,51,53,9,46,291,510,0,16,29,29,29,31,29,28,10,8,6.2,4.2,5.5,4.5,9.4,4.2,1.7,1.6,4.7,4.4,17.3,3.1,27.6,2.9,8.0,3.3,5.2,5.4,0.4,1.9,10.9,19.0,0.0,1.5,2.7,2.8,2.9,3.1,2.9,2.9,0.4,0.3,0.092,0.621,0.0378,0.0694,0.4135,1.2337,0.1533,0.4845,0.8408,0.1104,0.4921,0.5412,2.469,0.539,0.3855,0.3855,0.3855,0.0,0.7241,0.8349,0.2962,0.5374,2.3926,0.5905,6.4808,0.339,0,0,0,0,0,0,0,0,0,0,0,0,0,0,0,0,0,0,0,0,0,1989,72,58,6,8,104,97,131,73,0,12,0,12,38,39,12,19,7.3,5.7,0.2,0.3,3.9,3.1,4.9,2.8,0.0,1.3,0.0,1.3,1.4,1.5,0.4,0.7
39,Ohio,OH,39061,Hamilton County,39061027600,Census Tract 276; Hamilton County; Ohio,1.182838534978,2236,359,1468,110,1420,116,345,121,38,28,355,92,49,32,46,31,168,41,193,74,169,73,26,22,24,52,732,494,780,122,0,12,6,15,56,35,14,5,15.4,4.8,2.2,1.7,25.0,6.1,2.9,1.9,2.1,1.4,7.5,2.0,8.6,3.2,7.6,3.3,1.8,1.5,1.1,2.4,32.7,21.5,53.1,7.3,0.0,2.4,0.4,1.1,3.9,2.4,0.6,0.2,0.3751,0.2238,0.5784,0.1433,0.1301,1.4507,0.2114,0.0545,0.0346,0.0952,0.1419,0.7254,1.0516,0.0263,0.7283,0.7283,0.7283,0.9768,0.0,0.4206,0.3892,0.6059,2.3925,0.5902,5.6231,0.2029,0,0,0,0,0,0,0,0,0,0,0,0,0,0,1,0,0,0,0,1,1,9855,99,60,462,134,74,47,147,74,0,12,0,12,49,35,0,12,7.0,4.2,20.7,5.9,3.3,2.2,6.6,3.4,0.0,1.6,0.0,1.6,2.2,1.6,0.0,1.6
39,Ohio,OH,39061,Hamilton County,39061027700,Census Tract 277; Hamilton County; Ohio,0.847417055702,4398,557,2372,198,2039,208,1124,323,174,104,566,148,269,139,418,155,421,121,835,271,418,131,59,41,0,48,1273,734,509,185,0,12,17,19,148,94,6,1,25.6,6.6,6.2,3.8,27.8,6.7,8.1,4.1,9.5,3.2,9.6,2.8,19.0,4.8,9.5,3.0,2.9,2.0,0.0,1.2,28.9,16.3,21.4,7.6,0.0,1.5,0.8,0.9,7.3,4.7,0.1,0.0,0.6357,0.6698,0.6733,0.5206,0.7982,3.2976,0.7375,0.1103,0.3183,0.1872,0.2473,0.0,0.8631,0.0152,0.6953,0.6953,0.6953,0.8606,0.0,0.5117,0.6159,0.3694,2.3576,0.5724,7.2136,0.4537,0,0,0,0,0,0,0,0,0,0,0,0,0,0,0,0,0,0,0,0,0,2948,240,131,995,330,49,60,30,28,2,5,0,12,191,133,6,10,11.8,6.4,22.6,6.6,1.1,1.4,0.7,0.6,0.0,0.1,0.0,0.8,4.3,3.0,0.1,0.2
39,Ohio,OH,39063,Hancock County,39063000100,Census Tract 1; Hancock County; Ohio,26.982606609218,4094,137,2009,185,1682,134,1027,287,60,47,378,129,144,54,149,72,934,133,810,105,737,153,105,55,22,53,493,258,81,44,175,82,36,40,93,53,65,4,25.4,7.1,3.0,2.4,22.5,7.5,4.9,1.8,3.7,1.8,22.8,3.1,19.8,2.5,18.2,3.6,6.3,3.2,0.6,1.4,12.0,6.3,4.0,2.2,8.7,3.9,2.1,2.4,5.5,3.1,1.6,0.1,0.6322,0.3403,0.4902,0.2955,0.3021,2.0603,0.3838,0.7857,0.3713,0.7204,0.5714,0.6088,3.0576,0.84,0.4169,0.4169,0.4169,0.5184,0.8568,0.7448,0.5098,0.727,3.3568,0.9102,8.8916,0.7124,0,0,0,0,0,0,0,0,0,0,0,0,0,0,0,0,0,0,0,0,0,2899,193,78,19,18,267,141,83,79,0,12,0,12,124,107,0,12,11.5,4.7,0.5,0.4,6.5,3.4,2.0,1.9,0.0,0.8,0.0,0.8,3.0,2.6,0.0,0.8
39,Ohio,OH,39063,Hancock County,39063000200,Census Tract 2; Hancock County; Ohio,87.960527132926,6427,557,2682,291,2627,296,426,272,122,94,560,279,88,58,158,102,1446,250,1499,340,438,126,96,67,43,78,640,837,104,77,59,48,0,24,39,30,138,2,6.8,4.3,3.9,2.9,21.3,10.3,2.0,1.3,2.5,1.7,22.5,3.5,23.3,4.1,7.0,2.0,3.7,2.5,0.7,1.3,10.0,13.0,3.8,2.8,2.2,1.8,0.0,0.9,1.5,1.2,2.1,0.2,0.113,0.4644,0.4483,0.0881,0.1692,1.283,0.1654,0.7717,0.6068,0.0724,0.34,0.6367,2.4276,0.5133,0.3567,0.3567,0.3567,0.5067,0.707,0.0,0.1597,0.7644,2.1378,0.4768,6.2051,0.2914,0,0,0,0,0,0,0,0,0,0,0,0,0,0,0,0,0,0,0,0,0,4366,181,78,47,54,258,164,270,183,0,17,0,17,65,103,0,17,6.9,2.9,0.7,0.9,4.0,2.6,4.2,2.9,0.0,0.5,0.0,0.5,1.0,1.6,0.0,0.5
39,Ohio,OH,39063,Hancock County,39063000301,Census Tract 3.01; Hancock County; Ohio,42.597417824802,1267,182,568,145,567,145,185,151,23,31,154,145,55,44,31,30,453,175,195,30,248,154,3,13,0,48,86,257,0,16,105,141,7,16,107,142,0,12,14.6,11.7,3.6,4.4,27.2,24.6,5.3,4.1,2.4,2.3,35.8,11.0,15.4,2.6,19.6,10.2,0.5,2.3,0.0,4.0,6.8,20.3,0.0,2.8,18.5,21.1,1.2,2.8,18.9,21.1,0.0,0.9,0.3494,0.4308,0.6575,0.3253,0.1568,1.9198,0.341,0.9883,0.1414,0.7893,0.0473,0.0,1.9663,0.2562,0.2264,0.2264,0.2264,0.0,0.9498,0.6038,0.8892,0.0,2.4428,0.6111,6.5553,0.353,0,0,0,0,0,0,1,0,0,0,0,1,0,0,0,1,0,0,0,1,2,1068,131,136,0,12,59,63,18,24,0,12,0,12,9,10,0,12,23.1,19.2,0.0,2.7,4.7,4.9,1.4,1.9,0.0,2.7,0.0,2.7,0.7,0.8,0.0,2.7
39,Ohio,OH,39063,Hancock County,39063000302,Census Tract 3.02; Hancock County; Ohio,106.293514961406,7242,552,2859,205,2698,211,622,244,119,84,379,118,268,123,263,128,980,218,1845,271,594,133,91,56,63,85,524,768,18,12,116,104,19,25,22,17,0,17,8.6,3.3,2.9,2.0,14.0,4.2,5.5,2.4,3.6,1.7,13.5,3.1,25.5,2.8,8.2,1.8,3.4,2.1,0.9,1.2,7.2,10.6,0.7,0.4,4.1,3.6,0.7,0.9,0.8,0.6,0.0,0.2,0.1666,0.327,0.154,0.3405,0.2945,1.2826,0.1651,0.2616,0.7378,0.1215,0.3089,0.6855,2.1153,0.3317,0.2435,0.2435,0.2435,0.2994,0.7641,0.4873,0.0873,0.0,1.6381,0.2711,5.2795,0.1676,0,0,0,0,0,0,0,0,0,0,0,0,0,0,0,0,0,0,0,0,0,11270,268,110,10,14,273,143,48,62,0,17,0,17,189,115,4,6,9.9,4.0,0.1,0.2,3.8,2.0,0.7,0.9,0.0,0.5,0.0,0.5,2.6,1.5,0.1,0.1
39,Ohio,OH,39063,Hancock County,39063000400,Census Tract 4; Hancock County; Ohio,4.00350322106,7342,768,3102,273,2892,287,1611,518,121,98,645,209,305,137,638,232,1098,183,1737,289,844,232,214,134,78,89,1191,1130,147,91,174,71,61,62,160,100,172,4,22.7,6.9,3.4,2.6,22.3,6.9,6.3,2.7,8.9,3.0,15.0,2.9,23.7,2.7,11.8,3.4,7.4,4.6,1.2,1.3,16.2,15.3,4.8,2.9,5.6,2.3,2.1,2.1,5.5,3.3,2.3,0.2,0.5744,0.3975,0.4813,0.4042,0.7661,2.6235,0.5457,0.3431,0.6354,0.3351,0.647,0.7403,2.7009,0.6806,0.5193,0.5193,0.5193,0.5511,0.7962,0.7448,0.5098,0.7815,3.3834,0.9162,9.2271,0.7549,0,0,0,0,0,0,0,0,0,0,0,0,0,0,0,0,0,0,0,0,0,5875,88,57,212,125,490,268,185,131,0,17,0,17,284,165,20,29,3.0,1.9,2.9,1.8,6.7,3.7,2.5,1.8,0.0,0.5,0.0,0.5,3.9,2.2,0.3,0.4
39,Ohio,OH,39063,Hancock County,39063000500,Census Tract 5; Hancock County; Ohio,2.798176175092,4971,625,2622,311,2331,316,1845,432,77,72,646,240,277,156,358,248,631,136,1099,218,920,299,210,171,0,48,692,865,502,234,203,111,0,16,125,112,14,3,37.1,7.3,2.8,2.6,27.7,9.6,8.7,4.7,7.2,5.0,12.7,2.9,22.1,3.2,18.5,6.1,9.0,7.2,0.0,1.0,13.9,17.3,19.2,8.6,7.7,4.3,0.0,0.7,5.4,4.6,0.3,0.0,0.8007,0.3133,0.6717,0.5574,0.6557,2.9988,0.6594,0.2257,0.5247,0.7369,0.7349,0.0,2.2222,0.3876,0.468,0.468,0.468,0.834,0.8429,0.0,0.4994,0.4924,2.6687,0.706,8.3577,0.6416,0,0,0,0,0,0,0,0,0,0,0,0,0,0,0,0,0,0,0,0,0,5207,254,134,80,80,440,155,7,14,0,12,0,12,163,62,2,13,10.9,5.4,1.6,1.6,8.9,2.9,0.1,0.3,0.0,0.7,0.0,0.7,3.3,1.4,0.0,0.3
39,Ohio,OH,39063,Hancock County,39063000600,Census Tract 6; Hancock County; Ohio,4.078888092152,6079,589,3332,278,3239,300,1540,394,91,63,991,257,410,194,400,210,1510,320,807,220,1220,286,186,121,69,118,1034,808,668,236,585,165,31,40,415,207,0,17,25.3,6.0,3.0,2.1,30.6,7.4,8.6,3.7,6.6,3.4,24.8,4.9,13.3,3.2,20.1,4.4,5.7,3.7,1.2,2.0,17.0,13.2,20.1,6.9,17.6,4.6,1.0,1.2,12.8,5.8,0.0,0.3,0.6306,0.3403,0.74,0.552,0.6001,2.863,0.621,0.858,0.0828,0.8105,0.5317,0.7403,3.0233,0.8324,0.5349,0.5349,0.5349,0.8476,0.9444,0.5676,0.7952,0.0,3.1548,0.8695,9.576,0.8025,0,0,0,0,0,0,0,0,0,0,0,0,0,0,0,1,0,0,0,1,1,11021,371,146,103,113,524,154,265,128,0,17,0,17,125,97,17,29,11.5,4.3,1.7,1.8,8.6,2.5,4.4,2.1,0.0,0.6,0.0,0.6,2.1,1.6,0.3,0.5
39,Ohio,OH,39063,Hancock County,39063000700,Census Tract 7; Hancock County; Ohio,3.239763735206,6423,622,2582,234,2560,234,613,227,54,50,396,156,174,107,138,120,1415,247,1680,306,532,159,121,97,56,95,1057,823,306,118,0,17,0,24,163,98,169,13,9.8,3.5,1.8,1.6,15.5,5.9,3.8,2.4,2.2,1.9,22.0,4.1,26.2,3.3,8.5,2.5,4.7,3.8,1.0,1.6,16.5,12.7,11.8,4.4,0.0,1.3,0.0,0.9,6.4,3.9,2.6,0.3,0.2012,0.1654,0.2083,0.2102,0.1396,0.9247,0.0857,0.7505,0.779,0.1371,0.4476,0.707,2.8212,0.7413,0.5241,0.5241,0.5241,0.7267,0.0,0.0,0.5641,0.8012,2.092,0.4552,6.362,0.3175,0,0,0,0,0,0,0,0,0,0,0,0,0,0,0,0,0,0,0,0,0,4161,338,121,133,119,553,245,266,187,0,17,0,17,105,92,0,17,13.2,4.8,2.1,1.9,8.6,3.4,4.1,2.9,0.0,0.5,0.0,0.5,1.6,1.5,0.0,0.5
39,Ohio,OH,39063,Hancock County,39063000800,Census Tract 8; Hancock County; Ohio,1.024488066126,3917,656,1824,225,1691,241,796,389,74,61,326,129,184,119,257,124,375,150,1007,348,370,149,84,61,27,61,321,931,118,68,16,18,0,16,32,26,0,12,20.5,9.4,3.4,2.9,19.3,7.1,7.6,4.8,6.6,3.3,9.6,3.7,25.7,6.3,9.4,3.7,5.0,3.5,0.7,1.6,8.2,23.7,6.5,3.6,0.9,1.0,0.0,0.9,1.9,1.6,0.0,0.3,0.5176,0.3975,0.367,0.4876,0.6001,2.3698,0.474,0.1103,0.7511,0.1787,0.4762,0.6367,2.153,0.3508,0.2892,0.2892,0.2892,0.6013,0.6187,0.0,0.2029,0.0,1.4229,0.2063,6.2349,0.2965,0,0,0,0,0,0,0,0,0,0,0,0,0,0,0,0,0,0,0,0,0,6170,155,86,16,18,235,211,18,20,0,12,0,12,52,46,0,12,9.2,4.9,0.4,0.4,6.0,5.4,0.5,0.5,0.0,0.9,0.0,0.9,1.3,1.2,0.0,0.9
39,Ohio,OH,39063,Hancock County,39063000901,Census Tract 9.01; Hancock County; Ohio,1.40013519617,1671,234,920,164,768,119,465,309,65,60,159,68,194,97,109,73,276,107,372,144,210,69,48,49,0,48,211,298,11,21,221,79,0,16,52,46,114,7,29.3,19.0,8.6,7.3,20.7,8.3,16.2,7.7,6.8,4.3,16.5,7.1,22.3,6.6,13.1,4.9,6.3,6.3,0.0,3.0,12.6,17.7,1.2,2.3,24.0,9.2,0.0,2.1,6.8,6.1,6.8,1.0,0.6991,0.7975,0.4244,0.8437,0.6211,3.3858,0.753,0.4306,0.539,0.4199,0.5714,0.0,1.9609,0.254,0.4337,0.4337,0.4337,0.3483,0.9733,0.0,0.5879,0.935,2.8445,0.7762,8.6249,0.6778,0,0,0,0,0,0,0,0,0,0,0,0,0,0,0,1,0,0,1,2,2,2347,98,61,37,40,73,84,0,12,0,12,13,20,88,112,0,12,12.8,8.3,2.2,2.5,4.4,5.0,0.0,2.1,0.0,2.1,0.8,1.2,5.3,6.3,0.0,2.1
39,Ohio,OH,39063,Hancock County,39063000902,Census Tract 9.02; Hancock County; Ohio,1.268612252584,3752,480,1493,255,1239,285,1021,367,76,38,414,168,108,93,52,49,289,198,500,211,609,263,207,196,13,48,855,688,0,16,0,12,33,40,97,82,1057,35,38.1,11.9,3.5,1.8,33.4,11.2,6.2,5.3,1.4,1.3,7.7,5.0,13.3,4.9,16.7,6.3,16.7,15.3,0.4,1.3,22.8,18.1,0.0,1.1,0.0,2.3,2.7,3.2,7.8,6.1,28.2,3.7,0.8147,0.4156,0.7994,0.3966,0.0676,2.4939,0.5076,0.0609,0.0828,0.6493,0.9244,0.5412,2.2586,0.4102,0.6252,0.6252,0.6252,0.0,0.0,0.814,0.6394,0.9826,2.436,0.6086,7.8137,0.5517,0,0,0,0,0,0,0,0,0,1,0,1,0,0,0,0,0,0,1,1,2,11421,85,75,190,114,319,175,213,97,15,21,0,12,118,91,0,12,6.9,5.7,5.1,3.1,8.5,4.9,5.7,2.7,0.4,0.6,0.0,0.9,3.1,2.4,0.0,0.9
39,Ohio,OH,39063,Hancock County,39063001000,Census Tract 10; Hancock County; Ohio,7.767917797946,6434,563,2971,300,2903,313,667,250,248,188,412,200,259,156,355,194,957,221,1403,222,661,242,120,96,0,68,639,859,238,114,75,65,41,52,54,44,74,4,10.4,3.8,6.8,4.6,14.2,6.7,5.7,3.3,5.6,3.0,14.9,3.2,21.8,3.1,10.3,3.6,4.2,3.3,0.0,1.1,9.9,13.3,8.0,3.8,2.5,2.2,1.4,1.8,1.9,1.5,1.2,0.1,0.2199,0.7079,0.161,0.357,0.5075,1.9533,0.3498,0.3377,0.5025,0.2329,0.394,0.0,1.4671,0.081,0.3542,0.3542,0.3542,0.6502,0.7175,0.6384,0.2029,0.6814,2.8904,0.7924,6.665,0.3717,0,0,0,0,0,0,0,0,0,0,0,0,0,0,0,0,0,0,0,0,0,8250,275,171,215,212,166,138,16,26,39,56,0,17,203,155,0,17,9.5,5.4,3.3,3.3,2.6,2.2,0.2,0.4,0.6,0.9,0.0,0.5,3.2,2.4,0.0,0.5
39,Ohio,OH,39063,Hancock County,39063001100,Census Tract 11; Hancock County; Ohio,5.319956214158,4296,521,1886,143,1740,146,926,477,71,50,351,123,308,147,292,196,861,183,878,267,872,252,125,88,72,80,756,767,0,16,42,37,9,18,54,49,0,12,21.6,10.8,3.2,2.2,20.2,6.9,10.2,4.8,6.9,4.6,20.0,4.0,20.4,4.7,20.5,5.1,7.2,5.0,1.8,2.0,17.6,17.7,0.0,0.8,2.2,2.0,0.5,1.0,3.1,2.8,0.0,0.3,0.5452,0.3711,0.4029,0.65,0.6274,2.5966,0.5368,0.663,0.4134,0.821,0.6337,0.8183,3.3494,0.919,0.5491,0.5491,0.5491,0.0,0.707,0.4413,0.3143,0.0,1.4626,0.2184,7.9577,0.5787,0,0,0,0,0,0,0,0,0,0,0,0,0,0,0,0,0,0,0,0,0,2350,212,86,147,100,508,179,33,40,0,12,0,12,39,42,29,42,12.2,4.9,3.4,2.4,11.8,4.4,0.8,0.9,0.0,0.8,0.0,0.8,0.9,0.9,0.7,1.0
39,Ohio,OH,39063,Hancock County,39063001200,Census Tract 12; Hancock County; Ohio,112.504000380586,5838,460,2596,208,2285,186,532,210,118,106,334,145,205,127,168,73,1113,228,1379,196,683,172,48,27,2,65,212,655,58,25,77,50,3,17,54,31,63,14,9.2,3.6,3.9,3.3,14.6,6.2,5.1,3.1,2.9,1.3,19.1,3.8,23.6,2.7,11.8,3.2,2.1,1.2,0.0,1.2,3.6,11.2,2.2,0.9,3.0,2.0,0.1,0.7,2.4,1.3,1.1,0.2,0.1853,0.4644,0.1762,0.3098,0.2142,1.3499,0.1835,0.6062,0.6287,0.3351,0.1673,0.0,1.7373,0.1568,0.0885,0.0885,0.0885,0.4216,0.734,0.3819,0.2514,0.6703,2.4592,0.619,5.6349,0.2044,0,0,0,0,0,0,0,0,0,0,0,0,0,0,0,0,0,0,0,0,0,4115,268,109,30,32,104,67,15,21,0,17,0,17,63,41,0,17,11.7,4.6,0.5,0.5,1.8,1.1,0.3,0.4,0.0,0.6,0.0,0.6,1.1,0.7,0.0,0.6
39,Ohio,OH,39063,Hancock County,39063001300,Census Tract 13; Hancock County; Ohio,124.08243758134,5319,450,2287,197,2121,197,633,226,109,61,172,66,190,93,218,96,1079,223,1198,175,550,167,87,44,0,68,371,647,48,41,113,69,2,17,72,79,23,2,12.0,4.2,3.9,2.3,8.1,3.0,5.1,2.5,4.1,1.8,20.3,4.4,22.5,2.5,10.4,3.3,4.1,2.0,0.0,1.4,7.0,12.1,2.1,1.8,4.9,3.0,0.1,0.8,3.4,3.7,0.4,0.0,0.2707,0.4644,0.0216,0.3098,0.3478,1.4143,0.2029,0.6804,0.5526,0.2396,0.3844,0.0,1.857,0.2044,0.234,0.234,0.234,0.4111,0.7819,0.3819,0.3438,0.5374,2.4561,0.6178,5.9614,0.2537,0,0,0,0,0,0,0,0,0,0,0,0,0,0,0,0,0,0,0,0,0,3816,447,203,44,33,245,182,0,17,0,17,0,17,82,62,0,17,21.1,8.8,0.8,0.6,4.6,3.4,0.0,0.7,0.0,0.7,0.0,0.7,1.5,1.2,0.0,0.7
39,Ohio,OH,39065,Hardin County,39065000100,Census Tract 1; Hardin County; Ohio,76.75488840166,3180,287,1415,105,1321,113,629,207,71,56,147,47,106,43,222,127,507,111,683,141,324,79,87,41,0,48,205,407,0,16,122,63,1,12,21,14,0,12,19.8,6.3,4.0,3.0,11.1,3.4,4.8,2.1,7.0,3.9,15.9,3.7,21.5,3.7,10.2,2.6,6.6,3.1,0.0,1.6,6.4,12.8,0.0,1.1,8.6,4.5,0.1,0.9,1.6,1.1,0.0,0.4,0.5014,0.4756,0.0705,0.2888,0.636,1.9723,0.3568,0.3922,0.4848,0.2275,0.5902,0.0,1.6947,0.1403,0.2134,0.2134,0.2134,0.0,0.8549,0.3819,0.1724,0.0,1.4092,0.2038,5.2896,0.1689,0,0,0,0,0,0,0,0,0,0,0,0,0,0,0,0,0,0,0,0,0,1586,222,71,75,80,10,21,3,7,17,19,6,9,85,38,9,12,16.8,5.5,2.4,2.5,0.3,0.7,0.1,0.2,0.5,0.6,0.2,0.3,2.7,1.2,0.3,0.4
39,Ohio,OH,39065,Hardin County,39065000200,Census Tract 2; Hardin County; Ohio,5.906494187112,4522,482,2212,234,2061,260,1160,379,114,105,386,150,187,102,276,219,976,196,995,209,1095,284,202,134,28,66,203,657,254,138,131,107,13,25,239,122,43,8,25.9,8.1,5.9,5.6,18.7,6.9,6.1,3.3,6.1,4.7,21.6,4.0,22.0,3.5,24.2,5.8,9.8,6.4,0.7,1.5,4.5,14.5,11.4,6.1,5.9,4.8,0.6,1.2,11.6,6.0,1.0,0.1,0.6407,0.6492,0.339,0.3897,0.5547,2.5733,0.5314,0.7384,0.5171,0.9191,0.7705,0.6367,3.5818,0.9613,0.1297,0.1297,0.1297,0.7178,0.8051,0.4632,0.7705,0.6595,3.4161,0.9216,9.7009,0.8162,0,0,0,0,0,0,0,0,1,0,0,1,0,0,0,0,0,0,0,0,1,3882,448,174,10,17,71,96,0,12,0,12,0,12,122,95,0,12,21.7,7.9,0.2,0.4,1.6,2.1,0.0,0.8,0.0,0.8,0.0,0.8,2.7,2.0,0.0,0.8
39,Ohio,OH,39065,Hardin County,39065000300,Census Tract 3; Hardin County; Ohio,105.401332081518,3451,312,1491,142,1419,145,559,227,45,30,332,107,114,58,323,196,636,106,730,176,396,100,87,64,0,48,69,437,7,8,138,77,4,13,22,16,12,3,16.2,6.4,2.5,1.6,23.4,7.2,4.7,2.4,9.4,5.6,18.4,2.9,21.2,4.2,11.5,2.6,6.1,4.5,0.0,1.5,2.0,12.7,0.4,0.5,9.3,4.8,0.3,0.9,1.6,1.1,0.3,0.1,0.3951,0.2657,0.52,0.2815,0.7928,2.2551,0.4406,0.5621,0.4654,0.3158,0.5584,0.0,1.9017,0.2232,0.0333,0.0333,0.0333,0.2743,0.8683,0.4041,0.1724,0.4924,2.2115,0.506,6.4016,0.3241,0,0,0,0,0,0,0,0,0,0,0,0,0,0,0,0,0,0,0,0,0,1875,143,47,10,14,24,27,4,7,0,12,0,12,21,26,10,19,10.1,3.1,0.3,0.4,0.7,0.8,0.1,0.2,0.0,1.0,0.0,1.0,0.6,0.7,0.3,0.6
39,Ohio,OH,39065,Hardin County,39065000401,Census Tract 4.01; Hardin County; Ohio,0.497489724286,1812,115,148,103,75,69,44,59,97,53,13,22,7,14,59,44,5,8,32,34,131,74,0,16,15,57,504,199,0,16,38,57,0,16,0,12,1722,80,48.9,47.6,11.7,5.8,17.3,24.6,10.8,25.4,3.3,2.5,0.3,0.4,1.8,1.9,7.2,4.1,0.0,21.3,0.8,3.1,27.8,10.8,0.0,10.8,25.7,34.7,0.0,21.3,0.0,35.2,95.0,7.5,0.9029,0.8797,0.2819,0.6782,0.2634,3.0061,0.6629,0.0022,0.0098,0.0774,0.0,0.6636,0.753,0.0121,0.6848,0.6848,0.6848,0.0,0.9775,0.0,0.0,0.9965,1.974,0.4079,6.4179,0.3302,1,0,0,0,0,1,0,0,0,0,0,0,0,0,0,1,0,0,1,2,3,3966,62,68,204,89,145,128,76,52,0,12,0,12,61,44,18,23,82.7,27.5,11.3,4.9,8.0,7.1,4.2,2.9,0.0,1.9,0.0,1.9,3.4,2.4,1.0,1.3
39,Ohio,OH,39065,Hardin County,39065000402,Census Tract 4.02; Hardin County; Ohio,11.519051624338,4290,237,2111,232,1857,207,1044,326,15,20,483,178,53,49,123,85,573,195,729,252,455,171,84,65,12,51,498,392,0,16,232,114,0,16,102,84,63,15,24.7,7.6,0.7,0.9,26.0,9.1,2.0,1.9,2.9,2.0,13.4,4.6,17.0,5.7,10.6,4.0,4.6,3.5,0.3,1.2,11.6,9.1,0.0,0.8,11.0,5.2,0.0,0.9,5.5,4.4,1.5,0.3,0.6169,0.0502,0.6156,0.0881,0.2142,1.585,0.2479,0.2568,0.2067,0.2542,0.4381,0.4968,1.6526,0.1263,0.4042,0.4042,0.4042,0.0,0.887,0.0,0.5098,0.7146,2.1114,0.4657,5.7532,0.2232,0,0,0,0,0,0,0,0,0,0,0,0,0,0,0,0,0,0,0,0,0,4334,90,72,3,9,309,145,118,74,0,12,0,12,68,68,0,12,4.8,3.9,0.1,0.2,7.2,3.4,2.8,1.7,0.0,0.8,0.0,0.8,1.6,1.6,0.0,0.8
39,Ohio,OH,39065,Hardin County,39065000500,Census Tract 5; Hardin County; Ohio,114.84537194354,4146,464,1745,143,1489,150,1519,391,63,43,323,92,430,102,802,310,602,108,1325,329,501,95,53,34,5,43,148,653,0,16,382,108,51,41,106,53,0,12,38.7,9.2,3.5,2.3,21.7,5.8,17.2,3.9,19.3,7.1,14.5,2.8,32.0,5.5,12.1,2.5,3.5,2.3,0.1,1.2,3.6,15.7,0.0,0.9,21.9,5.8,3.4,2.7,7.1,3.4,0.0,0.3,0.8235,0.4156,0.4616,0.8643,0.9733,3.5383,0.7898,0.3155,0.949,0.3586,0.3187,0.4245,2.3663,0.4771,0.0885,0.0885,0.0885,0.0,0.9676,0.8708,0.6048,0.0,2.4432,0.6121,8.4363,0.6533,0,0,0,0,1,1,0,1,0,0,0,1,0,0,0,1,0,0,0,1,3,2133,235,82,3,5,60,52,0,12,2,3,0,12,82,53,1,2,15.8,5.4,0.1,0.1,1.4,1.3,0.0,0.8,0.0,0.1,0.0,0.8,2.0,1.2,0.0,0.1
39,Ohio,OH,39065,Hardin County,39065000600,Census Tract 6; Hardin County; Ohio,8.530173879916,3739,471,1775,162,1572,172,1305,470,157,88,394,138,233,117,403,198,748,122,884,258,510,130,137,98,6,48,243,659,38,29,324,155,0,16,197,86,194,4,37.1,12.4,9.9,6.2,25.1,8.3,9.9,4.9,11.3,5.5,20.0,4.0,23.6,5.4,14.4,4.0,8.7,6.2,0.2,1.3,6.5,17.6,2.2,1.6,18.3,8.4,0.0,1.0,12.5,5.6,5.2,0.7,0.8007,0.8387,0.5841,0.6319,0.8686,3.724,0.8295,0.663,0.6287,0.5119,0.7194,0.4556,2.9786,0.8117,0.215,0.215,0.215,0.4216,0.9486,0.0,0.7911,0.9109,3.0722,0.8502,9.9898,0.846,0,0,0,0,0,0,0,0,0,0,0,0,0,0,0,1,0,0,1,2,2,5677,222,91,56,54,6,12,34,42,0,12,5,13,142,85,0,12,14.1,6.0,1.5,1.4,0.2,0.3,0.9,1.2,0.0,0.9,0.1,0.4,3.8,2.2,0.0,0.9
39,Ohio,OH,39065,Hardin County,39065000700,Census Tract 7; Hardin County; Ohio,146.830220697564,5482,623,2023,132,1846,143,1255,704,120,76,305,110,434,167,1571,674,848,174,1658,492,589,138,44,25,26,76,104,887,22,35,123,54,163,110,265,107,0,17,23.2,12.7,4.7,2.9,16.5,5.8,13.4,4.8,28.7,10.0,15.5,3.7,30.2,6.3,10.7,2.5,2.4,1.3,0.5,1.5,1.9,16.2,1.1,1.7,6.1,2.6,8.8,5.9,14.4,5.6,0.0,0.3,0.5862,0.553,0.2505,0.7736,0.993,3.1563,0.7035,0.371,0.9188,0.2615,0.201,0.5796,2.3319,0.4537,0.0317,0.0317,0.0317,0.3378,0.8092,0.9857,0.8263,0.0,2.959,0.8156,8.4789,0.6587,0,0,0,0,1,1,0,1,0,0,0,1,0,0,0,0,1,0,0,1,3,3306,423,123,2,4,29,40,2,4,1,3,0,17,68,47,2,4,22.9,6.2,0.0,0.1,0.5,0.7,0.0,0.1,0.0,0.1,0.0,0.6,1.2,0.9,0.0,0.1
39,Ohio,OH,39067,Harrison County,39067975600,Census Tract 9756; Harrison County; Ohio,79.550173058874,3608,327,1710,134,1437,141,1031,274,120,95,299,115,394,138,565,194,810,101,543,111,679,134,122,85,0,48,121,458,2,13,375,133,7,16,42,45,100,2,29.3,7.3,7.1,5.4,20.8,7.7,14.0,4.6,16.1,5.3,22.5,2.9,15.0,2.6,19.3,3.4,8.5,5.9,0.0,1.4,3.4,12.7,0.1,0.8,21.9,7.2,0.5,1.1,2.9,3.1,2.8,0.3,0.6991,0.7283,0.4283,0.7888,0.9521,3.5966,0.8003,0.7717,0.1294,0.7775,0.7102,0.0,2.3888,0.4892,0.0824,0.0824,0.0824,0.2556,0.9676,0.4413,0.2962,0.8161,2.7768,0.7508,8.8446,0.7063,0,0,0,0,1,1,0,0,0,0,0,0,0,0,0,1,0,0,0,1,2,2674,236,66,4,8,40,44,0,12,0,12,0,12,35,32,42,42,16.4,4.7,0.1,0.2,1.1,1.2,0.0,1.0,0.0,1.0,0.0,1.0,1.0,0.9,1.2,1.2
39,Ohio,OH,39067,Harrison County,39067975700,Census Tract 9757; Harrison County; Ohio,88.14840706884,3555,398,1927,155,1310,162,728,300,58,49,225,92,337,100,601,244,834,132,720,154,564,140,42,34,15,49,58,558,24,16,211,62,15,19,113,42,79,2,21.0,8.3,4.4,3.7,17.2,6.7,13.4,3.6,17.3,6.6,23.5,3.3,20.3,3.6,16.2,3.6,3.3,2.6,0.4,1.4,1.6,15.7,1.2,0.8,10.9,3.1,1.1,1.4,8.6,3.2,2.2,0.3,0.5297,0.5244,0.2784,0.7736,0.9622,3.0683,0.6825,0.8171,0.4065,0.6144,0.2943,0.5412,2.6735,0.6657,0.0222,0.0222,0.0222,0.3483,0.8851,0.587,0.6727,0.773,3.2661,0.8914,9.0301,0.733,0,0,0,0,1,1,0,0,0,0,0,0,0,0,0,0,0,0,0,0,1,2199,247,76,11,18,20,31,0,12,3,6,0,12,24,25,0,12,18.9,5.2,0.3,0.5,0.6,0.8,0.0,1.0,0.1,0.2,0.0,1.0,0.7,0.7,0.0,1.0
39,Ohio,OH,39067,Harrison County,39067975800,Census Tract 9758; Harrison County; Ohio,99.840918105494,2330,327,1277,103,941,126,484,168,78,50,135,58,231,137,415,251,336,98,591,174,283,73,27,27,0,48,93,451,2,12,278,91,88,78,154,81,0,12,20.8,6.6,7.9,5.1,14.3,5.9,14.6,8.2,17.8,9.4,14.4,4.1,25.4,5.0,12.1,3.1,2.9,2.8,0.0,2.3,4.0,19.3,0.2,0.9,21.8,6.7,9.4,8.2,16.4,7.9,0.0,0.5,0.5249,0.7667,0.1641,0.8066,0.9667,3.229,0.7206,0.3101,0.7327,0.3586,0.2473,0.0,1.6487,0.1248,0.1046,0.1046,0.1046,0.261,0.9673,0.9873,0.8594,0.0,3.075,0.8514,8.0573,0.5943,0,0,0,0,1,1,0,0,0,0,0,0,0,0,0,1,1,0,0,2,3,808,316,108,0,12,50,64,0,12,0,12,0,12,43,31,0,12,33.6,9.6,0.0,1.5,2.1,2.7,0.0,1.5,0.0,1.5,0.0,1.5,1.8,1.3,0.0,1.5
39,Ohio,OH,39067,Harrison County,39067975900,Census Tract 9759; Harrison County; Ohio,105.106902279378,1875,281,979,122,785,123,313,117,12,18,138,86,117,50,133,90,489,116,301,89,221,72,8,9,0,48,25,398,0,16,196,105,16,25,42,26,0,12,16.7,5.7,1.4,2.1,17.6,10.6,7.9,3.7,7.1,4.6,26.1,5.4,16.1,3.9,11.8,4.1,1.0,1.1,0.0,2.7,1.3,21.2,0.0,1.6,20.0,9.1,2.0,3.2,5.4,3.2,0.0,0.6,0.4154,0.1117,0.2943,0.5076,0.6452,1.9742,0.3575,0.9001,0.1658,0.3351,0.0759,0.0,1.4769,0.0841,0.0143,0.0143,0.0143,0.0,0.9575,0.7346,0.4994,0.0,2.1915,0.4987,5.6569,0.2079,0,0,0,0,0,0,1,0,0,0,0,1,0,0,0,1,0,0,0,1,2,1133,188,70,0,12,8,11,0,12,0,12,0,12,17,20,0,12,23.9,8.1,0.0,1.8,0.4,0.6,0.0,1.8,0.0,1.8,0.0,1.8,0.9,1.1,0.0,1.8
39,Ohio,OH,39067,Harrison County,39067976000,Census Tract 9760; Harrison County; Ohio,29.68448508449,3160,112,1510,124,1326,119,779,263,0,12,457,161,165,63,125,79,794,137,863,116,686,201,144,80,0,48,593,168,19,21,55,39,16,31,75,80,93,5,25.7,8.6,0.0,3.1,34.5,11.7,7.7,3.0,4.1,2.5,25.1,4.5,27.3,3.6,22.6,6.6,10.8,6.0,0.0,1.6,18.8,5.3,1.3,1.4,3.6,2.7,1.2,2.3,5.7,6.1,2.9,0.1,0.6373,0.0,0.8165,0.4933,0.3478,2.2949,0.4533,0.8716,0.8282,0.8851,0.8032,0.0,3.3881,0.927,0.5726,0.5726,0.5726,0.359,0.7502,0.6038,0.5241,0.8224,3.0595,0.8463,9.3151,0.7698,0,0,0,0,0,0,0,0,0,0,0,0,0,0,0,0,0,0,0,0,0,3979,139,62,403,59,71,60,0,12,0,12,0,12,119,57,0,12,10.5,4.4,12.8,1.9,2.2,1.9,0.0,1.1,0.0,1.1,0.0,1.1,3.8,1.8,0.0,1.1
39,Ohio,OH,39069,Henry County,39069000100,Census Tract 1; Henry County; Ohio,65.710310575286,4722,409,1937,142,1780,118,908,433,191,162,339,112,168,63,310,214,758,94,1071,203,510,111,50,29,0,48,228,580,23,27,113,47,12,22,61,42,41,7,19.4,9.1,7.3,5.9,19.0,6.2,5.2,2.0,6.6,4.3,16.1,2.4,22.7,2.9,10.9,2.5,2.8,1.6,0.0,1.1,4.8,12.3,1.2,1.4,5.8,2.5,0.7,1.2,3.4,2.4,0.9,0.1,0.4922,0.7387,0.354,0.3148,0.6001,2.4998,0.5095,0.4071,0.5669,0.2752,0.2403,0.0,1.4895,0.0889,0.1439,0.1439,0.1439,0.3483,0.8022,0.4873,0.3438,0.6458,2.6274,0.6905,6.7606,0.3873,0,0,0,0,0,0,0,0,0,0,0,0,0,0,0,0,0,0,0,0,0,3674,149,73,0,12,139,66,14,20,6,8,9,14,56,36,4,6,8.4,3.9,0.0,0.7,2.9,1.5,0.3,0.4,0.1,0.2,0.2,0.3,1.2,0.7,0.1,0.1
39,Ohio,OH,39069,Henry County,39069000200,Census Tract 2; Henry County; Ohio,82.540068568168,3757,338,1537,139,1523,140,215,97,17,14,201,104,203,119,147,103,703,125,884,202,397,118,7,8,41,65,507,498,0,16,20,25,0,16,33,30,26,2,5.8,2.5,0.9,0.7,13.2,6.7,7.4,4.3,3.9,2.7,18.7,3.3,23.5,4.0,10.7,2.8,0.4,0.5,1.1,1.8,13.5,13.2,0.0,1.0,1.3,1.6,0.0,1.1,2.2,2.0,0.7,0.1,0.0797,0.0654,0.1298,0.4775,0.3224,1.0748,0.1168,0.5821,0.6224,0.2615,0.0435,0.7254,2.2349,0.3952,0.4591,0.4591,0.4591,0.0,0.6505,0.0,0.2324,0.6243,1.5072,0.2327,5.276,0.167,0,0,0,0,0,0,0,0,0,0,0,0,0,0,0,0,0,0,0,0,0,4772,103,56,16,20,433,149,0,12,0,12,0,12,58,48,0,12,6.8,3.6,0.4,0.5,11.5,4.1,0.0,0.9,0.0,0.9,0.0,0.9,1.5,1.3,0.0,0.9
39,Ohio,OH,39069,Henry County,39069000300,Census Tract 3; Henry County; Ohio,5.674061555316,5114,392,2289,156,1998,155,1030,415,47,60,380,166,224,97,172,103,872,115,1525,271,931,274,120,101,45,84,604,602,174,102,318,151,0,24,73,59,32,4,20.3,8.0,1.9,2.5,19.0,8.2,6.7,2.9,3.4,2.0,17.1,2.5,29.8,4.0,18.2,5.2,6.0,5.0,1.0,1.8,11.8,11.7,7.6,4.4,13.9,6.4,0.0,1.2,3.7,2.9,0.6,0.1,0.5129,0.1787,0.354,0.4293,0.2745,1.7494,0.2956,0.4677,0.9081,0.7204,0.5517,0.707,3.3549,0.92,0.4119,0.4119,0.4119,0.6375,0.9203,0.0,0.3727,0.6059,2.5364,0.6505,8.0526,0.593,0,0,0,0,0,0,0,1,0,0,0,1,0,0,0,1,0,0,0,1,2,5863,141,79,51,53,343,208,0,17,9,12,0,17,29,27,172,208,7.1,3.9,1.0,1.0,6.7,3.9,0.0,0.7,0.2,0.2,0.0,0.7,0.6,0.5,3.4,4.1
39,Ohio,OH,39069,Henry County,39069000400,Census Tract 4; Henry County; Ohio,13.668177596064,3597,420,1687,186,1604,185,913,255,87,78,368,141,169,81,245,87,839,169,737,127,522,154,87,55,0,48,597,611,111,67,56,42,8,16,136,73,184,3,26.7,6.7,5.1,4.4,22.9,8.4,6.5,2.9,7.2,2.6,23.3,4.3,20.5,2.4,15.3,4.2,5.4,3.4,0.0,1.4,16.6,16.9,6.6,3.9,3.3,2.5,0.5,1.0,8.5,4.4,5.1,0.6,0.6557,0.5892,0.5041,0.4157,0.6557,2.8204,0.6076,0.806,0.4214,0.5646,0.5108,0.0,2.3028,0.4368,0.5254,0.5254,0.5254,0.6063,0.7441,0.4413,0.6679,0.9087,3.3683,0.9133,9.0169,0.7317,0,0,0,0,0,0,0,0,0,0,0,0,0,0,0,0,0,0,1,1,1,6538,198,70,32,42,341,162,0,12,28,18,9,14,103,59,84,117,12.3,4.3,0.9,1.1,9.5,4.5,0.0,1.0,0.8,0.5,0.3,0.4,2.9,1.7,2.3,3.3
39,Ohio,OH,39069,Henry County,39069000500,Census Tract 5; Henry County; Ohio,97.799132350788,2928,297,1334,112,1168,129,461,182,141,74,154,50,160,76,184,83,592,112,615,152,246,83,37,23,56,70,462,400,0,16,180,75,16,26,15,16,0,12,15.7,6.0,9.0,4.5,13.2,4.0,8.2,3.6,6.3,2.7,20.2,3.5,21.0,4.4,8.4,2.5,3.2,1.9,2.0,2.5,15.8,13.6,0.0,1.2,13.5,5.3,1.4,2.2,1.3,1.3,0.0,0.4,0.3821,0.8149,0.1298,0.526,0.5763,2.4291,0.4876,0.6734,0.4499,0.1311,0.2841,0.8348,2.3733,0.4803,0.513,0.513,0.513,0.0,0.9159,0.6384,0.1349,0.0,1.6892,0.2889,7.0046,0.4238,0,0,0,0,0,0,0,0,0,0,0,0,0,0,0,1,0,0,0,1,1,1267,211,68,15,21,295,112,26,30,0,12,1,2,112,54,13,17,18.1,5.6,0.5,0.7,10.1,3.6,0.9,1.0,0.0,1.2,0.0,0.1,3.8,1.8,0.4,0.6
39,Ohio,OH,39069,Henry County,39069000600,Census Tract 6; Henry County; Ohio,66.490201480004,3474,242,1433,124,1372,118,823,172,72,37,248,68,218,66,287,101,564,89,829,129,392,89,109,53,24,48,425,354,0,16,73,31,9,15,39,21,26,1,24.0,4.7,3.9,2.0,18.1,4.7,9.4,2.8,8.3,2.9,16.2,2.6,23.9,2.9,11.4,2.6,7.9,3.8,0.7,1.5,12.2,10.2,0.0,1.1,5.1,2.1,0.7,1.1,2.8,1.6,0.7,0.1,0.6001,0.4644,0.3175,0.5999,0.7363,2.7182,0.5781,0.4138,0.6516,0.3088,0.6813,0.6367,2.6922,0.6743,0.4226,0.4226,0.4226,0.0,0.7851,0.4873,0.2848,0.6243,2.1815,0.4937,8.0145,0.5886,0,0,0,0,0,0,0,0,0,0,0,0,0,0,0,0,0,0,0,0,0,2811,215,70,2,16,370,126,0,12,2,3,0,12,51,24,0,12,15.7,4.9,0.1,0.5,10.7,3.6,0.0,1.0,0.1,0.1,0.0,1.0,1.5,0.7,0.0,1.0
39,Ohio,OH,39069,Henry County,39069000700,Census Tract 7; Henry County; Ohio,84.128055900908,4009,301,1828,139,1734,148,446,174,84,98,190,62,195,69,113,79,920,135,775,109,522,136,121,56,2,46,365,434,0,16,127,70,6,15,57,43,117,2,11.5,4.4,4.1,4.6,11.0,3.5,6.8,2.5,2.9,2.1,22.9,3.0,19.3,2.3,13.4,3.3,7.0,3.2,0.1,1.2,9.1,10.8,0.0,0.9,6.9,3.7,0.3,0.9,3.3,2.5,2.9,0.2,0.2561,0.4867,0.0689,0.4344,0.2142,1.4603,0.214,0.7885,0.3377,0.4418,0.62,0.4245,2.6125,0.6295,0.3221,0.3221,0.3221,0.0,0.8257,0.4041,0.3346,0.8224,2.3868,0.587,6.7817,0.3905,0,0,0,0,0,0,0,0,0,0,0,0,0,0,0,0,0,0,0,0,0,2750,300,88,35,45,275,91,2,4,0,12,0,12,53,34,0,12,17.3,5.0,0.9,1.1,6.9,2.3,0.0,0.1,0.0,0.9,0.0,0.9,1.3,0.8,0.0,0.9
39,Ohio,OH,39071,Highland County,39071954400,Census Tract 9544; Highland County; Ohio,34.890709163018,4151,495,1780,158,1599,150,761,255,32,33,219,84,260,117,152,92,653,131,1039,234,547,143,35,34,0,48,244,707,19,19,122,84,34,53,58,43,0,12,18.3,5.7,1.5,1.6,13.7,5.1,9.4,4.5,3.7,2.4,15.7,3.6,25.0,4.1,13.2,3.4,2.2,2.1,0.0,1.3,5.9,17.0,1.1,1.1,6.9,4.7,2.1,3.3,3.6,2.8,0.0,0.3,0.4637,0.1251,0.1457,0.5999,0.3021,1.6365,0.2635,0.3814,0.7131,0.4307,0.1762,0.0,1.7014,0.1425,0.1883,0.1883,0.1883,0.3378,0.8257,0.7448,0.3638,0.0,2.2721,0.5387,5.7983,0.2311,0,0,0,0,0,0,0,0,0,0,0,0,0,0,0,0,0,0,0,0,0,4311,269,95,97,81,91,72,0,12,0,12,0,12,56,76,0,12,16.8,5.9,2.3,2.0,2.2,1.7,0.0,0.8,0.0,0.8,0.0,0.8,1.3,1.8,0.0,0.8
39,Ohio,OH,39071,Highland County,39071954500,Census Tract 9545; Highland County; Ohio,34.743836734422,3613,355,1677,137,1370,163,1322,341,140,63,334,121,545,185,180,139,587,71,797,174,813,262,68,60,0,48,229,515,25,27,76,55,21,30,169,95,127,4,37.8,9.0,8.1,3.6,24.4,8.3,21.5,6.8,5.1,3.8,16.2,2.3,22.1,4.0,23.2,7.1,4.9,4.3,0.0,1.4,6.3,14.2,1.5,1.6,4.5,3.3,1.5,2.2,12.3,6.6,3.5,0.4,0.8099,0.7778,0.5559,0.9293,0.4611,3.534,0.7879,0.4138,0.5247,0.8994,0.4644,0.0,2.3023,0.4365,0.208,0.208,0.208,0.3717,0.7743,0.6606,0.7854,0.8516,3.4436,0.9267,9.4879,0.7921,0,0,0,1,0,1,0,0,0,0,0,0,0,0,0,0,0,0,0,0,1,2524,237,111,67,95,95,78,0,12,0,12,0,12,67,59,0,12,17.3,7.8,1.9,2.6,2.6,2.1,0.0,1.0,0.0,1.0,0.0,1.0,1.9,1.7,0.0,1.0
39,Ohio,OH,39071,Highland County,39071954600,Census Tract 9546; Highland County; Ohio,87.698416384798,6220,836,2399,297,2288,276,627,388,46,43,199,91,511,228,760,496,746,112,1847,429,501,164,34,25,57,95,260,1179,21,18,185,94,98,85,159,119,0,17,10.1,6.1,1.4,1.4,8.7,3.8,12.9,5.4,12.2,7.4,12.0,2.2,29.7,4.1,8.1,2.5,1.5,1.1,1.0,1.6,4.2,18.9,0.9,0.7,7.7,3.8,4.3,3.7,6.9,5.0,0.0,0.3,0.2091,0.1117,0.0283,0.7524,0.8908,1.9923,0.3635,0.1963,0.9055,0.1162,0.1156,0.707,2.0406,0.293,0.1141,0.1141,0.1141,0.3181,0.8429,0.9111,0.5924,0.0,2.6645,0.7041,6.8115,0.3971,0,0,0,0,0,0,0,1,0,0,0,1,0,0,0,0,1,0,0,1,2,4210,203,102,175,202,1,5,3,8,6,13,0,17,75,45,0,17,8.9,4.2,2.8,3.3,0.0,0.1,0.0,0.1,0.1,0.2,0.0,0.6,1.2,0.7,0.0,0.6
39,Ohio,OH,39071,Highland County,39071954700,Census Tract 9547; Highland County; Ohio,82.35085773866,6059,513,2391,223,2307,220,1095,361,170,110,421,160,411,156,294,138,1152,219,1161,280,1202,317,50,43,0,68,75,726,54,52,241,117,64,68,69,63,0,17,18.1,5.8,5.6,3.6,18.2,6.7,9.4,3.3,4.9,2.3,19.0,3.3,19.2,3.7,19.8,5.1,2.2,1.9,0.0,1.2,1.2,12.0,2.3,2.2,10.1,4.7,2.8,2.9,3.0,2.6,0.0,0.3,0.4573,0.6276,0.3213,0.5999,0.4376,2.4437,0.4924,0.6018,0.3313,0.7978,0.1762,0.0,1.9071,0.2254,0.0114,0.0114,0.0114,0.426,0.8765,0.826,0.3051,0.0,2.4336,0.6079,6.7958,0.394,0,0,0,0,0,0,0,0,0,0,0,0,0,0,0,0,0,0,0,0,0,4959,428,151,0,17,37,51,0,17,0,17,0,17,38,40,0,17,18.6,6.1,0.0,0.6,0.6,0.8,0.0,0.6,0.0,0.6,0.0,0.6,0.6,0.7,0.0,0.6
39,Ohio,OH,39071,Highland County,39071954800,Census Tract 9548; Highland County; Ohio,6.267902261498,4153,269,2027,197,1740,166,1240,313,123,66,470,138,247,107,217,104,963,200,878,191,725,138,123,95,5,47,201,387,163,80,43,42,7,17,187,84,198,8,31.3,7.6,6.7,3.7,27.0,7.5,8.7,3.8,5.5,2.5,23.2,4.6,21.1,4.1,18.2,3.6,7.1,5.4,0.1,1.2,4.8,9.3,8.0,3.9,2.1,2.1,0.4,1.0,10.7,4.9,4.8,0.4,0.7306,0.7032,0.6517,0.5574,0.5005,3.1434,0.6997,0.8031,0.4569,0.7204,0.626,0.4245,3.0309,0.8333,0.1439,0.1439,0.1439,0.6502,0.7019,0.4206,0.7438,0.9008,3.4173,0.9222,9.7355,0.8194,0,0,0,0,0,0,0,0,0,0,0,0,0,0,0,0,0,0,1,1,1,8447,432,155,5,5,96,51,0,12,30,34,0,12,55,41,15,20,24.8,8.2,0.1,0.1,2.3,1.2,0.0,0.8,0.7,0.8,0.0,0.8,1.3,1.0,0.4,0.5
39,Ohio,OH,39071,Highland County,39071954900,Census Tract 9549; Highland County; Ohio,14.398395320176,3919,366,1833,179,1665,195,1117,338,90,61,448,179,385,134,247,107,989,181,803,209,832,201,59,58,0,48,602,525,52,55,161,86,3,13,270,161,202,3,30.0,8.6,5.6,3.5,26.9,10.3,14.2,4.9,6.6,2.8,25.2,4.7,20.5,4.3,22.4,5.5,3.6,3.5,0.0,1.3,15.4,13.3,2.8,3.0,8.8,4.7,0.2,0.8,16.2,9.1,5.2,0.5,0.7112,0.6276,0.6492,0.7942,0.6001,3.3823,0.7527,0.8744,0.4214,0.8804,0.3292,0.0,2.5054,0.56,0.5041,0.5041,0.5041,0.4622,0.8581,0.3905,0.8565,0.9109,3.4782,0.9356,9.87,0.8333,0,0,0,0,0,0,0,0,0,0,0,0,0,0,0,0,0,0,1,1,1,6233,372,165,324,192,142,130,0,12,0,12,0,12,136,107,0,12,22.3,8.9,8.3,4.8,3.6,3.3,0.0,0.9,0.0,0.9,0.0,0.9,3.5,2.7,0.0,0.9
39,Ohio,OH,39071,Highland County,39071955001,Census Tract 9550.01; Highland County; Ohio,25.745921131014,1743,298,902,143,604,96,267,117,20,25,167,93,294,125,537,183,356,78,500,184,237,97,0,16,17,53,30,423,0,16,164,78,18,24,75,53,0,12,15.6,6.3,3.4,4.1,27.6,14.8,26.8,10.3,30.8,9.4,20.4,5.2,28.7,7.0,13.6,5.5,0.0,2.6,1.0,3.2,1.7,24.3,0.0,1.8,18.2,8.5,3.0,3.9,12.4,8.3,0.0,0.7,0.3811,0.3975,0.6689,0.9673,0.9949,3.4097,0.7587,0.6855,0.8782,0.4532,0.0,0.707,2.7239,0.6965,0.0254,0.0254,0.0254,0.0,0.9479,0.8429,0.7883,0.0,2.5791,0.6689,8.7381,0.6933,0,0,0,1,1,2,0,0,0,0,0,0,0,0,0,1,0,0,0,1,3,878,234,105,0,12,0,12,0,12,0,12,0,12,13,23,17,25,38.7,14.4,0.0,2.0,0.0,2.0,0.0,2.0,0.0,2.0,0.0,2.0,0.7,1.3,1.0,1.5
39,Ohio,OH,39071,Highland County,39071955002,Census Tract 9550.02; Highland County; Ohio,8.987261890922,2542,412,1359,177,862,126,1052,267,73,74,375,131,311,130,285,344,427,152,871,292,499,200,29,37,0,48,150,579,0,16,721,158,47,52,59,63,0,12,41.4,8.1,8.6,7.5,43.5,13.8,20.6,8.3,11.2,12.5,16.8,5.9,34.3,7.7,19.6,7.3,3.4,4.3,0.0,2.0,5.9,22.8,0.0,1.2,53.1,10.6,5.5,6.0,6.8,7.0,0.0,0.5,0.8486,0.7975,0.9308,0.9195,0.8664,4.3628,0.9533,0.4486,0.9705,0.7893,0.3089,0.0,2.5173,0.567,0.1883,0.1883,0.1883,0.0,0.9984,0.9502,0.5879,0.0,2.5365,0.6508,9.6049,0.8044,0,0,1,1,0,2,0,1,0,0,0,1,0,0,0,1,1,0,0,2,5,1004,210,102,0,12,47,68,0,12,0,12,0,12,103,85,0,12,24.4,9.9,0.0,1.4,1.8,2.7,0.0,1.4,0.0,1.4,0.0,1.4,4.1,3.3,0.0,1.4
39,Ohio,OH,39071,Highland County,39071955101,Census Tract 9551.01; Highland County; Ohio,69.72013312778,3756,492,1585,223,1521,247,1161,428,10,20,432,227,815,317,451,343,872,228,741,201,877,350,67,73,56,80,114,702,0,16,226,122,18,31,203,137,15,3,31.0,10.7,0.6,1.3,28.4,14.2,28.3,8.6,12.0,8.6,23.2,4.8,19.7,4.5,23.3,8.0,4.4,4.7,1.6,2.3,3.0,18.7,0.0,1.0,14.3,7.6,1.2,2.0,13.3,8.5,0.4,0.1,0.7258,0.0422,0.6898,0.9762,0.8873,3.3213,0.7422,0.8031,0.3653,0.9023,0.4184,0.7971,3.2862,0.9073,0.0656,0.0656,0.0656,0.0,0.9229,0.6038,0.8063,0.5374,2.8704,0.786,9.5435,0.7987,0,0,0,1,0,1,0,0,1,0,0,1,0,0,0,1,0,0,0,1,3,1321,400,203,0,12,35,21,0,12,0,12,0,12,79,80,0,12,26.3,11.2,0.0,0.9,0.9,0.6,0.0,0.9,0.0,0.9,0.0,0.9,2.1,2.2,0.0,0.9
39,Ohio,OH,39071,Highland County,39071955102,Census Tract 9551.02; Highland County; Ohio,83.94302848657,2685,548,1104,163,967,159,699,350,86,106,158,109,377,216,355,222,410,152,691,250,355,125,1,12,44,66,295,762,0,16,118,70,34,43,64,50,15,3,26.0,11.9,7.4,8.9,16.3,10.9,20.1,10.2,13.2,8.1,15.3,5.2,25.7,5.0,13.2,5.3,0.1,1.2,1.7,2.6,11.0,28.3,0.0,1.4,10.7,6.0,3.5,4.4,6.6,5.1,0.6,0.2,0.6423,0.7438,0.2422,0.9112,0.9143,3.4538,0.7686,0.3576,0.7511,0.4307,0.0381,0.8094,2.3869,0.4879,0.3893,0.3893,0.3893,0.0,0.8838,0.8771,0.5765,0.6059,2.9433,0.8105,9.1733,0.7467,0,0,0,1,1,2,0,0,0,0,0,0,0,0,0,0,0,0,0,0,2,1536,324,133,42,66,1,7,44,70,0,12,0,12,208,89,0,12,33.5,11.7,1.6,2.3,0.0,0.3,1.6,2.5,0.0,1.3,0.0,1.3,7.7,4.0,0.0,1.3
39,Ohio,OH,39071,Highland County,39071955200,Census Tract 9552; Highland County; Ohio,104.336922613,4444,527,1953,205,1765,202,1245,409,81,58,275,97,274,119,420,209,807,171,991,228,920,217,128,74,0,48,124,738,0,16,360,160,31,30,149,129,0,12,28.1,8.6,3.7,2.4,15.6,5.2,9.1,3.7,9.5,4.4,18.2,3.7,22.3,3.6,20.7,4.7,7.3,4.1,0.0,1.1,2.8,16.6,0.0,0.8,18.4,7.5,1.8,1.7,8.4,6.9,0.0,0.3,0.6814,0.4429,0.213,0.5821,0.7982,2.7176,0.5771,0.5466,0.539,0.8293,0.6416,0.0,2.5565,0.5937,0.0587,0.0587,0.0587,0.0,0.9492,0.7079,0.6635,0.0,2.3206,0.559,7.6534,0.5244,0,0,0,0,0,0,0,0,0,0,0,0,0,0,0,1,0,0,0,1,1,2445,366,167,0,12,44,51,0,12,16,18,0,12,64,46,0,12,20.7,8.7,0.0,0.8,1.0,1.1,0.0,0.8,0.4,0.4,0.0,0.8,1.4,1.1,0.0,0.8
39,Ohio,OH,39073,Hocking County,39073964900,Census Tract 9649; Hocking County; Ohio,72.476864341988,4424,649,2151,153,1740,159,716,251,111,67,269,104,198,119,145,91,861,142,953,378,518,180,54,44,0,48,79,919,0,16,223,102,72,60,51,46,0,12,16.2,5.2,5.0,3.1,15.5,5.8,6.2,3.7,3.3,2.2,19.5,4.5,21.5,6.0,11.7,4.7,3.1,2.5,0.0,1.2,1.8,20.8,0.0,0.7,10.4,4.8,4.1,3.4,2.9,2.6,0.0,0.3,0.3951,0.58,0.2083,0.3966,0.2634,1.8434,0.319,0.636,0.4848,0.3291,0.2733,0.0,1.7232,0.1527,0.0282,0.0282,0.0282,0.0,0.8803,0.9006,0.2962,0.0,2.0771,0.4483,5.6719,0.2114,0,0,0,0,0,0,0,0,0,0,0,0,0,0,0,0,1,0,0,1,1,2362,243,119,0,12,4,43,0,12,3,6,0,12,72,59,0,12,14.0,6.9,0.0,0.8,0.1,1.0,0.0,0.8,0.1,0.1,0.0,0.8,1.6,1.3,0.0,0.8
39,Ohio,OH,39073,Hocking County,39073965000,Census Tract 9650; Hocking County; Ohio,91.102953009524,3735,474,1846,226,1532,217,1094,417,201,130,421,132,293,142,238,103,776,158,774,207,777,224,113,90,0,48,124,666,22,21,487,141,0,16,52,39,0,12,29.4,10.6,12.9,7.6,27.5,7.7,11.0,5.2,6.4,2.6,20.8,3.8,20.7,4.3,20.8,5.7,7.4,5.8,0.0,1.4,3.3,17.8,1.2,1.1,26.4,7.0,0.0,1.0,3.4,2.5,0.0,0.3,0.7017,0.9051,0.6663,0.6855,0.5849,3.5435,0.7917,0.7051,0.4315,0.8305,0.647,0.0,2.6141,0.6305,0.0793,0.0793,0.0793,0.3483,0.9784,0.0,0.3438,0.0,1.6705,0.2813,7.9074,0.5692,0,1,0,0,0,1,0,0,0,0,0,0,0,0,0,1,0,0,0,1,2,1747,248,104,0,12,24,47,0,12,0,12,0,12,100,67,0,12,16.2,5.9,0.0,0.9,0.6,1.2,0.0,0.9,0.0,0.9,0.0,0.9,2.7,1.8,0.0,0.9
39,Ohio,OH,39073,Hocking County,39073965100,Census Tract 9651; Hocking County; Ohio,133.316878883846,4006,517,1928,205,1590,193,911,350,23,25,165,91,603,260,230,127,725,151,762,227,500,147,45,49,0,48,107,733,0,16,530,144,75,56,42,46,0,12,22.7,8.2,1.1,1.2,10.4,5.6,20.1,7.5,5.7,3.3,18.1,3.8,19.0,4.6,12.5,3.8,2.8,3.1,0.0,1.3,2.7,18.3,0.0,0.8,27.5,6.7,4.7,3.5,2.6,2.9,0.0,0.3,0.5744,0.0803,0.0559,0.9112,0.5176,2.1394,0.4076,0.539,0.3183,0.3846,0.2403,0.0,1.4822,0.087,0.0558,0.0558,0.0558,0.0,0.981,0.9283,0.267,0.0,2.1763,0.4917,5.8537,0.239,0,0,0,1,0,1,0,0,0,0,0,0,0,0,0,1,1,0,0,2,3,1830,289,106,0,12,0,12,0,12,0,12,0,12,107,85,0,12,18.2,6.5,0.0,0.9,0.0,0.9,0.0,0.9,0.0,0.9,0.0,0.9,2.7,2.2,0.0,0.9
39,Ohio,OH,39073,Hocking County,39073965200,Census Tract 9652; Hocking County; Ohio,19.79677580037,3602,403,1830,166,1656,167,1380,438,63,45,389,140,381,154,137,115,762,162,810,206,791,248,303,111,9,49,577,560,83,44,344,139,13,26,83,39,8,2,38.4,11.4,3.4,2.4,23.5,8.1,15.8,6.7,3.8,3.2,21.2,4.4,22.5,4.2,22.0,6.6,18.3,6.4,0.3,1.4,16.0,15.4,4.5,2.4,18.8,7.1,0.8,1.6,5.0,2.3,0.2,0.1,0.8204,0.3975,0.5254,0.8361,0.3113,2.8907,0.6276,0.7213,0.5526,0.8696,0.9384,0.4968,3.5787,0.961,0.5155,0.5155,0.5155,0.5397,0.9521,0.5117,0.4702,0.4356,2.9093,0.7981,9.8942,0.8359,0,0,0,0,0,0,0,0,0,1,0,1,0,0,0,1,0,0,0,1,2,3887,341,124,5,8,55,72,19,33,0,12,0,12,291,244,207,249,20.6,7.0,0.1,0.2,1.5,2.0,0.5,0.9,0.0,1.0,0.0,1.0,8.1,6.2,5.7,7.0
39,Ohio,OH,39073,Hocking County,39073965300,Census Tract 9653; Hocking County; Ohio,9.360995113352,3886,464,1620,168,1502,170,1325,482,55,47,459,155,125,77,474,174,661,110,980,275,765,232,245,131,172,135,306,661,66,54,31,28,8,16,64,42,51,6,34.3,11.8,3.1,2.6,30.6,9.7,4.7,2.7,12.3,4.5,17.0,2.8,25.2,5.3,19.8,5.4,16.3,8.5,4.7,3.6,7.9,17.0,4.1,3.3,1.9,1.7,0.5,1.1,4.3,2.8,1.3,0.2,0.7737,0.3537,0.74,0.2815,0.8934,3.0423,0.6737,0.4632,0.7248,0.7978,0.9194,0.9458,3.851,0.9908,0.2771,0.2771,0.2771,0.5219,0.693,0.4413,0.4184,0.6934,2.768,0.7463,9.9384,0.84,0,0,0,0,0,0,0,0,0,1,1,2,0,0,0,0,0,0,0,0,2,2781,105,57,75,46,205,108,0,12,0,12,0,12,26,35,0,12,7.0,3.7,1.9,1.2,5.3,2.8,0.0,0.9,0.0,0.9,0.0,0.9,0.7,0.9,0.0,0.9
39,Ohio,OH,39073,Hocking County,39073965400,Census Tract 9654; Hocking County; Ohio,21.400672079918,4853,354,2002,156,1801,167,1477,431,55,47,375,128,458,136,420,196,879,165,1148,186,1067,228,145,77,0,48,168,505,58,54,270,114,70,58,151,65,147,5,31.9,9.0,2.8,2.3,20.8,6.8,14.3,4.0,8.9,4.1,18.1,3.5,23.7,2.9,22.6,4.9,8.0,4.2,0.0,1.0,3.5,10.4,2.9,2.7,13.5,5.6,3.9,3.2,8.4,3.5,3.0,0.2,0.7398,0.3133,0.4283,0.7984,0.7661,3.0459,0.6756,0.539,0.6354,0.8851,0.6851,0.0,2.7446,0.7048,0.0847,0.0847,0.0847,0.4695,0.9159,0.8933,0.6635,0.8291,3.7713,0.9746,9.6465,0.8102,0,0,0,0,0,0,0,0,0,0,0,0,0,0,0,1,0,0,0,1,1,7032,316,159,23,36,15,28,53,54,0,12,0,12,77,56,0,12,17.5,8.4,0.5,0.7,0.3,0.6,1.1,1.1,0.0,0.7,0.0,0.7,1.6,1.2,0.0,0.7
39,Ohio,OH,39073,Hocking County,39073965500,Census Tract 9655; Hocking County; Ohio,73.894043238744,3598,469,1643,175,1458,178,1099,355,119,54,243,100,349,176,305,136,712,163,651,144,541,124,51,36,0,48,160,660,0,16,527,150,34,41,20,20,110,34,31.8,9.4,6.4,2.5,16.7,6.5,12.6,6.2,8.7,3.5,19.8,5.1,18.1,3.4,15.5,3.8,3.5,2.4,0.0,1.4,4.4,18.3,0.0,1.0,32.1,8.2,2.3,2.8,1.4,1.4,3.1,0.9,0.7382,0.6835,0.2581,0.7406,0.7566,3.177,0.7076,0.6512,0.2613,0.5773,0.3187,0.0,1.8085,0.1848,0.1249,0.1249,0.1249,0.0,0.9905,0.7698,0.1476,0.8358,2.7437,0.7368,7.8541,0.5594,0,0,0,0,0,0,0,0,0,0,0,0,0,0,0,1,0,0,0,1,1,1510,161,64,70,25,8,3,0,12,0,12,0,12,82,40,0,12,11.0,4.3,1.9,0.7,0.2,0.1,0.0,1.0,0.0,1.0,0.0,1.0,2.3,1.1,0.0,1.0
39,Ohio,OH,39075,Holmes County,39075976301,Census Tract 9763.01; Holmes County; Ohio,25.82777977434,4379,602,1259,134,1124,144,713,291,8,14,128,67,1423,272,2939,619,457,106,1603,317,193,84,4,15,65,58,113,861,15,26,0,12,50,41,774,142,0,12,16.3,6.3,0.4,0.7,11.4,5.8,62.0,7.4,67.1,8.6,10.4,2.6,36.6,3.5,4.4,1.9,0.4,1.3,1.6,1.4,2.6,19.7,1.2,2.1,0.0,2.7,4.5,3.6,68.9,7.3,0.0,0.3,0.4002,0.0289,0.0803,0.9987,1.0,2.5081,0.5133,0.1373,0.9841,0.0152,0.0435,0.7971,1.9772,0.2622,0.0542,0.0542,0.0542,0.3483,0.0,0.9213,0.9994,0.0,2.269,0.5371,6.8085,0.3959,0,0,0,1,1,2,0,1,0,0,0,1,0,0,0,0,1,1,0,2,5,6290,831,155,0,12,113,91,0,12,0,12,0,12,0,12,0,12,73.9,7.5,0.0,0.8,2.6,2.1,0.0,0.8,0.0,0.8,0.0,0.8,0.0,0.8,0.0,0.8
39,Ohio,OH,39075,Holmes County,39075976302,Census Tract 9763.02; Holmes County; Ohio,42.810276629606,6374,451,1628,140,1509,141,795,349,139,179,216,92,2040,242,3372,558,643,132,2068,310,284,103,22,36,92,83,23,637,17,31,19,28,91,63,697,142,244,3,13.0,5.6,4.4,5.5,14.3,5.9,58.6,5.3,55.0,7.4,10.1,2.3,32.4,4.1,4.6,1.7,1.5,2.4,1.6,1.4,0.4,10.0,1.0,1.9,1.2,1.7,6.0,4.1,46.2,8.2,3.8,0.3,0.3043,0.5244,0.1641,0.9984,0.9981,2.9893,0.6575,0.1262,0.9543,0.0203,0.1156,0.7971,2.0135,0.2781,0.0019,0.0019,0.0019,0.3292,0.6451,0.961,0.9902,0.8656,3.7911,0.9768,8.7958,0.7003,0,0,0,1,1,2,0,1,0,0,0,1,0,0,0,0,1,1,0,2,5,6980,692,151,0,17,0,17,0,17,0,17,0,17,23,38,0,17,45.9,8.8,0.0,0.5,0.0,0.5,0.0,0.5,0.0,0.5,0.0,0.5,0.4,0.6,0.0,0.5
39,Ohio,OH,39075,Holmes County,39075976401,Census Tract 9764.01; Holmes County; Ohio,17.376229389092,2421,374,655,99,624,103,382,186,0,12,54,43,762,210,1554,370,202,96,832,218,189,99,0,16,87,72,0,528,26,38,53,66,49,49,383,99,0,12,15.8,7.3,0.0,3.1,8.7,6.7,58.0,14.4,64.2,11.9,8.3,4.0,34.4,6.0,7.8,4.2,0.0,2.6,4.0,3.3,0.0,21.8,4.0,5.8,8.1,9.8,7.9,7.7,61.4,12.4,0.0,0.5,0.385,0.0,0.0283,0.9981,0.9994,2.4108,0.4822,0.0742,0.9718,0.1012,0.0,0.9296,2.0768,0.3108,0.0,0.0,0.0,0.5184,0.8467,0.9765,0.9987,0.0,3.3403,0.9076,7.8279,0.554,0,0,0,1,1,2,0,1,0,0,1,2,0,0,0,0,1,1,0,2,6,1741,323,86,0,12,0,12,0,12,0,12,0,12,0,12,0,12,51.8,13.1,0.0,1.4,0.0,1.4,0.0,1.4,0.0,1.4,0.0,1.4,0.0,1.4,0.0,1.4
39,Ohio,OH,39075,Holmes County,39075976402,Census Tract 9764.02; Holmes County; Ohio,35.911198756832,3011,771,753,110,745,110,441,361,36,52,37,33,581,136,1744,937,302,141,1359,712,132,91,3,13,25,64,92,1097,0,16,49,43,66,86,198,109,0,12,14.7,11.4,3.0,4.4,5.0,4.4,41.2,8.8,57.9,19.5,10.0,6.0,45.1,13.5,4.4,3.4,0.4,1.7,0.9,2.4,3.1,36.4,0.0,2.1,6.5,5.7,8.9,11.5,26.6,14.0,0.0,0.4,0.3548,0.3403,0.0041,0.9959,0.9987,2.6938,0.5705,0.124,0.9984,0.0152,0.0435,0.6855,1.8666,0.2076,0.0685,0.0685,0.0685,0.0,0.8181,0.9863,0.9451,0.0,2.7495,0.7387,7.3784,0.4841,0,0,0,1,1,2,0,1,0,0,0,1,0,0,0,0,1,1,0,2,5,3333,262,106,0,12,57,55,0,12,0,12,0,12,0,12,35,60,35.2,12.7,0.0,1.2,1.9,2.0,0.0,1.2,0.0,1.2,0.0,1.2,0.0,1.2,1.2,2.1
39,Ohio,OH,39075,Holmes County,39075976403,Census Tract 9764.03; Holmes County; Ohio,27.004478901416,4216,668,1094,160,1088,160,1013,562,0,12,263,127,1063,276,1420,612,725,236,1298,400,326,191,0,16,55,69,155,925,81,54,77,76,29,37,391,136,350,5,26.2,13.8,0.0,2.1,24.2,11.1,41.3,8.6,36.7,12.9,17.2,5.5,30.8,6.4,8.4,4.9,0.0,1.5,1.5,1.8,3.7,21.9,7.4,4.8,7.0,6.9,2.7,3.4,35.9,10.1,8.3,1.3,0.6455,0.0,0.5486,0.9962,0.9959,3.1862,0.7105,0.4765,0.9347,0.1311,0.0,0.7854,2.3277,0.4511,0.0932,0.0932,0.0932,0.6311,0.8276,0.814,0.9756,0.9471,4.1954,0.9949,9.8025,0.8267,0,0,0,1,1,2,0,1,0,0,0,1,0,0,0,0,0,1,1,2,5,3264,409,135,51,44,34,46,0,12,16,28,0,12,54,89,0,12,37.6,10.3,1.2,1.1,0.8,1.1,0.0,0.8,0.4,0.7,0.0,0.8,1.3,2.0,0.0,0.8
39,Ohio,OH,39075,Holmes County,39075976500,Census Tract 9765; Holmes County; Ohio,91.52580149517,5014,607,2264,222,2011,203,979,465,41,50,383,155,420,151,509,395,789,170,1180,382,555,223,70,73,0,68,231,875,0,24,305,129,41,41,37,43,0,17,19.5,9.0,1.4,1.7,19.0,7.5,12.3,4.6,10.2,7.6,15.7,3.3,23.5,5.7,11.1,4.6,3.5,3.6,0.0,1.4,4.6,17.4,0.0,1.1,13.5,5.4,2.0,2.0,1.8,2.1,0.0,0.3,0.4948,0.1117,0.354,0.7308,0.8258,2.5171,0.5143,0.3814,0.6224,0.2882,0.3187,0.0,1.6107,0.1162,0.1335,0.1335,0.1335,0.0,0.9159,0.7346,0.1933,0.0,1.8438,0.3543,6.1051,0.2756,0,0,0,0,0,0,0,0,0,0,0,0,0,0,0,1,0,0,0,1,1,2719,272,103,0,17,95,82,0,17,0,17,0,17,126,106,10,16,13.5,5.3,0.0,0.7,1.9,1.7,0.0,0.7,0.0,0.7,0.0,0.7,2.5,2.1,0.2,0.3
39,Ohio,OH,39075,Holmes County,39075976600,Census Tract 9766; Holmes County; Ohio,79.981016172532,4116,506,2109,220,1679,221,628,203,143,77,403,132,515,163,487,203,1067,237,791,184,614,160,68,47,0,48,97,722,23,15,193,91,21,23,46,30,0,12,15.3,4.6,6.7,3.4,24.0,7.2,17.0,4.9,11.8,4.5,25.9,4.5,19.2,2.9,14.9,3.7,4.0,2.7,0.0,1.2,2.4,17.5,1.0,0.7,9.2,4.2,1.3,1.4,2.7,1.8,0.0,0.3,0.3723,0.7032,0.5422,0.8605,0.881,3.3592,0.7476,0.8938,0.3313,0.5408,0.3743,0.0,2.1402,0.3457,0.0479,0.0479,0.0479,0.3292,0.8654,0.6181,0.2752,0.0,2.0879,0.453,7.6352,0.5222,0,0,0,0,0,0,0,0,0,0,0,0,0,0,0,0,0,0,0,0,0,2399,445,110,0,12,7,12,0,12,31,49,0,12,59,62,0,12,26.5,5.4,0.0,0.8,0.2,0.3,0.0,0.8,0.8,1.2,0.0,0.8,1.4,1.5,0.0,0.8
39,Ohio,OH,39075,Holmes County,39075976700,Census Tract 9767; Holmes County; Ohio,20.863229678978,4808,222,2132,199,1991,197,1105,315,44,38,420,142,617,187,446,224,849,175,1057,184,595,153,102,67,0,48,213,338,146,101,130,72,44,45,92,50,155,9,23.5,6.6,1.8,1.6,21.1,6.8,18.3,5.4,9.5,4.7,17.7,3.7,22.0,3.7,12.6,3.3,5.1,3.3,0.0,1.1,4.4,7.0,6.9,4.7,6.1,3.4,2.2,2.2,4.6,2.5,3.2,0.1,0.5912,0.1654,0.4403,0.8859,0.7982,2.881,0.6248,0.5117,0.5171,0.3897,0.4841,0.0,1.9026,0.2244,0.1249,0.1249,0.1249,0.6146,0.8092,0.7575,0.4419,0.8405,3.4637,0.9314,8.3722,0.6438,0,0,0,0,0,0,0,0,0,0,0,0,0,0,0,0,0,0,0,0,0,6109,309,121,32,49,59,58,0,12,7,17,0,12,115,90,0,12,15.5,5.5,0.7,1.0,1.2,1.2,0.0,0.7,0.1,0.4,0.0,0.7,2.4,1.9,0.0,0.7
39,Ohio,OH,39075,Holmes County,39075976801,Census Tract 9768.01; Holmes County; Ohio,37.89304449265,5244,357,1307,134,1307,134,795,317,0,17,247,107,2122,216,2932,488,556,104,1659,227,301,131,0,24,78,80,119,503,0,24,16,25,65,40,947,149,102,3,15.5,6.1,0.0,1.4,18.9,8.0,72.4,5.7,57.0,7.8,10.6,1.8,31.6,3.5,5.9,2.4,0.0,1.8,1.7,1.7,2.3,9.6,0.0,1.8,1.2,1.9,4.9,3.0,72.5,8.0,1.9,0.1,0.3786,0.0,0.3483,0.9997,0.9984,2.725,0.5803,0.1462,0.9448,0.0422,0.0,0.8094,1.9426,0.2435,0.0438,0.0438,0.0438,0.0,0.6451,0.9356,0.9997,0.7524,3.3328,0.907,8.0442,0.5911,0,0,0,1,1,2,0,1,0,0,0,1,0,0,0,0,1,1,0,2,5,5032,855,128,0,17,56,45,30,50,4,15,0,17,29,46,0,17,65.4,7.9,0.0,0.7,1.1,0.8,0.6,1.0,0.1,0.3,0.0,0.7,0.6,0.9,0.0,0.7
39,Ohio,OH,39075,Holmes County,39075976802,Census Tract 9768.02; Holmes County; Ohio,43.42118343029,4690,535,1326,176,1236,156,713,334,6,10,209,139,1622,294,2757,592,604,227,1580,322,193,85,22,36,85,69,41,761,0,16,34,28,83,48,604,112,0,12,15.2,6.9,0.3,0.5,16.9,11.0,65.2,9.5,58.8,9.8,12.9,5.0,33.7,6.0,4.1,1.7,1.8,2.9,2.0,1.6,0.9,16.2,0.0,1.2,2.6,2.1,6.7,3.8,48.9,10.3,0.0,0.3,0.3691,0.0263,0.2676,0.9994,0.999,2.6614,0.5597,0.2302,0.9642,0.0095,0.1419,0.8348,2.1806,0.3689,0.0076,0.0076,0.0076,0.0,0.7197,0.9689,0.993,0.0,2.6816,0.7133,7.5312,0.5044,0,0,0,1,1,2,0,1,0,0,0,1,0,0,0,0,1,1,0,2,5,5399,692,114,0,12,34,44,0,12,0,12,0,12,7,14,0,12,56.0,10.1,0.0,0.7,0.7,1.0,0.0,0.7,0.0,0.7,0.0,0.7,0.1,0.3,0.0,0.7
39,Ohio,OH,39077,Huron County,39077915400,Census Tract 9154; Huron County; Ohio,61.631453371294,5039,410,2102,211,1860,186,404,224,33,37,263,123,278,140,142,80,926,211,1307,206,648,172,112,53,19,72,486,538,0,24,199,95,17,30,6,8,0,17,8.0,4.4,1.3,1.5,14.1,6.5,8.0,3.8,2.8,1.6,18.4,4.0,25.9,3.7,12.9,3.3,6.1,2.8,0.4,1.5,9.6,10.6,0.0,1.1,9.5,4.4,0.9,1.6,0.3,0.4,0.0,0.3,0.1488,0.1013,0.1581,0.5133,0.1996,1.1211,0.1267,0.5621,0.7625,0.4059,0.5584,0.5412,2.8301,0.7448,0.3424,0.3424,0.3424,0.0,0.8708,0.5384,0.0438,0.0,1.453,0.2162,5.7466,0.2213,0,0,0,0,0,0,0,0,0,0,0,0,0,0,0,0,0,0,0,0,0,3605,301,139,0,17,355,243,19,26,32,36,0,17,80,55,0,17,16.2,6.9,0.0,0.7,7.0,4.6,0.4,0.5,0.6,0.7,0.0,0.7,1.6,1.1,0.0,0.7
39,Ohio,OH,39077,Huron County,39077915500,Census Tract 9155; Huron County; Ohio,7.726253531126,5933,513,2798,257,2491,291,972,343,211,127,479,179,434,176,218,120,1141,237,1298,294,1249,309,61,65,0,68,702,774,28,32,411,130,0,24,152,103,0,17,16.4,5.6,7.2,4.3,19.2,6.8,10.3,4.0,3.7,2.0,19.2,3.9,21.9,4.0,21.1,5.2,2.4,2.6,0.0,1.2,11.8,13.0,1.0,1.1,14.7,4.6,0.0,1.0,6.1,4.2,0.0,0.3,0.4046,0.7337,0.3641,0.6544,0.3021,2.4589,0.4959,0.6129,0.5098,0.8391,0.201,0.0,2.1628,0.3565,0.4119,0.4119,0.4119,0.3292,0.9254,0.0,0.5479,0.0,1.8025,0.3375,6.8361,0.4038,0,0,0,0,0,0,0,0,0,0,0,0,0,0,0,1,0,0,0,1,1,6370,322,137,96,92,231,235,0,17,0,17,0,17,220,180,155,169,12.9,5.2,1.6,1.6,3.9,4.0,0.0,0.6,0.0,0.6,0.0,0.6,3.7,3.0,2.6,2.8
39,Ohio,OH,39077,Huron County,39077915600,Census Tract 9156; Huron County; Ohio,3.334954866694,5505,506,2472,243,2365,241,856,374,59,64,594,217,176,97,253,163,936,181,1239,303,779,199,173,112,44,83,678,709,183,121,0,17,8,21,199,94,142,11,16.0,6.8,1.9,2.1,25.1,8.8,4.6,2.5,4.7,3.0,17.0,3.5,22.5,4.3,14.5,3.4,7.3,4.7,0.8,1.6,12.3,12.8,7.4,4.8,0.0,1.4,0.3,0.9,8.4,4.2,2.6,0.3,0.391,0.1787,0.5841,0.2724,0.4135,1.8397,0.3175,0.4632,0.5526,0.5198,0.6416,0.6636,2.8408,0.7495,0.4255,0.4255,0.4255,0.6311,0.0,0.4041,0.6635,0.8012,2.4999,0.6365,7.6059,0.5175,0,0,0,0,0,0,0,0,0,0,0,0,0,0,0,0,0,0,0,0,0,7389,237,90,49,37,394,246,0,17,0,17,0,17,235,174,0,17,10.0,3.9,0.9,0.7,7.2,4.2,0.0,0.6,0.0,0.6,0.0,0.6,4.3,3.2,0.0,0.6
39,Ohio,OH,39077,Huron County,39077915700,Census Tract 9157; Huron County; Ohio,3.839421840222,4245,442,1867,169,1567,176,979,342,90,64,391,124,286,120,202,147,689,100,1058,216,375,132,83,50,18,55,696,583,288,104,135,62,93,63,79,53,177,3,24.2,8.0,4.3,2.7,25.0,7.4,10.5,4.2,5.0,3.5,16.2,2.8,24.9,3.6,9.2,3.2,5.3,3.1,0.5,1.4,16.4,13.6,15.4,5.4,7.2,3.4,5.9,4.0,5.0,3.2,4.2,0.4,0.6062,0.5117,0.5784,0.6627,0.4487,2.8077,0.6041,0.4138,0.7061,0.1711,0.5022,0.5796,2.3728,0.48,0.5225,0.5225,0.5225,0.7854,0.8314,0.959,0.4702,0.8824,3.9284,0.9867,9.6314,0.8079,0,0,0,0,0,0,0,0,0,0,0,0,0,0,0,0,1,0,0,1,1,2615,128,53,26,33,627,339,0,12,0,12,0,12,43,52,0,12,8.2,3.4,0.6,0.8,14.8,7.4,0.0,0.8,0.0,0.8,0.0,0.8,1.0,1.2,0.0,0.8
39,Ohio,OH,39077,Huron County,39077915800,Census Tract 9158; Huron County; Ohio,7.164874350594,4601,524,2133,199,1971,203,1543,325,87,79,439,150,293,124,580,323,719,195,1242,283,932,207,228,131,0,48,571,748,9,20,0,12,7,16,190,103,9,3,33.9,6.0,4.3,4.0,22.3,7.3,9.7,4.0,12.6,6.3,15.6,4.5,27.0,4.0,20.3,4.6,11.6,6.5,0.0,1.1,12.4,16.2,0.4,0.9,0.0,1.6,0.4,0.8,9.6,5.2,0.2,0.1,0.7683,0.5117,0.4813,0.6192,0.9013,3.2818,0.7314,0.3763,0.8158,0.8156,0.8289,0.0,2.8366,0.7479,0.4277,0.4277,0.4277,0.2743,0.0,0.4206,0.706,0.4356,1.8365,0.3514,8.3826,0.6467,0,0,0,0,1,1,0,0,0,0,0,0,0,0,0,0,0,0,0,0,1,4354,222,106,0,12,338,210,0,12,0,12,0,12,231,159,2,4,11.3,5.4,0.0,0.8,7.3,4.4,0.0,0.8,0.0,0.8,0.0,0.8,5.0,3.5,0.0,0.1
39,Ohio,OH,39077,Huron County,39077915900,Census Tract 9159; Huron County; Ohio,89.648708320768,3767,394,1642,171,1475,154,401,118,70,32,203,81,144,74,197,113,677,114,927,215,511,109,183,84,0,48,189,541,32,42,33,37,0,16,18,14,0,12,10.6,2.9,3.4,1.6,13.8,5.3,5.5,2.7,5.2,2.9,18.0,3.3,24.6,4.5,13.6,2.8,12.4,5.5,0.0,1.3,5.0,14.4,1.9,2.6,2.0,2.2,0.0,1.1,1.2,1.0,0.0,0.3,0.2279,0.3975,0.1489,0.3405,0.4706,1.5854,0.2483,0.5317,0.6877,0.4532,0.8473,0.0,2.5199,0.5686,0.1522,0.1522,0.1522,0.3975,0.6978,0.0,0.1276,0.0,1.2229,0.153,5.4804,0.1873,0,0,0,0,0,0,0,0,0,0,0,0,0,0,0,0,0,0,0,0,0,3991,135,51,11,18,78,46,0,12,0,12,7,13,93,75,0,12,9.2,3.6,0.3,0.5,2.1,1.3,0.0,0.9,0.0,0.9,0.2,0.3,2.5,1.9,0.0,0.9
39,Ohio,OH,39077,Huron County,39077916000,Census Tract 9160; Huron County; Ohio,7.189343564844,3951,131,1729,174,1656,153,989,328,103,83,379,141,122,50,254,128,527,161,1038,215,539,192,146,92,11,49,349,239,132,93,149,106,42,63,33,33,0,12,25.6,8.4,5.1,4.0,22.9,8.2,4.7,2.0,6.4,3.3,13.3,4.1,26.3,5.4,13.6,4.8,8.8,5.5,0.3,1.3,8.8,6.0,7.7,5.3,8.6,6.0,2.5,3.8,2.0,2.0,0.0,0.3,0.6357,0.5892,0.5041,0.2815,0.5849,2.5954,0.5365,0.2505,0.7828,0.4532,0.7254,0.4968,2.7087,0.6873,0.312,0.312,0.312,0.6406,0.8549,0.7902,0.2127,0.0,2.4984,0.6356,8.1145,0.6032,0,0,0,0,0,0,0,0,0,0,0,0,0,0,0,0,0,0,0,0,0,3883,150,98,17,26,217,163,42,60,51,43,0,12,22,47,0,12,9.1,5.5,0.4,0.6,5.5,4.1,1.1,1.5,1.3,1.1,0.0,0.9,0.6,1.2,0.0,0.9
39,Ohio,OH,39077,Huron County,39077916100,Census Tract 9161; Huron County; Ohio,77.541459643182,3286,338,1391,136,1182,130,415,172,29,22,166,79,154,74,158,86,458,124,853,141,419,121,91,62,0,48,105,463,0,16,33,22,2,12,16,18,23,3,12.7,5.1,1.8,1.3,14.0,6.5,6.7,3.0,4.8,2.6,13.9,3.9,26.0,2.7,12.8,3.2,7.7,5.2,0.0,1.6,3.2,14.1,0.0,1.2,2.4,1.6,0.2,1.0,1.4,1.5,0.7,0.1,0.2955,0.1654,0.154,0.4293,0.4243,1.4685,0.2162,0.2841,0.7689,0.4002,0.667,0.0,2.1202,0.3359,0.0751,0.0751,0.0751,0.0,0.7143,0.3905,0.1476,0.6243,1.8767,0.367,5.5405,0.1943,0,0,0,0,0,0,0,0,0,0,0,0,0,0,0,0,0,0,0,0,0,1371,200,79,5,9,8,11,0,12,0,12,0,12,92,75,0,12,16.9,6.3,0.2,0.3,0.2,0.3,0.0,1.1,0.0,1.1,0.0,1.1,2.8,2.2,0.0,1.1
39,Ohio,OH,39077,Huron County,39077916200,Census Tract 9162; Huron County; Ohio,27.908152562926,4609,432,1853,198,1636,206,1106,295,92,44,382,140,376,142,304,206,726,201,1215,275,912,239,288,167,96,110,1071,586,38,38,66,85,22,25,46,42,18,3,24.0,6.0,4.3,2.1,23.3,8.0,12.6,5.1,6.6,4.5,15.8,4.0,26.4,5.4,19.8,4.5,17.6,10.0,2.2,2.6,23.2,12.5,2.1,2.0,3.6,4.6,1.3,1.5,2.8,2.5,0.4,0.1,0.6001,0.5117,0.5171,0.7406,0.6001,2.9696,0.6514,0.3865,0.7882,0.7978,0.9327,0.8491,3.7543,0.9822,0.63,0.63,0.63,0.4111,0.7502,0.6181,0.2848,0.5374,2.6016,0.6775,9.9555,0.841,0,0,0,0,0,0,0,0,0,1,0,1,0,0,0,0,0,0,0,0,1,2807,233,112,5,19,902,379,81,79,0,12,0,12,78,49,5,9,14.2,6.9,0.1,0.4,19.6,7.5,1.8,1.7,0.0,0.8,0.0,0.8,1.7,1.1,0.1,0.2
39,Ohio,OH,39077,Huron County,39077916300,Census Tract 9163; Huron County; Ohio,10.915288482858,3699,395,1693,175,1560,194,932,304,64,61,366,122,306,142,154,144,783,154,622,169,631,163,67,75,69,76,872,552,98,73,262,89,10,20,111,58,394,46,26.0,8.0,3.6,3.3,23.5,7.3,11.7,5.5,4.3,4.0,21.2,3.8,16.8,3.7,17.6,4.6,4.3,4.8,2.0,2.2,23.6,14.7,5.8,4.3,15.5,5.5,0.6,1.3,7.1,3.7,10.7,0.5,0.6423,0.4308,0.5254,0.7093,0.3659,2.6737,0.5648,0.7213,0.1972,0.6947,0.407,0.8348,2.855,0.7552,0.637,0.637,0.637,0.5806,0.9317,0.4632,0.6048,0.9566,3.5369,0.9425,9.7026,0.8168,0,0,0,0,0,0,0,0,0,0,0,0,0,0,0,1,0,0,1,2,2,6681,332,137,49,89,679,252,0,12,0,12,0,12,128,135,16,34,21.3,7.8,1.3,2.4,18.4,6.3,0.0,0.9,0.0,0.9,0.0,0.9,3.5,3.6,0.4,0.9
39,Ohio,OH,39077,Huron County,39077916400,Census Tract 9164; Huron County; Ohio,60.820099014595996,5018,480,2066,187,1845,160,862,278,158,80,349,128,618,206,985,412,883,204,1315,219,817,212,95,42,0,68,261,653,24,19,213,98,26,30,113,45,8,4,17.3,5.4,7.0,3.4,18.9,6.7,18.9,5.8,19.6,7.4,17.6,3.7,26.2,3.2,16.3,3.9,5.2,2.2,0.0,1.4,5.2,13.0,1.1,0.9,10.3,4.7,1.4,1.6,6.1,2.4,0.2,0.1,0.4338,0.7222,0.3483,0.8944,0.9752,3.3739,0.7508,0.5044,0.779,0.6223,0.4921,0.0,2.3978,0.4968,0.1585,0.1585,0.1585,0.3378,0.8784,0.6384,0.5479,0.4356,2.8381,0.7737,8.7683,0.6968,0,0,0,0,1,1,0,0,0,0,0,0,0,0,0,0,0,0,0,0,1,3536,436,117,7,10,105,79,0,17,0,17,0,17,149,110,0,17,23.6,6.1,0.1,0.2,2.1,1.6,0.0,0.7,0.0,0.7,0.0,0.7,3.0,2.1,0.0,0.7
39,Ohio,OH,39077,Huron County,39077916500,Census Tract 9165; Huron County; Ohio,88.768961400198,4463,398,1833,155,1758,155,733,338,68,37,342,142,356,170,128,99,1221,214,766,225,579,180,57,42,0,48,278,539,0,16,190,83,44,52,26,24,0,12,16.5,7.5,3.3,1.8,19.5,7.9,10.7,4.7,2.9,2.2,27.4,4.8,17.2,4.3,13.0,4.0,3.2,2.4,0.0,1.1,6.2,12.1,0.0,0.9,10.4,4.6,2.5,2.9,1.5,1.4,0.0,0.3,0.4078,0.386,0.3749,0.6741,0.2142,2.057,0.3832,0.9255,0.2153,0.4129,0.2841,0.0,1.8378,0.1971,0.201,0.201,0.201,0.0,0.8803,0.7902,0.1597,0.0,1.8302,0.3476,5.926,0.2495,0,0,0,0,0,0,1,0,0,0,0,1,0,0,0,0,0,0,0,0,1,2948,268,115,6,11,33,41,0,12,0,12,0,12,186,112,53,81,15.2,6.3,0.1,0.2,0.7,0.9,0.0,0.8,0.0,0.8,0.0,0.8,4.2,2.4,1.2,1.8
39,Ohio,OH,39077,Huron County,39077916600,Census Tract 9166; Huron County; Ohio,45.753876192488,4402,438,1940,185,1730,160,842,219,187,168,358,98,377,158,419,223,763,141,1022,154,553,118,96,53,0,48,276,615,23,17,184,75,5,13,56,43,52,2,19.4,4.6,8.9,7.3,20.7,5.3,12.6,5.0,9.6,4.7,17.3,3.4,23.2,2.5,12.7,3.0,5.6,3.0,0.0,1.2,6.3,14.0,1.2,0.9,9.5,3.8,0.3,0.8,3.2,2.5,1.2,0.1,0.4922,0.8117,0.4244,0.7406,0.8026,3.2715,0.7292,0.4845,0.6005,0.3951,0.5241,0.0,2.0042,0.2733,0.208,0.208,0.208,0.3483,0.8708,0.4041,0.3248,0.6814,2.6294,0.6914,8.1131,0.6029,0,0,0,0,0,0,0,0,0,0,0,0,0,0,0,0,0,0,0,0,0,3368,247,86,44,34,102,77,0,12,0,12,0,12,130,69,0,12,14.3,4.8,1.0,0.8,2.3,1.7,0.0,0.8,0.0,0.8,0.0,0.8,3.0,1.5,0.0,0.8
39,Ohio,OH,39079,Jackson County,39079957200,Census Tract 9572; Jackson County; Ohio,18.885250368588,4762,334,2127,206,1904,187,1449,490,122,96,445,198,473,207,229,134,917,181,1267,284,903,254,147,148,0,48,111,459,34,32,298,145,50,57,36,39,64,3,32.3,10.6,6.6,5.2,23.4,10.1,14.9,6.1,4.9,2.9,19.3,3.9,26.6,5.1,19.2,5.3,7.7,7.7,0.0,1.1,2.3,9.6,1.6,1.5,14.0,6.8,2.6,3.0,1.9,2.1,1.3,0.1,0.7464,0.6965,0.52,0.8161,0.4376,3.2166,0.7168,0.6208,0.7984,0.7721,0.667,0.0,2.8583,0.7571,0.0438,0.0438,0.0438,0.3787,0.9213,0.8029,0.2029,0.6934,2.9992,0.8283,9.1179,0.7403,0,0,0,0,0,0,0,0,0,0,0,0,0,0,0,1,0,0,0,1,1,5265,289,120,2,14,35,50,0,12,0,12,0,12,74,87,0,12,15.2,6.1,0.0,0.3,0.7,1.0,0.0,0.7,0.0,0.7,0.0,0.7,1.6,1.8,0.0,0.7
39,Ohio,OH,39079,Jackson County,39079957300,Census Tract 9573; Jackson County; Ohio,29.76951632795,3217,526,1643,214,1419,220,1314,467,155,118,394,149,508,201,374,285,493,115,755,246,554,147,100,65,0,48,59,745,34,28,316,130,59,64,120,96,46,3,41.4,13.0,10.2,7.8,27.8,9.6,22.4,8.0,11.8,8.4,15.3,3.7,23.5,5.4,17.5,4.1,7.0,4.5,0.0,1.6,1.8,23.2,2.1,1.7,19.2,7.4,4.2,4.5,8.5,6.3,1.4,0.2,0.8486,0.8473,0.6733,0.9356,0.881,4.1858,0.9248,0.3576,0.6224,0.6903,0.62,0.0,2.2903,0.4295,0.0282,0.0282,0.0282,0.4111,0.954,0.907,0.6679,0.7029,3.6429,0.9597,10.1472,0.861,0,0,0,1,0,1,0,0,0,0,0,0,0,0,0,1,1,0,0,2,3,2637,268,124,0,12,0,12,0,12,0,12,0,12,59,63,0,12,18.9,7.7,0.0,1.1,0.0,1.1,0.0,1.1,0.0,1.1,0.0,1.1,1.8,2.0,0.0,1.1
39,Ohio,OH,39079,Jackson County,39079957400,Census Tract 9574; Jackson County; Ohio,141.28250561632,5902,766,2241,235,2083,240,1157,546,322,148,321,152,405,178,270,207,882,257,1450,428,1311,444,71,66,0,68,132,1074,0,24,667,194,114,72,84,89,0,17,19.6,8.9,12.5,5.7,15.4,7.1,9.9,4.3,4.6,3.5,14.9,4.5,24.6,5.4,22.2,6.6,3.4,3.1,0.0,1.2,2.2,18.2,0.0,1.1,29.8,8.6,5.5,3.4,4.0,4.3,0.0,0.3,0.4976,0.8946,0.2051,0.6319,0.3996,2.6288,0.5492,0.3377,0.6877,0.875,0.3089,0.0,2.2093,0.3803,0.0412,0.0412,0.0412,0.0,0.9841,0.9502,0.3981,0.0,2.3324,0.5644,7.2117,0.4527,0,0,0,0,0,0,0,0,0,0,0,0,0,0,0,1,1,0,0,2,2,2226,326,133,0,17,34,55,0,17,70,75,0,17,28,39,0,17,15.7,6.5,0.0,0.6,0.6,0.9,0.0,0.6,1.2,1.3,0.0,0.6,0.5,0.7,0.0,0.6
39,Ohio,OH,39079,Jackson County,39079957500,Census Tract 9575; Jackson County; Ohio,12.110434019086,5889,708,2685,287,2415,277,1258,447,134,91,518,189,315,140,497,207,1016,277,1257,443,1232,305,133,110,37,87,490,996,102,89,178,135,19,34,256,164,54,5,21.6,7.2,4.5,3.0,21.4,7.4,7.7,3.5,8.5,3.4,17.3,5.0,21.3,6.0,21.1,5.2,5.5,4.5,0.7,1.6,8.3,16.9,3.8,3.3,6.6,4.8,0.8,1.4,10.6,6.6,0.9,0.1,0.5452,0.534,0.4521,0.4933,0.7471,2.7717,0.594,0.4845,0.4743,0.8391,0.5171,0.6367,2.9517,0.8013,0.2933,0.2933,0.2933,0.5067,0.82,0.5117,0.74,0.6458,3.2242,0.8848,9.2409,0.7562,0,0,0,0,0,0,0,0,0,0,0,0,0,0,0,0,0,0,0,0,0,7895,398,172,36,63,99,74,177,136,18,29,0,17,160,160,0,17,16.5,6.6,0.6,1.1,1.7,1.3,3.0,2.3,0.3,0.5,0.0,0.6,2.7,2.7,0.0,0.6
39,Ohio,OH,39079,Jackson County,39079957600,Census Tract 9576; Jackson County; Ohio,11.216323718014,2502,417,1326,164,1085,152,1013,284,38,43,506,173,218,86,296,122,415,101,484,167,565,173,71,53,0,48,201,592,30,25,153,96,10,20,139,99,90,1,42.0,9.3,3.4,3.8,46.6,14.5,12.8,5.3,12.3,5.1,16.6,4.6,19.3,4.5,23.4,7.9,6.5,4.8,0.0,2.0,8.0,23.6,2.3,1.9,11.5,7.1,0.9,1.8,12.8,8.6,3.6,0.6,0.8534,0.3975,0.9502,0.7498,0.8934,3.8443,0.8546,0.4379,0.3377,0.9045,0.5844,0.0,2.2645,0.4127,0.2825,0.2825,0.2825,0.426,0.894,0.5384,0.7952,0.8545,3.5081,0.939,9.8994,0.8362,0,0,1,0,0,1,0,0,1,0,0,1,0,0,0,0,0,0,0,0,2,3946,184,80,121,118,23,43,0,12,19,27,0,12,38,35,0,12,17.0,7.7,4.8,4.6,0.9,1.7,0.0,1.4,0.8,1.1,0.0,1.4,1.5,1.4,0.0,1.4
39,Ohio,OH,39079,Jackson County,39079957700,Census Tract 9577; Jackson County; Ohio,134.570311922402,5240,680,2178,193,1772,220,949,409,19,17,268,109,321,145,106,70,1085,208,1287,318,1365,382,13,26,0,68,283,914,0,24,601,180,38,47,54,36,76,2,18.7,7.7,0.8,0.8,15.1,5.9,9.1,4.0,2.1,1.4,20.7,3.7,24.6,3.7,26.4,6.2,0.7,1.5,0.0,1.4,5.4,17.4,0.0,1.1,27.6,8.2,2.1,2.6,3.0,2.1,1.5,0.2,0.4764,0.0578,0.1949,0.5821,0.1301,1.4413,0.2098,0.7013,0.6877,0.953,0.0546,0.0,2.3966,0.4943,0.1687,0.1687,0.1687,0.0,0.9813,0.7448,0.3051,0.7146,2.7458,0.7378,6.7524,0.3857,0,0,0,0,0,0,0,0,1,0,0,1,0,0,0,1,0,0,0,1,2,5686,356,162,4,26,136,104,0,17,0,17,0,17,143,130,0,17,20.1,8.0,0.1,0.5,2.6,1.9,0.0,0.7,0.0,0.7,0.0,0.7,2.7,2.4,0.0,0.7
39,Ohio,OH,39079,Jackson County,39079957800,Census Tract 9578; Jackson County; Ohio,72.475880554092,5051,597,2253,234,1775,221,1314,511,73,51,340,119,652,304,566,508,912,219,1162,394,1039,233,136,84,0,68,182,832,29,23,482,166,172,145,178,109,9,3,26.0,9.6,3.1,2.1,19.2,6.3,18.7,8.3,11.2,9.3,18.1,4.6,23.0,6.0,20.6,5.5,7.7,4.6,0.0,1.4,3.6,16.5,1.3,1.0,21.4,7.3,9.7,8.1,10.0,6.0,0.2,0.1,0.6423,0.3537,0.3641,0.8919,0.8664,3.1184,0.693,0.539,0.5862,0.8258,0.667,0.0,2.618,0.633,0.0885,0.0885,0.0885,0.359,0.9657,0.9892,0.7203,0.4356,3.4698,0.9337,9.2947,0.7654,0,0,0,0,0,0,0,0,0,0,0,0,0,0,0,1,1,0,0,2,2,2986,504,174,76,94,40,56,0,17,32,53,0,17,33,49,1,3,28.4,8.8,1.5,1.8,0.8,1.1,0.0,0.7,0.6,1.0,0.0,0.7,0.7,1.0,0.0,0.1
39,Ohio,OH,39081,Jefferson County,39081000200,Census Tract 2; Jefferson County; Ohio,1.347610652294,3424,279,1483,149,1101,142,1478,238,219,105,295,91,258,97,165,75,298,93,265,83,694,153,81,53,31,54,1101,366,714,135,0,12,34,34,549,125,1568,49,76.1,6.2,15.0,6.6,26.8,7.5,17.3,6.0,5.1,2.2,8.7,2.8,7.7,2.4,21.3,4.7,7.4,4.7,0.9,1.6,32.2,10.4,48.1,7.7,0.0,2.3,3.1,3.1,49.9,9.1,45.8,4.0,0.9917,0.9327,0.6463,0.8665,0.4611,3.8983,0.867,0.0853,0.0314,0.8448,0.647,0.6855,2.294,0.4308,0.7242,0.7242,0.7242,0.9686,0.0,0.8502,0.9937,0.9902,3.8027,0.9781,10.7192,0.9102,1,1,0,0,0,2,0,0,0,0,0,0,0,0,1,0,0,1,1,3,5,7684,355,90,548,153,238,89,13,19,16,32,0,12,276,127,10,16,32.2,7.6,16.0,4.3,7.0,2.6,0.4,0.6,0.5,0.9,0.0,1.0,8.1,3.6,0.3,0.5
39,Ohio,OH,39081,Jefferson County,39081000400,Census Tract 4; Jefferson County; Ohio,0.440818831032,2887,542,1506,145,1145,163,1474,369,128,100,412,124,125,75,326,172,389,109,723,240,466,136,31,35,14,51,1022,683,9,23,0,12,0,16,168,102,0,12,51.2,8.5,9.4,6.7,36.0,9.5,7.1,3.8,11.3,5.8,13.5,3.4,25.0,6.2,16.1,4.8,2.7,3.0,0.5,2.0,35.4,22.7,0.6,1.5,0.0,2.3,0.0,1.4,14.7,8.8,0.0,0.4,0.9146,0.8286,0.8375,0.4569,0.8686,3.9062,0.8689,0.2616,0.7131,0.6087,0.2298,0.5796,2.3928,0.4917,0.7467,0.7467,0.7467,0.2886,0.0,0.0,0.8314,0.0,1.12,0.1276,8.1657,0.6121,1,0,0,0,0,1,0,0,0,0,0,0,0,0,0,0,0,0,0,0,1,1528,174,82,538,215,297,148,68,63,0,12,0,12,74,62,45,69,15.2,7.3,18.6,6.6,10.3,4.5,2.4,2.1,0.0,1.2,0.0,1.2,2.6,2.2,1.6,2.4
39,Ohio,OH,39081,Jefferson County,39081000600,Census Tract 6; Jefferson County; Ohio,1.04219354554,2507,349,1212,155,1154,156,422,153,27,35,395,127,63,48,34,35,736,144,411,171,414,126,39,55,0,48,254,490,127,74,0,12,0,16,138,77,120,1,17.7,5.9,2.1,2.7,34.2,10.0,3.3,2.5,1.4,1.5,29.4,6.6,16.4,5.9,17.3,4.8,3.4,4.7,0.0,2.0,10.1,19.5,10.5,6.0,0.0,2.8,0.0,1.4,12.0,6.8,4.8,0.7,0.4443,0.2086,0.8111,0.176,0.0676,1.7076,0.2813,0.9528,0.1763,0.6776,0.3089,0.0,2.1156,0.3321,0.3592,0.3592,0.3592,0.7003,0.0,0.0,0.7794,0.9008,2.3805,0.5832,6.5629,0.3549,0,0,0,0,0,0,1,0,0,0,0,1,0,0,0,0,0,0,1,1,2,5151,211,101,169,120,35,46,0,12,6,10,0,12,44,55,0,12,18.3,9.4,6.7,4.7,1.4,1.8,0.0,1.4,0.2,0.4,0.0,1.4,1.8,2.2,0.0,1.4
39,Ohio,OH,39081,Jefferson County,39081001000,Census Tract 10; Jefferson County; Ohio,2.3679577744699998,2399,309,1062,129,1025,128,329,179,19,19,189,87,107,49,171,118,919,145,335,123,358,113,20,31,0,48,410,449,71,53,0,12,10,19,29,26,197,14,14.9,7.8,1.7,1.6,18.4,8.2,5.8,2.6,7.7,5.2,38.3,7.8,14.0,4.3,16.2,5.5,2.0,3.0,0.0,2.1,17.1,18.6,6.6,4.9,0.0,3.2,1.0,1.8,2.8,2.5,8.2,1.2,0.3618,0.1492,0.3286,0.3662,0.6915,1.8973,0.3346,0.993,0.1024,0.6144,0.159,0.0,1.8688,0.2083,0.5387,0.5387,0.5387,0.6063,0.0,0.5676,0.2848,0.9458,2.4045,0.5946,6.7093,0.3806,0,0,0,0,0,0,1,0,0,0,0,1,0,0,0,0,0,0,1,1,2,5325,123,54,115,125,92,95,94,76,0,12,0,12,102,109,7,11,12.0,5.1,4.8,5.4,3.8,3.9,3.9,3.1,0.0,1.4,0.0,1.4,4.3,4.4,0.3,0.5
39,Ohio,OH,39081,Jefferson County,39081001200,Census Tract 12; Jefferson County; Ohio,6.795398674918,5201,446,2430,232,2219,257,882,375,102,78,595,201,294,144,182,98,1176,196,1134,201,931,269,193,127,0,68,302,642,264,142,179,93,0,24,142,94,89,4,17.2,7.2,4.6,3.6,26.8,8.5,8.0,4.2,3.6,2.0,22.6,3.3,21.8,3.5,18.2,5.0,8.7,5.6,0.0,1.4,5.8,12.3,10.9,5.8,7.4,3.8,0.0,1.1,6.4,3.9,1.7,0.2,0.4307,0.5451,0.6463,0.5133,0.2945,2.4299,0.4879,0.7771,0.5025,0.7204,0.7194,0.0,2.7194,0.693,0.1855,0.1855,0.1855,0.7073,0.8375,0.0,0.5641,0.7381,2.847,0.7768,8.1818,0.6156,0,0,0,0,0,0,0,0,0,0,0,0,0,0,0,0,0,0,0,0,0,5902,241,104,139,105,68,43,0,17,0,17,0,17,95,84,0,17,10.9,4.4,2.7,2.0,1.3,0.8,0.0,0.7,0.0,0.7,0.0,0.7,1.8,1.6,0.0,0.7
39,Ohio,OH,39081,Jefferson County,39081001300,Census Tract 13; Jefferson County; Ohio,2.479121173494,1122,201,621,80,467,83,546,177,25,25,99,50,80,41,15,16,191,67,234,85,290,81,21,29,0,48,251,261,0,16,14,25,0,16,77,48,0,12,48.7,13.1,6.4,6.1,21.2,10.0,10.4,5.2,1.3,1.5,17.0,6.5,20.9,5.6,25.8,5.4,4.5,6.2,0.0,4.8,22.4,22.9,0.0,2.6,2.3,4.0,0.0,3.4,16.5,9.6,0.0,1.1,0.9016,0.6835,0.4451,0.6582,0.0593,2.7477,0.5867,0.4632,0.4426,0.9448,0.4286,0.0,2.2792,0.4248,0.6218,0.6218,0.6218,0.0,0.7114,0.0,0.86,0.0,1.5714,0.2524,7.2201,0.4559,1,0,0,0,0,1,0,0,1,0,0,1,0,0,0,0,0,0,0,0,2,1346,115,59,244,140,0,12,0,12,1,3,0,12,6,9,0,12,24.6,11.0,21.7,10.9,0.0,3.1,0.0,3.1,0.1,0.2,0.0,3.1,0.5,0.8,0.0,3.1
39,Ohio,OH,39081,Jefferson County,39081001400,Census Tract 14; Jefferson County; Ohio,1.882172732314,3418,503,1893,200,1624,204,851,296,123,77,328,124,101,58,219,132,766,130,501,205,400,144,13,26,13,50,515,707,0,16,0,12,0,16,92,51,0,12,24.9,7.8,7.0,4.4,20.2,7.2,3.7,2.2,6.4,3.8,22.4,4.6,14.7,4.5,11.7,4.6,0.8,1.6,0.4,1.5,15.1,20.6,0.0,0.8,0.0,1.8,0.0,1.0,5.7,3.1,0.0,0.4,0.6217,0.7222,0.4029,0.2039,0.5849,2.5356,0.5206,0.7663,0.1195,0.3291,0.0625,0.5412,1.8186,0.1889,0.4965,0.4965,0.4965,0.0,0.0,0.0,0.5241,0.0,0.5241,0.0387,5.3748,0.1759,0,0,0,0,0,0,0,0,0,0,0,0,0,0,0,0,0,0,0,0,0,3706,159,57,183,120,24,27,22,30,0,12,0,12,248,99,38,68,9.8,3.6,5.4,3.4,0.7,0.8,0.6,0.9,0.0,1.0,0.0,1.0,7.3,3.1,1.1,2.0
39,Ohio,OH,39081,Jefferson County,39081011000,Census Tract 110; Jefferson County; Ohio,44.744917148802,1866,259,726,70,659,74,413,140,41,27,144,62,84,50,125,113,314,93,406,101,265,77,31,24,0,48,144,369,0,16,107,49,3,13,26,23,0,12,22.4,6.9,4.5,3.1,21.9,9.1,7.0,3.8,6.7,5.9,16.8,4.6,21.8,4.3,14.2,3.8,4.8,3.6,0.0,2.8,7.7,19.7,0.0,2.2,14.7,6.4,0.5,2.0,3.9,3.4,0.0,0.6,0.5674,0.534,0.4702,0.4486,0.6109,2.6311,0.5502,0.4486,0.5025,0.4919,0.4565,0.0,1.8995,0.2216,0.2666,0.2666,0.2666,0.0,0.9254,0.4413,0.3892,0.0,1.7559,0.32,6.5531,0.3521,0,0,0,0,0,0,0,0,0,0,0,0,0,0,0,1,0,0,0,1,1,1176,99,54,133,178,0,12,0,12,0,12,0,12,6,7,5,7,15.0,7.9,7.1,9.3,0.0,1.9,0.0,1.9,0.0,1.9,0.0,1.9,0.3,0.4,0.3,0.4
39,Ohio,OH,39081,Jefferson County,39081011100,Census Tract 111; Jefferson County; Ohio,61.580657406072,2529,299,1396,160,1008,137,688,207,44,29,189,68,263,111,226,104,714,181,476,132,497,152,10,11,0,48,56,427,17,22,196,76,9,18,87,49,0,12,27.4,7.6,3.8,2.7,18.8,6.2,14.1,5.5,8.9,3.8,28.2,5.8,18.8,4.7,19.7,5.0,1.0,1.1,0.0,2.0,2.2,16.9,1.2,1.6,14.0,5.2,0.9,1.8,8.6,4.6,0.0,0.5,0.6684,0.4524,0.3444,0.7923,0.7661,3.0236,0.6698,0.9394,0.3015,0.794,0.0759,0.0,2.1108,0.3276,0.0412,0.0412,0.0412,0.3483,0.9213,0.5384,0.6727,0.0,2.4807,0.6295,7.6563,0.5257,0,0,0,0,0,0,1,0,0,0,0,1,0,0,0,1,0,0,0,1,2,1925,237,91,0,12,42,45,0,12,3,5,0,12,11,9,0,12,23.5,7.4,0.0,1.4,1.7,1.8,0.0,1.4,0.1,0.2,0.0,1.4,0.4,0.4,0.0,1.4
39,Ohio,OH,39081,Jefferson County,39081011200,Census Tract 112; Jefferson County; Ohio,0.593201707372,2151,263,1084,150,1024,149,787,199,50,35,267,85,122,63,132,71,360,106,455,99,546,122,63,54,17,51,148,373,96,65,217,86,0,16,167,79,10,2,36.7,8.1,5.7,3.7,26.1,7.4,7.7,3.9,6.1,3.2,16.7,4.6,21.2,3.7,25.4,5.0,6.2,5.2,0.8,2.5,6.9,17.3,8.9,5.9,20.0,7.3,0.0,1.6,16.3,7.2,0.5,0.1,0.7972,0.6356,0.6203,0.4933,0.5547,3.1011,0.6886,0.4439,0.4654,0.9391,0.5657,0.6636,3.0777,0.8467,0.2318,0.2318,0.2318,0.6714,0.9575,0.0,0.8584,0.5742,3.0615,0.8479,9.4721,0.7902,0,0,0,0,0,0,0,0,1,0,0,1,0,0,0,1,0,0,0,1,2,1661,279,94,52,56,49,58,0,12,0,12,0,12,47,37,0,12,27.2,7.9,2.4,2.6,2.3,2.7,0.0,1.6,0.0,1.6,0.0,1.6,2.2,1.7,0.0,1.6
39,Ohio,OH,39081,Jefferson County,39081011300,Census Tract 113; Jefferson County; Ohio,0.645099993804,2629,212,1321,148,1124,127,539,255,55,55,255,112,80,52,72,61,499,126,673,144,398,113,65,59,0,48,139,308,95,72,17,26,0,16,17,18,0,12,20.5,9.6,4.3,4.3,22.7,9.6,4.3,2.7,2.7,2.4,19.0,4.6,25.6,4.9,15.1,4.4,5.8,5.2,0.0,2.0,5.3,11.7,7.2,5.4,1.3,2.0,0.0,1.4,1.5,1.6,0.0,0.5,0.5176,0.5117,0.4962,0.2508,0.1888,1.9651,0.3549,0.6018,0.7429,0.5528,0.54,0.0,2.4375,0.5181,0.1642,0.1642,0.1642,0.6241,0.6505,0.0,0.1597,0.0,1.4343,0.2102,6.0011,0.2594,0,0,0,0,0,0,0,0,0,0,0,0,0,0,0,0,0,0,0,0,0,2202,103,62,97,96,0,12,0,12,0,12,0,12,42,44,0,12,9.2,5.3,3.7,3.6,0.0,1.3,0.0,1.3,0.0,1.3,0.0,1.3,1.6,1.7,0.0,1.3
39,Ohio,OH,39081,Jefferson County,39081011401,Census Tract 114.01; Jefferson County; Ohio,34.695377072402,4111,377,1782,164,1687,156,1146,352,57,39,248,94,200,104,136,102,885,136,763,124,685,203,37,28,1,46,143,537,0,16,250,78,30,44,75,42,22,4,27.9,8.2,2.9,2.0,14.7,5.4,6.8,3.2,3.3,2.5,21.5,3.2,18.6,2.7,16.7,4.8,2.2,1.6,0.0,1.2,3.5,13.1,0.0,0.9,14.0,4.5,1.8,2.6,4.4,2.6,0.5,0.1,0.6776,0.327,0.18,0.4344,0.2634,1.8824,0.3298,0.7343,0.2892,0.6493,0.1762,0.0,1.849,0.2016,0.0847,0.0847,0.0847,0.0,0.9213,0.7079,0.4289,0.5742,2.6323,0.6933,6.4484,0.3333,0,0,0,0,0,0,0,0,0,0,0,0,0,0,0,1,0,0,0,1,1,3429,213,85,29,27,19,21,39,44,0,12,0,12,56,50,0,12,12.6,5.1,0.7,0.7,0.5,0.5,0.9,1.1,0.0,0.8,0.0,0.8,1.4,1.2,0.0,0.8
39,Ohio,OH,39081,Jefferson County,39081011402,Census Tract 114.02; Jefferson County; Ohio,32.051067949738,3416,348,1718,212,1522,174,356,150,104,90,243,97,198,84,73,50,957,191,414,150,532,140,11,21,0,48,160,494,17,23,146,86,0,16,26,33,61,8,10.6,4.3,6.4,5.4,16.0,6.1,7.3,3.0,2.2,1.5,28.0,5.2,12.1,4.2,15.9,4.1,0.7,1.4,0.0,1.5,4.7,14.5,1.0,1.3,8.5,4.7,0.0,1.1,1.7,2.2,1.8,0.1,0.2279,0.6835,0.2279,0.4715,0.1396,1.7504,0.2959,0.9366,0.0634,0.5985,0.0546,0.0,1.6531,0.1267,0.1395,0.1395,0.1395,0.3292,0.8543,0.0,0.1848,0.7445,2.1128,0.4673,5.6558,0.207,0,0,0,0,0,0,1,0,0,0,0,1,0,0,0,0,0,0,0,0,1,3849,273,110,34,31,20,33,0,12,10,17,0,12,78,62,18,32,17.9,6.7,1.0,0.9,0.6,1.0,0.0,1.0,0.3,0.5,0.0,1.0,2.3,1.8,0.5,1.0
39,Ohio,OH,39081,Jefferson County,39081011500,Census Tract 115; Jefferson County; Ohio,68.993860593904,4746,364,2101,209,1896,195,877,331,48,50,237,112,205,90,176,99,1314,211,929,262,743,242,127,106,2,46,149,514,0,16,128,65,2,12,55,42,35,5,18.5,6.8,2.3,2.4,12.5,5.8,5.7,2.6,3.7,2.1,27.7,4.5,19.6,4.9,15.7,5.0,6.7,5.5,0.0,1.0,3.1,10.8,0.0,0.8,6.1,3.0,0.1,0.6,2.9,2.3,0.7,0.1,0.47,0.2384,0.1124,0.357,0.3021,1.4799,0.2197,0.9315,0.3602,0.5874,0.5975,0.0,2.4766,0.5429,0.0685,0.0685,0.0685,0.0,0.8092,0.3819,0.2962,0.6243,2.1116,0.466,6.1366,0.2806,0,0,0,0,0,0,1,0,0,0,0,1,0,0,0,0,0,0,0,0,1,2363,258,114,39,46,25,32,22,26,0,12,0,12,57,49,6,10,13.6,6.3,0.8,1.0,0.5,0.7,0.5,0.6,0.0,0.7,0.0,0.7,1.2,1.0,0.1,0.2
39,Ohio,OH,39081,Jefferson County,39081011700,Census Tract 117; Jefferson County; Ohio,25.131446361748,4300,291,1744,198,1655,178,717,378,48,32,310,122,159,70,188,114,937,165,1187,236,512,130,179,117,0,48,504,436,0,16,68,55,29,42,23,17,70,2,17.0,8.9,2.5,1.7,18.7,7.1,5.6,2.3,4.5,2.7,21.8,4.0,27.6,4.7,12.2,3.2,10.8,7.0,0.0,1.2,11.7,10.1,0.0,0.9,3.9,3.2,1.8,2.5,1.4,1.0,1.6,0.1,0.4237,0.2657,0.339,0.3497,0.3875,1.7656,0.3013,0.7445,0.8408,0.3659,0.8032,0.0,2.7544,0.7095,0.4084,0.4084,0.4084,0.0,0.7594,0.7079,0.1476,0.727,2.3419,0.5679,7.2703,0.466,0,0,0,0,0,0,0,0,0,0,0,0,0,0,0,0,0,0,0,0,0,2116,216,113,437,307,27,35,24,29,0,12,0,12,16,16,0,12,13.1,6.1,10.2,7.0,0.6,0.8,0.6,0.7,0.0,0.8,0.0,0.8,0.4,0.4,0.0,0.8
39,Ohio,OH,39081,Jefferson County,39081011800,Census Tract 118; Jefferson County; Ohio,3.721862661568,3679,329,1714,168,1494,177,997,296,82,86,340,139,283,130,196,110,695,149,682,140,646,161,165,98,0,48,159,461,138,100,22,28,0,16,164,118,0,12,27.1,7.7,4.4,4.4,22.8,8.9,10.7,4.7,5.3,3.0,18.9,3.8,18.5,3.2,17.6,4.0,11.0,6.4,0.0,1.3,4.3,12.5,8.0,5.8,1.3,1.6,0.0,1.1,11.0,7.5,0.0,0.3,0.663,0.5244,0.5,0.6741,0.4808,2.8423,0.6156,0.5973,0.2828,0.6947,0.8086,0.0,2.3834,0.4863,0.1189,0.1189,0.1189,0.6502,0.6505,0.0,0.753,0.0,2.0537,0.4387,7.3983,0.4886,0,0,0,0,0,0,0,0,0,0,0,0,0,0,0,0,0,0,0,0,0,2515,179,82,9,15,8,13,0,12,0,12,0,12,142,78,0,12,12.0,5.2,0.2,0.4,0.2,0.4,0.0,0.9,0.0,0.9,0.0,0.9,3.9,2.1,0.0,0.9
39,Ohio,OH,39081,Jefferson County,39081011900,Census Tract 119; Jefferson County; Ohio,29.250370142483998,3100,406,1489,174,1207,173,986,436,83,42,229,117,118,44,198,88,521,68,650,278,497,143,55,37,0,48,49,576,53,41,158,112,22,35,45,29,0,12,31.8,13.4,6.2,3.2,19.0,9.3,5.4,2.3,6.4,2.9,16.8,3.1,21.0,7.4,16.0,4.0,4.6,3.0,0.0,1.6,1.6,18.6,3.6,2.7,10.6,6.9,1.8,2.9,3.7,2.4,0.0,0.4,0.7382,0.6698,0.354,0.3339,0.5849,2.6808,0.567,0.4486,0.4499,0.6039,0.4381,0.0,1.9405,0.241,0.0222,0.0222,0.0222,0.5013,0.8825,0.7079,0.3727,0.0,2.4644,0.6216,7.1079,0.4397,0,0,0,0,0,0,0,0,0,0,0,0,0,0,0,0,0,0,0,0,0,2438,292,130,0,12,0,12,0,12,0,12,0,12,49,38,0,12,24.2,8.7,0.0,1.1,0.0,1.1,0.0,1.1,0.0,1.1,0.0,1.1,1.6,1.2,0.0,1.1
39,Ohio,OH,39081,Jefferson County,39081012000,Census Tract 120; Jefferson County; Ohio,29.038359217672,2679,200,1376,100,1153,93,685,185,112,76,197,81,157,60,126,137,757,159,412,72,501,123,54,32,0,48,103,295,2,13,77,48,7,16,111,55,34,5,25.8,6.7,9.4,5.3,17.1,6.9,7.8,3.0,4.7,5.0,28.3,6.0,15.4,2.5,18.7,4.3,4.7,2.7,0.0,1.8,3.8,11.0,0.1,0.9,5.6,3.4,0.6,1.4,9.6,4.5,1.3,0.2,0.6398,0.8286,0.2765,0.5003,0.4135,2.6587,0.5581,0.941,0.1414,0.7477,0.4476,0.0,2.2777,0.4238,0.0967,0.0967,0.0967,0.2556,0.7962,0.4632,0.706,0.6934,2.9144,0.8,7.9475,0.5765,0,0,0,0,0,0,1,0,0,0,0,1,0,0,0,0,0,0,0,0,1,1234,215,73,61,54,31,41,0,12,0,12,0,12,11,18,0,12,18.6,6.0,2.3,2.1,1.2,1.5,0.0,1.3,0.0,1.3,0.0,1.3,0.4,0.7,0.0,1.3
39,Ohio,OH,39081,Jefferson County,39081012100,Census Tract 121; Jefferson County; Ohio,34.70838060166,2652,357,1211,105,1057,117,456,147,78,42,177,57,73,34,84,34,592,135,532,165,430,87,84,57,0,48,112,497,2,12,124,58,0,16,42,33,10,2,17.3,5.1,7.1,3.8,16.7,5.1,3.7,1.9,3.2,1.3,22.3,4.8,20.1,4.9,16.3,3.3,8.0,5.3,0.0,1.9,4.2,18.7,0.2,1.0,10.2,5.0,0.0,1.5,4.0,3.1,0.4,0.1,0.4338,0.7283,0.2581,0.2039,0.2491,1.8732,0.3279,0.7613,0.3906,0.6223,0.6851,0.0,2.4593,0.5343,0.1141,0.1141,0.1141,0.261,0.8771,0.0,0.3981,0.5374,2.0736,0.4476,6.5202,0.3454,0,0,0,0,0,0,0,0,0,0,0,0,0,0,0,0,0,0,0,0,0,1517,182,71,19,10,32,33,0,12,0,12,0,12,61,39,0,12,17.2,6.7,0.7,0.4,1.2,1.2,0.0,1.3,0.0,1.3,0.0,1.3,2.3,1.5,0.0,1.3
39,Ohio,OH,39081,Jefferson County,39081012200,Census Tract 122; Jefferson County; Ohio,24.771505861064,1687,172,925,77,747,57,538,169,41,32,142,53,124,53,68,46,381,54,292,106,386,98,23,22,5,47,9,243,0,16,77,44,0,16,4,6,0,12,31.9,9.5,6.0,4.6,19.0,6.9,9.5,4.0,4.0,2.7,22.6,4.2,17.3,5.2,22.9,6.6,3.1,2.9,0.3,3.0,0.5,14.4,0.0,1.7,8.3,4.8,0.0,2.1,0.5,0.9,0.0,0.7,0.7398,0.6559,0.354,0.6068,0.3377,2.6942,0.5708,0.7771,0.2194,0.8934,0.2733,0.4968,2.66,0.659,0.0022,0.0022,0.0022,0.0,0.8511,0.0,0.0524,0.0,0.9035,0.0898,6.2599,0.3013,0,0,0,0,0,0,0,0,0,0,0,0,0,0,0,0,0,0,0,0,0,1720,144,52,0,12,0,12,0,12,0,12,0,12,7,11,2,4,19.3,6.8,0.0,2.1,0.0,2.1,0.0,2.1,0.0,2.1,0.0,2.1,0.4,0.6,0.1,0.2
39,Ohio,OH,39081,Jefferson County,39081012300,Census Tract 123; Jefferson County; Ohio,0.925547112014,2199,167,1177,100,993,86,525,123,65,29,169,53,106,52,115,60,506,86,424,83,445,81,90,37,0,48,105,245,64,36,5,6,0,16,104,44,23,1,24.1,5.3,6.2,2.8,17.0,5.1,6.5,3.1,5.3,2.7,23.0,3.7,19.3,3.4,20.5,3.5,9.1,3.6,0.0,2.3,4.8,11.1,5.4,3.0,0.4,0.5,0.0,1.6,10.5,4.1,1.0,0.1,0.602,0.6698,0.2714,0.4157,0.4808,2.4397,0.4905,0.7945,0.3377,0.821,0.7403,0.0,2.6935,0.6746,0.1439,0.1439,0.1439,0.5686,0.5625,0.0,0.7343,0.6595,2.5249,0.6454,7.802,0.5502,0,0,0,0,0,0,0,0,0,0,0,0,0,0,0,0,0,0,0,0,0,1490,201,58,0,12,20,21,0,12,0,12,0,12,85,59,0,12,20.2,5.3,0.0,1.6,0.9,1.0,0.0,1.6,0.0,1.6,0.0,1.6,3.9,2.7,0.0,1.6
39,Ohio,OH,39081,Jefferson County,39081012400,Census Tract 124; Jefferson County; Ohio,0.917211942038,2578,351,1275,136,1012,131,1102,247,95,59,250,86,226,84,136,64,396,89,682,178,509,143,185,86,23,59,1047,463,86,63,0,12,47,47,175,73,24,3,43.0,7.6,8.9,5.3,24.7,7.9,14.0,4.8,5.3,2.3,15.4,3.2,26.5,5.0,19.9,5.6,18.3,8.2,1.0,2.5,40.6,17.1,6.7,4.9,0.0,2.7,4.7,4.6,17.3,6.0,0.9,0.2,0.8629,0.8117,0.567,0.7888,0.4808,3.5112,0.7825,0.3643,0.7945,0.8032,0.9384,0.707,3.6074,0.9679,0.7838,0.7838,0.7838,0.6092,0.0,0.9283,0.8708,0.6458,3.0541,0.8448,10.9565,0.9279,0,0,0,0,0,0,0,0,0,1,0,1,0,0,0,0,1,0,0,1,2,1633,216,79,646,165,111,83,108,121,0,12,0,12,182,86,0,12,21.3,7.6,25.1,5.8,4.3,3.0,4.2,4.6,0.0,1.3,0.0,1.3,7.1,3.3,0.0,1.3
39,Ohio,OH,39083,Knox County,39083006700,Census Tract 67; Knox County; Ohio,102.821556819338,5483,477,2001,250,1785,251,1095,392,46,41,203,72,387,161,1246,604,709,161,1898,472,563,143,93,63,12,68,150,673,0,24,202,92,63,65,167,73,0,17,20.0,6.9,2.0,1.7,11.4,3.7,12.1,5.1,22.7,10.5,12.9,3.1,34.6,7.0,10.3,2.5,5.2,3.5,0.2,1.4,2.7,12.3,0.0,1.2,10.1,4.3,3.5,3.6,9.4,4.7,0.0,0.3,0.5065,0.194,0.0803,0.7242,0.9867,2.4917,0.5067,0.2302,0.9734,0.2329,0.4921,0.4556,2.3842,0.4867,0.0558,0.0558,0.0558,0.0,0.8765,0.8771,0.6997,0.0,2.4533,0.6162,7.385,0.4857,0,0,0,0,1,1,0,1,0,0,0,1,0,0,0,0,0,0,0,0,2,2901,427,98,0,17,0,17,38,53,0,17,0,17,112,93,0,17,23.9,5.6,0.0,0.6,0.0,0.6,0.7,1.0,0.0,0.6,0.0,0.6,2.0,1.7,0.0,0.6
39,Ohio,OH,39083,Knox County,39083006801,Census Tract 68.01; Knox County; Ohio,10.07261160141,5665,324,2905,232,2208,189,618,269,203,132,337,139,90,65,203,144,1310,215,1093,251,621,219,35,45,0,68,349,515,0,24,0,17,118,115,68,69,11,2,10.9,4.7,6.9,4.4,15.3,6.2,2.1,1.5,3.6,2.5,23.1,3.7,19.3,3.9,11.0,3.8,1.6,2.0,0.0,1.3,6.2,9.1,0.0,0.8,0.0,1.2,5.3,5.2,3.1,3.1,0.2,0.0,0.2374,0.7143,0.2003,0.0938,0.2945,1.5403,0.2346,0.7961,0.3377,0.2815,0.1238,0.0,1.5391,0.0997,0.201,0.201,0.201,0.0,0.0,0.9451,0.3143,0.4356,1.695,0.2933,4.9754,0.1381,0,0,0,0,0,0,0,0,0,0,0,0,0,0,0,0,1,0,0,1,1,2959,179,105,73,72,42,53,0,17,0,17,0,17,234,182,0,17,8.1,4.4,1.3,1.3,0.7,0.9,0.0,0.6,0.0,0.6,0.0,0.6,4.1,3.2,0.0,0.6
39,Ohio,OH,39083,Knox County,39083006802,Census Tract 68.02; Knox County; Ohio,82.328159960386,5019,637,1737,197,1593,199,1326,499,45,44,171,71,465,165,1051,369,830,198,1511,325,426,103,57,41,82,89,177,907,0,24,124,97,40,35,215,95,7,2,27.3,9.8,2.1,2.1,10.7,4.3,14.8,5.5,20.9,7.1,16.5,3.6,30.1,4.4,8.5,2.1,3.6,2.5,1.8,2.0,3.5,18.1,0.0,1.4,7.1,5.4,2.5,2.2,13.5,5.8,0.1,0.0,0.6668,0.2086,0.0619,0.8139,0.9816,2.7328,0.5819,0.4306,0.9172,0.1371,0.3292,0.8183,2.6324,0.6422,0.0847,0.0847,0.0847,0.0,0.8298,0.7902,0.8111,0.3694,2.8005,0.7603,8.2504,0.6241,0,0,0,0,1,1,0,1,0,0,0,1,0,0,0,0,0,0,0,0,2,1528,359,110,0,17,57,46,0,17,0,17,0,17,24,24,96,151,22.5,7.0,0.0,0.7,1.1,0.9,0.0,0.7,0.0,0.7,0.0,0.7,0.5,0.5,1.9,3.0
39,Ohio,OH,39083,Knox County,39083006900,Census Tract 69; Knox County; Ohio,46.436532713934,5964,498,2425,209,2282,194,1258,549,88,70,340,102,436,157,957,437,1106,167,1356,273,735,161,87,50,82,91,120,708,5,19,89,51,78,63,92,49,7,8,21.1,9.0,3.0,2.4,14.9,4.3,10.5,3.7,16.1,6.8,18.5,2.4,22.7,3.7,12.3,2.7,3.8,2.2,1.5,1.6,2.0,11.9,0.2,0.8,3.7,2.1,3.4,2.7,4.0,2.1,0.1,0.1,0.5325,0.3403,0.1857,0.6627,0.9521,2.6733,0.5641,0.5698,0.5669,0.3745,0.3502,0.7854,2.6468,0.6508,0.0333,0.0333,0.0333,0.261,0.7533,0.8708,0.3981,0.3694,2.6526,0.6994,8.006,0.5867,0,0,0,0,1,1,0,0,0,0,0,0,0,0,0,0,0,0,0,0,1,5092,271,94,9,13,13,20,0,17,5,8,0,17,93,72,0,17,11.9,4.1,0.2,0.2,0.2,0.3,0.0,0.6,0.1,0.1,0.0,0.6,1.6,1.2,0.0,0.6
39,Ohio,OH,39083,Knox County,39083007000,Census Tract 70; Knox County; Ohio,53.497452962048,3485,566,1306,132,1210,150,636,276,0,12,236,97,121,54,407,350,662,123,841,284,362,116,6,15,0,48,154,784,0,16,116,55,0,16,8,12,1,2,18.2,7.3,0.0,2.1,19.5,7.6,5.1,2.5,11.7,8.8,19.0,3.9,24.1,5.4,10.4,3.8,0.5,1.2,0.0,1.5,4.4,22.5,0.0,1.2,8.9,4.1,0.0,1.3,0.7,1.1,0.0,0.1,0.4611,0.0,0.3749,0.3098,0.8785,2.0243,0.373,0.6018,0.6655,0.2396,0.0473,0.0,1.5542,0.1022,0.1249,0.1249,0.1249,0.0,0.859,0.0,0.0762,0.0,0.9352,0.0984,4.6386,0.1063,0,0,0,0,0,0,0,0,0,0,0,0,0,0,0,0,0,0,0,0,0,1537,113,65,0,12,81,75,0,12,0,12,0,12,73,82,0,12,9.3,5.5,0.0,1.0,2.3,2.0,0.0,1.0,0.0,1.0,0.0,1.0,2.1,2.3,0.0,1.0
39,Ohio,OH,39083,Knox County,39083007100,Census Tract 71; Knox County; Ohio,2.659449726492,3701,465,1774,148,1627,178,1527,473,131,83,621,200,271,117,264,137,633,166,839,217,858,201,177,92,0,48,221,648,16,29,140,103,0,16,118,66,10,5,41.3,11.7,7.0,4.4,38.2,11.6,11.0,4.5,7.1,3.6,17.1,4.4,22.7,4.1,23.2,5.0,10.9,5.5,0.0,1.4,6.0,17.5,0.9,1.6,7.9,5.5,0.0,1.0,7.3,3.9,0.3,0.1,0.848,0.7222,0.8717,0.6855,0.6452,3.7726,0.839,0.4677,0.5669,0.8994,0.8057,0.0,2.7397,0.7032,0.1928,0.1928,0.1928,0.3181,0.8451,0.0,0.6159,0.4924,2.2715,0.5381,8.9766,0.7241,0,0,0,0,0,0,0,0,0,0,0,0,0,0,0,0,0,0,0,0,0,2272,284,126,20,32,15,22,11,17,0,12,0,12,175,92,0,12,17.5,7.2,0.5,0.9,0.4,0.6,0.3,0.5,0.0,0.9,0.0,0.9,4.7,2.4,0.0,0.9
39,Ohio,OH,39083,Knox County,39083007200,Census Tract 72; Knox County; Ohio,5.510819560226,4922,516,2357,250,2059,233,2072,577,20,40,633,202,520,244,294,178,997,150,981,261,1194,251,261,120,92,84,522,706,116,89,0,12,0,16,207,113,144,17,43.4,11.1,1.0,2.0,30.7,9.2,14.6,6.6,6.2,3.7,20.3,3.3,19.9,4.3,25.0,5.0,12.7,5.6,2.0,1.8,10.6,14.3,4.9,3.7,0.0,1.5,0.0,0.8,10.1,5.6,2.9,0.2,0.8661,0.0714,0.7422,0.8066,0.5659,3.0522,0.6768,0.6804,0.3751,0.9318,0.8559,0.8348,3.678,0.9749,0.3748,0.3748,0.3748,0.5546,0.0,0.0,0.7232,0.8224,2.1002,0.4606,9.2052,0.7517,0,0,0,0,0,0,0,0,1,0,0,1,0,0,0,0,0,0,0,0,1,4093,290,134,25,35,368,197,16,29,11,18,0,12,102,53,0,12,14.1,6.3,0.5,0.7,7.5,3.8,0.3,0.6,0.2,0.4,0.0,0.7,2.1,1.1,0.0,0.7
39,Ohio,OH,39083,Knox County,39083007301,Census Tract 73.01; Knox County; Ohio,14.039513511176,2970,224,605,106,570,108,143,88,34,27,109,53,37,40,35,42,387,79,268,57,292,106,8,16,0,48,367,315,15,22,0,12,12,19,19,19,1676,77,11.0,6.6,2.7,2.1,19.1,8.6,3.4,3.7,1.2,1.5,13.0,2.3,9.0,1.8,10.3,3.4,1.4,2.8,0.0,1.6,12.4,10.6,2.5,3.6,0.0,5.6,2.1,3.3,3.3,3.3,56.4,5.0,0.2415,0.2968,0.359,0.1836,0.0511,1.132,0.1302,0.2368,0.0371,0.2329,0.1086,0.0,0.6154,0.0073,0.4277,0.4277,0.4277,0.4413,0.0,0.7448,0.3346,0.9924,2.5131,0.639,4.6882,0.1111,0,0,0,0,0,0,0,0,0,0,0,0,0,0,0,0,0,0,1,1,1,5781,51,37,59,37,164,92,55,63,0,12,0,12,82,53,7,11,8.9,6.5,2.0,1.2,5.5,3.0,1.9,2.1,0.0,1.2,0.0,1.2,2.8,1.8,0.2,0.4
39,Ohio,OH,39083,Knox County,39083007302,Census Tract 73.02; Knox County; Ohio,4.58404039673,3542,453,1742,235,1594,187,518,182,65,98,405,143,230,129,70,64,1381,215,522,207,809,218,196,126,6,48,121,643,185,79,0,12,0,16,104,79,443,20,15.9,5.1,4.5,6.9,25.4,8.5,7.8,4.3,2.1,2.1,39.0,5.7,14.7,4.5,24.8,7.2,12.3,7.8,0.2,1.4,3.4,18.1,10.6,4.3,0.0,2.0,0.0,1.0,6.5,4.7,12.5,1.7,0.3884,0.534,0.5962,0.5003,0.1301,2.149,0.4098,0.9937,0.1195,0.9276,0.8454,0.4556,3.3418,0.9175,0.0824,0.0824,0.0824,0.7019,0.0,0.0,0.5695,0.9629,2.2343,0.5175,7.8075,0.5511,0,0,0,0,0,0,1,0,1,0,0,2,0,0,0,0,0,0,1,1,3,4791,271,88,0,12,33,39,48,74,0,12,0,12,40,46,0,12,17.0,5.8,0.0,1.0,0.9,1.1,1.4,2.1,0.0,1.0,0.0,1.0,1.1,1.3,0.0,1.0
39,Ohio,OH,39083,Knox County,39083007400,Census Tract 74; Knox County; Ohio,114.686519155986,5892,739,2317,223,2081,246,996,601,62,54,394,179,339,208,924,580,942,296,1672,460,602,283,31,49,34,82,143,1042,0,24,86,58,0,24,143,120,0,17,16.9,10.0,2.1,1.8,18.9,8.3,9.7,5.6,15.7,8.9,16.0,5.0,28.4,5.3,10.2,4.7,1.5,2.3,0.6,1.5,2.4,17.7,0.0,1.0,3.7,2.5,0.0,1.2,6.9,5.6,0.0,0.3,0.4199,0.2086,0.3483,0.6192,0.9476,2.5436,0.5229,0.3989,0.8678,0.2275,0.1156,0.6088,2.2186,0.386,0.0479,0.0479,0.0479,0.0,0.7533,0.0,0.5924,0.0,1.3457,0.1876,6.1558,0.2835,0,0,0,0,1,1,0,0,0,0,0,0,0,0,0,0,0,0,0,0,1,1709,249,135,135,126,0,17,0,17,0,17,0,17,8,13,0,17,12.0,6.2,2.3,2.1,0.0,0.6,0.0,0.6,0.0,0.6,0.0,0.6,0.1,0.2,0.0,0.6
39,Ohio,OH,39083,Knox County,39083007500,Census Tract 75; Knox County; Ohio,8.8885120573,4203,485,1497,171,1388,144,704,373,64,50,375,148,104,66,254,122,678,233,678,193,375,146,73,59,0,48,619,590,10,20,0,12,9,18,37,44,937,37,21.4,10.9,2.7,2.1,27.0,10.3,4.2,2.8,6.1,2.9,16.1,5.4,16.1,3.6,8.9,3.5,5.3,4.2,0.0,1.2,14.7,13.9,0.7,1.3,0.0,2.3,0.6,1.3,2.7,3.2,22.3,2.7,0.5401,0.2968,0.6517,0.2441,0.5547,2.2874,0.4495,0.4071,0.1658,0.1552,0.5022,0.0,1.2303,0.0432,0.4857,0.4857,0.4857,0.2994,0.0,0.4632,0.2752,0.9791,2.0169,0.4241,6.0203,0.2632,0,0,0,0,0,0,0,0,0,0,0,0,0,0,0,0,0,0,1,1,1,8648,151,78,100,68,133,104,0,12,0,12,0,12,383,361,3,8,10.9,5.7,2.4,1.6,3.2,2.5,0.0,0.8,0.0,0.8,0.0,0.8,9.1,7.8,0.1,0.2
39,Ohio,OH,39083,Knox County,39083007600,Census Tract 76; Knox County; Ohio,14.502542473656,5063,480,2450,200,2186,177,1065,293,143,87,475,167,298,158,363,160,855,146,1032,266,914,191,197,93,0,68,542,688,0,24,166,83,16,32,179,107,31,6,21.2,5.5,5.1,3.1,21.7,7.4,8.4,4.5,7.2,3.2,16.9,3.1,20.4,4.3,18.1,3.9,9.0,4.2,0.0,1.4,10.7,13.6,0.0,1.0,6.8,3.3,0.7,1.5,8.2,4.8,0.6,0.1,0.5351,0.5892,0.4616,0.5428,0.6557,2.7844,0.5984,0.4575,0.4134,0.7166,0.7349,0.0,2.3224,0.4454,0.3786,0.3786,0.3786,0.0,0.8232,0.4873,0.6552,0.6059,2.5716,0.6657,8.057,0.594,0,0,0,0,0,0,0,0,0,0,0,0,0,0,0,0,0,0,0,0,0,7281,209,99,88,98,96,119,159,103,0,17,0,17,132,136,67,115,9.6,4.5,1.7,1.9,1.9,2.3,3.1,2.1,0.0,0.7,0.0,0.7,2.6,2.7,1.3,2.3
39,Ohio,OH,39083,Knox County,39083007701,Census Tract 77.01; Knox County; Ohio,18.066178991216,3285,273,1363,161,1311,156,471,161,27,21,260,85,156,67,260,151,619,122,726,141,429,114,55,28,0,48,252,380,52,40,0,12,3,13,40,33,72,3,14.6,4.8,1.6,1.2,19.8,6.0,6.8,2.9,8.1,4.6,18.8,3.1,22.1,3.9,13.3,3.2,4.2,2.1,0.0,1.6,7.7,11.6,3.8,2.9,0.0,2.5,0.2,1.0,3.1,2.5,2.2,0.2,0.3494,0.1346,0.3863,0.4344,0.7226,2.0273,0.3746,0.5888,0.5247,0.4361,0.394,0.0,1.9436,0.2441,0.2666,0.2666,0.2666,0.5067,0.0,0.3905,0.3143,0.773,1.9845,0.4108,6.222,0.2946,0,0,0,0,0,0,0,0,0,0,0,0,0,0,0,0,0,0,0,0,0,2700,120,59,18,19,37,59,0,12,0,12,0,12,99,55,98,131,9.2,4.3,0.5,0.6,1.1,1.8,0.0,1.1,0.0,1.1,0.0,1.1,3.0,1.6,3.0,3.9
39,Ohio,OH,39083,Knox County,39083007702,Census Tract 77.02; Knox County; Ohio,47.404993132738,3463,652,1386,262,1223,225,220,239,63,69,52,37,45,32,132,77,506,94,879,370,371,289,0,16,0,48,156,939,0,16,56,61,57,75,1,10,54,2,6.5,6.9,4.0,4.3,4.3,2.9,2.1,1.5,3.9,2.4,14.6,2.8,25.4,6.9,10.9,8.1,0.0,1.3,0.0,1.5,4.5,27.1,0.0,1.2,4.0,4.5,4.7,6.1,0.1,0.9,1.6,0.3,0.1028,0.4756,0.0022,0.0938,0.3224,0.9968,0.0984,0.3212,0.7327,0.2752,0.0,0.0,1.3291,0.0575,0.1297,0.1297,0.1297,0.0,0.7619,0.9283,0.04,0.727,2.4572,0.6181,4.9128,0.1314,0,0,0,0,0,0,0,0,0,0,0,0,0,0,0,0,1,0,0,1,1,1207,15,27,0,12,20,37,0,12,1,11,0,12,135,119,0,12,1.2,2.2,0.0,1.0,0.6,1.1,0.0,1.0,0.0,0.3,0.0,1.0,3.9,3.6,0.0,1.0
39,Ohio,OH,39085,Lake County,39085200100,Census Tract 2001; Lake County; Ohio,0.357894932288,1908,366,1105,164,1022,179,315,123,112,90,284,124,89,45,75,82,344,97,233,96,234,78,64,79,12,49,524,480,485,102,0,12,6,16,80,50,6,12,16.6,5.6,11.4,8.2,27.8,11.1,5.6,2.9,3.9,4.5,18.0,6.7,12.2,4.5,12.3,4.6,6.3,7.7,0.7,2.7,27.5,24.6,43.9,6.5,0.0,3.1,0.6,1.6,7.8,5.0,0.3,0.6,0.4116,0.8721,0.6733,0.3497,0.3224,2.6291,0.5495,0.5317,0.0647,0.3745,0.5714,0.6367,2.179,0.3673,0.6826,0.6826,0.6826,0.96,0.0,0.4632,0.6394,0.4924,2.555,0.6594,8.0457,0.5914,0,0,0,0,0,0,0,0,0,0,0,0,0,0,1,0,0,0,0,1,1,750,43,37,524,258,0,12,0,12,0,12,0,12,0,12,0,12,4.2,3.6,27.5,11.8,0.0,1.8,0.0,1.8,0.0,1.8,0.0,1.8,0.0,1.8,0.0,1.8
39,Ohio,OH,39085,Lake County,39085200200,Census Tract 2002; Lake County; Ohio,0.35653701155399997,2504,310,1180,153,1150,152,197,81,0,12,230,110,85,48,40,28,467,149,601,138,375,102,73,75,9,48,405,515,77,51,0,12,14,25,51,37,0,12,7.9,3.1,0.0,2.6,20.0,9.2,4.8,2.7,1.6,1.1,18.7,6.1,24.0,4.2,15.0,3.9,6.3,6.5,0.4,1.9,16.2,20.5,6.5,4.2,0.0,2.9,1.2,2.2,4.4,3.2,0.0,0.5,0.1457,0.0,0.3937,0.2888,0.0825,0.9107,0.0838,0.5821,0.6582,0.5462,0.5714,0.5412,2.8991,0.7762,0.5193,0.5193,0.5193,0.6013,0.0,0.6038,0.4289,0.0,1.634,0.2702,5.9631,0.254,0,0,0,0,0,0,0,0,0,0,0,0,0,0,0,0,0,0,0,0,0,1069,164,112,341,291,0,12,0,12,0,12,0,12,64,55,0,12,14.3,9.3,13.6,11.8,0.0,1.4,0.0,1.4,0.0,1.4,0.0,1.4,2.6,2.2,0.0,1.4
39,Ohio,OH,39085,Lake County,39085200300,Census Tract 2003; Lake County; Ohio,0.576352988296,3117,428,1305,126,1250,131,361,213,42,51,123,62,114,49,79,67,575,91,718,239,431,155,24,29,0,48,284,629,0,16,0,12,0,16,113,119,5,10,11.6,6.6,2.4,2.9,9.8,4.9,5.2,2.3,2.5,2.2,18.4,3.6,23.0,6.4,13.8,4.9,1.9,2.3,0.0,1.6,9.1,20.1,0.0,1.2,0.0,2.6,0.0,1.3,9.0,9.1,0.2,0.3,0.2609,0.2514,0.0448,0.3148,0.1692,1.0411,0.1079,0.5621,0.5862,0.4675,0.1517,0.0,1.7675,0.1657,0.3221,0.3221,0.3221,0.0,0.0,0.0,0.6873,0.4356,1.1229,0.1289,4.2536,0.0746,0,0,0,0,0,0,0,0,0,0,0,0,0,0,0,0,0,0,0,0,0,1520,199,121,0,12,145,120,21,35,0,12,0,12,118,112,0,12,15.9,8.9,0.0,1.1,4.7,3.9,0.7,1.2,0.0,1.1,0.0,1.1,3.8,3.7,0.0,1.1
39,Ohio,OH,39085,Lake County,39085200400,Census Tract 2004; Lake County; Ohio,0.685205952952,3577,444,1599,151,1517,164,529,210,155,149,380,150,158,76,226,112,603,103,628,137,386,108,106,60,41,63,357,608,211,116,42,27,33,31,100,63,0,12,14.8,5.6,7.2,6.5,25.0,9.5,6.5,3.0,6.3,3.2,16.9,3.4,17.6,3.6,10.8,3.4,7.0,3.9,1.2,1.9,10.0,17.0,13.2,7.1,2.6,1.6,2.2,2.0,6.6,4.3,0.0,0.3,0.358,0.7337,0.5784,0.4157,0.5763,2.6621,0.5603,0.4575,0.2372,0.2691,0.62,0.7403,2.3241,0.4473,0.3567,0.3567,0.3567,0.7514,0.7197,0.7575,0.5765,0.0,2.8051,0.7613,8.148,0.6076,0,0,0,0,0,0,0,0,0,0,0,0,0,0,0,0,0,0,0,0,0,2766,191,84,158,141,90,77,0,12,9,15,0,12,100,137,0,12,12.6,5.2,4.4,4.1,2.5,2.1,0.0,1.0,0.3,0.4,0.0,1.0,2.8,3.7,0.0,1.0
39,Ohio,OH,39085,Lake County,39085200500,Census Tract 2005; Lake County; Ohio,0.560836707222,3107,460,1321,132,1308,134,295,119,46,32,135,58,92,57,63,41,473,111,514,125,531,307,43,34,0,48,321,633,0,16,0,12,0,16,0,12,0,12,9.6,3.6,2.4,1.7,10.3,4.3,4.1,2.6,2.0,1.3,15.2,3.7,16.5,3.5,17.1,8.1,3.3,2.6,0.0,1.6,10.3,20.3,0.0,1.2,0.0,2.6,0.0,1.2,0.0,2.6,0.0,0.4,0.1939,0.2514,0.0537,0.2359,0.1209,0.8558,0.0737,0.3523,0.1823,0.6674,0.2943,0.0,1.4963,0.0898,0.3665,0.3665,0.3665,0.0,0.0,0.0,0.0,0.0,0.0,0.0,2.7186,0.007,0,0,0,0,0,0,0,0,0,0,0,0,0,0,0,0,0,0,0,0,0,1544,97,62,173,134,35,51,0,12,0,12,0,12,113,75,0,12,7.4,4.6,5.6,4.2,1.1,1.6,0.0,1.1,0.0,1.1,0.0,1.1,3.6,2.4,0.0,1.1
39,Ohio,OH,39085,Lake County,39085200600,Census Tract 2006; Lake County; Ohio,1.372665197176,3381,338,1575,171,1548,177,317,191,99,81,193,101,183,115,235,130,587,87,656,116,330,132,56,55,8,48,575,566,36,48,0,12,5,18,84,74,0,12,9.4,5.6,5.0,4.1,12.5,6.4,7.5,4.7,7.0,3.8,17.4,3.2,19.4,2.5,9.8,3.5,3.6,3.5,0.2,1.5,17.0,16.7,2.3,3.0,0.0,2.2,0.3,1.2,5.4,4.8,0.0,0.4,0.1898,0.58,0.1124,0.4829,0.636,2.0011,0.367,0.4908,0.3453,0.2056,0.3292,0.4556,1.8265,0.193,0.5349,0.5349,0.5349,0.426,0.0,0.4041,0.4994,0.0,1.3295,0.1835,5.692,0.2152,0,0,0,0,0,0,0,0,0,0,0,0,0,0,0,0,0,0,0,0,0,4422,166,92,121,155,129,181,157,121,0,12,0,12,148,146,20,30,10.7,5.7,3.6,4.6,3.8,5.5,4.6,3.5,0.0,1.0,0.0,1.0,4.4,4.4,0.6,0.9
39,Ohio,OH,39085,Lake County,39085200700,Census Tract 2007; Lake County; Ohio,0.731747846338,3723,409,1839,164,1756,168,486,182,176,128,309,101,149,87,127,84,678,85,613,264,535,139,192,110,0,48,519,558,148,102,0,12,14,27,66,54,0,12,13.1,4.7,7.9,5.2,17.6,5.5,5.4,3.2,3.4,2.2,18.2,3.3,16.5,5.9,14.4,3.9,11.0,6.2,0.0,1.4,13.9,14.9,8.1,5.5,0.0,1.9,0.8,1.5,3.8,3.0,0.0,0.3,0.3078,0.7667,0.2943,0.3339,0.2745,1.9772,0.3594,0.5466,0.1823,0.5119,0.8086,0.0,2.0494,0.2959,0.468,0.468,0.468,0.6533,0.0,0.5117,0.38,0.0,1.545,0.2454,6.0396,0.2654,0,0,0,0,0,0,0,0,0,0,0,0,0,0,0,0,0,0,0,0,0,1523,129,52,247,167,30,35,11,19,0,12,0,12,199,177,32,37,7.3,2.7,6.6,4.5,0.8,1.0,0.3,0.5,0.0,0.9,0.0,0.9,5.3,4.6,0.9,1.0
39,Ohio,OH,39085,Lake County,39085200800,Census Tract 2008; Lake County; Ohio,1.567186859694,3507,442,1642,164,1477,166,491,227,67,45,300,103,116,63,163,103,811,196,692,233,533,154,59,43,0,48,595,651,77,45,10,14,12,20,122,65,85,20,14.4,6.4,3.5,2.3,20.3,6.6,4.8,2.5,4.7,2.9,23.1,5.8,19.7,5.1,15.5,4.3,4.0,2.9,0.0,1.4,17.0,18.4,4.7,2.7,0.6,0.8,0.8,1.4,8.3,4.4,2.4,0.5,0.3437,0.4156,0.4086,0.2888,0.4135,1.8702,0.326,0.7961,0.3653,0.5773,0.3743,0.0,2.113,0.3302,0.5349,0.5349,0.5349,0.5476,0.5876,0.5117,0.6606,0.7885,3.096,0.8562,7.6141,0.5187,0,0,0,0,0,0,0,0,0,0,0,0,0,0,0,0,0,0,0,0,0,3574,318,116,247,150,93,86,27,33,0,12,0,12,219,169,9,15,21.5,7.0,7.0,4.1,2.7,2.4,0.8,1.0,0.0,1.0,0.0,1.0,6.2,5.0,0.3,0.4
39,Ohio,OH,39085,Lake County,39085200900,Census Tract 2009; Lake County; Ohio,0.937246774818,2050,361,767,195,679,200,130,127,7,12,120,55,118,102,66,55,478,199,472,86,124,45,15,21,0,48,274,487,27,35,0,12,6,16,6,10,260,7,7.3,6.9,0.7,1.2,17.7,6.2,9.0,8.2,3.5,2.9,23.3,6.7,23.0,4.8,6.7,2.6,2.2,3.0,0.0,2.5,13.4,23.6,3.5,4.5,0.0,4.5,0.9,2.3,0.9,1.5,12.7,2.3,0.1276,0.0502,0.3006,0.5755,0.2856,1.3395,0.1813,0.806,0.5862,0.0622,0.1762,0.0,1.6306,0.1206,0.4569,0.4569,0.4569,0.4943,0.0,0.5384,0.0975,0.9639,2.0941,0.4565,5.5211,0.1911,0,0,0,0,0,0,0,0,0,0,0,0,0,0,0,0,0,0,1,1,1,4402,49,30,158,167,50,59,0,12,0,12,2,5,64,50,0,12,7.2,4.9,7.7,7.9,2.4,3.0,0.0,1.7,0.0,1.7,0.1,0.3,3.1,2.2,0.0,1.7
39,Ohio,OH,39085,Lake County,39085201000,Census Tract 2010; Lake County; Ohio,3.976770676886,5057,447,2861,286,2668,291,779,352,294,143,871,299,149,100,201,141,863,135,768,177,566,195,276,197,33,77,1688,618,1542,284,0,17,0,24,58,66,2,2,15.4,6.8,8.8,4.1,32.6,10.6,3.9,2.7,4.0,2.7,17.1,2.6,15.2,3.1,11.2,3.9,10.3,7.3,0.7,1.6,33.4,11.9,53.9,8.3,0.0,1.2,0.0,0.9,2.2,2.5,0.0,0.0,0.3751,0.8073,0.786,0.2191,0.3377,2.5252,0.5171,0.4677,0.1344,0.2964,0.7873,0.6367,2.3225,0.446,0.733,0.733,0.733,0.9775,0.0,0.0,0.2324,0.0,1.2099,0.1498,6.7906,0.3921,0,0,0,0,0,0,0,0,0,0,0,0,0,0,1,0,0,0,0,1,1,4198,166,112,1302,455,160,146,153,123,28,39,0,17,45,52,0,17,6.2,4.2,25.7,8.0,3.2,2.9,3.0,2.5,0.6,0.8,0.0,0.7,0.9,1.0,0.0,0.7
39,Ohio,OH,39085,Lake County,39085201101,Census Tract 2011.01; Lake County; Ohio,0.10767612576,1871,291,1318,205,1259,203,195,95,74,65,432,210,98,135,224,150,138,48,273,178,179,94,135,103,22,58,1203,374,1223,212,0,12,67,84,86,49,0,12,10.4,4.8,5.3,4.5,34.3,15.7,6.5,8.6,12.0,7.8,7.4,2.8,14.6,8.5,9.6,5.1,10.7,8.0,1.2,3.1,64.3,17.3,92.8,7.1,0.0,2.6,5.3,6.6,6.8,4.0,0.0,0.6,0.2199,0.6057,0.8127,0.4157,0.8873,2.9413,0.6403,0.052,0.1173,0.1933,0.8006,0.7403,1.9035,0.2248,0.8824,0.8824,0.8824,0.9981,0.0,0.9451,0.5879,0.0,2.5311,0.647,8.2583,0.6251,0,0,0,0,0,0,0,0,0,0,0,0,0,0,1,0,1,0,0,2,2,609,16,25,677,276,171,160,342,186,13,14,0,12,0,12,0,12,1.3,2.0,36.2,14.3,9.1,8.2,18.3,8.7,0.7,0.8,0.0,1.9,0.0,1.9,0.0,1.9
39,Ohio,OH,39085,Lake County,39085201102,Census Tract 2011.02; Lake County; Ohio,6.6770093769639995,3044,418,1336,119,1249,139,174,92,30,34,178,108,127,79,15,23,849,196,638,316,415,156,0,16,15,52,114,607,97,75,0,12,0,16,50,35,4,1,5.8,3.0,2.0,2.3,14.3,8.5,5.4,3.3,0.5,0.8,27.9,7.4,21.0,8.2,13.7,5.2,0.0,1.3,0.5,1.8,3.7,19.9,7.3,5.6,0.0,2.6,0.0,1.3,4.0,2.8,0.1,0.0,0.0797,0.194,0.1641,0.3339,0.0152,0.7869,0.0613,0.9347,0.4499,0.4589,0.0,0.5796,2.4231,0.5117,0.0932,0.0932,0.0932,0.6283,0.0,0.0,0.3981,0.3694,1.3958,0.2006,4.699,0.1133,0,0,0,0,0,0,1,0,0,0,0,1,0,0,0,0,0,0,0,0,1,1617,60,47,31,37,19,31,31,47,0,12,0,12,33,49,0,12,4.8,3.8,1.0,1.2,0.6,1.0,1.0,1.5,0.0,1.1,0.0,1.1,1.1,1.6,0.0,1.1
39,Ohio,OH,39085,Lake County,39085201200,Census Tract 2012; Lake County; Ohio,1.421097445954,3662,499,2122,252,2014,252,811,226,112,93,614,173,174,75,249,155,1364,275,319,105,870,193,59,48,43,60,381,703,648,163,380,171,0,16,353,172,149,3,23.1,5.5,6.6,5.4,30.5,7.7,5.6,2.6,7.1,4.2,37.2,7.1,8.7,2.9,24.8,5.8,2.9,2.4,1.2,1.7,10.4,19.1,30.6,6.8,17.9,7.4,0.0,0.8,17.5,7.7,4.1,0.6,0.5843,0.6965,0.7381,0.3497,0.6452,3.0138,0.6648,0.9905,0.0352,0.9276,0.2473,0.7403,2.9409,0.7978,0.3694,0.3694,0.3694,0.9222,0.946,0.0,0.8727,0.877,3.6179,0.9565,9.942,0.8403,0,0,0,0,0,0,1,0,1,0,0,2,0,0,1,1,0,0,0,2,4,8322,283,100,258,143,45,55,21,37,0,12,0,12,34,28,23,37,14.1,5.1,7.0,3.9,1.2,1.5,0.6,1.0,0.0,0.9,0.0,0.9,0.9,0.8,0.6,1.0
39,Ohio,OH,39085,Lake County,39085201300,Census Tract 2013; Lake County; Ohio,1.353937319666,3775,389,2078,162,1955,169,481,189,76,62,618,152,81,59,126,97,1426,179,539,139,796,206,115,78,12,50,502,547,675,123,0,12,0,16,205,67,138,5,13.2,5.0,4.5,3.5,31.6,7.3,2.6,1.9,3.5,2.6,37.8,4.2,14.3,3.0,21.9,5.2,5.9,4.0,0.3,1.4,13.3,14.4,32.5,5.3,0.0,1.7,0.0,0.8,10.5,3.4,3.7,0.4,0.3113,0.534,0.7644,0.1243,0.2856,2.0196,0.3702,0.9921,0.1116,0.8673,0.5463,0.4968,3.0141,0.8292,0.4547,0.4547,0.4547,0.9289,0.0,0.0,0.7343,0.8599,2.5231,0.6441,8.0115,0.5879,0,0,0,0,0,0,1,0,0,0,0,1,0,0,1,0,0,0,0,1,2,8996,319,87,364,214,14,23,32,42,0,12,0,12,52,61,40,58,16.3,4.2,9.6,5.4,0.4,0.6,0.8,1.1,0.0,0.9,0.0,0.9,1.4,1.6,1.1,1.5
39,Ohio,OH,39085,Lake County,39085201400,Census Tract 2014; Lake County; Ohio,1.246408298768,3892,315,2074,176,2009,173,410,229,87,67,417,139,95,66,200,110,811,163,549,119,434,137,83,39,21,59,167,431,416,136,0,12,0,16,43,30,0,12,10.5,5.8,3.5,2.7,20.8,6.7,3.2,2.1,5.1,2.8,20.8,4.1,14.1,2.6,11.2,3.4,4.1,1.9,0.6,1.6,4.3,11.1,20.1,6.3,0.0,1.7,0.0,0.8,2.1,1.5,0.0,0.3,0.225,0.4156,0.4283,0.1671,0.4611,1.6971,0.2794,0.7051,0.1056,0.2964,0.3844,0.6088,2.1003,0.3203,0.1189,0.1189,0.1189,0.8476,0.0,0.0,0.2248,0.0,1.0724,0.1181,4.9887,0.1403,0,0,0,0,0,0,0,0,0,0,0,0,0,0,0,0,0,0,0,0,0,4042,70,55,92,87,53,57,7,11,0,12,0,12,15,25,0,12,3.5,2.7,2.4,2.2,1.4,1.4,0.2,0.3,0.0,0.9,0.0,0.9,0.4,0.6,0.0,0.9
39,Ohio,OH,39085,Lake County,39085201500,Census Tract 2015; Lake County; Ohio,3.051537465798,2710,379,1195,128,1100,127,244,121,64,41,151,68,79,41,76,66,357,50,610,156,213,79,49,35,12,48,215,534,263,88,0,12,0,16,6,8,0,12,9.0,4.3,3.8,2.5,13.7,6.0,3.9,2.1,2.8,2.5,13.2,2.3,22.5,3.5,7.9,3.2,4.4,3.1,0.5,1.9,7.9,19.7,22.0,7.0,0.0,2.9,0.0,1.5,0.5,0.8,0.0,0.4,0.1796,0.4524,0.1457,0.2191,0.1996,1.1964,0.1467,0.2457,0.5526,0.106,0.4184,0.5796,1.9023,0.2235,0.2771,0.2771,0.2771,0.8667,0.0,0.0,0.0524,0.0,0.9191,0.0946,4.2949,0.0784,0,0,0,0,0,0,0,0,0,0,0,0,0,0,0,0,0,0,0,0,0,3253,35,23,0,12,120,72,0,12,0,12,0,12,95,67,0,12,3.2,2.2,0.0,1.3,4.4,2.7,0.0,1.3,0.0,1.3,0.0,1.3,3.5,2.4,0.0,1.3
39,Ohio,OH,39085,Lake County,39085201600,Census Tract 2016; Lake County; Ohio,1.422458455504,3914,376,1624,110,1519,117,218,122,67,51,267,103,118,67,109,78,660,127,907,176,356,131,47,34,22,53,594,530,143,62,10,17,8,17,26,20,0,12,5.6,3.1,3.1,2.3,17.6,6.6,4.3,2.3,2.8,2.0,16.9,3.3,23.2,3.2,9.1,3.2,3.1,2.2,0.6,1.4,15.2,13.5,8.8,3.8,0.6,1.0,0.5,1.1,1.7,1.3,0.0,0.3,0.0765,0.3537,0.2943,0.2508,0.1996,1.1749,0.1422,0.4575,0.6005,0.1644,0.2733,0.6088,2.1045,0.3235,0.499,0.499,0.499,0.6676,0.5876,0.4413,0.1848,0.0,1.8813,0.3683,5.6597,0.2089,0,0,0,0,0,0,0,0,0,0,0,0,0,0,0,0,0,0,0,0,0,1971,115,64,271,191,179,165,68,75,0,12,0,12,76,95,0,12,7.6,4.2,6.9,4.7,4.6,4.2,1.7,1.9,0.0,0.9,0.0,0.9,1.9,2.4,0.0,0.9
39,Ohio,OH,39085,Lake County,39085201700,Census Tract 2017; Lake County; Ohio,1.741960563218,5870,454,3115,252,2923,265,1234,465,153,115,715,213,227,118,486,248,1004,205,1006,224,763,225,265,135,151,139,470,637,791,241,0,17,61,55,20,31,20,3,21.2,7.8,4.4,3.3,24.5,6.9,5.2,2.8,8.3,4.1,17.1,3.6,17.1,3.6,13.0,4.0,9.1,4.5,2.7,2.4,8.0,10.8,25.4,7.5,0.0,1.1,2.1,1.9,0.7,1.0,0.3,0.0,0.5351,0.5244,0.5597,0.3148,0.7363,2.6703,0.5635,0.4677,0.2096,0.4129,0.7403,0.8827,2.7132,0.6889,0.2825,0.2825,0.2825,0.8895,0.0,0.7448,0.0762,0.4924,2.2029,0.5022,7.8689,0.5619,0,0,0,0,0,0,0,0,0,0,0,0,0,0,0,0,0,0,0,0,0,3771,205,104,207,144,17,28,25,48,0,17,0,17,221,197,0,17,7.0,3.6,3.5,2.4,0.3,0.5,0.4,0.8,0.0,0.6,0.0,0.6,3.8,3.3,0.0,0.6
39,Ohio,OH,39085,Lake County,39085201800,Census Tract 2018; Lake County; Ohio,0.742053680922,3657,489,1569,175,1529,189,422,295,146,138,438,150,142,82,101,73,909,218,578,147,518,154,38,31,16,49,317,661,0,16,9,14,0,16,21,16,0,12,11.5,7.9,7.1,5.7,28.6,9.2,5.3,3.0,2.8,2.1,24.9,5.5,15.8,2.9,14.2,3.8,2.5,2.0,0.4,1.4,8.7,18.0,0.0,1.0,0.6,0.9,0.0,1.0,1.4,1.1,0.0,0.3,0.2561,0.7283,0.6956,0.3253,0.1996,2.2049,0.4286,0.8618,0.156,0.4919,0.2114,0.5412,2.2623,0.4114,0.3085,0.3085,0.3085,0.0,0.5876,0.0,0.1476,0.0,0.7352,0.0629,5.5109,0.1895,0,0,0,0,0,0,0,0,0,0,0,0,0,0,0,0,0,0,0,0,0,1191,34,23,97,115,176,179,0,12,0,12,0,12,44,30,0,12,2.2,1.5,2.7,3.0,4.8,4.7,0.0,1.0,0.0,1.0,0.0,1.0,1.2,0.8,0.0,1.0
39,Ohio,OH,39085,Lake County,39085201900,Census Tract 2019; Lake County; Ohio,1.299225894062,2547,317,1343,155,1316,157,214,106,82,61,363,134,102,88,241,167,823,138,316,90,379,114,48,52,11,49,180,459,308,109,0,12,0,16,112,72,0,12,8.4,4.0,6.3,4.5,27.6,9.6,4.8,4.1,9.5,5.9,32.3,6.5,12.4,3.3,14.9,4.7,3.6,3.9,0.4,2.0,7.1,18.0,22.9,7.7,0.0,2.6,0.0,1.2,8.5,5.4,0.0,0.5,0.1568,0.6781,0.6689,0.2888,0.7982,2.5908,0.5359,0.9762,0.0682,0.5408,0.3292,0.5412,2.4556,0.5321,0.2397,0.2397,0.2397,0.873,0.0,0.0,0.6679,0.0,1.5409,0.2425,6.827,0.4022,0,0,0,0,0,0,1,0,0,0,0,1,0,0,0,0,0,0,0,0,1,1974,252,102,60,48,29,42,16,19,4,8,0,12,71,72,0,12,19.1,7.6,2.4,1.9,1.1,1.7,0.6,0.7,0.2,0.3,0.0,1.4,2.8,2.9,0.0,1.4
39,Ohio,OH,39085,Lake County,39085202000,Census Tract 2020; Lake County; Ohio,2.246300509188,5156,441,2675,277,2364,275,912,381,109,93,842,317,303,123,201,131,1322,251,879,208,792,266,34,44,79,100,522,624,87,85,32,38,36,50,24,30,19,33,17.8,7.3,4.2,3.6,35.6,12.8,7.7,3.2,3.9,2.6,25.6,4.2,17.0,3.3,15.4,4.9,1.4,1.9,1.6,2.0,10.1,12.1,3.2,3.2,1.2,1.4,1.5,2.1,1.0,1.3,0.4,0.6,0.4468,0.4975,0.8305,0.4933,0.3224,2.5905,0.5356,0.8865,0.2067,0.5712,0.1086,0.7971,2.5701,0.6051,0.3592,0.3592,0.3592,0.4797,0.6451,0.6606,0.1067,0.5374,2.4295,0.6054,7.9493,0.5771,0,0,0,0,0,0,0,0,0,0,0,0,0,0,0,0,0,0,0,0,0,4142,249,202,124,125,189,244,0,17,0,17,0,17,119,94,90,134,10.5,7.9,2.4,2.4,3.7,4.7,0.0,0.7,0.0,0.7,0.0,0.7,2.3,1.7,1.7,2.6
39,Ohio,OH,39085,Lake County,39085202100,Census Tract 2021; Lake County; Ohio,1.399427471204,2156,312,1279,132,1171,153,670,284,12,17,486,164,138,76,129,72,340,100,445,156,475,189,177,119,10,48,591,376,280,103,0,12,0,16,129,76,0,12,31.1,12.4,0.9,1.4,41.5,12.9,10.0,5.2,6.0,3.1,15.8,5.2,20.6,5.0,22.0,7.5,15.1,10.0,0.5,2.5,27.4,17.0,21.8,7.7,0.0,2.7,0.0,1.4,11.0,6.7,0.0,0.6,0.7274,0.0654,0.914,0.6389,0.5459,2.8916,0.6279,0.3865,0.4271,0.8696,0.9032,0.5796,3.166,0.8775,0.6804,0.6804,0.6804,0.8651,0.0,0.0,0.753,0.0,1.6181,0.2641,8.3561,0.641,0,0,1,0,0,1,0,0,0,1,0,1,0,0,0,0,0,0,0,0,2,6061,151,79,83,58,30,36,0,12,0,12,0,12,361,224,117,127,12.9,6.6,3.8,2.6,1.4,1.7,0.0,1.6,0.0,1.6,0.0,1.6,16.7,8.8,5.4,5.7
39,Ohio,OH,39085,Lake County,39085202400,Census Tract 2024; Lake County; Ohio,0.72421731293,2929,304,1371,129,1360,124,315,158,48,39,354,117,124,76,204,117,592,142,530,168,431,120,125,70,14,51,122,439,0,16,0,12,0,16,34,36,9,10,10.8,5.3,2.9,2.4,26.0,8.3,5.8,3.4,7.0,4.0,20.2,4.9,18.1,4.9,14.7,4.0,9.2,5.1,0.5,1.8,4.2,15.0,0.0,1.2,0.0,2.5,0.0,1.2,2.5,2.6,0.3,0.3,0.2342,0.327,0.6156,0.3662,0.636,2.179,0.4194,0.6734,0.2613,0.5287,0.7448,0.5796,2.7878,0.7263,0.1141,0.1141,0.1141,0.0,0.0,0.0,0.2587,0.4924,0.7511,0.0657,5.832,0.2359,0,0,0,0,0,0,0,0,0,0,0,0,0,0,0,0,0,0,0,0,0,1183,132,71,0,12,30,34,0,12,0,12,0,12,92,61,0,12,9.7,5.1,0.0,1.2,1.0,1.2,0.0,1.2,0.0,1.2,0.0,1.2,3.1,2.2,0.0,1.2
39,Ohio,OH,39085,Lake County,39085202500,Census Tract 2025; Lake County; Ohio,0.888920317988,4223,300,2431,294,2221,281,832,294,76,55,667,201,188,119,296,123,794,226,705,171,861,317,93,53,0,48,461,464,713,194,0,12,0,16,167,100,6,13,20.1,6.9,3.2,2.3,30.0,8.2,6.0,3.8,7.0,2.9,18.8,5.6,16.7,3.9,20.5,7.0,4.2,2.3,0.0,1.2,10.9,11.0,29.4,7.1,0.0,1.4,0.0,0.7,7.5,4.5,0.1,0.3,0.5087,0.3711,0.7267,0.3811,0.636,2.6236,0.546,0.5888,0.1925,0.821,0.394,0.0,1.9963,0.2698,0.3855,0.3855,0.3855,0.9149,0.0,0.0,0.6238,0.3694,1.9081,0.3794,6.9135,0.414,0,0,0,0,0,0,0,0,0,0,0,0,0,0,1,0,0,0,0,1,1,2257,182,90,207,146,76,59,40,54,0,12,0,12,138,115,0,12,8.2,4.2,4.9,3.4,1.8,1.4,0.9,1.3,0.0,0.8,0.0,0.8,3.3,2.8,0.0,0.8
39,Ohio,OH,39085,Lake County,39085202600,Census Tract 2026; Lake County; Ohio,2.84512193117,3568,460,1589,139,1411,122,324,163,223,134,280,98,210,91,325,175,541,78,628,163,466,107,41,45,7,48,52,651,9,19,0,12,0,16,27,25,6,13,9.1,4.4,10.1,5.8,19.8,6.7,8.2,3.6,9.1,4.6,15.2,2.2,17.6,3.1,13.1,2.7,2.9,3.2,0.2,1.4,1.5,18.2,0.6,1.2,0.0,2.2,0.0,1.1,1.9,1.7,0.2,0.4,0.1834,0.8448,0.3863,0.526,0.7782,2.7187,0.5784,0.3523,0.2372,0.4199,0.2473,0.4556,1.7123,0.1489,0.02,0.02,0.02,0.2886,0.0,0.0,0.2029,0.4356,0.9271,0.0968,5.3781,0.1765,0,0,0,0,0,0,0,0,0,0,0,0,0,0,0,0,0,0,0,0,0,1484,94,46,1,3,18,25,0,12,0,12,0,12,33,36,0,12,6.7,3.2,0.0,0.1,0.5,0.7,0.0,1.0,0.0,1.0,0.0,1.0,0.9,1.0,0.0,1.0
39,Ohio,OH,39085,Lake County,39085202700,Census Tract 2027; Lake County; Ohio,3.838747320028,6638,816,2500,227,2410,228,297,214,182,106,218,99,180,102,153,97,1375,221,1550,504,640,204,127,101,84,90,692,1158,0,24,0,17,0,24,18,33,5,10,4.5,3.2,5.3,3.0,9.0,4.0,3.9,2.2,2.3,1.5,20.7,4.2,23.4,5.2,9.6,3.2,5.2,4.2,1.3,1.4,10.4,17.4,0.0,1.0,0.0,1.4,0.0,1.0,0.7,1.3,0.1,0.2,0.0536,0.6057,0.0324,0.2191,0.1492,1.06,0.113,0.7013,0.6138,0.1933,0.4921,0.7565,2.757,0.7117,0.3694,0.3694,0.3694,0.0,0.0,0.0,0.0762,0.3694,0.4456,0.0298,4.632,0.106,0,0,0,0,0,0,0,0,0,0,0,0,0,0,0,0,0,0,0,0,0,2790,13,21,26,42,197,144,116,117,0,17,0,17,353,247,0,17,0.5,0.9,0.4,0.6,3.0,2.2,1.7,1.8,0.0,0.5,0.0,0.5,5.3,3.7,0.0,0.5
39,Ohio,OH,39085,Lake County,39085202800,Census Tract 2028; Lake County; Ohio,2.383302626256,5961,493,2767,301,2630,282,527,209,0,17,480,168,440,182,163,122,1577,246,1040,133,871,337,53,54,84,95,590,753,176,103,0,17,21,35,37,43,8,3,9.0,3.5,0.0,1.1,18.3,6.1,9.6,3.5,2.7,2.0,26.5,4.0,17.4,2.4,14.6,5.0,2.0,2.0,1.5,1.7,9.9,12.6,6.4,3.7,0.0,1.3,0.8,1.3,1.4,1.6,0.1,0.0,0.1796,0.0,0.3248,0.6148,0.1888,1.308,0.173,0.9109,0.2248,0.5236,0.159,0.7854,2.6037,0.6222,0.3542,0.3542,0.3542,0.5978,0.0,0.5117,0.1476,0.3694,1.6265,0.2683,5.8924,0.246,0,0,0,0,0,0,1,0,0,0,0,1,0,0,0,0,0,0,0,0,1,8033,214,144,65,58,105,122,174,111,8,13,0,17,213,175,25,40,8.1,5.2,1.1,1.0,1.8,2.1,2.9,1.9,0.1,0.2,0.0,0.6,3.6,2.9,0.4,0.7
39,Ohio,OH,39085,Lake County,39085202901,Census Tract 2029.01; Lake County; Ohio,1.530895974408,5144,646,2022,227,2022,227,245,114,16,27,248,107,123,89,548,521,877,92,1034,303,449,152,32,36,0,68,226,973,9,23,0,17,0,24,92,79,3,8,4.8,2.1,0.6,1.0,12.3,5.1,3.3,2.3,10.7,9.7,17.0,2.8,20.1,4.3,8.7,2.9,1.6,1.8,0.0,1.4,4.4,18.9,0.4,1.1,0.0,1.7,0.0,1.2,4.5,4.0,0.1,0.2,0.059,0.0422,0.1063,0.176,0.8458,1.2293,0.1521,0.4632,0.3906,0.1476,0.1238,0.0,1.1252,0.0317,0.1249,0.1249,0.1249,0.2743,0.0,0.0,0.4365,0.3694,1.0802,0.121,3.5596,0.0337,0,0,0,0,0,0,0,0,0,0,0,0,0,0,0,0,0,0,0,0,0,3428,223,115,108,165,96,148,0,17,0,17,0,17,22,24,0,17,11.0,5.8,2.1,3.3,1.9,3.0,0.0,0.7,0.0,0.7,0.0,0.7,0.4,0.5,0.0,0.7
39,Ohio,OH,39085,Lake County,39085202902,Census Tract 2029.02; Lake County; Ohio,0.874270835904,1458,171,736,72,736,72,26,20,70,80,235,116,70,62,67,47,523,153,114,56,179,125,0,16,97,98,54,238,0,16,0,12,0,16,25,25,5,2,1.8,1.4,8.5,9.7,31.9,15.4,6.0,5.4,4.6,3.2,35.9,10.9,7.8,3.6,12.3,9.0,0.0,2.2,6.9,7.0,3.7,16.3,0.0,2.2,0.0,4.6,0.0,2.2,3.4,3.5,0.3,0.1,0.0098,0.7943,0.7705,0.3811,0.3996,2.3553,0.4702,0.9895,0.0317,0.3745,0.0,0.974,2.3697,0.479,0.0932,0.0932,0.0932,0.0,0.0,0.0,0.3438,0.4924,0.8362,0.08,5.6544,0.2067,0,0,0,0,0,0,1,0,0,0,1,2,0,0,0,0,0,0,0,0,2,786,81,58,0,12,43,50,0,12,3,5,0,12,8,13,0,12,11.0,7.7,0.0,2.4,2.9,3.4,0.0,2.4,0.2,0.3,0.0,2.4,0.5,0.9,0.0,2.4
39,Ohio,OH,39085,Lake County,39085203000,Census Tract 2030; Lake County; Ohio,1.950584987388,6028,614,2587,187,2527,181,941,484,185,122,329,137,196,99,115,113,1218,126,1134,276,860,213,0,24,69,88,255,877,109,147,0,17,0,24,56,50,11,3,15.6,7.9,5.3,3.4,13.0,5.3,4.5,2.3,1.9,1.8,20.2,2.8,18.8,3.1,14.3,3.2,0.0,0.9,1.2,1.5,4.2,14.5,4.2,5.7,0.0,1.3,0.0,0.9,2.2,1.9,0.2,0.0,0.3811,0.6057,0.1248,0.267,0.1104,1.489,0.2225,0.6734,0.3015,0.5033,0.0,0.7403,2.2185,0.3857,0.1141,0.1141,0.1141,0.5257,0.0,0.0,0.2324,0.4356,1.1937,0.1451,5.0153,0.1435,0,0,0,0,0,0,0,0,0,0,0,0,0,0,0,0,0,0,0,0,0,1920,31,34,29,46,30,33,133,132,0,17,0,17,63,63,0,17,1.2,1.4,0.5,0.8,0.5,0.6,2.2,2.2,0.0,0.6,0.0,0.6,1.0,1.0,0.0,0.6
39,Ohio,OH,39085,Lake County,39085203200,Census Tract 2032; Lake County; Ohio,1.93992895829,3685,543,1982,360,1910,384,390,152,72,38,537,165,214,70,229,132,625,99,648,203,348,117,120,102,64,62,954,660,485,315,159,67,54,76,83,63,18,10,10.6,3.8,3.1,1.7,28.1,6.5,7.5,2.7,6.2,3.6,17.0,3.1,17.6,4.5,9.5,3.6,6.3,5.2,1.8,1.7,25.9,17.5,24.4,15.3,8.0,4.0,2.8,3.9,4.3,3.3,0.5,0.3,0.2279,0.3537,0.6819,0.4829,0.5659,2.3123,0.4581,0.4632,0.2372,0.1872,0.5714,0.8183,2.2773,0.4235,0.6665,0.6665,0.6665,0.8825,0.846,0.826,0.4184,0.5742,3.5471,0.9454,8.8032,0.7016,0,0,0,0,0,0,0,0,0,0,0,0,0,0,0,0,0,0,0,0,0,6731,188,70,191,177,145,120,322,187,0,12,0,12,281,306,15,23,9.8,4.4,5.2,4.7,3.9,3.2,8.7,4.8,0.0,0.9,0.0,0.9,7.6,7.6,0.4,0.6
39,Ohio,OH,39085,Lake County,39085203400,Census Tract 2034; Lake County; Ohio,2.357717963328,4089,542,1904,210,1823,209,392,144,170,87,302,102,76,37,116,67,923,88,705,203,490,129,43,31,21,52,702,624,253,192,0,12,0,16,43,29,134,4,9.9,3.4,7.7,3.3,16.6,5.3,2.5,1.2,2.9,1.7,22.6,3.5,17.2,3.1,12.4,3.5,2.4,1.7,0.5,1.3,17.2,15.1,13.3,10.0,0.0,1.8,0.0,0.9,2.4,1.6,3.3,0.4,0.2025,0.7571,0.2546,0.1192,0.2142,1.5476,0.2368,0.7771,0.2153,0.3802,0.201,0.5796,2.1532,0.3514,0.5412,0.5412,0.5412,0.753,0.0,0.0,0.2514,0.8456,1.85,0.3562,6.092,0.2724,0,0,0,0,0,0,0,0,0,0,0,0,0,0,0,0,0,0,0,0,0,5186,109,57,119,116,383,338,82,66,0,12,0,12,97,66,21,29,6.0,3.3,2.9,2.9,9.4,7.3,2.0,1.6,0.0,0.9,0.0,0.9,2.4,1.6,0.5,0.7
39,Ohio,OH,39085,Lake County,39085203500,Census Tract 2035; Lake County; Ohio,3.370452698472,6517,647,2791,237,2645,230,291,143,22,37,248,92,156,92,105,91,1888,360,1364,283,775,198,103,91,165,173,608,956,39,59,212,93,0,24,68,41,7,2,4.5,2.1,0.7,1.2,9.4,3.4,3.2,1.9,1.6,1.4,29.0,5.1,20.9,3.2,11.9,3.3,3.9,3.4,2.8,2.9,9.3,14.6,1.4,2.1,7.6,3.3,0.0,0.9,2.6,1.6,0.1,0.0,0.0536,0.0502,0.0378,0.1671,0.0825,0.3912,0.0111,0.9486,0.4426,0.345,0.3638,0.8884,2.9884,0.8149,0.331,0.331,0.331,0.3663,0.8406,0.0,0.267,0.3694,1.8433,0.354,5.5539,0.1968,0,0,0,0,0,0,1,0,0,0,0,1,0,0,0,0,0,0,0,0,1,6849,238,114,76,110,17,27,398,283,0,17,0,17,117,109,0,17,9.0,4.2,1.2,1.7,0.3,0.4,6.1,4.4,0.0,0.5,0.0,0.5,1.8,1.7,0.0,0.5
39,Ohio,OH,39085,Lake County,39085203700,Census Tract 2037; Lake County; Ohio,11.520155489956,3493,336,1319,120,1302,121,420,192,49,39,235,77,190,69,108,67,897,122,728,170,296,73,43,29,21,49,313,481,43,37,67,31,11,15,29,23,149,11,12.5,5.6,2.6,2.1,18.0,5.7,7.7,2.7,3.2,1.9,25.7,4.4,20.8,4.1,8.8,2.3,3.3,2.2,0.6,1.4,9.0,13.7,3.3,2.8,5.1,2.3,0.9,1.1,2.2,1.8,4.3,0.5,0.2847,0.2822,0.3114,0.4933,0.2491,1.6207,0.26,0.8884,0.4369,0.1526,0.2943,0.6088,2.381,0.4857,0.3177,0.3177,0.3177,0.4844,0.7851,0.5384,0.2324,0.8849,2.9252,0.8032,7.2446,0.4603,0,0,0,0,0,0,0,0,0,0,0,0,0,0,0,0,0,0,0,0,0,7354,41,30,24,23,77,59,36,30,0,12,0,12,176,126,0,12,3.1,2.2,0.7,0.7,2.2,1.7,1.0,0.9,0.0,1.0,0.0,1.0,5.0,3.5,0.0,1.0
39,Ohio,OH,39085,Lake County,39085204000,Census Tract 2040; Lake County; Ohio,1.027079968852,3100,18,1722,171,1528,153,796,271,96,56,485,153,236,108,244,112,731,185,358,166,835,220,49,45,1,46,571,209,36,41,0,12,0,16,171,87,23,8,25.7,8.8,5.8,3.3,31.7,9.5,10.2,4.6,7.9,3.6,23.6,6.0,11.5,5.3,27.0,7.1,3.2,2.9,0.0,1.5,18.4,6.7,2.1,2.4,0.0,2.0,0.0,1.0,11.2,5.7,0.7,0.3,0.6373,0.6432,0.766,0.65,0.709,3.4055,0.7581,0.8209,0.0564,0.9597,0.2841,0.0,2.1211,0.3371,0.565,0.565,0.565,0.4111,0.0,0.0,0.7594,0.6243,1.7948,0.333,7.8864,0.5641,0,0,0,0,0,0,0,0,1,0,0,1,0,0,0,0,0,0,0,0,1,2299,161,80,58,46,301,191,26,44,98,97,0,12,88,105,0,12,10.5,4.9,1.9,1.5,9.7,6.2,0.8,1.4,3.2,3.1,0.0,1.1,2.8,3.4,0.0,1.1
39,Ohio,OH,39085,Lake County,39085204200,Census Tract 2042; Lake County; Ohio,2.195284851928,4411,576,1517,160,1415,180,1969,667,82,59,448,160,549,213,222,103,384,109,1592,367,657,219,226,125,360,178,2671,686,51,43,10,17,139,86,101,102,16,4,44.6,14.0,4.3,3.1,31.7,10.6,21.4,8.0,5.0,2.4,8.7,2.6,36.1,5.0,14.9,4.4,15.9,8.6,8.8,4.2,60.6,13.4,3.4,2.8,0.7,1.2,9.8,5.9,7.1,6.7,0.4,0.1,0.8753,0.5117,0.766,0.9283,0.4487,3.53,0.787,0.0853,0.9826,0.5408,0.9162,0.9848,3.5097,0.9521,0.8646,0.8646,0.8646,0.4895,0.6003,0.9902,0.6048,0.5374,3.2222,0.8841,11.1265,0.9397,0,0,0,1,0,1,0,1,0,1,1,3,0,0,0,0,1,0,0,1,5,3063,158,85,878,340,1748,432,0,12,0,12,0,12,45,45,0,12,11.2,6.2,19.9,6.9,39.6,8.3,0.0,0.8,0.0,0.8,0.0,0.8,1.0,1.0,0.0,0.8
39,Ohio,OH,39085,Lake County,39085204303,Census Tract 2043.03; Lake County; Ohio,1.035792746584,2721,362,1201,164,1114,165,268,136,35,27,276,89,81,38,94,75,175,66,744,141,262,117,81,53,9,46,675,489,504,146,0,12,15,15,19,20,16,2,9.9,4.9,2.1,1.7,24.8,7.1,4.5,2.2,3.5,2.7,6.4,2.3,27.3,3.9,9.7,4.3,7.2,4.6,0.4,1.9,24.8,17.7,42.0,10.7,0.0,2.9,1.3,1.3,1.7,1.8,0.6,0.1,0.2025,0.2086,0.5717,0.267,0.2856,1.5354,0.233,0.0399,0.8282,0.2003,0.6337,0.5412,2.2433,0.4,0.6531,0.6531,0.6531,0.9549,0.0,0.6181,0.1848,0.6059,2.3637,0.5752,6.7955,0.3933,0,0,0,0,0,0,0,0,0,0,0,0,0,0,1,0,0,0,0,1,1,801,65,39,369,212,113,138,84,65,0,12,33,35,76,73,0,12,5.8,3.4,13.6,7.3,4.2,5.1,3.1,2.3,0.0,1.3,1.2,1.3,2.8,2.6,0.0,1.3
39,Ohio,OH,39085,Lake County,39085204304,Census Tract 2043.04; Lake County; Ohio,1.594452224628,5515,533,2535,262,2355,278,1833,644,136,114,770,246,513,210,658,219,572,182,1414,335,958,311,224,164,163,92,1751,720,225,150,0,17,41,65,246,173,355,24,35.6,12.0,4.9,4.0,32.7,9.7,15.2,6.3,11.9,4.1,10.4,3.2,25.6,4.8,17.4,5.2,9.5,6.9,3.0,1.7,31.7,12.7,8.9,5.8,0.0,1.4,1.7,2.8,10.4,7.0,6.4,0.8,0.7855,0.5711,0.7886,0.8228,0.8842,3.8522,0.8581,0.1373,0.7429,0.6836,0.76,0.8976,3.2214,0.8917,0.72,0.72,0.72,0.6714,0.0,0.6917,0.7311,0.929,3.0232,0.8394,10.8168,0.9178,0,0,0,0,0,0,0,0,0,0,0,0,0,0,0,0,0,0,1,1,1,6750,388,182,903,272,715,334,60,84,0,17,0,17,73,77,0,17,16.5,6.9,16.4,4.9,13.0,5.6,1.1,1.5,0.0,0.6,0.0,0.6,1.3,1.4,0.0,0.6
39,Ohio,OH,39085,Lake County,39085204400,Census Tract 2044; Lake County; Ohio,1.335680486596,3282,497,1541,296,1445,287,1266,432,89,63,623,305,408,194,347,249,588,290,830,205,344,166,195,96,143,148,972,646,182,89,0,12,82,71,97,60,15,4,38.6,11.8,5.8,4.1,43.1,19.3,17.7,7.7,10.6,6.8,17.9,7.9,25.3,4.7,10.5,4.9,13.5,6.1,4.8,4.9,29.6,19.2,11.8,5.3,0.0,2.2,5.7,4.8,6.7,4.3,0.5,0.1,0.8226,0.6432,0.9267,0.8754,0.8423,4.1102,0.9121,0.5231,0.7276,0.2453,0.8702,0.9474,3.3136,0.9124,0.7039,0.7039,0.7039,0.7267,0.0,0.9549,0.5816,0.5742,2.8374,0.773,10.9651,0.9295,0,0,1,0,0,1,0,0,0,0,1,1,0,0,0,0,1,0,0,1,3,1963,53,42,162,132,665,387,22,30,0,12,0,12,123,118,0,12,3.7,2.9,4.9,4.2,20.3,10.6,0.7,0.9,0.0,1.1,0.0,1.1,3.7,3.6,0.0,1.1
39,Ohio,OH,39085,Lake County,39085204500,Census Tract 2045; Lake County; Ohio,0.5725313507,4426,735,1515,139,1443,151,1471,727,125,99,508,174,475,168,804,300,549,136,1326,504,518,165,200,149,599,261,2677,959,305,103,0,12,116,104,229,87,412,31,36.3,16.7,6.9,5.5,35.2,11.5,18.1,6.1,19.7,7.4,12.4,4.1,30.0,7.1,12.7,3.5,13.8,10.2,15.2,6.2,60.5,19.2,20.1,6.5,0.0,2.3,8.0,7.2,15.9,5.9,9.3,1.7,0.7934,0.7143,0.8257,0.8814,0.9765,4.1913,0.9251,0.2118,0.9138,0.3951,0.8759,0.9984,3.395,0.9286,0.864,0.864,0.864,0.8476,0.0,0.9771,0.8517,0.9518,3.6282,0.9578,12.0785,0.9851,0,0,0,0,1,1,0,1,0,0,1,2,0,0,0,0,1,0,1,2,5,4687,328,123,509,231,1708,554,97,121,0,12,4,10,359,177,0,12,22.7,7.9,11.5,5.4,38.6,11.8,2.2,2.7,0.0,0.8,0.1,0.3,8.1,3.7,0.0,0.8
39,Ohio,OH,39085,Lake County,39085204700,Census Tract 2047; Lake County; Ohio,1.708749613586,4711,552,2092,189,1967,190,409,208,152,155,316,143,251,126,450,303,1031,248,752,184,643,298,170,129,6,47,673,827,0,16,27,40,56,54,50,46,72,2,8.8,4.4,5.4,5.2,16.1,7.1,6.9,3.5,9.7,5.9,21.9,4.1,16.0,4.1,13.9,5.8,8.7,6.5,0.1,1.1,14.3,17.5,0.0,0.8,1.3,1.9,2.8,2.7,2.5,2.3,1.5,0.2,0.173,0.6143,0.2321,0.4423,0.8067,2.2684,0.446,0.7483,0.1623,0.4754,0.7194,0.4245,2.5299,0.5762,0.4784,0.4784,0.4784,0.0,0.6505,0.826,0.2587,0.7146,2.4498,0.6149,7.7265,0.5375,0,0,0,0,0,0,0,0,0,0,0,0,0,0,0,0,0,0,0,0,0,4182,204,119,163,163,372,329,6,10,6,10,0,12,126,115,0,12,10.4,6.2,3.5,3.6,7.9,7.1,0.1,0.2,0.1,0.2,0.0,0.7,2.7,2.4,0.0,0.7
39,Ohio,OH,39085,Lake County,39085204800,Census Tract 2048; Lake County; Ohio,6.280476831434,5341,418,2571,296,2266,249,806,433,294,249,524,306,315,208,437,244,1111,303,1084,219,657,203,114,106,49,90,338,649,0,24,228,106,29,55,36,38,0,17,15.3,8.1,10.6,8.1,23.1,13.3,8.1,5.1,8.2,4.3,20.8,5.4,20.3,4.0,12.3,3.6,5.1,4.6,1.0,1.8,6.3,12.1,0.0,0.9,8.9,4.3,1.3,2.4,1.6,1.7,0.0,0.3,0.3723,0.8565,0.5111,0.5206,0.7306,2.9911,0.6581,0.7051,0.4065,0.3745,0.4841,0.707,2.6772,0.667,0.208,0.208,0.208,0.0,0.859,0.6181,0.1724,0.0,1.6495,0.2746,7.5258,0.5035,0,0,0,0,0,0,0,0,0,0,0,0,0,0,0,0,0,0,0,0,0,2709,166,109,91,98,215,245,0,17,0,17,0,17,32,41,0,17,7.3,4.8,1.7,1.9,4.0,4.6,0.0,0.7,0.0,0.7,0.0,0.7,0.6,0.8,0.0,0.7
39,Ohio,OH,39085,Lake County,39085204900,Census Tract 2049; Lake County; Ohio,5.236020342072,5737,540,2396,230,2298,233,592,371,96,74,304,164,213,166,14,22,1080,176,1165,274,495,195,85,74,0,68,384,768,0,24,14,22,0,24,89,121,12,3,10.4,6.4,3.0,2.3,13.2,7.0,5.3,4.1,0.2,0.4,18.8,3.5,20.3,3.8,8.7,3.5,3.7,3.2,0.0,1.3,6.7,13.4,0.0,1.0,0.6,0.9,0.0,1.0,3.9,5.1,0.2,0.0,0.2199,0.3403,0.1298,0.3253,0.0073,1.0226,0.1048,0.5888,0.4065,0.1476,0.34,0.0,1.4829,0.0873,0.2229,0.2229,0.2229,0.0,0.5876,0.0,0.3892,0.4356,1.4124,0.2044,4.1408,0.0654,0,0,0,0,0,0,0,0,0,0,0,0,0,0,0,0,0,0,0,0,0,4152,213,141,47,66,133,121,0,17,0,17,0,17,204,216,0,17,9.3,5.9,0.8,1.2,2.3,2.0,0.0,0.6,0.0,0.6,0.0,0.6,3.6,3.8,0.0,0.6
39,Ohio,OH,39085,Lake County,39085205001,Census Tract 2050.01; Lake County; Ohio,2.6770382169999998,5494,513,2612,275,2386,306,325,144,45,53,383,138,108,57,31,36,1399,271,1035,173,617,254,20,38,0,68,384,787,62,69,0,17,0,24,80,68,127,4,6.1,2.6,1.7,2.0,16.1,5.4,2.6,1.4,0.6,0.7,25.5,4.8,18.8,3.0,11.5,4.6,0.8,1.6,0.0,1.4,7.0,14.3,2.3,2.6,0.0,1.3,0.0,1.0,3.4,2.8,2.3,0.2,0.0882,0.1492,0.2321,0.1243,0.0187,0.6125,0.0359,0.8843,0.3015,0.3158,0.0625,0.0,1.5641,0.1054,0.234,0.234,0.234,0.426,0.0,0.0,0.3438,0.7815,1.5513,0.2479,3.9619,0.0511,0,0,0,0,0,0,0,0,0,0,0,0,0,0,0,0,0,0,0,0,0,2416,78,53,18,24,93,141,190,235,0,17,0,17,83,97,0,17,3.3,2.2,0.3,0.4,1.7,2.6,3.5,4.3,0.0,0.6,0.0,0.6,1.5,1.7,0.0,0.6
39,Ohio,OH,39085,Lake County,39085205002,Census Tract 2050.02; Lake County; Ohio,6.928103090624,6175,566,2486,198,2449,200,336,263,93,76,153,89,118,84,193,137,1234,198,1146,214,587,171,78,67,16,70,629,767,21,36,0,17,20,37,0,17,14,2,5.4,4.2,2.5,2.0,6.2,3.6,2.5,1.7,3.1,2.2,20.0,3.7,18.6,2.7,9.5,2.9,3.2,2.7,0.3,1.2,10.2,12.4,0.8,1.4,0.0,1.4,0.8,1.5,0.0,1.4,0.2,0.0,0.073,0.2657,0.0092,0.1192,0.2371,0.7042,0.0467,0.663,0.2892,0.1872,0.2841,0.4968,1.9203,0.2317,0.363,0.363,0.363,0.3111,0.0,0.5117,0.0,0.4356,1.2584,0.1641,4.2459,0.0737,0,0,0,0,0,0,0,0,0,0,0,0,0,0,0,0,0,0,0,0,0,4184,99,85,6,10,346,276,109,180,0,17,0,17,100,91,68,117,4.0,3.5,0.1,0.2,5.6,4.3,1.8,2.9,0.0,0.6,0.0,0.6,1.6,1.4,1.1,1.9
39,Ohio,OH,39085,Lake County,39085205100,Census Tract 2051; Lake County; Ohio,13.42449433809,7513,524,3152,245,2860,198,162,166,105,64,267,137,25,35,216,161,1768,218,1752,268,607,194,24,27,0,68,423,726,36,45,0,17,25,42,56,54,29,3,2.2,2.2,2.8,1.7,9.3,4.7,0.5,0.6,2.9,2.1,23.5,3.2,23.3,2.7,8.1,2.6,0.8,0.9,0.0,1.0,5.6,9.7,1.1,1.4,0.0,1.1,0.9,1.5,2.0,1.9,0.4,0.0,0.0149,0.3133,0.0368,0.0184,0.2142,0.5976,0.033,0.8171,0.6068,0.1162,0.0625,0.0,1.6026,0.114,0.1776,0.1776,0.1776,0.3378,0.0,0.5384,0.2127,0.5374,1.6263,0.2679,4.0041,0.054,0,0,0,0,0,0,0,0,0,0,0,0,0,0,0,0,0,0,0,0,0,6735,55,51,44,61,56,86,91,78,0,17,0,17,218,152,14,24,1.9,1.8,0.6,0.8,0.7,1.1,1.2,1.1,0.0,0.5,0.0,0.5,2.9,2.0,0.2,0.3
39,Ohio,OH,39085,Lake County,39085205200,Census Tract 2052; Lake County; Ohio,25.39202698765,3121,306,1230,93,1187,92,71,49,0,12,119,71,96,65,22,35,728,107,395,72,536,210,41,40,0,48,207,449,0,16,0,12,0,16,15,20,0,12,2.3,1.6,0.0,1.8,10.0,5.9,4.0,2.7,0.7,1.1,23.3,3.4,12.7,3.0,17.2,5.6,3.5,3.4,0.0,1.6,6.6,14.4,0.0,1.3,0.0,2.8,0.0,1.3,1.3,1.7,0.0,0.4,0.0152,0.0,0.0495,0.2283,0.0235,0.3165,0.0079,0.806,0.0742,0.6728,0.3187,0.0,1.8717,0.2098,0.22,0.22,0.22,0.0,0.0,0.0,0.1349,0.0,0.1349,0.0152,2.5431,0.0041,0,0,0,0,0,0,0,0,0,0,0,0,0,0,0,0,0,0,0,0,0,1354,117,58,137,117,7,11,0,12,0,12,0,12,63,71,0,12,9.9,4.8,4.4,3.7,0.2,0.4,0.0,1.1,0.0,1.1,0.0,1.1,2.0,2.3,0.0,1.1
39,Ohio,OH,39085,Lake County,39085205300,Census Tract 2053; Lake County; Ohio,8.429030986098,2345,287,963,103,914,103,227,124,26,21,140,55,41,29,112,122,378,62,581,162,306,95,35,37,0,48,189,400,0,16,0,12,0,16,10,12,12,3,9.7,5.2,2.0,1.7,15.3,5.8,2.5,1.8,4.8,5.1,16.1,2.9,24.8,4.7,13.0,4.0,3.9,4.0,0.0,2.2,8.1,17.0,0.0,1.7,0.0,3.6,0.0,1.8,1.1,1.3,0.5,0.1,0.1974,0.194,0.2003,0.1192,0.4243,1.1352,0.1314,0.4071,0.7004,0.4129,0.3638,0.0,1.8842,0.2143,0.2873,0.2873,0.2873,0.0,0.0,0.0,0.1194,0.5742,0.6936,0.0568,4.0003,0.0537,0,0,0,0,0,0,0,0,0,0,0,0,0,0,0,0,0,0,0,0,0,1397,68,46,9,10,138,135,4,6,0,12,0,12,38,30,0,12,7.4,4.9,0.4,0.4,5.9,5.6,0.2,0.3,0.0,1.5,0.0,1.5,1.6,1.2,0.0,1.5
39,Ohio,OH,39085,Lake County,39085205400,Census Tract 2054; Lake County; Ohio,2.184664344214,1578,224,577,53,507,50,143,77,20,12,46,17,28,15,58,51,252,36,428,89,127,30,6,7,2,46,176,311,9,17,0,12,10,18,6,6,14,2,9.3,4.9,2.5,1.5,9.1,3.2,2.7,1.4,3.7,2.8,16.0,2.8,27.1,3.6,8.0,2.0,1.2,1.4,0.1,3.1,11.2,19.6,1.6,2.9,0.0,5.9,2.0,3.5,1.2,1.2,0.9,0.2,0.1876,0.2657,0.0346,0.1325,0.3021,0.9225,0.0854,0.3989,0.8205,0.1104,0.0937,0.4245,1.848,0.2013,0.3944,0.3944,0.3944,0.3787,0.0,0.7346,0.1276,0.6458,1.8867,0.3705,5.0516,0.1476,0,0,0,0,0,0,0,0,0,0,0,0,0,0,0,0,0,0,0,0,0,2943,32,15,13,13,96,90,3,6,0,12,0,12,64,66,0,12,6.3,2.8,0.8,0.8,6.1,5.5,0.2,0.4,0.0,2.2,0.0,2.2,4.1,4.1,0.0,2.2
39,Ohio,OH,39085,Lake County,39085205701,Census Tract 2057.01; Lake County; Ohio,6.725882168124,4778,452,2113,162,2008,162,826,384,90,71,562,194,479,270,537,332,1118,234,965,256,957,261,179,107,43,72,285,679,137,115,519,156,41,38,194,125,18,3,17.5,8.0,3.5,2.7,28.0,9.4,14.2,7.4,11.2,6.4,23.4,4.5,20.2,4.5,20.0,5.2,8.9,5.3,0.9,1.5,6.0,14.2,6.5,5.4,24.6,6.7,2.0,1.9,9.7,6.3,0.4,0.1,0.4402,0.4156,0.681,0.7942,0.8664,3.1974,0.713,0.8107,0.397,0.8074,0.7311,0.6855,3.4317,0.9359,0.1928,0.1928,0.1928,0.6013,0.9749,0.7346,0.7102,0.5374,3.5584,0.9479,10.3803,0.881,0,0,0,0,0,0,0,0,0,0,0,0,0,0,0,1,0,0,0,1,1,4653,356,152,92,130,69,57,0,12,0,12,0,12,124,125,0,12,17.7,7.4,1.9,2.7,1.4,1.2,0.0,0.7,0.0,0.7,0.0,0.7,2.6,2.6,0.0,0.7
39,Ohio,OH,39085,Lake County,39085205702,Census Tract 2057.02; Lake County; Ohio,1.250688239438,3361,463,1243,126,1145,143,646,348,156,113,210,106,185,127,155,110,375,51,853,258,420,167,65,58,6,48,271,657,0,16,45,74,23,28,28,41,9,3,19.3,10.0,8.3,5.6,18.3,9.0,9.2,6.1,4.6,3.3,11.2,2.2,25.4,6.0,12.5,4.9,5.7,5.0,0.2,1.5,8.1,19.5,0.0,1.3,3.6,5.8,2.0,2.4,2.4,3.6,0.3,0.1,0.491,0.7835,0.3248,0.5875,0.3996,2.5864,0.5346,0.1658,0.7327,0.3846,0.5317,0.4556,2.2704,0.4184,0.2873,0.2873,0.2873,0.0,0.7502,0.7346,0.2514,0.4924,2.2286,0.5146,7.3727,0.481,0,0,0,0,0,0,0,0,0,0,0,0,0,0,0,0,0,0,0,0,0,1945,90,88,33,40,142,172,63,75,0,12,6,12,27,32,0,12,7.9,7.4,1.0,1.2,4.2,5.0,1.9,2.3,0.0,1.0,0.2,0.4,0.8,1.0,0.0,1.0
39,Ohio,OH,39085,Lake County,39085205800,Census Tract 2058; Lake County; Ohio,11.061298745688,1268,195,475,83,454,83,76,53,20,21,55,27,51,24,25,24,228,27,242,55,123,41,9,16,0,48,82,276,0,16,0,12,0,16,6,8,0,12,6.0,4.1,2.7,3.1,12.1,5.5,5.5,2.7,2.0,1.9,18.0,3.3,19.1,4.3,9.7,3.5,2.0,3.5,0.0,3.9,6.5,21.7,0.0,3.4,0.0,7.1,0.0,3.5,1.3,1.8,0.0,0.9,0.0844,0.2968,0.1006,0.3405,0.1209,0.9432,0.0889,0.5317,0.3256,0.2003,0.159,0.0,1.2166,0.0425,0.215,0.215,0.215,0.0,0.0,0.0,0.1349,0.0,0.1349,0.0152,2.5097,0.0032,0,0,0,0,0,0,0,0,0,0,0,0,0,0,0,0,0,0,0,0,0,424,30,21,0,12,42,48,0,12,7,8,0,12,33,23,0,12,6.6,4.8,0.0,2.7,3.3,3.8,0.0,2.7,0.6,0.7,0.0,2.7,2.6,1.9,0.0,2.7
39,Ohio,OH,39085,Lake County,39085206100,Census Tract 2061; Lake County; Ohio,5.0925116341,3417,17,1438,133,1391,123,353,147,43,42,256,90,244,110,94,50,683,120,779,148,393,105,11,20,0,48,107,68,10,19,0,12,8,20,51,33,17,5,10.4,4.3,2.3,2.3,18.4,6.3,10.2,4.5,2.8,1.5,20.0,3.5,22.8,4.3,11.5,3.1,0.8,1.4,0.0,1.5,3.1,2.0,0.7,1.3,0.0,2.4,0.6,1.4,3.7,2.3,0.5,0.1,0.2199,0.2384,0.3286,0.65,0.1996,1.6365,0.2635,0.663,0.5761,0.3158,0.0625,0.0,1.6174,0.1178,0.0685,0.0685,0.0685,0.2994,0.0,0.4632,0.3727,0.5742,1.7095,0.299,5.0319,0.1454,0,0,0,0,0,0,0,0,0,0,0,0,0,0,0,0,0,0,0,0,0,2524,172,72,24,28,0,12,0,12,0,12,0,12,71,52,12,20,12.4,5.1,0.7,0.8,0.0,1.0,0.0,1.0,0.0,1.0,0.0,1.0,2.1,1.5,0.4,0.6
39,Ohio,OH,39085,Lake County,39085206200,Census Tract 2062; Lake County; Ohio,2.621500533116,1571,256,784,143,761,144,201,79,28,17,139,43,37,21,84,51,444,217,168,52,333,85,12,20,0,48,137,369,15,16,0,12,1,12,15,14,25,6,12.9,4.6,3.1,1.9,18.3,4.5,2.8,1.6,5.4,3.3,28.3,11.0,10.7,3.4,21.4,5.8,1.6,2.6,0.0,3.1,8.7,23.4,1.9,2.0,0.0,4.4,0.1,1.6,2.0,1.9,1.6,0.3,0.3005,0.3537,0.3248,0.1386,0.4916,1.6092,0.2562,0.941,0.0488,0.8493,0.1238,0.0,1.9629,0.2552,0.3085,0.3085,0.3085,0.3975,0.0,0.3819,0.2127,0.727,1.7191,0.3041,5.5997,0.1997,0,0,0,0,0,0,1,0,0,0,0,1,0,0,0,0,0,0,0,0,1,2627,42,34,76,55,5,8,24,20,0,12,0,12,32,23,0,12,5.5,4.8,4.8,3.6,0.3,0.5,1.5,1.3,0.0,2.2,0.0,2.2,2.0,1.5,0.0,2.2
39,Ohio,OH,39085,Lake County,39085206300,Census Tract 2063; Lake County; Ohio,12.709089031106,4947,355,1856,133,1815,132,658,352,174,96,365,125,325,161,359,233,894,94,1044,182,706,177,39,33,91,89,707,488,37,40,126,70,42,64,39,25,52,8,13.4,7.1,6.4,3.4,20.1,6.7,9.1,4.3,7.3,4.5,18.1,2.1,21.1,2.9,14.3,3.7,2.2,1.8,1.9,1.8,14.3,9.8,2.0,2.2,6.8,3.7,2.3,3.5,2.1,1.4,1.1,0.1,0.3164,0.6835,0.3971,0.5821,0.6661,2.6452,0.5537,0.539,0.4569,0.5033,0.1762,0.8275,2.5029,0.559,0.4784,0.4784,0.4784,0.4051,0.8232,0.7698,0.2248,0.6703,2.8932,0.794,8.5197,0.6651,0,0,0,0,0,0,0,0,0,0,0,0,0,0,0,0,0,0,0,0,0,4119,234,94,9,20,521,358,48,38,5,7,0,12,118,67,6,9,12.9,5.3,0.2,0.4,10.5,6.9,1.0,0.8,0.1,0.1,0.0,0.7,2.4,1.4,0.1,0.2
39,Ohio,OH,39085,Lake County,39085206400,Census Tract 2064; Lake County; Ohio,14.9034599796,4653,349,1967,184,1836,180,171,102,81,55,221,103,183,181,101,63,1149,163,942,127,609,239,50,31,13,48,175,489,0,16,4,7,15,25,52,40,5,9,3.7,2.2,3.5,2.2,12.0,5.5,5.3,5.1,2.2,1.4,24.7,3.0,20.2,2.3,13.1,4.8,2.7,1.7,0.3,1.1,3.8,10.5,0.0,0.8,0.2,0.4,0.8,1.4,2.8,2.2,0.1,0.2,0.0378,0.4156,0.0965,0.3253,0.1396,1.0148,0.1016,0.8532,0.397,0.4199,0.2298,0.4968,2.3967,0.4952,0.0967,0.0967,0.0967,0.0,0.5527,0.5117,0.2848,0.3694,1.7186,0.3035,5.2268,0.1625,0,0,0,0,0,0,0,0,0,0,0,0,0,0,0,0,0,0,0,0,0,2005,210,191,0,12,80,95,18,19,0,12,0,12,77,63,0,12,11.4,9.7,0.0,0.7,1.7,2.0,0.4,0.4,0.0,0.7,0.0,0.7,1.7,1.3,0.0,0.7
39,Ohio,OH,39085,Lake County,39085206500,Census Tract 2065; Lake County; Ohio,6.705571658516,4214,446,1686,143,1567,126,663,347,34,29,437,116,125,69,174,97,1040,130,1000,243,580,150,61,46,73,69,1053,554,362,105,0,12,37,42,207,78,160,2,16.4,8.4,1.8,1.5,27.9,7.1,4.3,2.5,4.3,2.5,24.7,3.4,23.7,4.5,14.3,3.3,3.9,2.9,1.8,1.7,25.0,12.9,21.5,6.0,0.0,2.1,2.4,2.7,13.2,4.7,3.8,0.4,0.4046,0.1654,0.6794,0.2508,0.3659,1.8661,0.3251,0.8532,0.6354,0.5033,0.3638,0.8183,3.174,0.8784,0.6563,0.6563,0.6563,0.8619,0.0,0.7787,0.8035,0.8656,3.3097,0.9006,9.0061,0.7295,0,0,0,0,0,0,0,0,0,0,0,0,0,0,0,0,0,0,0,0,0,24297,322,105,220,222,311,191,136,90,0,12,22,34,223,130,141,187,20.5,6.2,5.2,5.0,7.4,4.3,3.2,2.1,0.0,0.8,0.5,0.8,5.3,3.0,3.3,4.5
39,Ohio,OH,39085,Lake County,39085206600,Census Tract 2066; Lake County; Ohio,1.018245182888,4962,550,2103,197,2078,200,456,114,238,215,312,98,226,79,267,108,1061,252,747,164,965,302,74,44,89,75,543,785,19,24,0,12,17,22,92,52,0,12,9.3,2.1,8.3,6.9,15.0,4.5,6.3,2.4,5.4,2.3,21.4,3.8,15.1,3.2,19.4,5.8,3.5,2.1,1.9,1.5,10.9,15.8,0.9,1.1,0.0,1.6,0.8,1.1,4.4,2.6,0.0,0.2,0.1876,0.7835,0.1908,0.4042,0.4916,2.0577,0.3835,0.7299,0.1316,0.782,0.3187,0.8275,2.7897,0.7267,0.3855,0.3855,0.3855,0.3181,0.0,0.5117,0.4289,0.0,1.2587,0.1644,6.4916,0.3406,0,0,0,0,0,0,0,0,0,0,0,0,0,0,0,0,0,0,0,0,0,2127,285,130,215,232,169,116,60,67,0,12,23,28,66,54,10,15,13.7,5.6,4.3,4.6,3.4,2.4,1.2,1.3,0.0,0.7,0.5,0.6,1.3,1.1,0.2,0.3
39,Ohio,OH,39085,Lake County,39085206700,Census Tract 2067; Lake County; Ohio,19.104746266772,5677,441,2703,231,2355,211,1120,385,130,99,551,197,346,156,361,180,1300,217,1008,245,970,238,186,111,0,68,316,620,97,64,144,94,0,24,48,46,336,7,20.6,6.9,4.7,3.7,23.4,8.1,8.5,3.7,6.6,3.3,22.9,3.9,17.8,3.7,17.9,4.5,7.9,4.7,0.0,1.3,5.6,10.9,3.5,2.3,5.3,3.4,0.0,1.0,2.0,1.9,5.9,0.5,0.5198,0.553,0.52,0.5482,0.6001,2.7411,0.5848,0.7885,0.247,0.708,0.6813,0.0,2.4248,0.5127,0.1776,0.1776,0.1776,0.4943,0.7908,0.0,0.2127,0.9236,2.4214,0.6025,7.7649,0.5441,0,0,0,0,0,0,0,0,0,0,0,0,0,0,0,0,0,0,1,1,1,3610,346,195,11,14,197,128,0,17,0,17,0,17,108,89,0,17,14.7,8.0,0.2,0.3,3.5,2.2,0.0,0.6,0.0,0.6,0.0,0.6,1.9,1.6,0.0,0.6
39,Ohio,OH,39087,Lawrence County,39087050100,Census Tract 501; Lawrence County; Ohio,0.896424982562,2792,480,1045,99,917,99,1309,536,72,44,221,121,126,60,296,235,455,108,719,309,497,164,51,44,0,48,40,681,0,16,0,12,5,15,14,17,209,3,50.8,18.5,6.4,4.2,24.1,12.9,6.5,3.2,11.5,9.1,16.3,5.2,25.8,7.4,19.2,5.6,5.6,4.8,0.0,1.8,1.4,24.4,0.0,1.5,0.0,3.3,0.5,1.6,1.5,1.8,7.5,1.3,0.9115,0.6835,0.5448,0.4157,0.8734,3.4289,0.7648,0.4195,0.7562,0.7721,0.5241,0.0,2.4719,0.5406,0.0159,0.0159,0.0159,0.0,0.0,0.4413,0.1597,0.941,1.542,0.2441,7.4587,0.4968,1,0,0,0,0,1,0,0,0,0,0,0,0,0,0,0,0,0,1,1,2,2061,79,48,9,16,0,12,0,12,0,12,0,12,31,27,0,12,8.6,5.2,0.3,0.6,0.0,1.2,0.0,1.2,0.0,1.2,0.0,1.2,1.1,1.0,0.0,1.2
39,Ohio,OH,39087,Lawrence County,39087050200,Census Tract 502; Lawrence County; Ohio,0.6323983963099999,2035,354,1056,185,963,185,571,281,78,62,230,119,134,107,182,89,488,196,271,121,586,245,30,35,0,48,98,499,0,16,0,12,0,16,19,24,0,12,28.1,12.9,8.1,6.1,23.9,11.5,8.2,6.0,8.9,4.6,24.0,7.9,13.3,5.0,28.8,9.7,3.1,3.6,0.0,2.5,4.8,24.5,0.0,1.5,0.0,3.3,0.0,1.7,2.0,2.5,0.0,0.6,0.6814,0.7778,0.54,0.526,0.7661,3.2913,0.7352,0.8329,0.0828,0.9737,0.2733,0.0,2.1627,0.3562,0.1439,0.1439,0.1439,0.0,0.0,0.0,0.2127,0.0,0.2127,0.0197,5.8106,0.2333,0,0,0,0,0,0,0,0,1,0,0,1,0,0,0,0,0,0,0,0,1,2661,214,102,12,15,16,27,0,12,0,12,0,12,70,93,0,12,22.2,9.6,0.6,0.8,0.8,1.3,0.0,1.7,0.0,1.7,0.0,1.7,3.4,4.5,0.0,1.7
39,Ohio,OH,39087,Lawrence County,39087050300,Census Tract 503; Lawrence County; Ohio,0.600793630998,2140,264,1133,129,854,121,968,279,65,48,340,102,168,81,29,24,337,98,661,174,544,135,118,55,0,48,207,375,144,78,8,14,5,14,184,72,123,12,46.8,12.1,9.3,6.3,39.8,10.5,12.3,5.3,1.4,1.1,15.7,5.0,30.9,5.9,26.2,6.3,13.8,6.1,0.0,2.5,9.7,17.5,12.7,6.7,0.7,1.2,0.6,1.6,21.5,7.6,5.7,0.9,0.8886,0.8257,0.8921,0.7308,0.0676,3.4048,0.7578,0.3814,0.9356,0.9495,0.8759,0.0,3.1424,0.8695,0.3478,0.3478,0.3478,0.7422,0.6003,0.4632,0.9149,0.9201,3.6407,0.959,10.5357,0.8981,0,0,0,0,0,0,0,1,1,0,0,2,0,0,0,0,0,1,1,2,4,3361,186,77,143,97,20,27,0,12,0,12,0,12,44,34,0,12,21.8,8.3,6.7,4.5,0.9,1.3,0.0,1.6,0.0,1.6,0.0,1.6,2.1,1.6,0.0,1.6
39,Ohio,OH,39087,Lawrence County,39087050400,Census Tract 504; Lawrence County; Ohio,0.936281133716,3005,406,1471,163,1310,171,1034,305,38,40,379,145,252,134,126,107,781,177,502,189,957,280,159,117,0,48,85,578,190,89,79,73,0,16,161,79,11,8,34.4,9.0,3.1,3.2,28.9,10.4,12.1,6.0,4.2,3.5,26.0,5.5,16.7,5.7,31.8,8.0,12.1,8.8,0.0,1.7,2.8,19.2,12.9,5.9,5.4,4.8,0.0,1.2,12.3,6.1,0.4,0.3,0.7744,0.3537,0.7016,0.7242,0.3561,2.91,0.6311,0.8976,0.1925,0.9857,0.8397,0.0,2.9155,0.7822,0.0587,0.0587,0.0587,0.7467,0.7927,0.0,0.7854,0.5374,2.8622,0.7832,8.7464,0.6943,0,0,0,0,0,0,0,0,1,0,0,1,0,0,0,0,0,0,0,0,1,2631,296,129,32,51,44,60,0,12,0,12,0,12,9,16,0,12,22.6,8.4,1.1,1.7,1.5,2.0,0.0,1.2,0.0,1.2,0.0,1.2,0.3,0.5,0.0,1.2
39,Ohio,OH,39087,Lawrence County,39087050501,Census Tract 505.01; Lawrence County; Ohio,71.327162625058,3122,673,1333,242,1058,267,882,561,0,12,303,228,318,252,50,63,280,131,824,330,902,496,0,16,0,48,17,951,0,16,423,197,23,40,0,12,0,12,28.3,16.9,0.0,3.0,28.6,20.3,14.6,10.1,1.6,2.1,9.0,4.6,26.4,7.8,28.9,14.8,0.0,1.5,0.0,1.7,0.5,30.5,0.0,1.2,31.7,14.5,2.2,3.7,0.0,3.3,0.0,0.4,0.683,0.0,0.6956,0.8066,0.0825,2.2677,0.4457,0.0926,0.7882,0.9746,0.0,0.0,1.8554,0.2032,0.0022,0.0022,0.0022,0.0,0.9898,0.7575,0.0,0.0,1.7473,0.3168,5.8726,0.2422,0,0,0,0,0,0,0,0,1,0,0,1,0,0,0,1,0,0,0,1,2,1368,239,148,0,12,17,28,0,12,0,12,0,12,0,12,0,12,22.6,13.2,0.0,1.1,0.5,0.9,0.0,1.1,0.0,1.1,0.0,1.1,0.0,1.1,0.0,1.1
39,Ohio,OH,39087,Lawrence County,39087050502,Census Tract 505.02; Lawrence County; Ohio,81.11626184448,2277,354,1329,193,947,145,520,290,44,51,230,125,225,122,193,163,453,143,479,154,542,190,36,50,0,48,63,503,0,16,505,162,0,16,0,12,0,12,23.0,12.4,5.4,6.3,24.3,12.7,12.8,6.7,8.5,6.7,19.9,6.6,21.0,4.8,23.8,8.4,3.8,5.2,0.0,2.2,2.8,22.1,0.0,1.2,38.0,11.8,0.0,1.7,0.0,3.6,0.0,0.5,0.5824,0.6143,0.5524,0.7498,0.7471,3.246,0.7241,0.6569,0.4499,0.9099,0.3502,0.0,2.3669,0.4775,0.0587,0.0587,0.0587,0.0,0.9956,0.0,0.0,0.0,0.9956,0.1057,6.6672,0.3733,0,0,0,0,0,0,0,0,1,0,0,1,0,0,0,1,0,0,0,1,2,1986,194,106,0,12,15,24,0,12,0,12,20,41,28,29,0,12,20.5,10.1,0.0,1.5,0.7,1.1,0.0,1.5,0.0,1.5,0.9,1.8,1.2,1.3,0.0,1.5
39,Ohio,OH,39087,Lawrence County,39087050600,Census Tract 506; Lawrence County; Ohio,95.143070283244,1289,251,692,118,550,118,539,227,60,43,130,65,226,98,78,51,249,126,257,131,349,126,46,62,20,57,148,353,0,16,255,90,9,17,27,27,0,12,41.8,15.6,10.2,7.4,23.6,10.7,24.6,11.0,6.1,4.2,19.3,9.7,19.9,7.5,27.1,10.2,8.4,11.1,1.7,4.9,11.5,27.3,0.0,2.3,36.8,12.1,1.6,3.1,4.9,4.9,0.0,0.9,0.8521,0.8473,0.5295,0.9518,0.5547,3.7354,0.8321,0.6208,0.3751,0.9616,0.7051,0.8094,3.472,0.9432,0.402,0.402,0.402,0.0,0.9949,0.6794,0.4625,0.0,2.1368,0.4762,9.7462,0.8203,0,0,0,1,0,1,0,0,1,0,0,1,0,0,0,1,0,0,0,1,3,405,264,120,4,7,43,45,44,71,0,12,0,12,57,57,0,12,48.0,14.2,0.3,0.5,3.3,3.5,3.4,5.3,0.0,2.7,0.0,2.7,4.4,4.5,0.0,2.7
39,Ohio,OH,39087,Lawrence County,39087050700,Census Tract 507; Lawrence County; Ohio,61.719012424548,3944,533,1468,138,1236,131,1418,429,96,67,353,110,415,137,320,189,534,125,1237,306,1108,264,56,40,0,48,28,749,0,16,504,126,96,68,37,44,30,14,36.9,9.9,6.7,4.2,28.6,8.4,16.6,5.5,8.2,4.7,13.5,3.1,31.4,4.8,28.3,6.1,4.6,3.2,0.0,1.4,0.7,19.0,0.0,1.1,34.3,7.9,7.8,5.4,3.0,3.5,0.8,0.3,0.7988,0.7032,0.6956,0.8513,0.7306,3.7795,0.84,0.2616,0.9426,0.9683,0.4381,0.0,2.6106,0.6279,0.0044,0.0044,0.0044,0.0,0.993,0.9762,0.3051,0.6344,2.9087,0.7978,9.3032,0.7673,0,0,0,0,0,0,0,1,1,0,0,2,0,0,0,1,1,0,0,2,4,3548,254,104,5,12,2,8,0,12,0,12,0,12,21,23,0,12,20.6,8.0,0.1,0.3,0.1,0.2,0.0,0.9,0.0,0.9,0.0,0.9,0.5,0.6,0.0,0.9
39,Ohio,OH,39087,Lawrence County,39087050800,Census Tract 508; Lawrence County; Ohio,19.716652299432,3262,346,1347,142,1205,144,1070,335,27,31,300,105,143,85,158,88,593,152,757,187,517,175,101,73,0,48,218,502,21,25,196,85,17,18,47,32,4,2,32.9,9.7,2.0,2.3,24.9,8.2,6.8,3.9,4.9,2.8,18.2,4.8,23.2,4.4,16.0,4.7,8.4,6.0,0.0,1.6,6.7,15.4,1.5,1.8,14.6,6.1,1.4,1.5,3.9,2.5,0.1,0.1,0.7537,0.194,0.5752,0.4344,0.4376,2.3949,0.479,0.5466,0.6005,0.6039,0.7051,0.0,2.4561,0.5333,0.2229,0.2229,0.2229,0.3717,0.9248,0.6384,0.3892,0.3694,2.6935,0.7171,7.7674,0.5448,0,0,0,0,0,0,0,0,0,0,0,0,0,0,0,1,0,0,0,1,1,2272,93,58,12,22,77,61,0,12,0,12,0,12,50,75,79,87,7.7,4.5,0.4,0.7,2.4,1.9,0.0,1.1,0.0,1.1,0.0,1.1,1.5,2.3,2.4,2.7
39,Ohio,OH,39087,Lawrence County,39087050900,Census Tract 509; Lawrence County; Ohio,3.522640593302,2218,263,1015,117,851,116,595,291,104,69,230,104,257,110,126,72,315,96,430,144,568,213,28,21,0,48,345,373,0,16,79,57,0,16,93,82,55,2,27.6,13.1,9.8,6.6,27.0,11.7,16.9,6.7,5.8,3.3,14.2,4.5,19.4,5.8,26.3,9.2,3.3,2.4,0.0,2.3,15.6,16.7,0.0,1.6,7.8,5.7,0.0,1.9,10.9,9.1,2.5,0.3,0.6709,0.8368,0.6517,0.8595,0.5294,3.5483,0.7921,0.2993,0.3453,0.9514,0.2943,0.0,1.8903,0.2181,0.5073,0.5073,0.5073,0.0,0.8441,0.0,0.7495,0.7949,2.3885,0.5886,8.3344,0.6356,0,0,0,0,0,0,0,0,1,0,0,1,0,0,0,0,0,0,0,0,1,2282,47,26,4,18,44,42,0,12,0,12,20,30,277,204,0,12,5.5,3.2,0.2,0.8,2.0,1.9,0.0,1.6,0.0,1.6,0.9,1.3,12.5,8.8,0.0,1.6
39,Ohio,OH,39087,Lawrence County,39087051001,Census Tract 510.01; Lawrence County; Ohio,2.697966103706,4124,449,1740,172,1612,155,932,231,93,70,301,118,247,99,166,90,642,106,1015,198,720,154,242,93,0,48,476,675,22,25,89,47,11,14,53,39,0,12,22.9,5.1,4.5,3.2,18.7,7.1,9.0,3.5,4.0,2.2,15.6,2.6,24.6,3.6,17.5,4.0,15.0,5.6,0.0,1.2,11.5,16.3,1.3,1.4,5.1,2.7,0.7,0.9,3.3,2.4,0.0,0.3,0.5798,0.534,0.339,0.5755,0.3377,2.366,0.473,0.3763,0.6877,0.6903,0.9006,0.0,2.6549,0.6559,0.402,0.402,0.402,0.359,0.7851,0.4873,0.3346,0.0,1.966,0.4041,7.3889,0.4867,0,0,0,0,0,0,0,0,0,1,0,1,0,0,0,0,0,0,0,0,1,4120,179,80,302,195,75,99,0,12,0,12,0,12,99,81,0,12,11.1,4.8,7.3,4.9,1.8,2.4,0.0,0.8,0.0,0.8,0.0,0.8,2.4,2.0,0.0,0.8
39,Ohio,OH,39087,Lawrence County,39087051002,Census Tract 510.02; Lawrence County; Ohio,23.175062508422,4073,409,1750,174,1375,142,1438,602,86,78,382,136,400,163,123,104,651,161,986,212,878,239,83,73,36,71,87,587,42,46,241,112,16,21,72,50,2,2,35.5,14.4,5.7,4.9,27.8,9.5,15.1,5.8,3.0,2.5,16.0,3.9,24.2,4.2,21.6,5.6,6.0,5.3,1.0,1.9,2.1,14.4,2.4,2.6,13.8,6.3,1.2,1.5,5.2,3.6,0.0,0.0,0.7842,0.6356,0.6733,0.8196,0.2291,3.1418,0.6994,0.3989,0.669,0.8566,0.5517,0.707,3.1832,0.8806,0.0374,0.0374,0.0374,0.4352,0.9197,0.6038,0.4844,0.0,2.4431,0.6117,8.8055,0.7019,0,0,0,0,0,0,0,0,0,0,0,0,0,0,0,1,0,0,0,1,1,2915,264,83,4,7,57,86,0,12,0,12,0,12,26,28,0,12,19.2,5.4,0.1,0.2,1.4,2.1,0.0,0.9,0.0,0.9,0.0,0.9,0.6,0.7,0.0,0.9
39,Ohio,OH,39087,Lawrence County,39087051101,Census Tract 511.01; Lawrence County; Ohio,24.702280089075998,3699,613,1581,225,1283,204,810,498,41,59,216,137,341,262,103,87,854,259,606,292,937,278,89,96,0,48,109,894,18,33,512,191,17,29,106,108,0,12,21.9,13.0,2.4,3.5,16.8,10.3,12.9,9.2,2.8,2.3,23.1,6.5,16.4,6.4,25.3,6.7,6.9,7.4,0.0,1.3,2.9,24.2,1.1,2.1,32.4,10.4,1.3,2.3,8.3,8.2,0.0,0.3,0.556,0.2514,0.2635,0.7524,0.1996,2.0229,0.3717,0.7961,0.1763,0.9359,0.613,0.0,2.5213,0.5702,0.0618,0.0618,0.0618,0.3378,0.9908,0.6181,0.6606,0.0,2.6073,0.6813,7.2133,0.4533,0,0,0,0,0,0,0,0,1,0,0,1,0,0,0,1,0,0,0,1,2,2636,352,156,68,65,0,12,0,12,0,12,0,12,41,47,0,12,27.4,10.4,1.8,1.9,0.0,0.9,0.0,0.9,0.0,0.9,0.0,0.9,1.1,1.4,0.0,0.9
39,Ohio,OH,39087,Lawrence County,39087051102,Census Tract 511.02; Lawrence County; Ohio,1.648709208178,2942,569,1624,282,1328,314,658,313,11,21,369,173,118,92,177,127,801,255,549,309,746,313,187,103,0,48,517,820,49,68,388,240,0,16,23,37,177,3,23.9,10.2,0.9,1.8,27.8,11.2,5.6,4.3,6.4,4.8,27.2,7.6,18.7,8.1,27.0,10.0,14.1,7.0,0.0,1.6,17.6,27.7,3.0,4.2,23.9,13.2,0.0,1.2,1.7,2.8,6.0,1.2,0.5982,0.0654,0.6733,0.3497,0.5849,2.2715,0.4476,0.9214,0.2964,0.9597,0.8835,0.0,3.061,0.8406,0.5491,0.5491,0.5491,0.4724,0.973,0.0,0.1848,0.9252,2.5554,0.66,8.437,0.6537,0,0,0,0,0,0,1,0,1,0,0,2,0,0,0,1,0,0,1,2,4,3309,124,87,138,126,72,70,0,12,0,12,0,12,214,137,93,133,9.3,6.6,4.7,4.5,2.4,2.5,0.0,1.2,0.0,1.2,0.0,1.2,7.3,4.8,3.2,4.5
39,Ohio,OH,39087,Lawrence County,39087051200,Census Tract 512; Lawrence County; Ohio,13.303963718444,4820,389,2362,182,1925,179,494,254,19,19,243,87,276,144,133,102,903,180,833,301,776,175,54,49,0,48,276,549,26,38,398,174,25,38,30,20,23,4,10.2,5.2,0.9,0.9,12.6,4.4,7.5,3.8,2.8,2.1,18.7,4.2,17.3,5.8,16.1,3.7,2.8,2.5,0.0,1.0,5.7,11.4,1.1,1.6,16.9,7.1,1.3,2.0,1.6,1.0,0.5,0.1,0.2123,0.0654,0.1159,0.4829,0.1996,1.0761,0.1171,0.5821,0.2194,0.6087,0.2403,0.0,1.6505,0.1257,0.1829,0.1829,0.1829,0.3378,0.94,0.6181,0.1724,0.5742,2.6425,0.6959,5.552,0.1965,0,0,0,0,0,0,0,0,0,0,0,0,0,0,0,1,0,0,0,1,1,4188,133,77,137,121,14,21,0,12,26,29,0,12,99,87,0,12,6.9,4.0,2.8,2.5,0.3,0.4,0.0,0.7,0.5,0.6,0.0,0.7,2.1,1.8,0.0,0.7
39,Ohio,OH,39087,Lawrence County,39087051300,Census Tract 513; Lawrence County; Ohio,18.567908887666,3545,389,1860,204,1639,208,921,301,51,57,559,166,300,116,280,144,773,188,591,164,825,200,50,47,0,48,182,540,46,70,376,114,26,36,209,121,0,12,26.5,8.1,3.1,3.2,34.1,9.2,11.5,4.4,7.9,3.9,21.8,4.7,16.7,4.4,23.3,4.8,3.1,2.8,0.0,1.4,5.1,15.2,2.5,3.8,20.2,6.2,1.6,2.2,12.8,6.8,0.0,0.3,0.6506,0.3537,0.8089,0.7036,0.709,3.2258,0.72,0.7445,0.1925,0.9023,0.2733,0.0,2.1126,0.3295,0.1544,0.1544,0.1544,0.4413,0.959,0.6794,0.7952,0.0,2.8749,0.7873,8.3677,0.6425,0,0,0,0,0,0,0,0,1,0,0,1,0,0,0,1,0,0,0,1,2,2739,420,130,12,17,0,12,51,70,0,12,0,12,115,70,4,11,25.6,6.6,0.3,0.5,0.0,1.0,1.4,1.9,0.0,1.0,0.0,1.0,3.2,1.9,0.1,0.3
39,Ohio,OH,39087,Lawrence County,39087051401,Census Tract 514.01; Lawrence County; Ohio,4.62379152814,5494,396,2325,180,2185,181,1217,384,33,36,401,190,170,118,216,211,1046,255,1195,286,1154,364,242,145,17,71,246,554,0,24,167,92,0,24,117,90,4,2,22.6,6.9,1.2,1.3,18.4,8.6,4.1,2.8,3.9,3.8,19.0,4.8,21.8,4.7,21.0,6.4,11.0,6.6,0.3,1.3,4.5,10.1,0.0,1.0,7.2,4.0,0.0,1.1,5.4,4.1,0.1,0.0,0.5712,0.0898,0.3286,0.2359,0.3224,1.5479,0.2375,0.6018,0.5025,0.8366,0.8086,0.4968,3.2463,0.8987,0.1297,0.1297,0.1297,0.0,0.8314,0.0,0.4994,0.3694,1.7002,0.2949,6.6241,0.3644,0,0,0,0,0,0,0,0,0,0,0,0,0,0,0,0,0,0,0,0,0,4193,395,163,3,4,42,49,105,123,0,17,0,17,96,103,0,17,18.1,7.2,0.1,0.1,0.8,0.9,1.9,2.2,0.0,0.6,0.0,0.6,1.7,1.9,0.0,0.6
39,Ohio,OH,39087,Lawrence County,39087051402,Census Tract 514.02; Lawrence County; Ohio,29.062317232874,3213,390,1448,138,1217,134,538,173,19,19,237,103,213,104,81,48,669,186,718,184,694,214,21,23,0,48,268,545,0,16,194,82,0,16,53,31,10,3,16.8,5.0,1.8,1.8,19.5,8.2,9.2,4.3,2.5,1.5,20.8,5.7,22.3,4.1,21.6,5.9,1.7,1.9,0.0,1.5,8.3,16.9,0.0,1.1,13.4,5.5,0.0,1.3,4.4,2.6,0.3,0.1,0.418,0.1654,0.3749,0.5875,0.1692,1.715,0.2825,0.7051,0.539,0.8566,0.1337,0.0,2.2344,0.3949,0.2933,0.2933,0.2933,0.0,0.9146,0.0,0.4289,0.4924,1.8359,0.3508,6.0786,0.2705,0,0,0,0,0,0,0,0,0,0,0,0,0,0,0,1,0,0,0,1,1,1941,134,71,3,4,68,91,166,160,9,13,0,12,22,27,0,12,11.0,5.8,0.1,0.1,2.1,2.8,5.2,4.9,0.3,0.4,0.0,1.1,0.7,0.8,0.0,1.1
39,Ohio,OH,39089,Licking County,39089750700,Census Tract 7507; Licking County; Ohio,0.999859005648,3007,477,1675,208,1444,227,881,276,100,63,376,146,242,109,396,193,437,105,470,169,1083,324,88,71,4,47,367,660,66,45,50,53,0,16,128,87,53,3,29.9,8.0,6.2,3.9,26.0,9.2,11.0,4.9,13.4,5.6,14.5,3.6,15.6,5.6,36.6,9.3,6.1,4.8,0.1,1.6,12.2,21.9,3.9,2.6,3.0,3.2,0.0,1.1,8.9,6.0,1.8,0.3,0.7093,0.6698,0.6156,0.6855,0.9191,3.5993,0.8013,0.3155,0.1481,0.9959,0.5584,0.4245,2.4424,0.5248,0.4226,0.4226,0.4226,0.5133,0.734,0.0,0.6848,0.7445,2.6766,0.7105,9.1409,0.7432,0,0,0,0,1,1,0,0,1,0,0,1,0,0,0,0,0,0,0,0,2,2090,315,141,147,126,91,83,1,2,0,12,0,12,128,97,0,12,21.8,9.1,4.9,4.0,3.0,2.7,0.0,0.1,0.0,1.2,0.0,1.2,4.3,3.2,0.0,1.2
39,Ohio,OH,39089,Licking County,39089751000,Census Tract 7510; Licking County; Ohio,0.500501319886,2668,267,1098,111,1008,110,1049,231,88,58,316,93,256,136,315,111,260,93,750,122,546,164,85,52,0,48,308,381,0,16,7,11,29,36,144,71,14,13,39.6,7.8,7.3,4.5,31.3,8.6,15.3,6.6,11.8,3.6,9.7,3.5,28.1,4.6,20.5,5.1,8.5,5.1,0.0,2.0,11.5,14.2,0.0,1.5,0.6,1.0,2.9,3.6,14.3,6.7,0.5,0.5,0.8324,0.7387,0.7552,0.8269,0.881,4.0342,0.8956,0.1138,0.857,0.821,0.7102,0.0,2.502,0.5578,0.402,0.402,0.402,0.0,0.5876,0.8349,0.8241,0.5742,2.8208,0.767,9.759,0.8219,0,0,0,0,0,0,0,0,0,0,0,0,0,0,0,0,0,0,0,0,0,1605,115,66,41,45,94,70,0,12,27,43,0,12,146,73,0,12,11.4,6.3,1.5,1.7,3.5,2.6,0.0,1.3,1.0,1.6,0.0,1.3,5.5,2.8,0.0,1.3
39,Ohio,OH,39089,Licking County,39089751300,Census Tract 7513; Licking County; Ohio,0.72469028788,3657,639,1634,146,1372,159,935,303,37,35,366,127,184,94,224,108,332,64,791,171,748,389,188,76,0,48,284,922,100,88,0,12,0,16,35,28,1,3,25.6,7.0,2.1,1.9,26.7,8.7,7.5,4.0,6.1,3.1,9.1,2.4,21.6,6.4,20.5,8.3,13.7,5.3,0.0,1.4,7.8,25.2,6.1,5.4,0.0,2.1,0.0,1.2,2.6,2.0,0.0,0.1,0.6357,0.2086,0.6425,0.4829,0.5547,2.5244,0.5162,0.0954,0.4918,0.821,0.8733,0.0,2.2815,0.426,0.272,0.272,0.272,0.5905,0.0,0.0,0.267,0.0,0.8575,0.0822,5.9354,0.2517,0,0,0,0,0,0,0,0,0,0,0,0,0,0,0,0,0,0,0,0,0,3228,106,59,23,39,102,120,1,3,0,12,0,12,125,84,33,49,7.7,4.1,0.6,1.1,2.8,3.3,0.0,0.1,0.0,1.0,0.0,1.0,3.4,2.5,0.9,1.4
39,Ohio,OH,39089,Licking County,39089751600,Census Tract 7516; Licking County; Ohio,1.012083767172,3843,392,1798,140,1711,136,684,297,136,89,351,129,110,63,202,117,703,104,634,204,852,252,104,76,0,48,429,550,256,128,0,12,37,67,91,63,15,2,17.8,7.5,6.1,3.8,20.5,7.4,4.1,2.3,5.3,3.0,18.3,3.3,16.5,4.4,22.2,6.7,6.1,4.4,0.0,1.3,11.2,14.3,14.3,7.0,0.0,1.9,2.2,3.9,5.3,3.7,0.4,0.0,0.4468,0.6648,0.4171,0.2359,0.4808,2.2454,0.4381,0.5549,0.1823,0.875,0.5584,0.0,2.1706,0.3625,0.3944,0.3944,0.3944,0.7705,0.0,0.7575,0.4917,0.5374,2.5571,0.6606,7.3675,0.479,0,0,0,0,0,0,0,0,0,0,0,0,0,0,0,0,0,0,0,0,0,3204,117,73,228,187,122,124,0,12,0,12,0,12,68,83,11,20,6.8,4.3,5.9,4.9,3.2,3.2,0.0,0.9,0.0,0.9,0.0,0.9,1.8,2.1,0.3,0.5
39,Ohio,OH,39089,Licking County,39089751900,Census Tract 7519; Licking County; Ohio,4.851662364806,4363,707,1907,205,1662,226,1079,429,40,52,324,121,304,129,129,87,877,185,842,330,1286,269,19,29,20,55,398,1001,13,23,22,35,45,54,118,83,4,3,24.8,9.0,2.0,2.5,19.5,6.8,9.5,4.0,3.0,1.9,20.1,4.4,19.3,5.4,29.5,5.7,1.1,1.7,0.5,1.3,9.1,22.9,0.7,1.2,1.2,1.8,2.7,3.2,7.1,4.7,0.1,0.1,0.6198,0.194,0.3749,0.6068,0.2291,2.0246,0.3733,0.6687,0.3377,0.9778,0.0829,0.5796,2.6467,0.6505,0.3221,0.3221,0.3221,0.2994,0.6451,0.814,0.6048,0.3694,2.7327,0.733,7.7261,0.5368,0,0,0,0,0,0,0,0,1,0,0,1,0,0,0,0,0,0,0,0,1,2849,175,82,17,25,161,103,0,12,0,12,0,12,98,72,122,95,10.5,4.8,0.4,0.6,3.7,2.4,0.0,0.8,0.0,0.8,0.0,0.8,2.2,1.7,2.8,2.2
39,Ohio,OH,39089,Licking County,39089752200,Census Tract 7522; Licking County; Ohio,6.991050844092,4841,595,1937,171,1776,186,1163,509,138,90,438,169,377,111,432,204,740,222,1307,410,748,158,247,138,13,52,236,840,39,46,24,26,41,31,125,83,0,12,24.0,10.1,5.7,3.4,24.7,9.2,11.9,3.6,8.9,3.9,15.3,4.5,27.0,6.5,15.5,3.4,13.9,7.6,0.3,1.1,4.9,17.3,2.0,2.4,1.2,1.3,2.3,1.7,7.0,4.6,0.0,0.2,0.6001,0.6356,0.567,0.7178,0.7661,3.2866,0.7333,0.3576,0.8158,0.5773,0.879,0.4968,3.1265,0.8619,0.1474,0.1474,0.1474,0.4051,0.6451,0.7698,0.5994,0.0,2.4194,0.6013,8.9799,0.7244,0,0,0,0,0,0,0,0,0,0,0,0,0,0,0,0,0,0,0,0,0,2269,217,135,35,42,0,12,77,94,0,12,0,12,101,73,23,38,12.2,7.2,0.7,0.9,0.0,0.7,1.6,1.9,0.0,0.7,0.0,0.7,2.1,1.5,0.5,0.8
39,Ohio,OH,39089,Licking County,39089752500,Census Tract 7525; Licking County; Ohio,5.730917005326,4079,704,1790,243,1541,236,1948,695,0,12,578,234,312,143,172,121,347,71,1117,404,1058,340,210,113,0,48,959,926,369,135,11,17,12,23,289,138,298,36,51.2,15.6,0.0,2.3,37.5,14.1,12.6,5.4,4.5,3.4,8.5,2.2,27.4,5.8,27.8,6.0,13.7,7.0,0.0,1.3,23.5,22.3,20.6,7.0,0.6,0.9,0.8,1.5,18.8,8.1,7.3,1.5,0.9146,0.0,0.8632,0.7406,0.3875,2.9059,0.6308,0.0793,0.832,0.9651,0.8733,0.0,2.7497,0.707,0.6351,0.6351,0.6351,0.8537,0.5876,0.5117,0.8886,0.9394,3.781,0.9759,10.0717,0.8546,1,0,0,0,0,1,0,0,1,0,0,1,0,0,0,0,0,0,1,1,3,4502,271,108,346,220,95,84,0,12,0,12,0,12,505,243,13,21,17.6,6.8,8.5,5.1,2.3,2.1,0.0,0.9,0.0,0.9,0.0,0.9,12.4,5.6,0.3,0.5
39,Ohio,OH,39089,Licking County,39089752801,Census Tract 7528.01; Licking County; Ohio,7.105691477728,4297,461,1438,113,1402,113,443,201,102,79,232,112,75,57,214,172,633,102,1251,273,424,144,58,54,26,60,502,667,39,47,74,37,12,24,42,40,11,4,10.4,4.6,4.8,3.5,16.5,7.9,2.7,2.0,5.0,3.8,14.7,2.6,29.1,4.7,9.9,3.0,4.1,3.8,0.6,1.5,11.7,15.5,2.7,3.3,5.1,2.5,0.9,1.7,3.0,2.9,0.3,0.1,0.2199,0.5603,0.2505,0.1325,0.4487,1.6119,0.2568,0.3282,0.8906,0.2104,0.3844,0.6088,2.4224,0.5111,0.4084,0.4084,0.4084,0.4533,0.7851,0.5384,0.3051,0.4924,2.5743,0.6667,7.017,0.4273,0,0,0,0,0,0,0,0,0,0,0,0,0,0,0,0,0,0,0,0,0,1619,60,44,144,153,53,72,113,134,0,12,0,12,192,125,0,12,4.3,3.2,3.4,3.6,1.2,1.7,2.6,3.2,0.0,0.8,0.0,0.8,4.5,2.9,0.0,0.8
39,Ohio,OH,39089,Licking County,39089752802,Census Tract 7528.02; Licking County; Ohio,6.225641467088,3210,627,1416,178,1343,164,304,186,11,18,221,100,126,72,184,218,648,134,617,224,371,133,56,63,0,48,280,877,58,45,21,35,0,16,45,37,0,12,9.5,5.5,0.7,1.1,16.5,7.2,5.7,3.4,5.7,6.7,20.2,6.1,19.2,4.7,11.6,4.9,4.2,4.7,0.0,1.6,8.7,27.3,4.1,3.1,1.5,2.5,0.0,1.2,3.4,2.9,0.0,0.4,0.192,0.0502,0.2505,0.357,0.5176,1.3673,0.1889,0.6734,0.3313,0.3234,0.394,0.0,1.7221,0.1521,0.3085,0.3085,0.3085,0.5219,0.6667,0.0,0.3438,0.0,1.5324,0.2403,4.9303,0.1337,0,0,0,0,0,0,0,0,0,0,0,0,0,0,0,0,0,0,0,0,0,4320,109,58,57,51,125,177,30,47,0,12,0,12,68,62,0,12,8.1,4.4,1.8,1.7,3.9,5.4,0.9,1.5,0.0,1.1,0.0,1.1,2.1,1.9,0.0,1.1
39,Ohio,OH,39089,Licking County,39089753100,Census Tract 7531; Licking County; Ohio,9.476996370436,5160,423,2094,184,1965,188,1180,361,42,53,456,149,293,120,242,169,1335,314,1295,208,913,253,157,91,0,68,392,601,89,65,326,156,63,53,190,111,199,4,23.9,7.0,2.1,2.6,23.2,7.3,8.0,3.3,4.9,3.5,25.9,5.4,25.1,3.2,18.5,5.1,8.0,4.6,0.0,1.4,7.6,11.6,4.3,3.1,15.6,7.0,3.2,2.7,9.7,5.5,3.9,0.3,0.5982,0.2086,0.5143,0.5133,0.4376,2.272,0.4483,0.8938,0.7188,0.7369,0.6851,0.0,3.0346,0.8349,0.2609,0.2609,0.2609,0.5314,0.9321,0.8571,0.7102,0.87,3.9008,0.9854,9.4683,0.7895,0,0,0,0,0,0,0,0,0,0,0,0,0,0,0,1,0,0,0,1,1,10978,304,115,99,76,181,99,0,17,3,7,0,17,109,74,0,17,15.5,5.7,1.9,1.5,3.5,1.9,0.0,0.7,0.1,0.1,0.0,0.7,2.1,1.4,0.0,0.7
39,Ohio,OH,39089,Licking County,39089753301,Census Tract 7533.01; Licking County; Ohio,1.311948341064,3379,498,1495,212,1426,229,813,384,32,36,369,147,137,85,103,82,835,149,753,213,289,124,152,124,9,49,544,704,295,208,0,12,16,29,134,87,282,4,26.6,11.7,2.0,2.3,25.9,9.4,6.1,3.8,3.3,2.7,24.7,6.3,22.3,4.9,9.3,4.4,10.7,8.5,0.3,1.6,16.1,20.7,19.7,13.6,0.0,2.3,1.1,2.0,9.4,6.2,8.3,1.2,0.6531,0.194,0.6111,0.3897,0.2634,2.1113,0.4006,0.8532,0.539,0.1755,0.8006,0.4968,2.8651,0.761,0.5178,0.5178,0.5178,0.8406,0.0,0.587,0.6997,0.9471,3.0744,0.8511,8.5686,0.6717,0,0,0,0,0,0,0,0,0,0,0,0,0,0,0,0,0,0,1,1,1,3691,236,118,90,84,18,28,65,59,0,12,23,43,343,273,5,9,16.5,8.5,2.7,2.4,0.5,0.8,1.9,1.8,0.0,1.0,0.7,1.3,10.2,7.8,0.1,0.3
39,Ohio,OH,39089,Licking County,39089753302,Census Tract 7533.02; Licking County; Ohio,2.985957654996,5171,583,1719,163,1666,154,649,269,4,7,231,94,101,78,142,92,932,204,1405,276,617,195,167,102,24,68,865,846,51,58,19,31,0,24,0,17,138,3,13.0,5.2,0.2,0.3,13.9,5.5,3.6,2.8,2.8,1.9,18.0,4.4,27.2,3.6,12.3,3.8,10.0,6.1,0.5,1.4,16.7,16.3,3.0,3.4,1.1,1.8,0.0,1.4,0.0,2.1,2.7,0.3,0.3043,0.0244,0.1511,0.1966,0.1996,0.876,0.0778,0.5317,0.824,0.3745,0.7781,0.5796,3.0879,0.8495,0.5285,0.5285,0.5285,0.4724,0.6378,0.0,0.0,0.8085,1.9187,0.3854,6.4111,0.3276,0,0,0,0,0,0,0,0,0,0,0,0,0,0,0,0,0,0,0,0,0,6556,54,46,243,256,247,208,126,149,4,7,0,17,245,175,0,17,3.2,2.8,4.7,5.0,4.8,3.8,2.4,2.9,0.1,0.1,0.0,0.7,4.7,3.4,0.0,0.7
39,Ohio,OH,39089,Licking County,39089753600,Census Tract 7536; Licking County; Ohio,0.532677516158,2141,430,997,156,921,170,269,123,26,23,143,54,129,68,172,84,354,82,402,138,303,88,63,40,4,46,218,591,22,22,0,12,9,18,43,50,0,12,12.6,5.2,2.1,1.9,15.5,5.1,8.5,4.3,8.0,3.8,16.5,4.8,18.8,4.2,14.2,4.7,6.8,4.2,0.2,2.3,10.2,27.5,2.2,2.2,0.0,3.4,1.0,1.9,4.7,5.4,0.0,0.6,0.2897,0.2086,0.2083,0.5482,0.7166,1.9714,0.3565,0.4306,0.3015,0.4919,0.6051,0.4556,2.2847,0.4273,0.363,0.363,0.363,0.4216,0.0,0.5676,0.4479,0.0,1.4371,0.2111,6.0562,0.2676,0,0,0,0,0,0,0,0,0,0,0,0,0,0,0,0,0,0,0,0,0,3043,19,17,40,42,138,132,0,12,0,12,0,12,32,41,8,14,2.1,1.9,1.9,1.9,6.4,6.0,0.0,1.6,0.0,1.6,0.0,1.6,1.5,1.9,0.4,0.6
39,Ohio,OH,39089,Licking County,39089753900,Census Tract 7539; Licking County; Ohio,4.528216225162,5009,620,2099,189,1882,163,718,513,50,39,341,132,75,43,396,218,1068,156,1003,247,528,115,88,61,56,89,392,888,20,24,0,17,0,24,31,26,242,15,15.1,10.6,2.0,1.5,18.1,6.8,2.1,1.3,7.9,3.8,21.3,2.6,20.0,3.0,10.5,2.5,4.7,3.2,1.2,1.9,7.8,17.7,1.0,1.1,0.0,1.7,0.0,1.3,1.6,1.4,4.8,0.7,0.3669,0.194,0.3175,0.0938,0.709,1.6812,0.2743,0.7251,0.3836,0.2453,0.4476,0.7403,2.5419,0.5848,0.272,0.272,0.272,0.3292,0.0,0.0,0.1724,0.9008,1.4024,0.2019,5.8975,0.247,0,0,0,0,0,0,0,0,0,0,0,0,0,0,0,0,0,0,1,1,1,8616,164,73,77,56,83,83,51,29,0,17,0,17,177,148,4,8,8.7,4.0,1.5,1.1,1.7,1.7,1.0,0.6,0.0,0.7,0.0,0.7,3.5,3.0,0.1,0.2
39,Ohio,OH,39089,Licking County,39089754102,Census Tract 7541.02; Licking County; Ohio,8.265841886982,2840,459,1053,133,992,128,197,114,30,25,147,58,83,42,33,23,626,166,720,226,228,87,63,30,51,70,105,661,0,16,12,17,0,16,0,12,5,2,6.9,3.9,2.2,1.8,14.8,5.5,4.2,2.3,1.2,0.8,22.0,6.1,25.4,5.2,8.0,3.0,6.3,2.9,2.0,2.8,3.7,23.3,0.0,1.5,1.1,1.6,0.0,1.6,0.0,3.5,0.2,0.1,0.1152,0.2238,0.1829,0.2441,0.0511,0.8171,0.067,0.7505,0.7327,0.1104,0.5714,0.8348,2.9998,0.8235,0.0932,0.0932,0.0932,0.0,0.6378,0.0,0.0,0.4356,1.0734,0.1184,4.9835,0.1397,0,0,0,0,0,0,0,0,0,0,0,0,0,0,0,0,0,0,0,0,0,1427,35,25,75,90,11,16,0,12,0,12,0,12,5,8,14,23,3.5,2.6,2.6,3.3,0.4,0.6,0.0,1.2,0.0,1.2,0.0,1.2,0.2,0.3,0.5,0.8
39,Ohio,OH,39089,Licking County,39089754103,Census Tract 7541.03; Licking County; Ohio,3.44135222263,2133,348,832,116,764,131,245,226,75,98,46,42,26,33,49,60,259,84,499,143,258,97,44,44,0,48,183,489,0,16,40,68,0,16,22,30,0,12,11.5,10.5,6.2,7.4,6.0,5.4,1.8,2.5,2.3,2.7,12.1,3.8,23.4,5.8,12.1,3.7,5.7,5.7,0.0,2.4,8.6,22.9,0.0,1.9,4.8,7.7,0.0,2.1,2.9,3.9,0.0,0.6,0.2561,0.6698,0.0079,0.0758,0.1492,1.1588,0.1381,0.1988,0.6138,0.3586,0.5317,0.0,1.7029,0.1438,0.3047,0.3047,0.3047,0.0,0.7797,0.0,0.2962,0.0,1.0759,0.1194,4.2423,0.073,0,0,0,0,0,0,0,0,0,0,0,0,0,0,0,0,0,0,0,0,0,1957,37,37,0,12,106,100,0,12,0,12,0,12,77,51,0,12,4.8,4.6,0.0,1.6,5.0,4.6,0.0,1.6,0.0,1.6,0.0,1.6,3.6,2.4,0.0,1.6
39,Ohio,OH,39089,Licking County,39089754104,Census Tract 7541.04; Licking County; Ohio,1.771077673344,4857,369,2607,166,2531,156,1060,353,77,86,816,250,299,178,235,146,1315,277,899,222,1140,294,204,139,53,77,464,566,253,144,0,12,15,26,360,135,49,7,22.4,7.3,3.3,3.7,32.2,9.7,8.2,4.9,4.9,3.0,27.1,5.8,18.5,3.9,23.6,5.6,8.1,5.5,1.2,1.7,9.6,11.6,9.8,5.5,0.0,1.3,0.6,1.0,14.2,5.2,1.0,0.1,0.5674,0.386,0.7752,0.526,0.4376,2.6922,0.5695,0.9198,0.2828,0.9067,0.6914,0.7403,3.541,0.9556,0.3424,0.3424,0.3424,0.686,0.0,0.4632,0.8232,0.6595,2.6319,0.693,9.2075,0.7521,0,0,0,0,0,0,1,0,1,0,0,2,0,0,0,0,0,0,0,0,2,5428,471,184,55,74,76,111,52,60,0,12,0,12,246,145,35,59,18.6,6.9,1.1,1.5,1.6,2.3,1.1,1.3,0.0,0.7,0.0,0.7,5.1,3.1,0.7,1.2
39,Ohio,OH,39089,Licking County,39089754400,Census Tract 7544; Licking County; Ohio,94.333644892138,6347,778,2517,325,2237,286,1088,613,73,76,348,151,216,120,278,235,1156,268,1515,430,532,161,98,76,46,103,215,1109,36,55,669,286,159,146,42,36,0,17,17.1,9.4,2.4,2.5,15.6,6.4,4.9,2.7,4.4,3.7,18.2,4.5,23.9,5.2,8.4,2.3,4.4,3.4,0.8,1.7,3.4,17.5,1.4,2.2,26.6,9.7,7.1,6.5,1.9,1.7,0.0,0.3,0.4268,0.2514,0.213,0.2955,0.3758,1.5625,0.2419,0.5466,0.6516,0.1311,0.4184,0.6636,2.4113,0.5051,0.0824,0.0824,0.0824,0.3663,0.9794,0.9708,0.2029,0.0,2.5194,0.6432,6.5756,0.3575,0,0,0,0,0,0,0,0,0,0,0,0,0,0,0,1,1,0,0,2,2,1605,421,258,163,198,0,17,11,21,0,17,0,17,23,30,18,31,18.8,10.3,2.6,3.1,0.0,0.5,0.2,0.3,0.0,0.5,0.0,0.5,0.4,0.5,0.3,0.5
39,Ohio,OH,39089,Licking County,39089754700,Census Tract 7547; Licking County; Ohio,66.175044178096,6378,558,2412,191,2219,196,1308,415,188,108,439,146,261,135,425,219,987,180,1717,235,1053,217,253,135,35,83,682,864,51,29,173,98,109,107,75,47,14,1,20.6,6.3,6.2,3.5,19.8,6.3,6.4,3.3,6.7,3.4,15.5,2.7,26.9,3.3,16.5,3.5,11.4,6.0,0.6,1.4,10.7,13.5,2.1,1.2,7.2,4.0,4.9,4.8,3.4,2.0,0.2,0.0,0.5198,0.6698,0.3863,0.4112,0.6109,2.598,0.5375,0.371,0.8107,0.6334,0.8219,0.6088,3.2458,0.8984,0.3786,0.3786,0.3786,0.4111,0.8314,0.9356,0.3438,0.4356,2.9575,0.8152,9.1799,0.7476,0,0,0,0,0,0,0,0,0,0,0,0,0,0,0,0,1,0,0,1,1,5067,181,84,374,370,221,172,0,17,5,9,0,17,82,55,0,17,8.2,3.6,5.9,5.8,3.5,2.7,0.0,0.5,0.1,0.1,0.0,0.5,1.3,0.9,0.0,0.5
39,Ohio,OH,39089,Licking County,39089755000,Census Tract 7550; Licking County; Ohio,105.86422050287,7177,665,2563,229,2414,224,853,374,113,102,461,168,249,178,557,350,1160,304,1816,408,878,259,57,71,0,68,523,1055,0,24,55,51,15,27,18,23,0,17,11.9,5.1,3.0,2.7,19.1,6.7,5.0,3.4,7.8,4.9,16.2,4.2,25.3,4.3,12.3,3.6,2.3,2.9,0.0,1.0,7.3,14.7,0.0,0.9,2.1,2.0,0.6,1.1,0.7,0.9,0.0,0.2,0.2682,0.3403,0.359,0.3041,0.701,1.9726,0.3571,0.4138,0.7276,0.3745,0.1902,0.0,1.7061,0.1451,0.2489,0.2489,0.2489,0.0,0.7019,0.4632,0.0762,0.0,1.2413,0.1606,5.1689,0.1578,0,0,0,0,0,0,0,0,0,0,0,0,0,0,0,0,0,0,0,0,0,4125,273,138,31,48,27,47,14,22,0,17,0,17,77,76,374,401,11.3,5.7,0.4,0.7,0.4,0.7,0.2,0.3,0.0,0.5,0.0,0.5,1.1,1.1,5.2,5.7
39,Ohio,OH,39089,Licking County,39089755301,Census Tract 7553.01; Licking County; Ohio,19.223320893686,3549,404,1496,247,1496,247,201,113,0,12,261,146,61,50,128,95,630,251,771,150,373,222,75,79,0,48,293,565,56,60,16,26,23,36,0,12,0,12,5.7,3.1,0.0,1.7,17.4,9.3,2.4,2.0,3.6,2.6,17.8,6.4,21.7,3.2,10.5,6.0,5.0,5.2,0.0,1.4,8.3,15.9,3.7,4.0,1.1,1.8,1.5,2.4,0.0,2.3,0.0,0.3,0.0781,0.0,0.2854,0.1135,0.2945,0.7715,0.0587,0.5178,0.4965,0.2453,0.4762,0.0,1.7358,0.1565,0.2933,0.2933,0.2933,0.5048,0.6378,0.6606,0.0,0.0,1.8032,0.3378,4.6038,0.1035,0,0,0,0,0,0,0,0,0,0,0,0,0,0,0,0,0,0,0,0,0,2711,61,49,18,32,120,94,8,14,0,12,0,12,147,87,0,12,4.1,3.5,0.5,0.9,3.4,2.5,0.2,0.4,0.0,1.0,0.0,1.0,4.1,2.5,0.0,1.0
39,Ohio,OH,39089,Licking County,39089755302,Census Tract 7553.02; Licking County; Ohio,7.96986342972,4417,393,1783,212,1747,205,480,302,43,41,456,187,150,100,141,179,839,201,977,232,768,271,140,125,0,48,232,589,59,44,93,105,0,16,120,99,5,2,10.9,6.8,1.8,1.8,26.1,10.3,4.9,3.4,3.2,4.1,19.0,4.6,22.1,4.3,17.4,6.0,8.0,7.1,0.0,1.2,5.3,13.3,3.3,2.4,5.2,5.7,0.0,0.9,6.9,5.3,0.1,0.0,0.2374,0.1654,0.6203,0.2955,0.2491,1.5677,0.2432,0.6018,0.5247,0.6836,0.6851,0.0,2.4952,0.5556,0.1642,0.1642,0.1642,0.4844,0.7895,0.0,0.5924,0.3694,2.2357,0.5181,6.4628,0.3368,0,0,0,0,0,0,0,0,0,0,0,0,0,0,0,0,0,0,0,0,0,4171,118,76,1,3,61,67,0,12,0,12,0,12,156,108,14,25,6.8,4.3,0.0,0.1,1.4,1.5,0.0,0.8,0.0,0.8,0.0,0.8,3.5,2.5,0.3,0.6
39,Ohio,OH,39089,Licking County,39089755601,Census Tract 7556.01; Licking County; Ohio,27.53224442793,2591,19,1158,103,1033,91,161,97,47,47,259,121,41,44,56,63,368,154,466,145,222,104,34,36,0,48,145,138,0,16,13,22,0,16,15,25,0,12,6.4,3.9,2.9,3.1,25.1,11.5,2.0,2.2,2.2,2.5,14.2,5.9,18.0,5.6,8.6,4.1,3.3,3.5,0.0,1.9,5.6,5.3,0.0,1.4,1.1,1.9,0.0,1.5,1.5,2.4,0.0,0.5,0.0984,0.327,0.5841,0.0881,0.1396,1.2372,0.1543,0.2993,0.2565,0.1415,0.2943,0.0,0.9916,0.0225,0.1776,0.1776,0.1776,0.0,0.6378,0.0,0.1597,0.0,0.7975,0.0759,3.2039,0.0162,0,0,0,0,0,0,0,0,0,0,0,0,0,0,0,0,0,0,0,0,0,5617,18,28,0,12,0,12,22,26,0,12,0,12,31,43,92,112,1.7,2.7,0.0,1.3,0.0,1.3,0.8,1.0,0.0,1.3,0.0,1.3,1.2,1.7,3.6,4.3
39,Ohio,OH,39089,Licking County,39089755602,Census Tract 7556.02; Licking County; Ohio,25.821889402228,2559,40,1114,105,1049,81,401,189,14,16,181,89,58,41,88,59,625,137,463,90,520,143,48,52,0,48,139,98,0,16,0,12,0,16,13,18,15,4,15.8,7.4,1.1,1.3,17.3,8.4,2.9,2.1,3.4,2.3,24.4,5.4,18.1,3.5,20.3,5.6,4.5,4.9,0.0,1.9,5.4,3.8,0.0,1.4,0.0,3.1,0.0,1.5,1.2,1.7,0.6,0.2,0.385,0.0803,0.2819,0.1433,0.2745,1.165,0.1397,0.8446,0.2613,0.8156,0.4286,0.0,2.3501,0.4635,0.1687,0.1687,0.1687,0.0,0.0,0.0,0.1276,0.6059,0.7335,0.0622,4.4173,0.0892,0,0,0,0,0,0,0,0,0,0,0,0,0,0,0,0,0,0,0,0,0,2001,47,34,1,7,4,8,11,20,5,6,0,12,91,56,27,31,4.5,3.3,0.0,0.3,0.2,0.3,0.4,0.8,0.2,0.2,0.0,1.4,3.6,2.2,1.1,1.2
39,Ohio,OH,39089,Licking County,39089755901,Census Tract 7559.01; Licking County; Ohio,7.497444852702,5203,529,1766,165,1766,165,928,532,17,27,374,166,267,190,198,130,582,208,1510,258,536,225,52,48,125,125,1661,771,0,24,80,41,59,67,14,24,0,17,17.8,10.1,0.6,1.0,21.2,9.2,7.8,5.5,3.8,2.6,11.2,4.1,29.0,3.3,10.3,4.3,2.9,2.7,2.6,2.6,31.9,14.5,0.0,1.4,4.5,2.3,3.3,3.8,0.8,1.3,0.0,0.3,0.4468,0.0422,0.4451,0.5003,0.3113,1.7457,0.294,0.1658,0.8871,0.2329,0.2473,0.877,2.4101,0.5041,0.7216,0.7216,0.7216,0.0,0.7743,0.8651,0.0873,0.0,1.7267,0.307,6.6041,0.361,0,0,0,0,0,0,0,0,0,0,0,0,0,0,0,0,0,0,0,0,0,2950,72,52,453,183,123,125,881,433,10,16,0,17,194,147,0,17,4.1,3.0,8.7,3.4,2.4,2.4,16.9,7.8,0.2,0.3,0.0,0.7,3.7,2.9,0.0,0.7
39,Ohio,OH,39089,Licking County,39089755902,Census Tract 7559.02; Licking County; Ohio,4.169277659168,2308,298,1001,129,953,117,470,298,89,74,181,89,162,109,54,80,518,162,236,151,507,189,0,16,19,55,407,440,36,33,90,112,0,16,36,31,11,2,20.4,12.7,6.4,5.2,19.0,9.0,9.2,5.8,2.3,3.5,22.4,7.7,10.2,5.7,22.0,8.3,0.0,1.7,0.9,2.5,17.6,18.9,3.6,3.3,9.0,11.3,0.0,1.7,3.8,3.4,0.5,0.1,0.516,0.6835,0.354,0.5875,0.1492,2.2902,0.4508,0.7663,0.0447,0.8696,0.0,0.6855,2.3661,0.4765,0.5491,0.5491,0.5491,0.5013,0.8619,0.0,0.38,0.5742,2.3174,0.5568,7.5228,0.5032,0,0,0,0,0,0,0,0,0,0,0,0,0,0,0,0,0,0,0,0,0,6263,36,31,210,245,19,31,105,161,0,12,0,12,73,73,0,12,3.8,3.4,9.1,10.4,0.8,1.3,4.5,7.1,0.0,1.5,0.0,1.5,3.2,3.1,0.0,1.5
39,Ohio,OH,39089,Licking County,39089756201,Census Tract 7562.01; Licking County; Ohio,3.337433255432,2930,534,1413,170,1261,166,653,539,75,69,421,170,108,69,95,65,690,130,704,280,281,87,87,66,0,48,1006,752,18,26,57,59,0,16,37,33,0,12,22.3,17.9,5.7,5.0,33.4,12.7,5.2,3.3,3.2,2.3,23.5,6.3,24.0,5.9,9.6,3.7,6.9,5.2,0.0,1.7,34.3,24.9,1.2,1.8,4.0,4.2,0.0,1.3,2.9,2.6,0.0,0.4,0.5659,0.6356,0.7994,0.3148,0.2491,2.5648,0.5292,0.8171,0.6582,0.1933,0.613,0.0,2.2816,0.4263,0.74,0.74,0.74,0.3483,0.7619,0.0,0.2962,0.0,1.4064,0.2029,6.9928,0.4206,0,0,0,0,0,0,0,0,0,0,0,0,0,0,0,0,0,0,0,0,0,2475,144,61,810,217,55,87,13,21,0,12,0,12,128,83,0,12,11.4,4.9,27.6,7.9,1.9,3.0,0.4,0.7,0.0,1.2,0.0,1.2,4.4,2.9,0.0,1.2
39,Ohio,OH,39089,Licking County,39089756203,Census Tract 7562.03; Licking County; Ohio,1.2457967132,2802,383,1173,219,1090,213,272,214,0,12,278,134,172,126,88,66,420,194,572,157,295,183,130,117,58,77,1158,487,57,52,0,12,14,25,54,75,0,12,9.7,7.5,0.0,2.2,25.5,11.2,8.4,6.2,3.1,2.4,15.0,6.4,20.4,4.6,10.5,6.4,11.9,10.5,2.1,2.8,41.3,16.4,4.9,4.3,0.0,2.9,1.3,2.3,5.0,6.7,0.0,0.4,0.1974,0.0,0.5994,0.5428,0.2371,1.5767,0.246,0.3431,0.4134,0.2453,0.8359,0.8427,2.6804,0.6686,0.7879,0.7879,0.7879,0.5546,0.0,0.6181,0.4702,0.0,1.6429,0.2724,6.6879,0.3765,0,0,0,0,0,0,0,0,0,0,0,0,0,0,0,0,0,0,0,0,0,1048,0,12,735,323,0,12,221,205,0,12,0,12,202,176,0,12,0.0,3.2,26.2,10.0,0.0,1.2,7.9,7.5,0.0,1.2,0.0,1.2,7.2,6.1,0.0,1.2
39,Ohio,OH,39089,Licking County,39089756204,Census Tract 7562.04; Licking County; Ohio,1.752887249818,6304,700,2235,204,2210,207,1028,393,170,196,504,194,400,186,332,281,611,97,1560,265,566,184,126,92,256,150,3167,1129,56,65,0,17,51,61,75,59,0,17,16.3,6.0,4.8,5.2,22.8,8.5,9.9,4.6,5.3,4.6,9.7,2.0,24.7,3.8,9.0,3.0,5.7,4.1,4.4,2.5,50.2,17.0,2.5,2.9,0.0,1.6,2.3,2.8,3.4,2.7,0.0,0.3,0.4002,0.5603,0.5,0.6319,0.4808,2.5732,0.5311,0.1138,0.6956,0.1593,0.5317,0.9388,2.4392,0.5197,0.8263,0.8263,0.8263,0.4413,0.0,0.7698,0.3438,0.0,1.5549,0.2483,7.3936,0.4876,0,0,0,0,0,0,0,0,0,0,1,1,0,0,0,0,0,0,0,0,1,2552,76,54,1348,327,346,242,1063,319,0,17,0,17,410,248,0,17,3.4,2.4,21.4,5.3,5.5,3.9,16.9,5.4,0.0,0.6,0.0,0.6,6.5,4.1,0.0,0.6
39,Ohio,OH,39089,Licking County,39089756500,Census Tract 7565; Licking County; Ohio,15.259759538424,4585,506,1856,216,1738,227,461,270,69,44,364,166,301,123,276,181,768,220,1173,228,649,206,46,47,0,48,663,658,31,23,180,81,36,31,33,45,119,2,10.4,6.0,3.0,1.8,20.9,9.2,9.5,3.6,6.2,4.0,16.8,4.3,25.6,3.7,14.5,4.3,2.6,2.7,0.0,1.1,14.5,14.3,1.6,1.2,9.7,4.3,2.1,1.8,1.9,2.6,2.6,0.3,0.2199,0.3403,0.4314,0.6068,0.5659,2.1643,0.4146,0.4486,0.7429,0.5198,0.2187,0.0,1.93,0.2356,0.4816,0.4816,0.4816,0.3787,0.8724,0.7448,0.2029,0.8012,3.0,0.8289,7.5759,0.5133,0,0,0,0,0,0,0,0,0,0,0,0,0,0,0,0,0,0,0,0,0,3892,50,45,224,180,293,283,44,51,0,12,0,12,102,58,0,12,2.9,2.5,4.9,3.9,6.4,5.8,1.0,1.1,0.0,0.8,0.0,0.8,2.2,1.3,0.0,0.8
39,Ohio,OH,39089,Licking County,39089756801,Census Tract 7568.01; Licking County; Ohio,4.2132307386439996,4325,702,1804,272,1723,290,890,434,84,67,233,160,111,103,393,303,469,192,1083,239,830,392,290,168,46,80,873,1053,268,154,18,32,113,123,237,163,0,12,20.8,9.5,3.8,3.2,13.5,9.0,3.9,3.8,9.1,7.2,10.8,3.7,25.0,5.8,19.2,7.3,16.9,9.3,1.2,2.0,20.2,24.1,14.9,8.2,1.0,1.8,6.6,7.1,13.8,9.5,0.0,0.3,0.5249,0.4524,0.1397,0.2191,0.7782,2.1143,0.4022,0.1538,0.7131,0.7721,0.9267,0.7403,3.306,0.9108,0.5923,0.5923,0.5923,0.7787,0.6295,0.9673,0.8168,0.0,3.1923,0.8771,9.2049,0.7514,0,0,0,0,0,0,0,0,0,1,0,1,0,0,0,0,1,0,0,1,2,2135,102,101,438,345,53,56,127,162,0,12,0,12,255,198,0,12,5.9,5.7,10.1,8.1,1.2,1.3,2.9,3.9,0.0,0.8,0.0,0.8,5.9,4.6,0.0,0.8
39,Ohio,OH,39089,Licking County,39089756802,Census Tract 7568.02; Licking County; Ohio,5.924620517706,1731,197,516,79,475,63,28,31,0,12,38,31,4,6,13,21,188,56,491,97,137,77,0,16,0,48,22,279,0,16,0,12,0,16,0,12,0,12,1.6,1.8,0.0,3.7,8.0,6.4,0.4,0.7,0.8,1.2,10.9,3.3,28.4,4.4,7.9,4.4,0.0,3.4,0.0,2.9,1.3,16.1,0.0,3.1,0.0,6.6,0.0,3.4,0.0,7.1,0.0,0.7,0.0079,0.0,0.0213,0.0149,0.0279,0.072,0.0003,0.1554,0.8678,0.106,0.0,0.0,1.1292,0.0324,0.0143,0.0143,0.0143,0.0,0.0,0.0,0.0,0.0,0.0,0.0,1.2155,0.0003,0,0,0,0,0,0,0,0,0,0,0,0,0,0,0,0,0,0,0,0,0,859,23,27,0,12,0,12,0,12,0,12,0,12,22,18,0,12,4.8,5.5,0.0,2.0,0.0,2.0,0.0,2.0,0.0,2.0,0.0,2.0,1.3,1.1,0.0,2.0
39,Ohio,OH,39089,Licking County,39089756803,Census Tract 7568.03; Licking County; Ohio,2.601297745966,4003,471,1390,122,1366,120,298,194,45,44,228,97,168,90,72,64,822,144,1032,223,376,127,36,46,54,72,476,641,0,16,17,26,14,24,0,12,13,2,7.5,4.8,2.2,2.2,16.7,6.9,5.9,3.2,1.8,1.6,20.5,3.7,25.8,3.4,9.5,3.3,2.6,3.4,1.4,1.9,11.9,16.0,0.0,1.2,1.2,1.9,1.0,1.8,0.0,2.5,0.3,0.0,0.1358,0.2238,0.2581,0.3741,0.1022,1.094,0.1203,0.6909,0.7562,0.1872,0.2187,0.7717,2.6247,0.6378,0.4144,0.4144,0.4144,0.0,0.6451,0.5676,0.0,0.4924,1.7051,0.2978,5.8382,0.2368,0,0,0,0,0,0,0,0,0,0,0,0,0,0,0,0,0,0,0,0,0,1985,44,42,108,103,173,203,127,155,17,25,0,12,51,43,0,12,3.2,3.1,2.7,2.6,4.3,4.8,3.2,3.8,0.4,0.6,0.0,0.9,1.3,1.1,0.0,0.9
39,Ohio,OH,39089,Licking County,39089757100,Census Tract 7571; Licking County; Ohio,16.675426073646,4334,434,1597,124,1461,130,393,167,39,37,223,85,237,101,230,129,709,162,1130,317,564,173,28,23,0,48,190,620,0,16,26,26,13,17,55,38,21,2,9.1,3.8,1.8,1.8,15.3,5.7,8.1,3.4,5.3,2.9,16.4,4.0,26.1,5.3,13.1,4.1,1.9,1.6,0.0,1.2,4.4,14.3,0.0,1.0,1.6,1.7,0.9,1.2,3.8,2.6,0.5,0.1,0.1834,0.1654,0.2003,0.5206,0.4808,1.5505,0.2394,0.4255,0.7736,0.4199,0.1517,0.0,1.7707,0.1679,0.1249,0.1249,0.1249,0.0,0.6749,0.5384,0.38,0.5742,2.1675,0.4879,5.6136,0.2013,0,0,0,0,0,0,0,0,0,0,0,0,0,0,0,0,0,0,0,0,0,2285,48,27,15,20,79,73,28,32,0,12,0,12,40,31,28,35,3.3,1.8,0.3,0.5,1.8,1.7,0.6,0.7,0.0,0.8,0.0,0.8,0.9,0.7,0.6,0.8
39,Ohio,OH,39089,Licking County,39089757401,Census Tract 7574.01; Licking County; Ohio,7.840621190648,5020,654,1928,235,1730,224,318,262,79,70,273,131,185,143,187,130,395,108,1517,296,385,151,61,58,11,68,1089,999,60,88,54,69,0,24,50,49,0,17,6.3,5.2,3.0,2.5,15.8,7.3,5.7,4.4,3.7,2.6,7.9,2.3,30.2,2.9,7.7,3.1,3.5,3.3,0.2,1.5,21.7,19.7,3.2,4.5,2.8,3.5,0.0,1.4,2.9,2.7,0.0,0.3,0.0952,0.3403,0.2206,0.357,0.3021,1.3152,0.1759,0.065,0.9188,0.0981,0.3187,0.4556,1.8562,0.2038,0.6129,0.6129,0.6129,0.4797,0.7263,0.0,0.2962,0.0,1.5022,0.2314,5.2865,0.1686,0,0,0,0,0,0,0,1,0,0,0,1,0,0,0,0,0,0,0,0,1,9809,12,21,90,70,280,220,530,415,0,17,0,17,164,172,25,48,0.7,1.2,1.8,1.4,5.6,4.3,10.6,8.1,0.0,0.7,0.0,0.7,3.3,3.4,0.5,1.0
39,Ohio,OH,39089,Licking County,39089757402,Census Tract 7574.02; Licking County; Ohio,9.510355969338,2898,579,1011,165,955,185,495,365,102,145,77,44,134,96,131,133,523,194,762,278,327,151,23,25,43,72,429,791,0,16,203,101,44,51,5,8,0,12,17.1,12.1,8.2,10.2,8.1,4.3,6.5,4.9,4.6,4.4,18.0,7.0,26.3,7.2,11.5,5.7,2.4,2.6,1.6,2.7,14.8,27.1,0.0,1.6,20.1,10.4,4.6,5.3,0.5,0.9,0.0,0.4,0.4268,0.7806,0.0216,0.4157,0.3996,2.0443,0.381,0.5317,0.7828,0.3158,0.201,0.7971,2.6284,0.6397,0.488,0.488,0.488,0.0,0.9581,0.9251,0.0524,0.0,1.9356,0.3917,7.0963,0.4381,0,0,0,0,0,0,0,0,0,0,0,0,0,0,0,1,1,0,0,2,2,4477,82,93,28,42,0,12,328,317,0,12,0,12,73,91,0,12,8.6,9.4,1.0,1.5,0.0,1.2,11.3,10.3,0.0,1.2,0.0,1.2,2.5,3.3,0.0,1.2
39,Ohio,OH,39089,Licking County,39089757701,Census Tract 7577.01; Licking County; Ohio,3.0854179162979998,3188,308,1081,167,1022,173,90,73,32,33,124,72,0,12,61,51,558,289,442,124,303,119,53,77,28,50,355,435,0,16,0,12,5,16,10,11,891,28,3.9,3.1,2.1,2.1,12.1,6.7,0.0,1.9,1.9,1.6,17.5,8.1,13.9,3.6,9.5,3.6,5.2,7.5,0.9,1.7,11.1,13.6,0.0,1.5,0.0,3.2,0.5,1.6,1.0,1.1,27.9,2.8,0.0419,0.2086,0.1006,0.0,0.1104,0.4615,0.0168,0.4959,0.0992,0.1872,0.4921,0.6855,1.9599,0.2537,0.3909,0.3909,0.3909,0.0,0.0,0.4413,0.1067,0.9822,1.5302,0.2394,4.3425,0.0822,0,0,0,0,0,0,0,0,0,0,0,0,0,0,0,0,0,0,1,1,1,4962,36,57,31,22,78,64,173,47,0,12,0,12,69,68,4,8,3.5,5.6,1.0,0.7,2.4,2.0,5.4,1.6,0.0,1.1,0.0,1.1,2.2,2.1,0.1,0.3
39,Ohio,OH,39089,Licking County,39089757702,Census Tract 7577.02; Licking County; Ohio,13.891987025792,5154,398,1616,152,1544,169,403,345,120,97,325,172,0,17,111,103,825,181,780,131,558,202,0,24,48,92,551,609,178,87,0,17,22,39,147,78,1123,44,10.0,8.5,4.9,3.9,21.0,10.9,0.0,1.2,2.2,2.0,16.0,3.2,15.1,2.3,10.9,3.9,0.0,1.6,1.0,1.9,10.7,11.8,11.0,5.3,0.0,2.1,1.4,2.5,9.5,5.1,21.8,1.9,0.205,0.5711,0.4365,0.0,0.1396,1.3522,0.1844,0.3989,0.1316,0.2752,0.0,0.707,1.5127,0.0937,0.3786,0.3786,0.3786,0.7089,0.0,0.6384,0.7013,0.9781,3.0267,0.8403,6.2702,0.3022,0,0,0,0,0,0,0,0,0,0,0,0,0,0,0,0,0,0,1,1,1,6426,178,96,26,35,84,69,231,92,0,17,0,17,203,151,7,14,11.5,6.3,0.5,0.7,1.6,1.3,4.5,1.9,0.0,0.7,0.0,0.7,3.9,3.0,0.1,0.3
39,Ohio,OH,39089,Licking County,39089758300,Census Tract 7583; Licking County; Ohio,4.3183964292,2517,24,1518,155,1159,107,553,227,24,31,297,97,382,146,233,128,536,156,295,122,871,185,81,60,0,48,149,122,23,26,440,152,26,32,82,52,0,12,22.0,9.0,1.7,2.3,25.6,8.0,18.3,7.1,9.3,5.1,21.3,6.2,11.7,4.8,34.6,7.3,7.0,5.1,0.0,1.9,5.9,4.8,1.5,1.7,29.0,9.1,2.2,2.8,7.1,4.7,0.0,0.5,0.5576,0.1492,0.6032,0.8859,0.7871,2.983,0.6549,0.7251,0.0596,0.9921,0.62,0.0,2.3968,0.4956,0.1883,0.1883,0.1883,0.3717,0.9835,0.7575,0.6048,0.0,2.7175,0.7257,8.2856,0.6292,0,0,0,0,0,0,0,0,1,0,0,1,0,0,0,1,0,0,0,1,2,1329,91,61,0,12,69,91,0,12,4,8,0,12,76,69,0,12,7.9,5.5,0.0,1.4,2.7,3.6,0.0,1.4,0.2,0.3,0.0,1.4,3.0,2.7,0.0,1.4
39,Ohio,OH,39089,Licking County,39089758601,Census Tract 7586.01; Licking County; Ohio,35.847598490984,3302,579,1213,208,1099,224,664,332,63,84,212,113,164,161,237,168,348,171,788,202,489,230,11,22,0,48,64,820,0,16,51,52,0,16,18,28,9,3,20.1,9.4,4.0,5.3,19.3,9.5,7.8,7.5,7.2,5.2,10.5,5.1,23.9,4.0,14.8,7.0,1.0,2.0,0.0,1.6,1.9,24.8,0.0,1.3,4.2,4.3,0.0,1.5,1.6,2.6,0.3,0.1,0.5087,0.4756,0.367,0.5003,0.6557,2.5073,0.5127,0.1424,0.6516,0.536,0.0759,0.0,1.4059,0.0686,0.0317,0.0317,0.0317,0.0,0.7673,0.0,0.1724,0.4924,1.4321,0.2098,5.377,0.1762,0,0,0,0,0,0,0,0,0,0,0,0,0,0,0,0,0,0,0,0,0,833,137,85,0,12,1,3,0,12,0,12,14,22,49,38,0,12,12.5,7.5,0.0,1.1,0.0,0.1,0.0,1.1,0.0,1.1,0.4,0.7,1.5,1.2,0.0,1.1
39,Ohio,OH,39089,Licking County,39089758602,Census Tract 7586.02; Licking County; Ohio,27.760563529018,3938,568,1763,286,1573,252,159,106,81,77,217,115,289,157,269,201,1061,212,745,169,576,220,24,27,44,73,266,815,67,76,152,120,13,23,23,36,0,12,4.0,2.6,3.9,3.7,13.8,7.0,10.0,5.4,6.9,4.9,26.9,4.1,18.9,2.9,14.7,5.0,1.5,1.7,1.2,1.9,6.8,20.7,3.8,4.3,8.6,6.5,0.8,1.5,1.5,2.3,0.0,0.3,0.0444,0.4644,0.1489,0.6389,0.6274,1.924,0.3419,0.9169,0.3107,0.5287,0.1156,0.7403,2.6122,0.6289,0.2264,0.2264,0.2264,0.5067,0.8549,0.5117,0.1597,0.0,2.033,0.4324,6.7956,0.3937,0,0,0,0,0,0,1,0,0,0,0,1,0,0,0,0,0,0,0,0,1,3766,125,79,48,63,9,17,161,195,0,12,0,12,48,35,0,12,7.9,4.9,1.2,1.6,0.2,0.4,4.1,4.8,0.0,0.9,0.0,0.9,1.2,0.9,0.0,0.9
39,Ohio,OH,39089,Licking County,39089758901,Census Tract 7589.01; Licking County; Ohio,12.240772787838,2797,344,1034,123,1005,122,350,139,31,25,230,85,170,84,62,36,449,103,697,147,449,180,71,41,0,48,110,463,0,16,27,13,33,30,54,55,0,12,12.6,4.8,2.1,1.8,22.9,8.0,9.2,4.3,2.2,1.3,16.1,3.4,24.9,4.4,16.1,5.8,7.1,4.0,0.0,1.8,3.9,16.5,0.0,1.5,2.6,1.3,3.3,3.0,5.4,5.4,0.0,0.4,0.2897,0.2086,0.5041,0.5875,0.1396,1.7295,0.2876,0.4071,0.7061,0.6087,0.626,0.0,2.3479,0.4619,0.1008,0.1008,0.1008,0.0,0.7197,0.8651,0.4994,0.0,2.0842,0.4514,6.2624,0.3016,0,0,0,0,0,0,0,0,0,0,0,0,0,0,0,0,0,0,0,0,0,3563,73,45,21,24,10,12,0,12,0,12,0,12,72,69,7,11,7.3,4.7,0.8,0.9,0.4,0.5,0.0,1.2,0.0,1.2,0.0,1.2,2.6,2.3,0.3,0.4
39,Ohio,OH,39089,Licking County,39089758902,Census Tract 7589.02; Licking County; Ohio,49.603111201142,2876,370,1201,139,1096,135,189,130,29,33,132,88,108,71,164,124,446,139,565,140,268,114,3,12,0,48,19,516,0,16,97,63,11,23,44,54,0,12,6.7,4.5,1.8,2.0,12.0,7.9,5.2,3.4,5.7,4.3,15.5,5.3,19.6,3.5,9.3,4.5,0.3,1.1,0.0,1.8,0.7,17.9,0.0,1.3,8.1,5.1,1.0,2.1,4.0,4.9,0.0,0.4,0.1092,0.1654,0.0965,0.3148,0.5176,1.2035,0.1479,0.371,0.3602,0.1755,0.041,0.0,0.9477,0.02,0.0044,0.0044,0.0044,0.0,0.8467,0.5676,0.3981,0.0,1.8124,0.3413,3.968,0.0514,0,0,0,0,0,0,0,0,0,0,0,0,0,0,0,0,0,0,0,0,0,905,57,60,0,12,2,5,0,12,0,12,0,12,17,25,0,12,5.2,5.1,0.0,1.2,0.1,0.2,0.0,1.2,0.0,1.2,0.0,1.2,0.6,0.8,0.0,1.2
39,Ohio,OH,39089,Licking County,39089759000,Census Tract 7590; Licking County; Ohio,1.336389369868,3390,519,1710,208,1553,234,1801,352,191,138,624,215,506,139,386,240,490,180,594,193,1062,299,112,92,3,47,501,684,223,111,11,17,51,73,355,180,55,6,53.4,6.4,13.1,7.6,40.2,12.4,20.0,4.8,11.4,7.2,14.5,5.0,17.5,4.6,31.5,7.7,7.2,5.8,0.1,1.4,14.8,20.0,13.1,6.3,0.6,1.0,3.3,4.7,22.9,9.7,1.6,0.3,0.9264,0.9089,0.8978,0.9096,0.8721,4.5148,0.9765,0.3155,0.2305,0.9844,0.6337,0.4245,2.5886,0.6149,0.488,0.488,0.488,0.7505,0.5876,0.8651,0.9267,0.727,3.8569,0.9829,11.4483,0.9584,1,1,0,1,0,3,0,0,1,0,0,1,0,0,0,0,0,1,0,1,5,7353,284,133,230,159,37,43,57,105,2,4,0,12,175,132,0,12,18.3,8.3,6.8,4.5,1.1,1.3,1.7,3.0,0.1,0.1,0.0,1.0,5.2,3.8,0.0,1.0
39,Ohio,OH,39089,Licking County,39089759101,Census Tract 7591.01; Licking County; Ohio,27.258240193794,4445,512,2139,237,1841,209,767,199,125,80,360,97,251,112,277,196,853,162,871,205,787,167,125,57,3,46,371,701,49,36,237,98,2,13,51,35,0,12,17.4,4.0,5.2,3.3,19.6,4.8,7.8,3.3,6.2,4.1,19.2,3.5,19.6,3.5,17.7,3.3,6.8,3.0,0.1,1.1,8.3,15.7,2.3,1.7,11.1,4.4,0.1,0.7,2.8,1.9,0.0,0.3,0.437,0.5971,0.3781,0.5003,0.5659,2.4784,0.5019,0.6129,0.3602,0.6995,0.6051,0.4245,2.7022,0.6819,0.2933,0.2933,0.2933,0.426,0.8892,0.3819,0.2848,0.0,1.9819,0.4098,7.4558,0.4965,0,0,0,0,0,0,0,0,0,0,0,0,0,0,0,0,0,0,0,0,0,9022,155,98,90,100,136,96,9,18,0,12,0,12,73,54,63,92,8.4,4.9,2.0,2.2,3.1,2.1,0.2,0.4,0.0,0.8,0.0,0.8,1.6,1.2,1.4,2.0
39,Ohio,OH,39089,Licking County,39089759102,Census Tract 7591.02; Licking County; Ohio,13.680089614968,3121,504,1125,176,1018,181,307,256,8,14,158,84,21,21,184,234,415,115,959,194,454,177,18,30,49,93,203,743,46,38,9,15,0,16,54,36,23,2,9.9,8.1,0.5,1.0,15.5,7.8,1.1,1.1,5.9,7.7,13.3,3.5,30.7,5.2,14.7,5.4,1.8,2.9,1.6,3.1,6.5,23.8,4.1,3.3,0.8,1.4,0.0,1.6,5.3,3.5,0.7,0.1,0.2025,0.033,0.2083,0.0384,0.537,1.0192,0.1035,0.2505,0.9321,0.5287,0.1419,0.7971,2.6503,0.6537,0.215,0.215,0.215,0.5219,0.6095,0.0,0.4917,0.6243,2.2474,0.5225,6.1319,0.279,0,0,0,0,0,0,0,1,0,0,0,1,0,0,0,0,0,0,0,0,1,1853,65,52,5,12,18,28,180,249,0,12,0,12,0,12,0,12,6.4,5.1,0.2,0.4,0.6,0.9,5.8,8.0,0.0,1.1,0.0,1.1,0.0,1.1,0.0,1.1
39,Ohio,OH,39091,Logan County,39091003800,Census Tract 38; Logan County; Ohio,89.56145351589,4026,657,1526,152,1421,161,448,161,73,40,154,44,166,65,162,93,516,123,1036,251,332,85,60,46,1,46,246,899,0,16,80,40,25,21,4,4,0,12,11.2,3.6,3.4,1.7,10.8,2.8,6.4,2.4,4.0,2.2,12.8,3.4,25.7,3.5,8.3,2.1,4.2,3.2,0.0,1.2,6.1,22.3,0.0,1.0,5.2,2.6,1.8,1.5,0.3,0.3,0.0,0.3,0.2475,0.3975,0.0641,0.4112,0.3377,1.458,0.2133,0.228,0.7511,0.1257,0.394,0.0,1.4988,0.0908,0.1972,0.1972,0.1972,0.0,0.7895,0.7079,0.0438,0.0,1.5412,0.2432,4.6952,0.1124,0,0,0,0,0,0,0,0,0,0,0,0,0,0,0,0,0,0,0,0,0,3468,113,46,11,12,12,15,19,20,3,5,0,12,201,137,0,12,8.0,3.0,0.3,0.3,0.3,0.4,0.5,0.5,0.1,0.1,0.0,0.9,5.0,3.1,0.0,0.9
39,Ohio,OH,39091,Logan County,39091003900,Census Tract 39; Logan County; Ohio,65.225729399166,4077,317,1725,154,1558,158,566,163,58,37,176,62,201,95,169,87,742,100,770,136,417,98,24,15,9,50,146,444,6,15,123,64,2,12,36,23,117,4,14.3,3.9,2.7,1.7,11.3,3.8,7.0,3.1,4.3,2.1,18.2,2.3,18.9,2.7,10.5,2.5,1.5,1.0,0.2,1.3,3.6,10.9,0.3,0.9,7.1,3.7,0.1,0.8,2.3,1.4,2.9,0.2,0.3393,0.2968,0.0771,0.4486,0.3659,1.5277,0.2311,0.5466,0.3107,0.2453,0.1156,0.4556,1.6738,0.134,0.0885,0.0885,0.0885,0.2683,0.8298,0.3819,0.2429,0.8224,2.5453,0.6549,5.8353,0.2365,0,0,0,0,0,0,0,0,0,0,0,0,0,0,0,0,0,0,0,0,0,2001,162,49,2,6,74,54,36,33,0,12,0,12,34,27,0,12,10.4,3.1,0.0,0.1,1.8,1.3,0.9,0.8,0.0,0.9,0.0,0.9,0.8,0.6,0.0,0.9
39,Ohio,OH,39091,Logan County,39091004000,Census Tract 40; Logan County; Ohio,7.016485699444,2995,341,2699,232,1379,151,601,311,7,11,144,65,164,81,54,36,1030,236,413,164,453,128,48,47,0,48,92,486,38,50,470,161,7,16,48,42,0,12,20.1,10.1,0.5,0.8,10.4,4.6,6.7,3.3,1.8,1.2,34.4,7.3,13.8,4.6,15.1,4.1,3.5,3.4,0.0,1.6,3.1,16.2,1.4,1.8,17.4,5.6,0.5,1.2,3.5,3.0,0.0,0.4,0.5087,0.033,0.0559,0.4293,0.1022,1.1291,0.1289,0.9838,0.0964,0.5528,0.3187,0.0,1.9517,0.2483,0.0685,0.0685,0.0685,0.3663,0.9435,0.4413,0.3537,0.0,2.1048,0.4629,5.2541,0.1648,0,0,0,0,0,0,1,0,0,0,0,1,0,0,0,1,0,0,0,1,2,894,131,62,0,12,44,54,0,12,0,12,0,12,48,29,0,12,9.5,4.6,0.0,1.2,1.5,1.8,0.0,1.2,0.0,1.2,0.0,1.2,1.6,1.0,0.0,1.2
39,Ohio,OH,39091,Logan County,39091004100,Census Tract 41; Logan County; Ohio,6.277015813106,2663,245,2249,188,1302,170,683,173,125,86,327,122,145,63,173,82,692,156,436,108,642,128,112,60,0,48,86,352,0,16,749,205,22,28,20,20,4,2,25.7,6.1,10.1,6.8,25.1,8.8,7.1,3.1,6.5,3.0,26.0,5.7,16.4,3.9,24.1,4.4,8.6,4.5,0.0,1.9,3.2,13.2,0.0,0.7,33.3,8.0,1.7,2.1,1.5,1.5,0.2,0.1,0.6373,0.8448,0.5841,0.4569,0.5947,3.1178,0.6927,0.8976,0.1763,0.9169,0.7156,0.0,2.7064,0.6857,0.0751,0.0751,0.0751,0.0,0.9914,0.6917,0.1597,0.4356,2.2784,0.54,8.1777,0.6143,0,0,0,0,0,0,0,0,1,0,0,1,0,0,0,1,0,0,0,1,2,1339,218,87,2,4,63,59,0,12,0,12,0,12,14,19,7,11,16.7,5.9,0.1,0.1,2.4,2.2,0.0,1.3,0.0,1.3,0.0,1.3,0.5,0.7,0.3,0.4
39,Ohio,OH,39091,Logan County,39091004200,Census Tract 42; Logan County; Ohio,2.886769981706,1827,258,1518,179,928,143,694,158,70,37,286,78,177,62,151,92,408,103,416,140,324,89,86,38,0,48,230,348,77,30,243,70,10,11,57,33,0,12,38.1,6.8,8.5,4.4,30.8,6.9,13.2,4.5,8.3,5.0,22.3,5.6,22.8,5.8,17.7,4.6,9.3,3.8,0.0,2.8,12.6,19.0,5.1,1.9,16.0,4.4,1.0,1.2,6.1,3.5,0.0,0.7,0.8147,0.7943,0.7448,0.7644,0.7363,3.8545,0.8584,0.7613,0.5761,0.6995,0.7495,0.0,2.7864,0.726,0.4337,0.4337,0.4337,0.5613,0.9352,0.5676,0.5479,0.0,2.612,0.6825,9.6866,0.814,0,0,0,0,0,0,0,0,0,0,0,0,0,0,0,1,0,0,0,1,1,1066,155,72,66,77,62,54,2,4,0,12,12,16,77,54,11,14,16.7,6.6,3.6,4.0,3.4,2.9,0.1,0.2,0.0,1.9,0.7,0.8,4.2,2.8,0.6,0.7
39,Ohio,OH,39091,Logan County,39091004300,Census Tract 43; Logan County; Ohio,120.226736522492,5724,745,2636,237,2218,229,779,248,74,63,256,104,194,96,362,245,880,191,1479,358,546,146,139,85,2,66,280,1036,7,18,414,157,141,130,154,126,37,3,13.7,4.0,2.9,2.3,11.5,4.5,5.0,2.6,6.4,4.2,15.4,3.2,25.8,3.7,9.6,2.9,6.3,3.8,0.0,1.2,4.9,18.1,0.3,0.7,15.7,5.8,6.3,5.8,6.9,5.7,0.6,0.1,0.3247,0.327,0.0844,0.3041,0.5849,1.6251,0.261,0.3643,0.7562,0.1933,0.5714,0.0,1.8852,0.2156,0.1474,0.1474,0.1474,0.2683,0.9327,0.9644,0.5924,0.6059,3.3637,0.9127,7.0214,0.4276,0,0,0,0,0,0,0,0,0,0,0,0,0,0,0,1,1,0,0,2,2,5827,249,159,5,14,83,70,3,8,0,17,0,17,189,137,0,17,11.2,7.1,0.1,0.2,1.5,1.2,0.1,0.1,0.0,0.6,0.0,0.6,3.3,2.3,0.0,0.6
39,Ohio,OH,39091,Logan County,39091004400,Census Tract 44; Logan County; Ohio,9.404387958826,5360,771,2584,292,2260,284,2055,707,102,102,628,243,298,188,426,231,731,205,1472,436,942,256,179,111,0,68,376,1097,302,164,237,101,61,93,227,141,113,18,39.0,12.1,4.0,4.0,27.8,10.2,9.3,5.6,8.1,4.6,13.6,3.9,27.5,5.6,17.9,4.6,7.9,4.8,0.0,1.4,7.0,20.4,11.6,6.2,9.2,4.0,2.7,4.1,10.0,6.2,2.1,0.1,0.8255,0.4756,0.6733,0.5951,0.7226,3.2921,0.7356,0.2695,0.837,0.708,0.6813,0.0,2.4958,0.5559,0.234,0.234,0.234,0.7216,0.8654,0.814,0.7203,0.7644,3.8857,0.9844,9.9076,0.8375,0,0,0,0,0,0,0,0,0,0,0,0,0,0,0,0,0,0,0,0,0,6203,378,175,14,34,45,51,85,78,0,17,0,17,232,176,0,17,16.7,7.9,0.3,0.6,0.8,0.9,1.6,1.4,0.0,0.6,0.0,0.6,4.3,3.3,0.0,0.6
39,Ohio,OH,39091,Logan County,39091004500,Census Tract 45; Logan County; Ohio,1.298425504616,4167,545,2058,224,1868,225,1252,538,69,56,484,175,330,179,145,75,458,108,1063,224,667,174,179,99,28,60,678,775,53,50,0,12,0,16,226,133,18,6,30.2,12.4,2.9,2.3,25.9,8.8,11.6,5.6,3.5,1.8,11.0,2.5,25.5,3.5,16.0,3.5,9.6,5.2,0.7,1.5,16.3,18.5,2.6,2.4,0.0,1.7,0.0,0.9,12.1,6.9,0.4,0.1,0.715,0.327,0.6111,0.707,0.2856,2.6457,0.5543,0.1588,0.7378,0.6039,0.7654,0.6367,2.9026,0.7771,0.5209,0.5209,0.5209,0.446,0.0,0.0,0.7806,0.5374,1.764,0.3238,7.8332,0.5549,0,0,0,0,0,0,0,0,0,0,0,0,0,0,0,0,0,0,0,0,0,5670,205,109,225,145,134,126,0,12,26,34,0,12,280,195,13,19,11.0,5.7,5.4,3.4,3.2,3.0,0.0,0.8,0.6,0.8,0.0,0.8,6.7,4.7,0.3,0.4
39,Ohio,OH,39091,Logan County,39091004600,Census Tract 46; Logan County; Ohio,7.390298458886,5570,617,2525,252,2386,256,1357,523,64,53,360,140,214,101,225,145,1370,393,1326,277,910,225,337,176,22,72,826,862,105,138,11,19,95,137,171,129,4,2,24.4,9.0,2.8,2.3,15.1,5.6,5.4,2.5,4.0,2.7,24.6,6.5,23.8,3.9,16.3,3.8,14.1,7.2,0.4,1.4,14.8,15.4,4.1,5.5,0.4,0.7,4.0,5.7,7.2,5.4,0.1,0.0,0.6116,0.3133,0.1949,0.3339,0.3377,1.7914,0.3057,0.8519,0.6439,0.6223,0.8835,0.5412,3.5428,0.9562,0.488,0.488,0.488,0.5219,0.5625,0.8952,0.6111,0.3694,2.9601,0.8162,8.7823,0.699,0,0,0,0,0,0,0,0,0,0,0,0,0,0,0,0,0,0,0,0,0,5181,191,101,318,146,242,165,66,79,20,32,0,17,180,141,0,17,8.0,4.4,5.7,2.6,4.3,2.9,1.2,1.4,0.4,0.6,0.0,0.6,3.2,2.6,0.0,0.6
39,Ohio,OH,39091,Logan County,39091004700,Census Tract 47; Logan County; Ohio,101.865731974586,5511,616,2294,240,2133,232,395,259,94,105,385,176,267,150,370,189,944,233,1249,282,426,143,6,8,0,68,418,884,0,24,110,41,27,32,15,17,0,17,7.2,4.6,3.2,3.4,18.0,8.0,6.9,3.6,6.7,3.2,17.1,4.5,22.7,3.7,7.7,2.7,0.3,0.4,0.0,1.3,7.6,16.0,0.0,1.0,4.8,1.8,1.3,1.5,0.7,0.8,0.0,0.3,0.125,0.3711,0.3114,0.4423,0.6109,1.8607,0.3244,0.4677,0.5669,0.0981,0.041,0.0,1.1737,0.0375,0.2609,0.2609,0.2609,0.0,0.7797,0.6181,0.0762,0.0,1.474,0.2219,4.7693,0.1203,0,0,0,0,0,0,0,0,0,0,0,0,0,0,0,0,0,0,0,0,0,8030,212,105,93,93,54,61,89,82,0,17,8,16,132,81,42,54,9.9,4.9,1.7,1.7,1.0,1.1,1.6,1.4,0.0,0.6,0.1,0.3,2.4,1.5,0.8,1.0
39,Ohio,OH,39091,Logan County,39091004800,Census Tract 48; Logan County; Ohio,47.351792138158,4178,551,1897,233,1715,219,634,188,48,32,255,78,87,37,102,58,854,115,874,221,522,139,63,41,3,47,138,763,98,37,24,21,26,22,71,38,150,10,15.8,4.1,2.3,1.5,14.9,4.1,2.9,1.3,2.5,1.4,20.4,2.8,20.9,3.2,12.9,3.4,3.7,2.3,0.1,1.2,3.3,18.3,5.1,1.8,1.3,1.1,1.5,1.3,4.1,2.2,3.6,0.5,0.385,0.2384,0.1857,0.1433,0.1692,1.1216,0.127,0.6855,0.4426,0.4059,0.34,0.4245,2.2985,0.4346,0.0793,0.0793,0.0793,0.5613,0.6505,0.6606,0.4063,0.8545,3.1332,0.8651,6.6326,0.3654,0,0,0,0,0,0,0,0,0,0,0,0,0,0,0,0,0,0,0,0,0,2422,234,79,5,6,102,73,0,12,0,12,0,12,31,30,0,12,13.6,4.3,0.1,0.1,2.4,1.7,0.0,0.8,0.0,0.8,0.0,0.8,0.7,0.7,0.0,0.8
39,Ohio,OH,39093,Lorain County,39093010200,Census Tract 102; Lorain County; Ohio,1.67486607427,4384,538,1809,195,1686,185,167,109,14,18,206,81,46,31,49,45,900,139,1122,264,310,112,49,35,9,48,219,744,0,16,0,12,0,16,44,54,0,12,3.8,2.4,0.6,0.7,12.2,4.6,1.5,1.0,1.1,1.0,20.5,3.0,25.6,3.6,7.1,2.3,2.9,2.1,0.2,1.1,5.0,17.0,0.0,0.9,0.0,1.9,0.0,0.9,2.6,3.0,0.0,0.3,0.0413,0.0422,0.1032,0.058,0.0451,0.2898,0.006,0.6909,0.7429,0.0758,0.2473,0.4556,2.2125,0.3819,0.1522,0.1522,0.1522,0.0,0.0,0.0,0.267,0.0,0.267,0.0206,2.9215,0.0105,0,0,0,0,0,0,0,0,0,0,0,0,0,0,0,0,0,0,0,0,0,3969,117,72,21,27,61,73,0,12,4,7,0,12,109,107,24,40,6.9,4.0,0.5,0.6,1.4,1.7,0.0,0.8,0.1,0.2,0.0,0.8,2.5,2.3,0.5,0.9
39,Ohio,OH,39093,Lorain County,39093010300,Census Tract 103; Lorain County; Ohio,1.74512698572,5402,450,2453,222,2344,239,427,179,63,62,624,188,153,80,208,138,1206,170,1251,183,533,177,67,65,114,105,648,664,251,113,0,17,0,24,153,104,112,4,8.1,3.3,2.4,2.3,26.6,7.5,3.8,1.9,3.9,2.6,22.3,3.6,23.2,2.5,10.1,3.4,2.9,2.8,2.3,2.1,12.0,12.3,10.2,4.5,0.0,1.4,0.0,1.0,6.5,4.4,2.1,0.2,0.1495,0.2514,0.6397,0.2102,0.3224,1.5732,0.2457,0.7613,0.6005,0.2222,0.2473,0.8548,2.6861,0.6717,0.4169,0.4169,0.4169,0.6959,0.0,0.0,0.5695,0.7644,2.0298,0.4292,6.706,0.3794,0,0,0,0,0,0,0,0,0,0,0,0,0,0,0,0,0,0,0,0,0,4620,157,112,94,113,144,168,157,160,0,17,0,17,253,207,0,17,6.7,4.8,1.7,2.1,2.7,3.1,2.9,3.0,0.0,0.6,0.0,0.6,4.7,3.7,0.0,0.6
39,Ohio,OH,39093,Lorain County,39093010400,Census Tract 104; Lorain County; Ohio,3.317006529122,4217,435,2200,206,2122,211,801,369,90,67,447,144,121,63,132,82,839,140,731,165,369,122,73,51,78,79,588,574,805,142,0,12,8,16,64,57,10,9,19.0,8.5,3.6,2.7,21.1,6.5,3.9,2.1,3.1,2.0,19.9,3.1,17.3,2.8,8.8,2.9,3.4,2.4,1.9,1.9,13.9,13.5,36.6,5.5,0.0,1.6,0.4,0.8,3.0,2.7,0.2,0.2,0.484,0.4308,0.4403,0.2191,0.2371,1.8113,0.3102,0.6569,0.2194,0.1526,0.3089,0.8275,2.1653,0.3581,0.468,0.468,0.468,0.9457,0.0,0.4206,0.3051,0.4356,2.107,0.4648,6.5516,0.3517,0,0,0,0,0,0,0,0,0,0,0,0,0,0,1,0,0,0,0,1,1,6685,307,137,22,27,69,58,394,269,0,12,0,12,71,71,32,55,14.5,6.1,0.5,0.7,1.6,1.4,9.3,6.0,0.0,0.8,0.0,0.8,1.7,1.7,0.8,1.3
39,Ohio,OH,39093,Lorain County,39093013101,Census Tract 131.01; Lorain County; Ohio,6.478567234738,4825,531,2217,196,1897,214,154,78,15,25,293,126,105,96,17,27,1093,184,1366,293,557,180,70,62,42,93,358,790,304,139,18,35,0,16,93,59,99,4,3.3,1.6,0.7,1.1,15.4,6.4,3.2,2.9,0.4,0.6,22.7,4.1,28.3,4.1,11.8,3.8,3.7,3.2,0.9,2.0,7.4,16.4,13.7,6.2,0.8,1.6,0.0,0.8,4.9,3.0,2.1,0.2,0.0301,0.0502,0.2051,0.1671,0.0114,0.4639,0.0175,0.7819,0.8646,0.3351,0.34,0.6855,3.0071,0.8263,0.2521,0.2521,0.2521,0.76,0.6095,0.0,0.4625,0.7644,2.5964,0.6756,6.3195,0.3089,0,0,0,0,0,0,0,0,0,0,0,0,0,0,0,0,0,0,0,0,0,13538,91,55,7,21,28,39,200,190,0,12,0,12,123,102,0,12,4.8,2.9,0.1,0.4,0.6,0.8,4.1,4.0,0.0,0.7,0.0,0.7,2.5,2.1,0.0,0.7
39,Ohio,OH,39093,Lorain County,39093013102,Census Tract 131.02; Lorain County; Ohio,4.097432571212,5254,631,1840,215,1840,215,214,180,53,46,233,99,42,36,67,42,858,173,1409,309,230,96,61,49,21,70,414,863,0,24,0,17,0,24,9,16,12,3,4.1,3.4,1.8,1.6,12.7,5.2,1.2,1.0,1.3,0.8,16.3,3.6,26.8,3.7,4.4,1.8,3.3,2.6,0.4,1.4,7.9,16.4,0.0,1.3,0.0,1.9,0.0,1.3,0.5,0.9,0.2,0.1,0.0463,0.1654,0.1178,0.0425,0.0593,0.4313,0.014,0.4195,0.805,0.0152,0.2943,0.5412,2.0752,0.3105,0.2771,0.2771,0.2771,0.0,0.0,0.0,0.0524,0.4356,0.488,0.034,3.2716,0.0178,0,0,0,0,0,0,0,0,0,0,0,0,0,0,0,0,0,0,0,0,0,2181,61,80,17,26,127,122,132,114,0,17,0,17,78,64,60,84,3.3,4.3,0.3,0.5,2.4,2.3,2.5,2.0,0.0,0.7,0.0,0.7,1.5,1.2,1.1,1.5
39,Ohio,OH,39093,Lorain County,39093013201,Census Tract 132.01; Lorain County; Ohio,5.847749540016,8747,799,3102,305,2981,332,112,102,135,118,304,251,87,88,94,132,1284,480,2673,364,431,314,126,116,0,68,1533,1255,0,24,0,17,0,24,48,62,8,4,1.3,1.2,3.0,2.5,10.2,8.3,1.6,1.6,1.1,1.5,14.7,5.2,30.6,3.6,4.9,3.6,4.2,3.9,0.0,0.8,17.5,14.3,0.0,0.8,0.0,1.1,0.0,0.8,1.6,2.1,0.1,0.0,0.0063,0.3403,0.0527,0.0647,0.0451,0.5091,0.0229,0.3282,0.9287,0.0251,0.394,0.0,1.676,0.1352,0.5469,0.5469,0.5469,0.0,0.0,0.0,0.1724,0.3694,0.5418,0.0416,3.2738,0.0187,0,0,0,0,0,0,0,1,0,0,0,1,0,0,0,0,0,0,0,0,1,7003,55,66,650,645,474,374,332,296,42,66,0,17,35,61,0,17,1.8,2.2,7.4,7.2,5.4,4.3,3.8,3.5,0.5,0.8,0.0,0.4,0.4,0.7,0.0,0.4
39,Ohio,OH,39093,Lorain County,39093013202,Census Tract 132.02; Lorain County; Ohio,4.363786194218,5996,519,2434,325,2411,328,941,409,232,204,646,295,65,67,45,64,783,184,1493,260,621,302,314,141,0,68,1067,759,0,24,0,17,0,24,197,144,161,6,16.1,6.9,6.8,5.6,26.8,11.7,1.7,1.7,0.8,1.1,13.1,3.0,24.9,4.1,10.6,5.1,13.0,5.6,0.0,1.2,17.8,12.6,0.0,1.0,0.0,1.4,0.0,1.0,8.2,6.1,2.7,0.3,0.3929,0.7079,0.6463,0.0694,0.0279,1.8444,0.3197,0.2413,0.7061,0.2542,0.8619,0.0,2.0635,0.3029,0.5539,0.5539,0.5539,0.0,0.0,0.0,0.6552,0.8085,1.4637,0.219,5.9255,0.2492,0,0,0,0,0,0,0,0,0,0,0,0,0,0,0,0,0,0,0,0,0,6687,281,183,392,321,338,249,141,209,0,17,0,17,187,147,9,21,11.7,7.1,6.5,5.3,5.6,4.1,2.4,3.4,0.0,0.6,0.0,0.6,3.1,2.5,0.2,0.3
39,Ohio,OH,39093,Lorain County,39093021100,Census Tract 211; Lorain County; Ohio,1.109061392614,3389,400,1787,250,1620,229,640,220,70,48,297,101,108,67,158,95,565,114,540,152,505,137,113,69,0,48,561,516,566,219,27,42,11,22,112,75,0,12,18.9,6.1,3.5,2.5,18.3,5.7,4.1,2.6,4.7,2.9,16.7,3.9,15.9,4.3,14.9,4.0,6.9,4.1,0.0,1.5,16.6,15.1,31.7,11.4,1.5,2.4,0.7,1.4,6.9,4.6,0.0,0.4,0.4805,0.4156,0.3248,0.2359,0.4135,1.8703,0.3263,0.4439,0.1588,0.5408,0.613,0.0,1.7565,0.1625,0.5254,0.5254,0.5254,0.926,0.6667,0.4873,0.5924,0.0,2.6724,0.7083,6.8246,0.4013,0,0,0,0,0,0,0,0,0,0,0,0,0,0,1,0,0,0,0,1,1,1457,199,187,11,14,338,227,0,12,0,12,0,12,204,180,8,13,12.3,10.7,0.3,0.4,10.0,6.4,0.0,1.0,0.0,1.0,0.0,1.0,6.0,4.9,0.2,0.4
39,Ohio,OH,39093,Lorain County,39093021200,Census Tract 212; Lorain County; Ohio,1.383324701192,5569,401,2733,285,2527,304,958,315,91,86,566,258,164,96,214,130,1215,398,1052,168,781,348,134,95,18,67,482,608,37,47,76,80,14,27,64,54,0,17,17.3,5.6,3.0,2.9,22.4,9.8,3.9,2.3,3.8,2.3,21.8,6.7,18.9,2.9,14.0,6.1,5.3,3.7,0.3,1.2,8.7,10.9,1.4,1.7,2.8,3.0,0.6,1.1,2.5,2.1,0.0,0.3,0.4338,0.3403,0.486,0.2191,0.3113,1.7905,0.3054,0.7445,0.3107,0.4811,0.5022,0.4968,2.5353,0.5816,0.3085,0.3085,0.3085,0.3663,0.7263,0.4632,0.2587,0.0,1.8145,0.3422,6.4488,0.3337,0,0,0,0,0,0,0,0,0,0,0,0,0,0,0,0,0,0,0,0,0,2184,283,141,125,136,321,201,0,17,0,17,0,17,10,17,26,30,11.2,5.6,2.2,2.4,5.8,3.6,0.0,0.6,0.0,0.6,0.0,0.6,0.2,0.3,0.5,0.5
39,Ohio,OH,39093,Lorain County,39093022100,Census Tract 221; Lorain County; Ohio,0.403691262712,1905,303,877,98,823,85,379,268,19,17,267,99,77,52,62,36,355,86,462,210,354,127,47,39,0,48,349,444,38,25,7,10,17,25,11,15,1,2,19.9,13.7,2.1,1.8,32.4,11.6,5.9,3.9,3.3,2.0,18.6,5.2,24.3,7.9,18.6,5.2,5.7,4.7,0.0,2.8,18.3,23.1,4.3,2.8,0.8,1.2,2.1,3.0,1.3,1.8,0.1,0.1,0.5043,0.2086,0.78,0.3741,0.2634,2.1304,0.4057,0.5767,0.6734,0.7407,0.5317,0.0,2.5225,0.5714,0.5631,0.5631,0.5631,0.5314,0.6095,0.7448,0.1349,0.3694,2.39,0.5889,7.606,0.5178,0,0,0,0,0,0,0,0,0,0,0,0,0,0,0,0,0,0,0,0,0,577,130,70,108,115,148,123,5,8,16,24,0,12,60,46,12,19,15.8,8.1,5.7,6.1,7.8,6.1,0.3,0.4,0.8,1.3,0.0,1.8,3.1,2.4,0.6,1.0
39,Ohio,OH,39093,Lorain County,39093022200,Census Tract 222; Lorain County; Ohio,0.582556875232,2605,545,1331,166,1152,153,1125,558,39,38,412,136,198,131,136,147,465,90,766,315,289,112,129,72,15,52,824,693,150,106,11,18,75,78,48,35,5,9,43.2,19.4,4.3,4.4,35.8,10.8,11.7,6.7,5.2,5.6,17.9,4.9,29.4,7.3,11.1,4.7,11.2,6.1,0.6,2.2,31.6,25.8,11.2,7.8,0.8,1.4,6.5,6.7,4.2,3.1,0.2,0.3,0.8651,0.5117,0.833,0.7093,0.4706,3.3897,0.754,0.5231,0.8963,0.2882,0.8162,0.6088,3.1326,0.8648,0.7191,0.7191,0.7191,0.7133,0.6095,0.966,0.4114,0.4356,3.1358,0.866,10.3772,0.8806,0,0,0,0,0,0,0,0,0,0,0,0,0,0,0,0,1,0,0,1,1,1521,272,111,150,159,538,452,0,12,0,12,0,12,136,101,0,12,23.6,9.1,5.8,6.0,20.7,15.3,0.0,1.3,0.0,1.3,0.0,1.3,5.2,3.9,0.0,1.3
39,Ohio,OH,39093,Lorain County,39093022400,Census Tract 224; Lorain County; Ohio,0.69415155019,3175,439,2113,264,1682,262,1411,389,276,185,584,183,694,221,512,233,724,169,400,271,626,167,64,67,42,58,1674,540,340,191,0,12,0,16,167,76,19,5,44.7,10.6,18.7,10.7,34.7,9.4,27.1,7.3,16.2,7.7,22.8,4.7,12.6,7.7,19.8,5.2,3.8,3.9,1.4,1.9,52.7,15.4,16.1,8.8,0.0,1.6,0.0,1.0,9.9,4.5,0.6,0.1,0.8765,0.9679,0.8184,0.9699,0.953,4.5857,0.9844,0.7857,0.0717,0.7978,0.3502,0.7717,2.7771,0.7219,0.837,0.837,0.837,0.799,0.0,0.0,0.7162,0.6059,2.1211,0.4714,10.3209,0.8781,0,1,0,1,1,3,0,0,0,0,0,0,0,0,0,0,0,0,0,0,3,2556,476,149,705,301,665,183,0,12,0,12,0,12,304,218,0,12,28.3,9.0,22.2,7.9,20.9,5.4,0.0,1.1,0.0,1.1,0.0,1.1,9.6,6.5,0.0,1.1
39,Ohio,OH,39093,Lorain County,39093022500,Census Tract 225; Lorain County; Ohio,0.431410683598,1771,264,784,157,748,157,335,179,29,25,152,68,74,45,182,125,434,141,357,124,254,68,49,35,8,48,293,382,0,16,0,12,10,17,11,12,0,12,18.9,9.7,3.5,2.9,20.3,8.0,5.7,3.6,10.3,6.3,24.5,7.8,20.2,6.1,14.3,4.4,6.6,4.5,0.5,2.9,16.5,21.4,0.0,2.0,0.0,4.4,1.3,2.3,1.5,1.6,0.0,0.7,0.4805,0.4156,0.4086,0.357,0.8305,2.4922,0.5073,0.8481,0.397,0.5033,0.5902,0.5796,2.9182,0.7844,0.5241,0.5241,0.5241,0.0,0.0,0.6181,0.1597,0.0,0.7778,0.0705,6.7123,0.381,0,0,0,0,0,0,0,0,0,0,0,0,0,0,0,0,0,0,0,0,0,830,44,31,41,39,227,137,0,12,0,12,0,12,25,26,0,12,5.9,4.1,2.3,2.2,12.8,7.7,0.0,2.0,0.0,2.0,0.0,2.0,1.4,1.5,0.0,2.0
39,Ohio,OH,39093,Lorain County,39093022601,Census Tract 226.01; Lorain County; Ohio,1.12240237502,2894,559,1385,138,1321,163,821,376,73,48,472,177,267,125,353,272,564,121,600,334,543,140,198,113,69,60,1703,584,286,123,25,38,51,76,42,31,107,3,29.6,12.2,5.3,3.6,35.7,12.7,12.4,5.8,12.7,9.0,19.5,5.9,20.7,8.5,19.5,6.2,15.0,8.4,2.4,2.1,58.8,16.7,20.7,8.6,1.8,2.8,3.9,5.7,3.2,2.4,3.7,0.7,0.7049,0.6057,0.8321,0.7337,0.9038,3.7802,0.8403,0.636,0.4315,0.7855,0.9006,0.8646,3.6182,0.9689,0.858,0.858,0.858,0.854,0.686,0.8933,0.3248,0.8599,3.618,0.9568,11.8744,0.9778,0,0,0,0,1,1,0,0,0,1,0,1,0,0,0,0,0,0,0,0,2,1529,347,164,719,342,853,428,37,35,0,12,0,12,76,78,18,23,26.3,11.7,24.8,9.6,29.5,11.1,1.3,1.2,0.0,1.2,0.0,1.2,2.6,2.8,0.6,0.8
39,Ohio,OH,39093,Lorain County,39093022800,Census Tract 228; Lorain County; Ohio,0.776317530708,4579,760,1969,189,1657,248,2636,658,149,105,445,161,419,204,226,233,526,85,1612,451,778,214,523,173,148,99,3677,817,362,135,0,12,12,25,168,87,0,12,58.3,10.7,8.9,6.0,26.9,8.8,18.2,8.0,4.9,4.9,11.5,2.5,35.2,6.1,17.0,4.6,31.6,9.3,3.8,2.5,80.3,11.9,18.3,6.6,0.0,1.8,0.7,1.5,10.1,5.3,0.0,0.3,0.953,0.8117,0.6492,0.884,0.4376,3.7355,0.8324,0.1756,0.9788,0.6646,0.9905,0.9236,3.7331,0.9787,0.936,0.936,0.936,0.8241,0.0,0.4873,0.7232,0.0,2.0346,0.4333,10.4392,0.8873,1,0,0,0,0,1,0,1,0,1,1,3,1,1,0,0,0,0,0,0,5,4792,578,201,1721,513,1539,498,194,249,0,12,0,12,218,147,5,9,34.9,9.8,37.6,9.0,33.6,8.1,4.2,5.4,0.0,0.8,0.0,0.8,4.8,3.3,0.1,0.2
39,Ohio,OH,39093,Lorain County,39093023000,Census Tract 230; Lorain County; Ohio,2.051009731486,4941,646,2267,192,1937,210,1457,564,189,168,590,211,452,221,482,299,706,133,1119,225,1009,313,175,155,113,119,1858,857,0,16,120,113,0,16,37,34,0,12,29.5,10.7,8.0,6.5,30.5,10.4,13.7,6.2,9.8,5.6,14.3,2.6,22.6,4.0,20.4,5.8,9.0,7.9,2.6,2.7,37.6,16.6,0.0,0.7,5.3,5.0,0.0,0.8,1.9,1.7,0.0,0.2,0.7036,0.773,0.7381,0.7815,0.8124,3.8086,0.8463,0.3047,0.5609,0.8194,0.7349,0.877,3.2969,0.9095,0.7613,0.7613,0.7613,0.0,0.7908,0.0,0.2029,0.0,0.9937,0.1054,8.8605,0.7083,0,0,0,0,0,0,0,0,0,0,0,0,0,0,0,0,0,0,0,0,0,3426,266,142,640,362,1040,281,0,12,0,12,11,22,156,201,11,19,13.7,7.2,13.0,7.1,21.0,5.2,0.0,0.7,0.0,0.7,0.2,0.4,3.2,4.0,0.2,0.4
39,Ohio,OH,39093,Lorain County,39093023100,Census Tract 231; Lorain County; Ohio,2.45163959144,4002,606,1638,238,1411,270,2332,463,172,141,570,201,454,135,444,290,396,124,1230,293,664,304,291,144,309,164,3146,655,105,65,0,12,55,60,200,124,63,8,58.3,7.5,10.4,8.3,40.4,12.0,20.0,5.7,11.1,7.3,9.9,3.3,30.7,5.0,16.6,7.0,20.6,9.4,8.2,4.1,78.6,11.2,6.4,3.9,0.0,2.1,3.9,4.2,14.2,8.3,1.6,0.3,0.953,0.8511,0.9006,0.9096,0.8607,4.475,0.9695,0.1214,0.9321,0.6407,0.9594,0.9822,3.6358,0.9708,0.9287,0.9287,0.9287,0.5978,0.0,0.8933,0.8232,0.727,3.0413,0.8425,12.0808,0.9854,1,0,1,1,0,3,0,1,0,1,1,3,1,1,0,0,0,0,0,0,7,1755,306,108,606,153,2306,563,0,12,0,12,0,12,234,191,0,12,21.7,7.4,15.1,4.1,57.6,8.1,0.0,0.9,0.0,0.9,0.0,0.9,5.8,4.6,0.0,0.9
39,Ohio,OH,39093,Lorain County,39093023200,Census Tract 232; Lorain County; Ohio,0.631504184078,3069,589,1224,149,1043,153,1668,551,167,130,449,146,326,158,333,223,283,175,848,246,590,258,206,98,0,48,1964,745,0,16,0,12,58,50,118,66,37,4,55.5,14.7,14.1,10.8,43.0,12.5,16.5,7.3,10.9,6.5,9.2,5.6,27.6,7.6,19.2,8.8,19.7,8.9,0.0,1.7,64.0,20.9,0.0,1.3,0.0,2.8,5.5,4.7,11.3,6.4,1.2,0.3,0.9387,0.9216,0.926,0.8503,0.8524,4.489,0.9714,0.0983,0.8408,0.7721,0.9521,0.0,2.6633,0.6606,0.8808,0.8808,0.8808,0.0,0.0,0.9502,0.7622,0.6814,2.3938,0.5914,10.4269,0.8867,1,1,1,0,0,3,0,0,0,1,0,1,0,0,0,0,1,0,0,1,5,1708,382,127,895,273,913,371,0,12,0,12,0,12,156,156,0,12,36.6,12.1,29.2,9.0,29.7,10.3,0.0,1.1,0.0,1.1,0.0,1.1,5.1,5.3,0.0,1.1
39,Ohio,OH,39093,Lorain County,39093023300,Census Tract 233; Lorain County; Ohio,0.424062776436,2327,626,1031,137,832,171,1224,568,159,124,334,107,468,255,325,187,172,90,635,325,576,239,100,52,252,125,1365,776,52,37,0,12,39,41,60,36,0,12,53.0,19.9,15.1,10.7,40.1,9.9,33.7,10.2,14.0,6.7,7.4,4.2,27.3,9.2,24.8,8.1,12.0,5.7,11.9,4.9,58.7,29.4,5.0,3.5,0.0,3.3,4.7,4.8,7.2,4.4,0.0,0.5,0.9238,0.9346,0.8956,0.9886,0.928,4.6706,0.993,0.052,0.8282,0.9276,0.8384,0.993,3.6392,0.9714,0.857,0.857,0.857,0.5578,0.0,0.9283,0.6111,0.0,2.0972,0.459,11.264,0.9473,1,1,0,1,1,4,0,0,1,0,1,2,0,0,0,0,1,0,0,1,7,1610,207,75,369,247,836,378,38,58,0,12,0,12,116,119,6,9,24.9,8.6,15.9,10.5,35.9,13.2,1.6,2.5,0.0,1.5,0.0,1.5,5.0,5.0,0.3,0.4
39,Ohio,OH,39093,Lorain County,39093023400,Census Tract 234; Lorain County; Ohio,0.60840215701,1850,213,1005,121,987,122,294,82,11,18,188,85,139,102,182,73,638,117,272,76,405,128,14,17,9,49,698,319,128,56,60,37,18,21,95,57,9,3,15.9,4.0,1.4,2.2,19.0,8.3,9.4,6.8,9.8,3.7,34.5,5.4,14.7,3.8,21.9,6.7,1.4,1.7,0.5,2.8,37.7,16.7,12.7,5.4,6.0,3.7,1.8,2.1,9.6,5.7,0.5,0.2,0.3884,0.1117,0.354,0.5999,0.8124,2.2664,0.4448,0.986,0.1195,0.8673,0.1086,0.5796,2.661,0.6597,0.7619,0.7619,0.7619,0.7422,0.807,0.7079,0.706,0.5742,3.5373,0.9429,9.2266,0.7546,0,0,0,0,0,0,1,0,0,0,0,1,0,0,0,0,0,0,0,0,1,1316,227,72,348,194,323,138,0,12,0,12,0,12,27,47,0,12,23.0,7.7,18.8,10.1,17.5,6.8,0.0,1.9,0.0,1.9,0.0,1.9,1.5,2.6,0.0,1.9
39,Ohio,OH,39093,Lorain County,39093023500,Census Tract 235; Lorain County; Ohio,0.528910705046,2502,466,908,84,834,81,648,156,49,50,127,53,263,98,196,78,464,81,756,400,345,97,64,60,28,53,1408,504,5,15,8,12,23,29,56,36,96,8,28.9,5.7,4.6,4.6,15.2,6.2,17.0,6.0,8.1,3.2,18.5,3.7,30.2,11.2,14.3,4.8,7.7,7.2,1.2,2.2,56.3,17.2,0.6,1.7,0.9,1.3,2.8,3.5,6.7,4.3,3.8,0.8,0.6925,0.5451,0.1971,0.8605,0.7226,3.0178,0.6663,0.5698,0.9188,0.5033,0.667,0.7403,3.3992,0.9302,0.8497,0.8497,0.8497,0.2886,0.6187,0.826,0.5816,0.8656,3.1805,0.8746,10.4472,0.8883,0,0,0,0,0,0,0,1,0,0,0,1,0,0,0,0,0,0,0,0,1,2593,221,59,462,433,682,222,76,108,4,7,0,12,184,118,0,12,26.5,7.5,18.5,14.8,27.3,8.5,3.0,4.4,0.2,0.3,0.0,1.4,7.4,5.0,0.0,1.4
39,Ohio,OH,39093,Lorain County,39093023600,Census Tract 236; Lorain County; Ohio,0.582804366614,2708,448,1309,185,1095,204,1093,354,38,34,280,125,411,195,537,315,350,171,633,198,340,132,124,74,104,86,1555,607,61,63,25,34,15,18,68,60,0,12,40.7,11.3,3.6,3.1,25.6,10.4,23.3,9.4,19.8,10.5,12.9,6.2,23.4,6.1,12.6,5.0,11.3,6.4,3.9,3.2,57.4,20.3,4.7,4.8,1.9,2.6,1.3,1.6,6.2,5.6,0.0,0.4,0.842,0.4308,0.6032,0.9423,0.9772,3.7955,0.8425,0.2302,0.6138,0.3897,0.8187,0.9249,2.9773,0.8108,0.8526,0.8526,0.8526,0.5476,0.693,0.6181,0.5546,0.0,2.4133,0.5984,10.0387,0.8508,0,0,0,1,1,2,0,0,0,0,1,1,0,0,0,0,0,0,0,0,3,1862,332,174,320,301,1129,272,0,12,0,12,0,12,106,63,0,12,30.3,12.5,11.8,10.6,41.7,9.5,0.0,1.3,0.0,1.3,0.0,1.3,3.9,2.3,0.0,1.3
39,Ohio,OH,39093,Lorain County,39093023900,Census Tract 239; Lorain County; Ohio,1.137783134292,1486,265,767,145,662,148,368,139,13,16,214,92,204,98,84,58,257,116,241,103,353,105,21,28,101,97,605,360,12,16,16,24,5,15,18,16,0,12,24.8,8.2,1.7,2.1,32.3,11.9,18.4,8.6,5.7,3.9,17.3,6.5,16.2,6.0,23.8,6.4,3.2,4.2,7.0,6.6,40.7,23.1,1.6,2.1,2.1,3.0,0.8,2.3,2.7,2.5,0.0,0.8,0.6198,0.1492,0.7787,0.8868,0.5176,2.9521,0.646,0.4845,0.1703,0.9099,0.2841,0.975,2.8238,0.7419,0.7847,0.7847,0.7847,0.3787,0.7019,0.5117,0.2752,0.0,1.8675,0.3635,8.4281,0.6524,0,0,0,0,0,0,0,0,1,0,1,2,0,0,0,0,0,0,0,0,2,523,141,85,119,76,385,164,13,21,0,12,0,12,88,74,0,12,21.3,11.5,8.0,5.2,25.9,10.0,0.9,1.4,0.0,2.3,0.0,2.3,5.9,4.8,0.0,2.3
39,Ohio,OH,39093,Lorain County,39093024000,Census Tract 240; Lorain County; Ohio,0.729160576836,2192,304,978,139,874,133,1123,413,23,28,384,121,317,106,124,86,340,103,698,288,259,92,85,50,77,65,1219,356,289,94,0,12,8,17,100,60,0,12,51.2,17.5,2.5,3.0,43.9,12.1,23.9,7.0,5.7,3.9,15.5,5.9,31.8,10.3,11.8,4.8,9.7,5.5,3.9,3.3,55.6,14.3,29.6,8.6,0.0,3.5,0.9,1.9,11.4,6.4,0.0,0.5,0.9146,0.2657,0.9337,0.9471,0.5176,3.5787,0.7971,0.371,0.9477,0.3351,0.7679,0.9249,3.3466,0.9187,0.8469,0.8469,0.8469,0.9156,0.0,0.5384,0.7651,0.0,2.2191,0.5102,9.9913,0.8463,1,0,1,1,0,3,0,1,0,0,1,2,0,0,1,0,0,0,0,1,6,1177,196,87,244,144,539,182,18,32,0,12,0,12,418,344,0,12,22.4,8.0,11.1,6.7,24.6,8.6,0.8,1.5,0.0,1.6,0.0,1.6,19.1,14.2,0.0,1.6
39,Ohio,OH,39093,Lorain County,39093024100,Census Tract 241; Lorain County; Ohio,2.12234091768,3228,383,1485,158,1405,155,778,253,44,39,402,125,400,230,21,35,804,145,719,201,763,292,90,85,55,89,800,597,262,132,34,26,13,25,172,104,16,2,24.1,7.3,3.9,3.5,28.6,8.3,17.1,8.7,0.7,1.1,24.9,4.7,22.3,4.9,23.6,8.4,6.4,6.0,1.9,3.0,24.8,18.3,17.6,8.7,2.3,1.7,0.9,1.8,12.2,7.7,0.5,0.0,0.602,0.4644,0.6956,0.8627,0.0235,2.6482,0.5546,0.8618,0.539,0.9067,0.58,0.8275,3.715,0.9775,0.6531,0.6531,0.6531,0.8159,0.7114,0.5384,0.7825,0.5742,3.4224,0.9238,10.4387,0.887,0,0,0,0,0,0,0,0,1,0,0,1,0,0,0,0,0,0,0,0,1,2894,269,112,263,175,466,139,0,12,29,44,0,12,22,26,20,30,19.1,7.6,8.1,5.4,14.4,4.7,0.0,1.1,0.9,1.4,0.0,1.1,0.7,0.8,0.6,0.9
39,Ohio,OH,39093,Lorain County,39093024200,Census Tract 242; Lorain County; Ohio,1.002345116426,5291,781,2193,220,2105,210,1724,624,38,55,695,244,400,172,310,285,552,148,1737,525,1214,632,328,145,125,147,2452,969,403,185,25,42,0,24,175,114,18,2,32.6,10.8,1.7,2.4,33.0,11.1,12.0,5.2,5.9,5.4,10.4,2.9,32.8,6.1,22.9,9.7,15.6,6.7,2.7,3.2,46.3,17.0,18.3,8.2,1.1,1.9,0.0,1.1,8.3,5.6,0.3,0.1,0.7493,0.1492,0.7943,0.7207,0.537,2.9505,0.6448,0.1373,0.9566,0.8934,0.9124,0.8827,3.7824,0.9854,0.811,0.811,0.811,0.8241,0.6378,0.0,0.6606,0.4924,2.6149,0.6835,10.1588,0.8622,0,0,0,0,0,0,0,1,0,1,0,2,0,0,0,0,0,0,0,0,2,2058,267,127,717,211,1681,412,0,17,7,12,0,17,47,93,0,17,12.7,6.0,13.6,4.0,31.8,5.9,0.0,0.7,0.1,0.2,0.0,0.7,0.9,1.8,0.0,0.7
39,Ohio,OH,39093,Lorain County,39093028100,Census Tract 281; Lorain County; Ohio,10.743152628198,4225,35,1813,143,1660,147,288,178,51,35,338,135,183,106,68,52,1106,230,603,122,813,261,55,52,31,69,552,246,44,56,0,12,8,17,47,36,10,3,6.8,4.2,2.4,1.6,20.4,7.9,5.6,3.2,1.6,1.2,26.2,5.4,14.3,2.9,19.3,6.2,3.3,3.1,0.8,1.7,13.1,5.8,2.4,3.1,0.0,1.9,0.5,1.0,2.8,2.1,0.2,0.1,0.113,0.2514,0.413,0.3497,0.0825,1.2096,0.1486,0.902,0.1116,0.7775,0.2943,0.6636,2.749,0.7067,0.4477,0.4477,0.4477,0.4352,0.0,0.4413,0.2848,0.4356,1.5969,0.2584,6.0032,0.26,0,0,0,0,0,0,1,0,0,0,0,1,0,0,0,0,0,0,0,0,1,7772,138,83,118,104,87,73,141,113,0,12,0,12,206,147,0,12,8.3,5.0,2.8,2.5,2.1,1.7,3.3,2.7,0.0,0.8,0.0,0.8,4.9,3.5,0.0,0.8
39,Ohio,OH,39093,Lorain County,39093030101,Census Tract 301.01; Lorain County; Ohio,1.00802737956,2773,360,1560,280,1409,282,810,302,47,57,504,322,217,116,244,310,908,175,445,99,495,204,150,50,0,48,153,504,68,52,27,46,0,16,102,94,109,2,30.4,10.6,3.5,4.5,35.8,21.7,9.6,4.9,9.2,11.2,32.7,6.7,16.0,3.3,18.6,7.8,10.6,2.8,0.0,1.8,5.5,18.2,4.4,3.2,1.7,3.0,0.0,1.1,7.2,6.7,3.9,0.5,0.7188,0.4156,0.833,0.6148,0.7813,3.3635,0.7492,0.9784,0.1623,0.7407,0.7975,0.0,2.6789,0.6683,0.1737,0.1737,0.1737,0.5359,0.6816,0.0,0.6111,0.87,2.6986,0.72,8.9147,0.7159,0,0,0,0,0,0,1,0,0,0,0,1,0,0,0,0,0,0,0,0,1,1171,367,316,10,24,127,106,0,12,0,12,0,12,16,28,0,12,26.0,18.8,0.4,0.9,4.6,3.8,0.0,1.3,0.0,1.3,0.0,1.3,0.6,1.0,0.0,1.3
39,Ohio,OH,39093,Lorain County,39093030102,Census Tract 301.02; Lorain County; Ohio,11.394719830502,3970,453,1739,212,1633,217,279,134,154,91,387,172,269,190,74,75,1027,217,695,206,844,302,5,16,0,48,401,710,19,41,0,12,0,16,33,36,10,3,7.0,3.3,7.8,4.9,23.7,10.1,9.0,6.1,1.9,1.9,25.9,5.4,17.5,4.3,21.3,6.6,0.3,1.0,0.0,1.3,10.1,17.8,1.1,2.4,0.0,2.0,0.0,1.0,2.0,2.3,0.3,0.1,0.1181,0.7616,0.5333,0.5755,0.1104,2.0989,0.3971,0.8938,0.2305,0.8448,0.041,0.0,2.0101,0.2759,0.3592,0.3592,0.3592,0.3378,0.0,0.0,0.2127,0.4924,1.0429,0.1121,5.5111,0.1898,0,0,0,0,0,0,0,0,0,0,0,0,0,0,0,0,0,0,0,0,0,2167,53,47,0,12,178,194,122,138,14,23,0,12,87,71,0,12,3.2,2.9,0.0,0.9,4.5,5.0,3.1,3.6,0.4,0.6,0.0,0.9,2.2,1.8,0.0,0.9
39,Ohio,OH,39093,Lorain County,39093050100,Census Tract 501; Lorain County; Ohio,3.024550480406,2948,255,1178,106,1121,97,144,96,130,102,53,46,76,48,181,168,570,156,460,80,555,141,16,27,0,48,127,358,0,16,11,18,0,16,16,21,0,12,4.9,3.2,7.9,5.8,4.7,4.1,3.6,2.4,6.2,5.5,19.3,5.5,15.6,2.5,18.9,4.3,1.4,2.4,0.0,1.7,4.3,12.1,0.0,1.4,0.9,1.5,0.0,1.4,1.4,1.9,0.0,0.4,0.0609,0.7667,0.0032,0.1966,0.5659,1.5933,0.2508,0.6208,0.1481,0.7566,0.1086,0.0,1.6341,0.1216,0.1189,0.1189,0.1189,0.0,0.6187,0.0,0.1476,0.0,0.7663,0.0683,4.1126,0.0638,0,0,0,0,0,0,0,0,0,0,0,0,0,0,0,0,0,0,0,0,0,1081,113,66,0,12,127,102,0,12,0,12,0,12,0,12,0,12,10.1,5.9,0.0,1.2,4.3,3.4,0.0,1.2,0.0,1.2,0.0,1.2,0.0,1.2,0.0,1.2
39,Ohio,OH,39093,Lorain County,39093050200,Census Tract 502; Lorain County; Ohio,1.864933278014,3950,547,1598,170,1485,171,466,176,206,109,217,109,90,52,112,72,877,155,910,224,801,284,35,31,0,48,1063,660,16,22,134,83,74,104,16,25,16,21,11.8,4.1,10.4,4.8,14.6,7.1,3.4,1.9,2.8,1.9,22.2,4.5,23.0,3.5,20.3,5.5,2.4,2.1,0.0,1.3,26.9,16.3,1.0,1.4,8.4,4.9,5.0,7.0,1.1,1.7,0.4,0.5,0.2656,0.8511,0.1762,0.1836,0.1996,1.6761,0.2727,0.7575,0.5862,0.8156,0.201,0.0,2.3603,0.4721,0.676,0.676,0.676,0.3292,0.8527,0.9381,0.1194,0.5374,2.7768,0.7508,7.4892,0.4987,0,0,0,0,0,0,0,0,0,0,0,0,0,0,0,0,1,0,0,1,1,7776,149,85,68,89,526,432,154,138,0,12,0,12,308,317,7,13,10.0,5.6,1.7,2.3,13.3,9.7,3.9,3.4,0.0,0.9,0.0,0.9,7.8,8.0,0.2,0.3
39,Ohio,OH,39093,Lorain County,39093050301,Census Tract 503.01; Lorain County; Ohio,2.812961178978,4888,620,1911,169,1810,188,447,198,85,71,309,133,224,193,142,106,941,237,889,336,353,154,28,32,0,48,515,912,53,56,0,12,0,16,9,15,0,12,9.2,3.9,3.1,2.6,17.1,7.1,6.2,5.4,2.9,2.2,19.3,5.7,18.2,5.9,7.3,3.4,1.5,1.8,0.0,1.0,10.5,18.6,2.8,2.9,0.0,1.8,0.0,0.9,0.5,0.8,0.0,0.2,0.1853,0.3537,0.2765,0.3966,0.2142,1.4263,0.2067,0.6208,0.267,0.0812,0.1156,0.0,1.0846,0.0289,0.3732,0.3732,0.3732,0.4622,0.0,0.0,0.0524,0.0,0.5146,0.0378,3.3987,0.026,0,0,0,0,0,0,0,0,0,0,0,0,0,0,0,0,0,0,0,0,0,2826,357,193,166,150,167,147,126,177,0,12,0,12,56,44,0,12,19.7,9.9,3.4,3.1,3.4,3.0,2.6,3.7,0.0,0.7,0.0,0.7,1.1,0.9,0.0,0.7
39,Ohio,OH,39093,Lorain County,39093050302,Census Tract 503.02; Lorain County; Ohio,5.277058351448,3050,482,1378,129,1262,154,181,98,58,74,230,103,77,44,196,130,690,86,423,167,444,124,18,27,22,51,260,637,67,58,187,67,0,16,98,68,119,4,6.2,3.2,3.5,4.5,18.2,7.9,3.1,1.8,6.7,4.3,22.6,4.6,13.9,4.1,15.1,4.6,1.4,2.1,0.7,1.7,8.5,20.8,4.9,4.2,13.6,4.7,0.0,1.3,7.8,5.3,3.9,0.6,0.092,0.4156,0.3213,0.1579,0.6109,1.5977,0.2527,0.7771,0.0992,0.5528,0.1086,0.6367,2.1744,0.3651,0.3009,0.3009,0.3009,0.5546,0.9178,0.0,0.6394,0.87,2.9818,0.8232,7.0548,0.4314,0,0,0,0,0,0,0,0,0,0,0,0,0,0,0,1,0,0,0,1,1,1911,193,84,114,163,80,66,61,93,5,10,0,12,0,12,0,12,15.3,6.6,3.7,5.0,2.6,2.1,2.0,3.0,0.2,0.3,0.0,1.1,0.0,1.1,0.0,1.1
39,Ohio,OH,39093,Lorain County,39093050400,Census Tract 504; Lorain County; Ohio,1.2007316599639999,2328,334,923,115,911,114,307,181,91,70,130,61,98,70,110,65,595,108,494,161,334,83,32,29,0,48,229,469,53,36,0,12,10,20,82,48,22,4,13.4,7.6,8.9,6.6,14.3,6.5,5.7,3.9,4.8,2.9,25.6,3.8,21.2,5.5,14.5,3.6,3.5,3.2,0.0,2.2,9.8,20.1,5.7,3.8,0.0,3.7,1.1,2.2,9.0,5.3,0.9,0.1,0.3164,0.8117,0.1641,0.357,0.4243,2.0735,0.3902,0.8865,0.4654,0.5198,0.3187,0.0,2.1904,0.3746,0.3516,0.3516,0.3516,0.5781,0.0,0.587,0.6873,0.6458,2.4982,0.6352,7.1137,0.4406,0,0,0,0,0,0,0,0,0,0,0,0,0,0,0,0,0,0,0,0,0,2537,84,49,10,17,138,131,0,12,0,12,0,12,69,78,12,18,9.2,5.2,0.4,0.7,5.9,5.4,0.0,1.5,0.0,1.5,0.0,1.5,3.0,3.2,0.5,0.8
39,Ohio,OH,39093,Lorain County,39093057100,Census Tract 571; Lorain County; Ohio,27.224963992924,3699,352,1557,149,1475,151,547,216,73,61,302,113,197,61,249,134,828,156,617,106,468,110,65,44,0,48,329,486,3,13,108,52,2,12,6,7,52,7,14.9,5.7,3.9,3.1,20.5,7.4,7.6,2.3,6.7,3.2,22.4,3.9,16.7,2.5,12.7,2.7,4.4,2.9,0.0,1.3,8.9,13.1,0.2,0.8,6.9,3.3,0.1,0.8,0.4,0.5,1.4,0.1,0.3618,0.4644,0.4171,0.4876,0.6109,2.3418,0.4654,0.7663,0.1925,0.3951,0.4184,0.0,1.7723,0.1689,0.3145,0.3145,0.3145,0.261,0.8257,0.3819,0.0476,0.7029,2.2191,0.5102,6.6477,0.3686,0,0,0,0,0,0,0,0,0,0,0,0,0,0,0,0,0,0,0,0,0,2647,232,101,2,5,220,181,13,19,0,12,0,12,94,63,0,12,15.7,6.7,0.1,0.1,5.9,4.8,0.4,0.5,0.0,0.9,0.0,0.9,2.5,1.6,0.0,0.9
39,Ohio,OH,39093,Lorain County,39093060100,Census Tract 601; Lorain County; Ohio,7.112882241376,3856,424,1629,174,1445,173,739,247,104,71,340,109,149,98,245,141,1048,135,692,172,607,163,53,37,51,92,1232,633,262,84,0,12,12,17,124,56,431,77,21.5,6.7,6.5,4.2,23.5,7.0,5.8,3.7,6.7,3.5,27.2,4.0,17.9,3.2,16.5,4.0,3.7,2.5,1.4,2.4,32.0,16.0,16.0,4.9,0.0,2.1,0.8,1.2,8.6,3.7,11.2,1.6,0.5424,0.6917,0.5254,0.3662,0.6109,2.7366,0.5829,0.9214,0.2495,0.6334,0.34,0.7717,2.916,0.7829,0.7226,0.7226,0.7226,0.7971,0.0,0.5117,0.6727,0.9585,2.94,0.8092,9.3152,0.7702,0,0,0,0,0,0,1,0,0,0,0,1,0,0,0,0,0,0,1,1,2,4867,283,87,533,137,282,176,61,62,0,12,0,12,356,181,0,12,19.6,5.4,13.8,3.8,7.3,4.5,1.6,1.6,0.0,0.9,0.0,0.9,9.2,4.9,0.0,0.9
39,Ohio,OH,39093,Lorain County,39093060200,Census Tract 602; Lorain County; Ohio,5.311772396166,5096,385,1392,189,1295,190,981,308,115,63,389,127,64,72,150,98,694,210,274,109,516,147,0,24,41,66,1419,528,107,76,0,17,32,51,54,50,2190,114,33.4,9.5,4.0,2.2,30.0,8.8,3.2,3.5,2.9,2.0,13.6,4.0,5.4,2.0,10.1,3.0,0.0,1.9,0.8,1.3,27.8,10.1,7.7,5.4,0.0,2.5,2.5,3.9,4.2,4.0,43.0,3.9,0.761,0.4756,0.7267,0.1671,0.2142,2.3446,0.4667,0.2695,0.0193,0.2222,0.0,0.6636,1.1746,0.0378,0.6848,0.6848,0.6848,0.6406,0.0,0.7902,0.4114,0.9895,2.8317,0.7714,7.0357,0.4292,0,0,0,0,0,0,0,0,0,0,0,0,0,0,0,0,0,0,1,1,1,6835,88,56,608,194,229,120,257,114,26,38,0,17,293,141,6,14,6.8,4.2,11.9,3.8,4.5,2.2,5.0,2.2,0.5,0.7,0.0,0.7,5.7,2.7,0.1,0.3
39,Ohio,OH,39093,Lorain County,39093070101,Census Tract 701.01; Lorain County; Ohio,1.839472553828,3791,523,1663,212,1591,224,422,216,41,40,217,97,274,139,313,176,1304,394,435,89,430,119,3,14,19,49,482,792,0,16,0,12,0,16,80,62,0,12,11.1,5.5,2.2,2.2,13.6,5.8,8.8,4.5,8.3,4.3,34.4,6.9,11.5,2.9,11.3,3.8,0.2,0.9,0.5,1.3,12.7,20.8,0.0,1.0,0.0,2.1,0.0,1.0,5.0,4.1,0.0,0.3,0.2437,0.2238,0.1441,0.5647,0.7363,1.9126,0.3387,0.9838,0.0564,0.3028,0.0394,0.5796,1.962,0.2543,0.4369,0.4369,0.4369,0.0,0.0,0.0,0.4702,0.0,0.4702,0.0314,4.7817,0.1216,0,0,0,0,0,0,1,0,0,0,0,1,0,0,0,0,0,0,0,0,1,2302,199,79,137,137,199,141,62,57,0,12,0,12,84,56,0,12,12.5,5.3,3.6,3.7,5.2,3.9,1.6,1.5,0.0,0.9,0.0,0.9,2.2,1.5,0.0,0.9
39,Ohio,OH,39093,Lorain County,39093070102,Census Tract 701.02; Lorain County; Ohio,1.461264023116,4886,470,2347,159,2276,197,705,394,117,83,411,158,181,103,300,250,660,199,921,176,476,172,29,50,180,163,1228,776,389,159,0,12,0,16,67,60,0,12,14.4,7.9,3.8,2.7,18.1,6.8,5.2,2.9,6.1,5.2,13.5,4.1,18.8,2.8,9.7,3.4,1.3,2.2,3.9,3.6,25.1,15.7,16.6,6.7,0.0,1.5,0.0,0.7,2.9,2.7,0.0,0.2,0.3437,0.4524,0.3175,0.3148,0.5547,1.9831,0.3613,0.2616,0.3015,0.2003,0.1022,0.9249,1.7905,0.1775,0.6573,0.6573,0.6573,0.8073,0.0,0.0,0.2962,0.0,1.1035,0.1251,5.5344,0.1937,0,0,0,0,0,0,0,0,0,0,1,1,0,0,0,0,0,0,0,0,1,7050,160,105,340,196,435,251,46,75,0,12,0,12,407,315,0,12,7.0,4.6,7.0,4.0,8.9,5.0,0.9,1.5,0.0,0.7,0.0,0.7,8.3,6.6,0.0,0.7
39,Ohio,OH,39093,Lorain County,39093070200,Census Tract 702; Lorain County; Ohio,3.086538384302,1928,339,1075,142,913,136,525,334,39,31,193,67,129,46,147,87,341,88,368,203,333,100,26,25,0,48,369,469,194,89,5,8,10,16,29,29,4,3,27.2,16.7,3.9,2.9,21.1,6.6,8.9,3.2,7.6,4.2,17.7,4.7,19.1,8.5,17.3,4.8,2.8,2.7,0.0,2.6,19.1,24.1,18.0,7.9,0.5,0.7,1.1,1.7,3.2,3.1,0.2,0.2,0.6658,0.4644,0.4403,0.5704,0.6855,2.8264,0.6092,0.5117,0.3256,0.6776,0.2403,0.0,1.7552,0.1619,0.577,0.577,0.577,0.821,0.5717,0.587,0.3248,0.4356,2.7401,0.7352,7.8987,0.5667,0,0,0,0,0,0,0,0,0,0,0,0,0,0,0,0,0,0,0,0,0,3117,267,119,103,65,123,87,63,81,0,12,0,12,80,64,0,12,29.2,10.4,5.3,3.5,6.4,4.4,3.3,4.1,0.0,1.8,0.0,1.8,4.1,3.4,0.0,1.8
39,Ohio,OH,39093,Lorain County,39093070300,Census Tract 703; Lorain County; Ohio,3.995299325764,3503,456,1870,222,1690,224,770,351,51,36,500,156,156,74,312,177,759,166,582,173,605,168,99,76,0,48,975,664,411,154,380,100,29,33,229,135,0,12,22.0,9.6,2.8,1.9,29.6,8.4,5.8,2.7,8.9,4.9,21.7,3.9,16.6,4.1,17.3,4.4,5.9,4.4,0.0,1.4,27.8,18.6,22.0,7.8,20.3,5.5,1.7,1.9,13.6,7.0,0.0,0.3,0.5576,0.3133,0.7146,0.3662,0.7661,2.7178,0.5778,0.7413,0.1874,0.6776,0.5463,0.0,2.1526,0.3502,0.6848,0.6848,0.6848,0.8667,0.9597,0.6917,0.813,0.0,3.3311,0.906,8.8863,0.7114,0,0,0,0,0,0,0,0,0,0,0,0,0,0,0,1,0,0,0,1,1,5849,290,104,524,294,162,114,0,12,0,12,0,12,289,206,0,12,17.2,6.0,15.0,8.6,4.6,3.2,0.0,1.0,0.0,1.0,0.0,1.0,8.3,5.5,0.0,1.0
39,Ohio,OH,39093,Lorain County,39093070400,Census Tract 704; Lorain County; Ohio,2.304850174774,4779,723,2110,221,1996,246,1667,424,193,109,647,200,566,321,606,228,643,118,1080,242,549,141,275,119,8,48,2191,883,222,115,0,12,171,160,56,36,0,12,35.2,7.2,7.8,4.0,32.4,9.2,18.4,8.7,12.7,4.3,13.5,2.9,22.6,3.8,11.5,3.3,13.8,5.7,0.2,1.0,45.8,17.1,10.5,5.3,0.0,1.6,8.6,7.9,2.8,1.8,0.0,0.3,0.7823,0.7616,0.78,0.8868,0.9038,4.1145,0.913,0.2616,0.5609,0.3158,0.8759,0.4556,2.4698,0.54,0.8094,0.8094,0.8094,0.7003,0.0,0.9844,0.2848,0.0,1.9695,0.4063,9.3632,0.7771,0,0,0,0,1,1,0,0,0,0,0,0,0,0,0,0,1,0,0,1,2,2414,576,200,1103,295,420,198,43,44,0,12,0,12,625,397,0,12,28.9,7.7,23.1,5.8,8.8,4.1,0.9,0.9,0.0,0.7,0.0,0.7,13.1,7.4,0.0,0.7
39,Ohio,OH,39093,Lorain County,39093070500,Census Tract 705; Lorain County; Ohio,0.717059367952,2702,361,1350,164,1171,160,1075,336,89,61,435,145,328,113,278,134,445,176,728,244,396,142,121,57,0,48,911,545,22,24,21,35,25,40,173,110,2,3,40.8,11.6,7.0,4.5,37.1,11.3,17.5,6.0,10.3,4.5,16.5,6.4,26.9,6.4,14.7,5.8,10.3,4.7,0.0,1.9,33.7,19.7,1.6,1.8,1.6,2.6,2.1,3.4,14.8,8.4,0.1,0.1,0.8435,0.7222,0.8543,0.8713,0.8305,4.1218,0.9146,0.4306,0.8107,0.5287,0.7873,0.0,2.5573,0.5943,0.7362,0.7362,0.7362,0.3787,0.6749,0.7448,0.8333,0.3694,3.0011,0.8298,10.4164,0.8857,0,0,0,0,0,0,0,0,0,0,0,0,0,0,0,0,0,0,0,0,0,1140,281,122,551,189,0,12,0,12,0,12,0,12,315,143,45,53,24.0,9.3,20.4,6.9,0.0,1.3,0.0,1.3,0.0,1.3,0.0,1.3,11.7,5.9,1.7,2.0
39,Ohio,OH,39093,Lorain County,39093070600,Census Tract 706; Lorain County; Ohio,1.158235343334,4476,737,2141,267,1997,241,477,196,118,99,328,171,85,77,331,276,637,175,692,198,528,178,143,122,16,49,723,1028,253,159,0,12,0,16,67,62,0,12,10.7,4.0,4.1,3.8,16.4,8.3,2.5,2.2,7.4,5.9,14.2,4.9,15.5,4.2,11.8,4.2,7.2,6.0,0.4,1.1,16.2,22.8,11.8,7.3,0.0,1.6,0.0,0.8,3.4,3.1,0.0,0.3,0.2307,0.4867,0.2451,0.1192,0.6744,1.7561,0.2978,0.2993,0.1449,0.3351,0.6337,0.5412,1.9542,0.2508,0.5193,0.5193,0.5193,0.7267,0.0,0.0,0.3438,0.0,1.0705,0.1175,5.3001,0.1695,0,0,0,0,0,0,0,0,0,0,0,0,0,0,0,0,0,0,0,0,0,4646,322,151,156,137,464,282,13,22,0,12,0,12,90,103,0,12,16.1,7.7,3.5,3.3,10.4,6.1,0.3,0.5,0.0,0.8,0.0,0.8,2.0,2.2,0.0,0.8
39,Ohio,OH,39093,Lorain County,39093070700,Census Tract 707; Lorain County; Ohio,0.915656723182,2249,415,918,90,867,91,705,324,38,24,281,86,79,68,249,156,221,45,606,218,203,85,84,50,0,48,704,537,0,16,0,12,0,16,7,8,0,12,31.3,13.2,3.3,2.2,32.4,9.3,5.8,4.1,11.1,6.0,9.8,2.0,26.9,7.3,9.1,3.4,9.7,5.7,0.0,2.4,31.3,23.2,0.0,1.7,0.0,3.7,0.0,1.8,0.8,0.9,0.0,0.5,0.7306,0.386,0.78,0.3662,0.8607,3.1235,0.6943,0.1183,0.8107,0.1644,0.7679,0.0,1.8613,0.2054,0.7169,0.7169,0.7169,0.0,0.0,0.0,0.0873,0.0,0.0873,0.0114,5.789,0.2298,0,0,0,0,0,0,0,0,0,0,0,0,0,0,0,0,0,0,0,0,0,5497,111,47,341,286,210,128,7,10,0,12,0,12,146,113,0,12,12.8,5.6,15.2,11.0,9.3,5.9,0.3,0.5,0.0,1.5,0.0,1.5,6.5,5.0,0.0,1.5
39,Ohio,OH,39093,Lorain County,39093070901,Census Tract 709.01; Lorain County; Ohio,3.002981278278,2198,534,900,119,739,114,1789,540,60,45,351,104,391,190,80,47,89,34,978,314,302,111,366,100,92,84,1560,566,17,24,0,12,93,90,75,61,37,17,83.0,14.3,9.9,7.4,47.5,12.0,39.7,12.2,3.7,2.4,4.0,1.8,44.5,5.1,14.0,6.2,49.5,11.2,5.1,4.5,71.0,19.1,1.9,2.7,0.0,3.8,12.6,12.0,10.1,8.0,1.7,0.7,0.9968,0.8387,0.9578,0.9946,0.3021,4.09,0.9073,0.0203,0.9971,0.4811,0.9984,0.954,3.4509,0.939,0.9052,0.9052,0.9052,0.3975,0.0,0.9949,0.7232,0.7381,2.8537,0.7803,11.2998,0.9502,1,0,1,1,0,3,0,1,0,1,1,3,1,1,0,0,1,0,0,1,8,2517,181,85,406,185,910,538,6,9,13,23,0,12,225,123,0,12,24.5,11.2,18.5,9.6,41.4,16.2,0.3,0.4,0.6,1.0,0.0,1.6,10.2,5.8,0.0,1.6
39,Ohio,OH,39093,Lorain County,39093070902,Census Tract 709.02; Lorain County; Ohio,2.65130258819,3636,405,1975,128,1795,165,1268,435,97,80,716,198,203,85,415,242,724,98,605,227,777,252,143,104,74,101,1599,530,389,109,407,90,0,16,208,116,15,3,34.9,11.3,6.0,4.7,39.9,10.4,7.9,3.3,11.4,6.3,19.9,3.2,16.6,5.0,21.4,7.2,8.0,5.7,2.2,2.9,44.0,13.7,19.7,5.4,20.6,4.2,0.0,0.9,11.6,6.1,0.4,0.1,0.7791,0.6559,0.8937,0.5076,0.8721,3.7084,0.8254,0.6569,0.1874,0.8493,0.6851,0.8491,3.2278,0.894,0.8006,0.8006,0.8006,0.8406,0.9616,0.0,0.7705,0.5374,3.1101,0.8597,10.8469,0.9213,0,0,0,0,0,0,0,0,0,0,0,0,0,0,0,1,0,0,0,1,1,1307,234,98,569,159,709,399,105,89,0,12,0,12,128,87,88,96,13.0,5.3,15.6,4.2,19.5,9.5,2.9,2.5,0.0,1.0,0.0,1.0,3.5,2.4,2.4,2.7
39,Ohio,OH,39093,Lorain County,39093071100,Census Tract 711; Lorain County; Ohio,0.80446861363,4730,536,1902,169,1780,169,690,358,32,30,266,117,259,108,292,167,801,189,981,207,451,149,138,91,0,48,686,751,11,20,0,12,0,16,41,36,0,12,14.6,7.4,1.1,1.0,14.9,6.4,8.4,3.4,6.2,3.4,16.9,3.7,20.7,3.4,9.5,3.0,7.8,5.1,0.0,1.1,14.5,15.8,0.6,1.1,0.0,1.8,0.0,0.9,2.3,2.0,0.0,0.3,0.3494,0.0803,0.1857,0.5428,0.5659,1.7241,0.2857,0.4575,0.4315,0.1872,0.6749,0.0,1.7511,0.1603,0.4816,0.4816,0.4816,0.2886,0.0,0.0,0.2429,0.0,0.5315,0.0394,4.4883,0.0949,0,0,0,0,0,0,0,0,0,0,0,0,0,0,0,0,0,0,0,0,0,3997,169,99,184,141,319,243,15,31,0,12,0,12,168,144,0,12,9.5,5.5,3.9,2.8,6.7,5.2,0.3,0.7,0.0,0.7,0.0,0.7,3.6,3.0,0.0,0.7
39,Ohio,OH,39093,Lorain County,39093071201,Census Tract 712.01; Lorain County; Ohio,0.607252345254,3988,572,2083,184,1798,203,1320,465,88,76,643,179,468,211,475,323,728,134,973,288,862,258,297,130,0,48,872,773,502,168,0,12,17,30,263,115,0,12,33.1,10.6,5.0,3.9,35.8,9.1,17.6,7.5,11.9,6.9,18.3,3.9,24.4,5.1,21.6,5.3,16.5,7.0,0.0,1.3,21.9,19.1,24.1,7.8,0.0,1.7,0.9,1.7,14.6,6.1,0.0,0.3,0.7575,0.58,0.833,0.8735,0.8842,3.9282,0.8749,0.5549,0.6782,0.8566,0.9229,0.0,3.0126,0.8286,0.616,0.616,0.616,0.881,0.0,0.5384,0.8292,0.0,2.2486,0.5238,9.8054,0.8273,0,0,0,0,0,0,0,0,0,1,0,1,0,0,0,0,0,0,0,0,1,1972,301,104,446,162,287,199,0,12,0,12,0,12,139,109,0,12,16.7,5.3,11.2,3.8,7.2,5.0,0.0,0.9,0.0,0.9,0.0,0.9,3.5,2.5,0.0,0.9
39,Ohio,OH,39093,Lorain County,39093071202,Census Tract 712.02; Lorain County; Ohio,1.459611120454,3817,428,1764,149,1602,176,464,201,51,37,410,144,185,83,298,152,903,195,610,160,405,124,59,42,24,54,520,605,21,25,40,50,31,31,74,62,94,3,12.5,5.2,2.5,1.7,25.6,8.5,6.2,2.8,8.0,4.1,23.7,4.2,16.0,3.3,10.9,3.2,3.7,2.6,0.7,1.5,13.6,15.8,1.2,1.4,2.3,2.9,1.9,1.9,4.6,3.8,2.5,0.3,0.2847,0.2657,0.6032,0.3966,0.7166,2.2668,0.4451,0.824,0.1623,0.2752,0.34,0.6367,2.2382,0.3975,0.4607,0.4607,0.4607,0.3483,0.7114,0.7219,0.4419,0.7949,3.0184,0.8368,7.9841,0.5835,0,0,0,0,0,0,0,0,0,0,0,0,0,0,0,0,0,0,0,0,0,5869,238,116,261,151,168,131,65,67,0,12,0,12,26,32,0,12,14.9,6.6,6.8,3.8,4.4,3.4,1.7,1.7,0.0,0.9,0.0,0.9,0.7,0.8,0.0,0.9
39,Ohio,OH,39093,Lorain County,39093071300,Census Tract 713; Lorain County; Ohio,2.462069750868,4550,580,1961,259,1845,255,1249,382,207,153,596,246,286,161,268,217,842,186,1109,226,847,241,132,81,40,68,815,861,18,16,297,128,0,16,264,217,0,12,27.5,7.6,9.3,7.0,32.3,12.6,9.4,5.3,5.9,4.9,18.5,3.9,24.4,3.4,18.6,5.1,7.1,4.3,0.9,1.6,17.9,18.8,0.9,0.8,15.1,6.7,0.0,0.9,14.3,10.5,0.0,0.3,0.6699,0.8257,0.7787,0.5999,0.537,3.4112,0.759,0.5698,0.6782,0.7407,0.626,0.6855,3.3002,0.9098,0.5558,0.5558,0.5558,0.3181,0.9292,0.0,0.8241,0.0,2.0714,0.4457,9.3386,0.773,0,0,0,0,0,0,0,0,0,0,0,0,0,0,0,1,0,0,0,1,1,1796,383,183,65,67,502,285,0,12,32,34,0,12,216,168,0,12,20.8,8.1,1.4,1.5,11.0,6.1,0.0,0.8,0.7,0.8,0.0,0.8,4.7,3.8,0.0,0.8
39,Ohio,OH,39093,Lorain County,39093071400,Census Tract 714; Lorain County; Ohio,0.951654170948,3064,588,1610,254,1414,267,1719,406,83,66,582,195,582,198,283,192,569,353,801,245,818,281,254,152,7,48,1731,769,333,147,0,12,39,43,297,162,42,3,56.1,7.7,7.1,5.7,41.2,11.4,28.9,9.3,9.2,5.7,18.6,9.9,26.1,6.8,26.7,7.2,18.0,10.2,0.3,1.8,56.5,22.6,20.7,8.5,0.0,2.1,2.8,3.0,21.0,10.8,1.4,0.3,0.9432,0.7283,0.9092,0.9769,0.7813,4.3389,0.9492,0.5767,0.7736,0.9556,0.9362,0.4968,3.7389,0.98,0.8507,0.8507,0.8507,0.854,0.0,0.826,0.9102,0.7029,3.2931,0.8971,12.2216,0.9886,1,0,1,1,0,3,0,0,1,1,0,2,0,0,0,0,0,1,0,1,6,2138,543,198,1077,318,190,133,7,13,26,33,0,12,431,225,0,12,38.4,12.8,35.2,8.1,6.2,4.6,0.2,0.4,0.8,1.1,0.0,1.1,14.1,7.4,0.0,1.1
39,Ohio,OH,39093,Lorain County,39093071500,Census Tract 715; Lorain County; Ohio,6.790158112472,2078,250,744,143,720,141,224,115,27,24,146,112,357,127,195,142,443,150,293,60,282,111,21,19,18,53,365,360,0,16,0,12,4,13,6,9,310,23,13.0,6.4,3.2,2.8,20.3,15.0,22.6,7.4,11.0,7.7,21.3,6.4,14.1,2.6,16.0,6.2,2.9,2.6,0.9,2.6,17.6,17.2,0.0,2.2,0.0,4.6,0.6,1.8,0.8,1.2,14.9,2.1,0.3043,0.3711,0.4086,0.9369,0.8566,2.8775,0.6238,0.7251,0.1056,0.6039,0.2473,0.6855,2.3674,0.4781,0.5491,0.5491,0.5491,0.0,0.0,0.4632,0.0873,0.9683,1.5188,0.2362,7.3128,0.473,0,0,0,1,0,1,0,0,0,0,0,0,0,0,0,0,0,0,1,1,2,2101,135,113,107,45,126,102,0,12,7,13,0,12,125,135,0,12,18.8,13.5,5.1,2.2,6.1,4.7,0.0,1.7,0.3,0.6,0.0,1.7,6.0,6.5,0.0,1.7
39,Ohio,OH,39093,Lorain County,39093077100,Census Tract 771; Lorain County; Ohio,14.33253674373,3606,363,1473,125,1413,129,482,327,60,44,167,77,218,128,136,92,806,161,616,136,378,133,61,37,6,47,236,516,18,19,0,12,30,43,30,25,8,2,13.4,9.0,3.4,2.7,11.8,5.3,7.9,4.4,3.8,2.4,22.4,4.3,17.1,2.9,10.5,3.5,4.3,2.6,0.2,1.3,6.5,14.3,1.2,1.3,0.0,2.3,2.1,3.0,2.1,1.8,0.2,0.1,0.3164,0.3975,0.0924,0.5076,0.3113,1.6252,0.2616,0.7663,0.2096,0.2453,0.407,0.4556,2.0838,0.3149,0.215,0.215,0.215,0.3483,0.0,0.7448,0.2248,0.4356,1.7535,0.3184,5.6775,0.2117,0,0,0,0,0,0,0,0,0,0,0,0,0,0,0,0,0,0,0,0,0,1953,228,136,0,12,43,40,0,12,0,12,0,12,193,167,0,12,16.1,8.8,0.0,1.0,1.2,1.1,0.0,1.0,0.0,1.0,0.0,1.0,5.4,4.6,0.0,1.0
39,Ohio,OH,39093,Lorain County,39093080101,Census Tract 801.01; Lorain County; Ohio,0.752164920098,2182,343,949,119,916,108,161,83,18,13,140,50,113,49,136,97,665,143,375,153,261,88,19,19,0,48,215,471,0,16,0,12,0,16,43,43,0,12,7.4,3.6,1.7,1.3,15.3,5.2,6.8,2.9,6.2,4.4,30.5,5.8,17.2,5.2,12.0,3.3,2.1,2.1,0.0,2.3,9.9,21.5,0.0,1.7,0.0,3.6,0.0,1.7,4.7,4.5,0.0,0.5,0.1317,0.1492,0.2003,0.4344,0.5659,1.4815,0.2206,0.9632,0.2153,0.3523,0.1673,0.0,1.6981,0.1416,0.3542,0.3542,0.3542,0.0,0.0,0.0,0.4479,0.0,0.4479,0.0302,3.9817,0.0524,0,0,0,0,0,0,1,0,0,0,0,1,0,0,0,0,0,0,0,0,1,1224,64,32,15,17,77,49,42,41,0,12,0,12,81,68,0,12,7.0,3.4,0.7,0.8,3.5,2.2,1.9,1.9,0.0,1.6,0.0,1.6,3.7,3.0,0.0,1.6
39,Ohio,OH,39093,Lorain County,39093080103,Census Tract 801.03; Lorain County; Ohio,1.18394896433,4491,671,1951,217,1849,201,556,246,83,69,342,103,328,186,249,148,770,110,837,164,918,424,167,86,99,102,703,948,481,227,0,12,0,16,109,75,93,2,12.6,5.2,3.3,2.7,18.5,5.2,10.3,5.8,5.7,3.4,17.1,3.7,18.6,3.8,20.9,7.3,9.0,4.5,2.3,2.4,15.7,21.0,24.7,11.3,0.0,1.8,0.0,0.9,5.9,4.2,2.1,0.3,0.2897,0.386,0.3324,0.6544,0.5176,2.1801,0.42,0.4677,0.2892,0.8328,0.7349,0.8548,3.1794,0.8794,0.5101,0.5101,0.5101,0.8848,0.0,0.0,0.5349,0.7644,2.1841,0.4949,8.0537,0.5933,0,0,0,0,0,0,0,0,0,0,0,0,0,0,0,0,0,0,0,0,0,2608,178,85,27,23,400,211,50,51,6,9,0,12,220,125,0,12,9.6,4.6,0.6,0.5,8.9,4.8,1.1,1.1,0.1,0.2,0.0,0.8,4.9,2.8,0.0,0.8
39,Ohio,OH,39093,Lorain County,39093080104,Census Tract 801.04; Lorain County; Ohio,1.303840585166,3488,323,1347,118,1347,118,640,256,86,70,284,99,258,98,236,123,637,99,735,139,547,107,65,50,16,48,157,453,0,16,10,16,0,16,10,16,0,12,18.4,7.2,4.9,4.1,21.1,7.1,9.9,3.7,6.8,3.3,18.3,2.8,21.1,3.3,15.7,3.1,4.8,3.7,0.5,1.5,4.5,13.0,0.0,1.2,0.7,1.2,0.0,1.2,0.7,1.2,0.0,0.3,0.4656,0.5711,0.4403,0.6319,0.6211,2.73,0.5813,0.5549,0.4569,0.5874,0.4565,0.5796,2.6353,0.6448,0.1297,0.1297,0.1297,0.0,0.6003,0.0,0.0762,0.0,0.6765,0.0549,6.1715,0.2851,0,0,0,0,0,0,0,0,0,0,0,0,0,0,0,0,0,0,0,0,0,2006,177,76,26,32,76,65,8,11,0,12,0,12,22,33,25,43,13.1,5.6,0.7,0.9,2.2,1.8,0.2,0.3,0.0,1.0,0.0,1.0,0.6,0.9,0.7,1.2
39,Ohio,OH,39093,Lorain County,39093080500,Census Tract 805; Lorain County; Ohio,7.637587137336,8665,990,3253,273,3118,293,804,478,175,104,604,236,118,85,233,236,1348,191,2432,656,948,331,92,114,41,82,1251,1407,100,108,90,115,0,24,145,80,137,7,9.5,5.5,4.1,2.4,19.4,7.3,2.0,1.4,2.7,2.6,15.6,2.5,28.1,5.1,11.1,4.0,3.0,3.6,0.5,1.0,14.4,16.2,3.1,3.3,2.8,3.5,0.0,0.8,4.7,2.6,1.6,0.2,0.192,0.4867,0.3708,0.0881,0.1888,1.3264,0.1781,0.3763,0.857,0.2882,0.2619,0.5796,2.363,0.4743,0.48,0.48,0.48,0.4765,0.7263,0.0,0.4479,0.727,2.3777,0.5813,6.5471,0.3505,0,0,0,0,0,0,0,0,0,0,0,0,0,0,0,0,0,0,0,0,0,4775,44,50,186,158,858,320,58,83,0,17,0,17,141,115,8,12,1.4,1.6,2.1,1.8,9.9,3.7,0.7,1.0,0.0,0.4,0.0,0.4,1.6,1.3,0.1,0.1
39,Ohio,OH,39093,Lorain County,39093080600,Census Tract 806; Lorain County; Ohio,4.16357145771,5587,840,2164,198,2065,205,924,563,131,85,485,212,130,75,126,103,959,232,1444,418,496,173,204,138,0,68,471,1190,39,36,291,143,0,24,31,20,6,10,16.6,9.8,4.5,2.7,23.5,10.0,3.6,2.1,2.3,1.9,17.2,4.5,25.8,6.1,9.0,2.9,9.8,6.6,0.0,1.3,8.4,21.3,1.8,1.7,13.4,6.2,0.0,1.2,1.5,1.0,0.1,0.2,0.4116,0.534,0.5254,0.1966,0.1492,1.8168,0.3117,0.4765,0.7562,0.1593,0.7705,0.0,2.1625,0.3559,0.2977,0.2977,0.2977,0.3917,0.9146,0.0,0.1597,0.3694,1.8354,0.3498,6.1124,0.2765,0,0,0,0,0,0,0,0,0,0,0,0,0,0,0,1,0,0,0,1,1,7451,120,88,146,253,222,199,34,52,0,17,12,22,57,79,0,17,5.8,4.3,2.6,4.4,4.0,3.5,0.6,0.9,0.0,0.6,0.2,0.4,1.0,1.4,0.0,0.6
39,Ohio,OH,39093,Lorain County,39093080701,Census Tract 807.01; Lorain County; Ohio,4.276805907862,5454,897,2113,270,2113,270,163,96,36,44,240,105,49,40,297,361,1272,254,1572,525,507,149,112,68,0,68,604,1170,0,24,14,21,0,24,27,30,8,2,3.0,1.7,1.5,1.9,11.4,4.8,1.3,1.1,5.5,6.6,23.3,5.8,28.8,5.8,9.4,3.2,5.3,3.1,0.0,1.3,11.1,21.4,0.0,1.1,0.7,1.0,0.0,1.1,1.3,1.5,0.1,0.0,0.0238,0.1251,0.0803,0.0488,0.5005,0.7785,0.0594,0.806,0.8808,0.1787,0.5022,0.0,2.3677,0.4784,0.3909,0.3909,0.3909,0.0,0.6003,0.0,0.1349,0.3694,1.1046,0.1254,4.6417,0.1067,0,0,0,0,0,0,0,0,0,0,0,0,0,0,0,0,0,0,0,0,0,3160,118,62,41,49,259,252,83,105,0,17,0,17,221,165,0,17,5.6,3.1,0.8,0.9,4.7,4.1,1.5,1.9,0.0,0.6,0.0,0.6,4.1,3.1,0.0,0.6
39,Ohio,OH,39093,Lorain County,39093080702,Census Tract 807.02; Lorain County; Ohio,4.124318011778,5614,460,2249,174,2106,162,95,85,50,60,210,103,69,55,35,42,1258,178,1071,186,658,197,54,51,0,68,676,672,86,98,0,17,0,24,6,10,0,17,1.7,1.5,1.6,1.9,10.0,4.8,1.7,1.3,0.6,0.7,22.4,3.0,19.1,2.9,11.7,3.5,2.6,2.4,0.0,1.3,12.0,11.9,3.8,4.3,0.0,1.5,0.0,1.1,0.3,0.5,0.0,0.3,0.0089,0.1346,0.0495,0.0694,0.0187,0.2811,0.0057,0.7663,0.3256,0.3291,0.2187,0.0,1.6397,0.1225,0.4169,0.4169,0.4169,0.5067,0.0,0.0,0.0438,0.0,0.5505,0.0422,2.8882,0.0098,0,0,0,0,0,0,0,0,0,0,0,0,0,0,0,0,0,0,0,0,0,2792,204,122,120,142,509,361,25,38,0,17,0,17,22,38,0,17,9.7,5.5,2.1,2.5,9.1,6.3,0.4,0.7,0.0,0.6,0.0,0.6,0.4,0.7,0.0,0.6
39,Ohio,OH,39093,Lorain County,39093090100,Census Tract 901; Lorain County; Ohio,10.535384578264,3951,271,1566,150,1536,155,328,197,50,40,314,159,118,58,90,68,906,179,791,166,251,94,30,33,7,51,266,407,0,16,0,12,0,16,17,18,79,7,8.4,5.0,2.6,2.1,20.4,10.1,4.0,2.0,2.3,1.8,22.9,4.6,20.0,3.8,6.5,2.4,2.0,2.1,0.2,1.3,6.7,10.3,0.0,1.0,0.0,2.2,0.0,1.0,1.1,1.2,2.0,0.1,0.1568,0.2822,0.413,0.2283,0.1492,1.2295,0.1524,0.7885,0.3836,0.0549,0.159,0.4556,1.8416,0.1997,0.2229,0.2229,0.2229,0.0,0.0,0.0,0.1194,0.7584,0.8778,0.0863,4.1718,0.0683,0,0,0,0,0,0,0,0,0,0,0,0,0,0,0,0,0,0,0,0,0,1719,164,93,11,25,56,62,40,56,0,12,0,12,156,138,3,7,10.7,6.2,0.3,0.6,1.4,1.6,1.0,1.4,0.0,0.9,0.0,0.9,3.9,3.5,0.1,0.2
39,Ohio,OH,39093,Lorain County,39093090200,Census Tract 902; Lorain County; Ohio,14.96766102016,3582,274,1495,137,1390,132,391,174,53,42,302,129,170,85,204,101,902,171,580,110,495,105,23,35,0,48,219,398,0,16,0,12,0,16,50,39,0,12,11.0,4.8,2.8,2.2,21.7,9.0,6.4,3.1,5.7,2.8,25.2,4.6,16.2,2.7,13.8,3.1,1.7,2.5,0.0,1.4,6.1,11.1,0.0,1.1,0.0,2.3,0.0,1.2,3.6,2.7,0.0,0.3,0.2415,0.3133,0.4616,0.4112,0.5176,1.9452,0.3473,0.8744,0.1703,0.4675,0.1337,0.0,1.6459,0.1238,0.1972,0.1972,0.1972,0.0,0.0,0.0,0.3638,0.0,0.3638,0.0251,4.1521,0.0663,0,0,0,0,0,0,0,0,0,0,0,0,0,0,0,0,0,0,0,0,0,3153,217,115,0,12,78,80,11,19,0,12,0,12,130,120,0,12,15.6,7.5,0.0,1.0,2.2,2.3,0.3,0.5,0.0,1.0,0.0,1.0,3.6,3.3,0.0,1.0
39,Ohio,OH,39093,Lorain County,39093091100,Census Tract 911; Lorain County; Ohio,12.889287081628,3298,391,1761,268,1672,270,389,172,65,60,607,251,294,117,273,210,1079,249,421,128,499,149,62,64,0,48,369,554,130,93,0,12,26,37,128,94,0,12,11.9,5.1,4.1,3.7,36.3,13.8,10.9,4.3,8.3,6.2,32.7,6.6,12.8,3.6,15.1,4.4,3.7,3.8,0.0,1.5,11.2,16.7,7.4,5.2,0.0,2.0,1.6,2.2,7.7,5.5,0.0,0.4,0.2682,0.4867,0.8397,0.6823,0.7363,3.0132,0.6644,0.9784,0.0751,0.5528,0.34,0.0,1.9463,0.2454,0.3944,0.3944,0.3944,0.6311,0.0,0.6794,0.634,0.0,1.9445,0.3959,7.2984,0.4705,0,0,0,0,0,0,1,0,0,0,0,1,0,0,0,0,0,0,0,0,1,3338,252,148,42,36,47,42,22,34,43,45,0,12,215,218,0,12,15.1,8.0,1.3,1.1,1.4,1.2,0.7,1.0,1.3,1.4,0.0,1.1,6.5,6.5,0.0,1.1
39,Ohio,OH,39093,Lorain County,39093091200,Census Tract 912; Lorain County; Ohio,12.092794563114,3677,341,1071,117,1056,120,515,321,28,37,221,92,476,142,142,101,726,169,351,77,620,225,12,19,20,56,683,496,0,16,0,12,0,16,36,36,1077,84,19.8,12.1,2.4,3.1,20.9,8.4,15.2,3.8,5.5,3.7,19.7,4.6,9.5,2.0,23.9,7.6,1.1,1.8,0.6,1.5,18.6,13.4,0.0,1.5,0.0,3.2,0.0,1.5,3.4,3.4,29.3,3.5,0.5014,0.2514,0.4314,0.8228,0.5005,2.5075,0.513,0.6468,0.0403,0.9121,0.0829,0.6088,2.2909,0.4298,0.5669,0.5669,0.5669,0.0,0.0,0.0,0.3438,0.9829,1.3267,0.1816,6.692,0.3778,0,0,0,0,0,0,0,0,1,0,0,1,0,0,0,0,0,0,1,1,2,3171,178,91,411,94,124,83,0,12,2,6,0,12,146,51,0,12,16.9,8.4,11.2,2.5,3.4,2.3,0.0,0.9,0.1,0.2,0.0,0.9,4.0,1.5,0.0,0.9
39,Ohio,OH,39093,Lorain County,39093092100,Census Tract 921; Lorain County; Ohio,26.699930910264,2345,301,982,110,899,117,342,187,44,28,162,75,55,27,78,54,584,154,406,106,237,73,15,19,9,46,142,417,0,16,0,12,14,19,31,28,0,12,14.6,7.8,3.8,2.3,18.0,8.0,3.1,1.6,3.3,2.2,24.9,6.2,17.3,3.6,10.1,3.0,1.7,2.1,0.4,2.0,6.1,17.8,0.0,1.6,0.0,3.5,1.6,2.1,3.4,3.1,0.0,0.5,0.3494,0.4524,0.3114,0.1579,0.2634,1.5345,0.2327,0.8618,0.2194,0.2222,0.1337,0.5412,1.9783,0.2625,0.1972,0.1972,0.1972,0.0,0.0,0.6794,0.3438,0.0,1.0232,0.1092,4.7332,0.1162,0,0,0,0,0,0,0,0,0,0,0,0,0,0,0,0,0,0,0,0,0,2282,146,79,4,6,64,52,0,12,0,12,0,12,41,37,33,51,16.2,8.1,0.2,0.2,2.7,2.2,0.0,1.5,0.0,1.5,0.0,1.5,1.7,1.5,1.4,2.1
39,Ohio,OH,39093,Lorain County,39093093100,Census Tract 931; Lorain County; Ohio,45.027310221092,3026,431,1123,107,1087,105,766,466,111,70,329,114,194,76,202,124,686,141,537,140,557,154,13,15,0,48,370,539,13,19,7,8,26,42,25,19,5,2,25.3,15.0,9.1,5.4,30.3,10.1,9.2,3.4,6.7,4.1,22.7,4.9,17.7,3.9,18.4,4.0,1.2,1.4,0.0,1.7,12.2,17.7,1.2,1.7,0.6,0.8,2.4,3.9,2.3,1.7,0.2,0.1,0.6306,0.8178,0.734,0.5875,0.6109,3.3808,0.7521,0.7819,0.2419,0.7318,0.0937,0.0,1.8493,0.2019,0.4226,0.4226,0.4226,0.3483,0.5876,0.7787,0.2429,0.4356,2.3931,0.5911,8.0458,0.5917,0,0,0,0,0,0,0,0,0,0,0,0,0,0,0,0,0,0,0,0,0,2372,95,53,0,12,96,99,16,25,0,12,0,12,248,204,10,16,8.7,4.8,0.0,1.1,3.2,3.2,0.5,0.9,0.0,1.1,0.0,1.1,8.2,6.1,0.3,0.5
39,Ohio,OH,39093,Lorain County,39093094101,Census Tract 941.01; Lorain County; Ohio,34.542008477656,5358,683,2062,197,1873,192,763,396,191,167,413,152,210,100,132,101,907,246,1201,323,730,184,20,36,0,68,414,885,0,24,63,56,46,39,0,17,117,8,14.4,7.2,7.3,5.8,22.1,7.8,5.4,2.5,2.5,1.9,16.9,5.0,22.4,4.3,13.7,3.9,1.1,1.9,0.0,1.4,7.7,16.5,0.0,1.2,3.1,2.7,2.5,2.1,0.0,1.8,2.2,0.3,0.3437,0.7387,0.4768,0.3339,0.1692,2.0623,0.3844,0.4575,0.5466,0.4589,0.0829,0.0,1.5459,0.1,0.2666,0.2666,0.2666,0.0,0.7371,0.7902,0.0,0.773,2.3003,0.5486,6.1751,0.2857,0,0,0,0,0,0,0,0,0,0,0,0,0,0,0,0,0,0,0,0,0,3037,307,156,120,162,180,141,0,17,0,17,0,17,114,86,0,17,16.4,7.5,2.2,2.8,3.4,2.6,0.0,0.6,0.0,0.6,0.0,0.6,2.1,1.6,0.0,0.6
39,Ohio,OH,39093,Lorain County,39093094102,Census Tract 941.02; Lorain County; Ohio,12.949806639618,3579,262,1342,142,1314,139,280,114,96,51,230,103,122,54,143,105,691,83,811,123,466,148,53,37,3,46,473,388,10,20,0,12,0,16,35,34,10,2,7.9,3.2,5.3,2.8,17.5,7.6,4.9,2.1,4.0,2.9,19.3,2.1,22.7,2.8,13.0,4.0,4.0,2.8,0.1,1.3,13.2,10.8,0.7,1.5,0.0,2.6,0.0,1.2,2.7,2.5,0.3,0.1,0.1457,0.6057,0.2905,0.2955,0.3377,1.6751,0.2721,0.6208,0.5669,0.4129,0.3743,0.4245,2.3994,0.4984,0.4509,0.4509,0.4509,0.2994,0.0,0.0,0.2752,0.4924,1.067,0.1165,5.5924,0.1994,0,0,0,0,0,0,0,0,0,0,0,0,0,0,0,0,0,0,0,0,0,2653,53,26,3,4,390,211,9,14,0,12,0,12,71,51,0,12,4.0,2.0,0.1,0.1,10.9,5.7,0.3,0.4,0.0,1.0,0.0,1.0,2.0,1.4,0.0,1.0
39,Ohio,OH,39093,Lorain County,39093095100,Census Tract 951; Lorain County; Ohio,28.153891427948,7761,266,2063,260,1956,260,506,177,89,62,388,121,688,165,102,65,1140,194,1151,263,761,209,76,43,60,70,1880,503,31,30,0,17,4,18,75,77,2047,165,8.9,3.1,2.7,1.8,19.8,5.6,12.0,2.8,1.8,1.1,14.7,2.5,14.8,3.1,13.5,3.5,3.8,2.1,0.8,0.9,24.2,6.4,1.5,1.4,0.0,1.7,0.2,0.9,3.8,3.9,26.4,1.9,0.1765,0.2968,0.3863,0.7207,0.1022,1.6825,0.2746,0.3282,0.123,0.4478,0.3502,0.6636,1.9128,0.2273,0.6462,0.6462,0.6462,0.3717,0.0,0.3905,0.38,0.9807,2.1229,0.4727,6.3644,0.3178,0,0,0,0,0,0,0,0,0,0,0,0,0,0,0,0,0,0,1,1,1,8446,268,125,701,156,641,307,43,68,22,20,0,17,469,209,4,7,13.7,5.8,9.0,2.1,8.3,4.0,0.6,0.9,0.3,0.3,0.0,0.4,6.0,2.7,0.1,0.1
39,Ohio,OH,39093,Lorain County,39093096100,Census Tract 961; Lorain County; Ohio,22.169505023356,6158,19,2445,442,2258,448,962,428,51,46,505,197,403,135,350,202,1018,275,1596,693,814,239,58,56,0,68,247,146,86,76,144,112,90,93,173,91,122,6,15.8,7.0,1.7,1.5,22.4,7.5,10.2,3.0,5.7,3.3,16.5,4.5,25.9,11.3,13.3,3.9,2.5,2.4,0.0,1.2,4.0,2.4,3.5,3.0,5.9,4.5,4.0,4.0,7.7,4.8,2.0,0.1,0.385,0.1492,0.486,0.65,0.5176,2.1878,0.4232,0.4306,0.7625,0.4361,0.2114,0.0,1.8406,0.1987,0.1046,0.1046,0.1046,0.4943,0.8051,0.8952,0.634,0.7584,3.587,0.9511,7.72,0.5356,0,0,0,0,0,0,0,0,0,0,0,0,0,0,0,0,0,0,0,0,0,6066,298,139,0,17,65,65,59,66,0,17,0,17,123,89,0,17,13.2,5.3,0.0,0.6,1.1,1.1,1.0,1.1,0.0,0.6,0.0,0.6,2.0,1.5,0.0,0.6
39,Ohio,OH,39093,Lorain County,39093097100,Census Tract 971; Lorain County; Ohio,59.640516863886,2986,390,1178,107,1107,110,191,110,13,17,273,97,216,85,247,119,560,94,648,199,352,109,6,15,0,48,246,560,0,16,11,18,0,16,51,46,0,12,6.4,3.6,0.9,1.2,24.7,8.4,9.8,3.8,8.3,4.1,18.8,3.8,21.7,4.4,11.8,4.2,0.5,1.4,0.0,1.7,8.2,18.7,0.0,1.4,0.9,1.6,0.0,1.4,4.6,4.2,0.0,0.4,0.0984,0.0654,0.567,0.6252,0.7363,2.0923,0.3962,0.5888,0.4965,0.3351,0.0473,0.0,1.4677,0.0813,0.2892,0.2892,0.2892,0.0,0.6187,0.0,0.4419,0.0,1.0606,0.1159,4.9098,0.1311,0,0,0,0,0,0,0,0,0,0,0,0,0,0,0,0,0,0,0,0,0,1003,145,64,21,32,208,182,0,12,0,12,0,12,10,11,7,10,13.1,6.2,0.7,1.1,7.0,5.9,0.0,1.2,0.0,1.2,0.0,1.2,0.3,0.4,0.2,0.4
39,Ohio,OH,39093,Lorain County,39093097201,Census Tract 972.01; Lorain County; Ohio,5.129767002182,4248,442,1754,200,1619,201,492,240,55,64,262,128,214,89,376,193,561,115,1031,153,368,146,70,65,9,51,1081,622,457,217,57,66,163,175,131,96,164,8,12.3,5.9,2.2,2.5,16.2,7.6,8.2,3.5,9.2,4.3,13.2,2.5,24.3,3.4,9.0,3.8,4.3,4.0,0.2,1.2,25.4,14.4,26.0,12.0,3.2,3.9,10.1,10.7,8.1,6.1,3.9,0.4,0.2786,0.2238,0.2371,0.526,0.7813,2.0468,0.3813,0.2457,0.6734,0.1593,0.407,0.4556,1.941,0.2413,0.6614,0.6614,0.6614,0.894,0.7413,0.9917,0.6505,0.87,4.1475,0.994,8.7967,0.7006,0,0,0,0,0,0,0,0,0,0,0,0,0,0,0,0,1,0,0,1,1,5597,287,203,129,136,688,269,0,12,9,16,0,12,174,135,81,34,17.7,11.4,3.0,3.3,16.2,5.7,0.0,0.8,0.2,0.4,0.0,0.8,4.1,3.2,1.9,0.8
39,Ohio,OH,39093,Lorain County,39093097202,Census Tract 972.02; Lorain County; Ohio,2.060425987062,5454,502,2426,207,2196,210,784,405,87,101,478,189,301,166,233,192,1297,299,1058,152,1032,322,129,127,22,76,1980,769,328,164,0,17,0,24,168,99,36,5,14.4,7.3,2.9,3.3,21.8,8.4,7.4,4.0,4.3,3.4,23.8,5.1,19.4,2.9,18.9,5.6,5.9,5.8,0.4,1.5,36.3,13.7,13.6,6.7,0.0,1.4,0.0,1.1,7.7,4.4,0.7,0.1,0.3437,0.327,0.4657,0.4775,0.3659,1.9798,0.3603,0.8269,0.3453,0.7566,0.5463,0.5412,3.0163,0.8298,0.7521,0.7521,0.7521,0.7568,0.0,0.0,0.634,0.6243,2.0151,0.4229,7.7633,0.5435,0,0,0,0,0,0,0,0,0,0,0,0,0,0,0,0,0,0,0,0,0,2611,508,204,335,221,1243,319,2,5,0,17,0,17,400,275,0,17,23.1,9.1,6.1,4.2,22.8,5.7,0.0,0.1,0.0,0.6,0.0,0.6,7.3,5.0,0.0,0.6
39,Ohio,OH,39093,Lorain County,39093097300,Census Tract 973; Lorain County; Ohio,0.849246406978,2564,514,1437,155,1099,184,1773,503,60,45,565,159,469,179,170,134,381,118,768,296,423,147,172,97,138,111,2032,555,256,124,0,12,38,45,236,111,70,9,70.1,13.9,6.2,4.6,51.4,11.6,29.1,9.3,6.7,5.4,14.9,4.7,30.0,7.3,16.6,5.4,15.7,8.4,5.8,4.5,79.3,14.7,17.8,8.4,0.0,2.4,3.4,4.1,21.5,9.4,2.7,0.6,0.9838,0.6698,0.9756,0.9781,0.6109,4.2182,0.9321,0.3377,0.9138,0.6407,0.9133,0.9629,3.7684,0.9838,0.9321,0.9321,0.9321,0.8184,0.0,0.8708,0.9149,0.8085,3.4126,0.9213,12.3313,0.9911,1,0,1,1,0,3,0,1,0,1,1,3,1,1,0,0,0,1,0,1,8,3186,373,111,926,342,897,329,9,15,33,34,0,12,100,80,67,103,33.9,8.9,36.1,11.7,35.0,9.7,0.4,0.6,1.3,1.4,0.0,1.4,3.9,3.0,2.6,4.0
39,Ohio,OH,39093,Lorain County,39093097401,Census Tract 974.01; Lorain County; Ohio,2.63314035011,5644,858,2199,278,2186,279,350,175,84,80,418,176,35,52,48,54,1156,221,1547,422,209,113,40,47,0,68,219,1228,42,65,0,17,0,24,0,17,6,2,6.2,3.0,3.0,2.9,19.1,7.7,0.9,1.3,0.9,1.0,20.5,5.0,27.4,4.1,3.7,2.0,1.8,2.1,0.0,1.2,3.9,21.7,1.9,2.9,0.0,1.6,0.0,1.1,0.0,1.6,0.1,0.0,0.092,0.3403,0.359,0.0289,0.0349,0.8551,0.073,0.6909,0.832,0.0067,0.1419,0.0,1.6715,0.1324,0.1008,0.1008,0.1008,0.3975,0.0,0.0,0.0,0.3694,0.7669,0.0686,3.3943,0.0257,0,0,0,0,0,0,0,0,0,0,0,0,0,0,0,0,0,0,0,0,0,2266,213,119,0,17,73,113,98,133,0,17,0,17,48,58,0,17,9.7,5.4,0.0,0.6,1.3,2.0,1.7,2.4,0.0,0.6,0.0,0.6,0.9,1.0,0.0,0.6
39,Ohio,OH,39093,Lorain County,39093097402,Census Tract 974.02; Lorain County; Ohio,1.759421253964,5573,699,2172,150,2086,179,241,238,0,17,379,174,32,49,149,153,1026,217,1458,204,466,250,168,107,0,68,595,1041,114,86,0,17,20,41,141,97,10,3,4.4,4.3,0.0,1.3,18.2,8.2,0.8,1.3,2.7,2.8,18.4,4.2,26.2,4.2,8.4,4.6,8.0,5.1,0.0,1.3,10.7,18.6,5.3,3.9,0.0,1.6,1.0,2.0,6.8,4.7,0.2,0.0,0.0517,0.0,0.3213,0.0241,0.1888,0.5859,0.0317,0.5621,0.779,0.1311,0.6851,0.0,2.1573,0.3537,0.3786,0.3786,0.3786,0.566,0.0,0.5676,0.5879,0.4356,2.1571,0.4838,5.2789,0.1673,0,0,0,0,0,0,0,0,0,0,0,0,0,0,0,0,0,0,0,0,0,3815,170,136,167,198,112,107,149,148,0,17,0,17,167,174,0,17,8.1,6.4,3.0,3.6,2.0,2.0,2.7,2.7,0.0,0.6,0.0,0.6,3.0,3.2,0.0,0.6
39,Ohio,OH,39093,Lorain County,39093097500,Census Tract 975; Lorain County; Ohio,2.555057784344,6229,778,3326,406,3058,430,2369,716,147,98,1135,388,714,240,577,319,1243,222,964,318,1420,419,354,198,245,171,3121,1004,443,318,100,106,16,33,199,160,4,7,38.5,10.6,5.1,3.3,37.1,11.6,15.3,5.2,9.3,4.9,20.0,3.9,15.5,4.2,22.8,5.9,11.6,6.3,4.2,2.9,50.1,14.9,13.4,9.4,3.0,3.2,0.5,1.1,6.5,5.2,0.1,0.1,0.8216,0.5892,0.8543,0.8269,0.7871,3.8791,0.8644,0.663,0.1449,0.8902,0.8289,0.9334,3.4604,0.941,0.8253,0.8253,0.8253,0.7546,0.734,0.4413,0.5695,0.3694,2.8688,0.7857,11.0336,0.933,0,0,0,0,0,0,0,0,0,0,1,1,0,0,0,0,0,0,0,0,1,4810,928,364,684,383,1992,464,0,17,9,14,0,17,259,142,177,171,30.3,10.6,11.0,5.8,32.0,6.6,0.0,0.6,0.1,0.2,0.0,0.6,4.2,2.2,2.8,2.7
39,Ohio,OH,39093,Lorain County,39093097600,Census Tract 976; Lorain County; Ohio,0.625115354284,3115,394,1760,224,1495,216,1752,428,165,86,696,217,560,136,186,88,639,162,541,170,886,230,99,52,81,115,1107,565,616,137,15,23,25,30,296,104,187,11,58.1,12.0,15.5,8.3,46.6,12.9,26.1,6.0,6.2,2.9,20.5,5.4,17.4,4.6,29.4,6.8,6.6,3.3,2.7,3.8,35.5,17.6,35.0,6.4,0.9,1.3,1.7,2.0,19.8,7.2,6.0,0.8,0.9518,0.9419,0.9502,0.9632,0.5659,4.373,0.9565,0.6909,0.2248,0.9775,0.5902,0.8827,3.3661,0.9222,0.7483,0.7483,0.7483,0.9397,0.6187,0.6917,0.8994,0.9252,4.0747,0.9933,12.5621,0.9962,1,1,1,1,0,4,0,0,1,0,0,1,0,0,1,0,0,0,1,2,7,6413,544,127,507,204,242,183,0,12,0,12,0,12,321,160,37,44,36.4,8.8,16.3,6.0,7.8,6.0,0.0,1.1,0.0,1.1,0.0,1.1,10.3,4.9,1.2,1.4
39,Ohio,OH,39095,Lucas County,39095000201,Census Tract 2.01; Lucas County; Ohio,0.234974727364,2638,963,981,161,872,177,1099,974,97,84,303,182,73,57,89,56,250,55,1037,583,298,128,174,79,0,48,1341,983,0,16,13,21,0,16,48,52,0,12,42.9,34.5,7.5,6.4,34.7,19.6,5.1,4.2,3.4,2.3,9.5,4.1,39.3,9.2,11.3,4.2,20.0,8.1,0.0,2.0,50.8,32.3,0.0,1.6,1.3,2.2,0.0,1.8,5.5,5.9,0.0,0.5,0.8623,0.7479,0.8184,0.3098,0.2745,3.0129,0.6641,0.1084,0.9905,0.3028,0.9549,0.0,2.3566,0.4683,0.8288,0.8288,0.8288,0.0,0.6505,0.0,0.5098,0.0,1.1603,0.1368,7.3586,0.4778,0,0,0,0,0,0,0,1,0,1,0,2,0,0,0,0,0,0,0,0,2,794,49,32,1250,955,0,12,4,8,0,12,0,12,76,74,11,29,5.6,3.8,47.4,20.6,0.0,1.3,0.2,0.3,0.0,1.3,0.0,1.3,2.9,3.0,0.4,1.1
39,Ohio,OH,39095,Lucas County,39095000202,Census Tract 2.02; Lucas County; Ohio,0.308114029224,2008,331,756,87,710,99,302,194,142,95,150,92,84,74,15,21,212,104,492,193,254,122,19,32,13,51,273,497,94,55,37,56,0,16,42,58,4,3,15.0,9.3,10.6,6.6,21.1,12.6,7.0,6.4,0.7,1.1,10.6,6.1,24.5,7.0,12.6,6.9,2.7,4.5,0.7,2.7,13.6,24.6,12.4,7.1,4.9,7.6,0.0,2.3,5.9,8.2,0.2,0.1,0.3643,0.8565,0.4403,0.4486,0.0235,2.1332,0.4063,0.1462,0.6826,0.3897,0.2298,0.6367,2.085,0.3156,0.4607,0.4607,0.4607,0.7375,0.7819,0.0,0.5349,0.4356,2.4899,0.633,7.1688,0.4486,0,0,0,0,0,0,0,0,0,0,0,0,0,0,0,0,0,0,0,0,0,778,93,57,195,189,25,29,0,12,3,5,0,12,50,50,0,12,13.1,8.1,9.7,9.5,1.2,1.5,0.0,1.7,0.1,0.2,0.0,1.7,2.5,2.5,0.0,1.7
39,Ohio,OH,39095,Lucas County,39095000301,Census Tract 3.01; Lucas County; Ohio,0.346033492746,2118,378,1261,163,1045,177,610,272,59,81,320,157,91,67,211,154,314,56,461,197,229,105,119,82,0,48,768,411,90,88,7,12,0,16,86,82,75,9,29.8,12.1,4.8,6.9,30.6,14.1,6.5,4.6,10.3,6.9,14.8,3.8,21.8,6.7,11.2,5.0,11.4,7.6,0.0,2.5,36.3,18.3,7.2,6.9,0.6,0.9,0.0,1.5,8.2,7.8,3.5,0.8,0.7071,0.5603,0.74,0.4157,0.8305,3.2536,0.7244,0.3335,0.5025,0.2964,0.8219,0.0,1.9543,0.2511,0.7521,0.7521,0.7521,0.6241,0.5876,0.0,0.6552,0.8516,2.7185,0.7263,8.6785,0.6863,0,0,0,0,0,0,0,0,0,0,0,0,0,0,0,0,0,0,0,0,0,1480,292,108,551,253,115,107,0,12,0,12,0,12,81,88,21,32,27.9,11.0,26.0,8.4,5.4,5.0,0.0,1.6,0.0,1.6,0.0,1.6,3.8,3.8,1.0,1.5
39,Ohio,OH,39095,Lucas County,39095000302,Census Tract 3.02; Lucas County; Ohio,0.257374048792,2461,420,1040,233,981,227,877,312,213,215,375,247,100,78,91,57,224,105,630,279,378,154,0,16,0,48,821,539,0,16,0,12,18,29,26,27,3,3,36.1,11.2,15.6,13.5,38.2,23.6,6.6,5.0,3.7,2.3,9.1,4.6,25.6,8.5,15.4,6.4,0.0,1.6,0.0,2.1,33.4,21.1,0.0,1.5,0.0,3.3,1.8,2.9,2.7,2.8,0.1,0.1,0.7902,0.9429,0.8717,0.4236,0.3021,3.3305,0.7448,0.0954,0.7429,0.5712,0.0,0.0,1.4095,0.0698,0.733,0.733,0.733,0.0,0.0,0.7079,0.2752,0.3694,1.3525,0.1892,6.8255,0.4016,0,1,0,0,0,1,0,0,0,0,0,0,0,0,0,0,0,0,0,0,1,1023,169,112,430,81,229,180,0,12,0,12,0,12,42,96,120,200,17.2,12.1,17.5,4.3,9.3,7.0,0.0,1.4,0.0,1.4,0.0,1.4,1.7,3.8,4.9,7.8
39,Ohio,OH,39095,Lucas County,39095000400,Census Tract 4; Lucas County; Ohio,0.6459100358,3993,664,1610,227,1499,235,831,269,138,137,503,257,166,89,124,87,397,248,965,197,500,197,210,124,0,48,2024,861,23,41,0,12,23,34,53,49,5,2,20.8,5.8,6.1,5.9,33.6,16.3,6.2,3.9,3.1,2.3,9.9,5.5,24.2,4.7,12.5,4.4,14.0,8.0,0.0,1.3,50.7,19.8,1.4,2.5,0.0,2.1,1.5,2.3,3.5,3.3,0.1,0.0,0.5249,0.6648,0.8025,0.3966,0.2371,2.6259,0.547,0.1214,0.669,0.3846,0.8819,0.0,2.0569,0.3,0.8285,0.8285,0.8285,0.3663,0.0,0.6606,0.3537,0.3694,1.75,0.3175,7.2613,0.4644,0,0,0,0,0,0,0,0,0,0,0,0,0,0,0,0,0,0,0,0,0,2975,106,72,1356,465,533,266,0,12,0,12,0,12,135,98,0,12,7.1,4.9,34.0,9.6,13.3,6.5,0.0,0.9,0.0,0.9,0.0,0.9,3.4,2.6,0.0,0.9
39,Ohio,OH,39095,Lucas County,39095000601,Census Tract 6.01; Lucas County; Ohio,0.332692896442,3851,543,1608,195,1543,207,984,422,104,80,328,152,232,133,277,153,357,212,1164,257,595,292,381,140,0,48,1931,650,27,44,0,12,40,52,75,58,19,3,25.7,10.4,5.2,4.2,21.3,9.4,10.9,6.2,7.2,4.1,9.3,5.2,30.2,4.9,15.5,7.2,24.7,8.4,0.0,1.4,50.1,15.3,1.7,2.7,0.0,2.2,2.6,3.4,4.9,3.8,0.5,0.0,0.6373,0.5971,0.4483,0.6823,0.6557,3.0207,0.6679,0.1024,0.9188,0.5773,0.9765,0.0,2.575,0.607,0.8253,0.8253,0.8253,0.387,0.0,0.8029,0.4625,0.5742,2.2266,0.513,8.6476,0.6806,0,0,0,0,0,0,0,1,0,1,0,2,0,0,0,0,0,0,0,0,2,1209,293,138,1634,344,96,84,29,45,0,12,0,12,172,182,0,12,19.0,8.2,42.4,6.6,2.5,2.2,0.8,1.2,0.0,0.9,0.0,0.9,4.5,4.5,0.0,0.9
39,Ohio,OH,39095,Lucas County,39095000602,Census Tract 6.02; Lucas County; Ohio,0.508711778916,750,188,441,59,320,92,280,228,17,28,133,111,25,33,110,111,36,40,106,112,157,91,10,28,0,48,295,320,0,16,56,82,0,16,48,74,8,2,37.3,28.9,3.2,5.3,41.6,32.6,4.4,5.5,14.7,15.1,4.8,5.5,14.1,13.0,20.9,11.2,3.1,8.7,0.0,6.4,39.3,41.5,0.0,3.6,12.7,18.6,0.0,5.0,15.0,21.6,1.1,0.4,0.8032,0.3711,0.9152,0.2581,0.9368,3.2844,0.7324,0.0244,0.1056,0.8328,0.2733,0.0,1.2361,0.0444,0.7758,0.7758,0.7758,0.0,0.9086,0.0,0.8365,0.6703,2.4154,0.5994,7.7117,0.5346,0,0,1,0,1,2,0,0,0,0,0,0,0,0,0,1,0,0,0,1,3,799,76,79,224,144,44,56,5,9,0,12,0,12,22,58,0,12,23.8,21.4,29.9,23.1,5.9,6.8,0.7,1.1,0.0,4.6,0.0,4.6,2.9,7.8,0.0,4.6
39,Ohio,OH,39095,Lucas County,39095000701,Census Tract 7.01; Lucas County; Ohio,0.241411047704,1694,334,789,48,627,97,1053,356,0,12,360,224,337,146,56,80,94,80,529,221,349,181,59,59,0,48,500,468,14,27,0,12,0,16,36,43,0,12,62.9,17.3,0.0,9.4,57.4,34.6,31.8,11.3,3.3,4.4,5.5,4.6,31.2,9.4,20.6,10.3,9.4,9.3,0.0,2.9,29.5,27.0,1.8,3.4,0.0,4.3,0.0,2.6,5.7,6.5,0.0,0.7,0.9699,0.0,0.9889,0.986,0.2634,3.2082,0.714,0.0301,0.9404,0.8258,0.754,0.0,2.5503,0.5895,0.7032,0.7032,0.7032,0.3917,0.0,0.0,0.5241,0.0,0.9158,0.0937,7.3775,0.4832,1,0,1,1,0,3,0,1,0,0,0,1,0,0,0,0,0,0,0,0,4,725,85,66,51,129,0,12,0,12,0,12,0,12,449,410,0,12,13.6,10.3,3.0,7.6,0.0,2.0,0.0,2.0,0.0,2.0,0.0,2.0,26.5,21.4,0.0,2.0
39,Ohio,OH,39095,Lucas County,39095000702,Census Tract 7.02; Lucas County; Ohio,0.22249513852,2186,934,964,153,820,152,105,54,0,12,167,98,56,54,32,47,116,54,497,263,315,125,74,75,0,48,1152,956,0,16,0,12,0,16,4,8,0,12,4.8,1.4,0.0,2.6,20.4,11.3,3.5,3.7,1.5,2.4,5.3,3.6,22.7,6.6,14.4,8.6,9.0,9.0,0.0,2.3,52.7,37.5,0.0,1.7,0.0,3.6,0.0,2.0,0.5,1.0,0.0,0.5,0.059,0.0,0.413,0.1912,0.072,0.7352,0.0521,0.0273,0.5669,0.5119,0.7349,0.0,1.841,0.199,0.837,0.837,0.837,0.0,0.0,0.0,0.0524,0.0,0.0524,0.0079,3.4656,0.0298,0,0,0,0,0,0,0,0,0,0,0,0,0,0,0,0,0,0,0,0,0,686,67,57,883,885,269,229,0,12,0,12,0,12,0,12,0,12,8.2,7.1,40.4,27.7,12.3,10.8,0.0,1.6,0.0,1.6,0.0,1.6,0.0,1.6,0.0,1.6
39,Ohio,OH,39095,Lucas County,39095000703,Census Tract 7.03; Lucas County; Ohio,0.274125084062,605,179,410,87,357,85,178,109,0,12,144,82,34,39,0,12,64,70,92,81,137,96,0,16,0,48,247,212,32,39,0,12,0,16,22,34,8,4,29.4,15.8,0.0,6.5,40.3,20.9,6.6,8.3,0.0,5.6,10.6,13.1,15.2,10.8,22.6,15.7,0.0,4.5,0.0,7.9,40.8,32.9,7.8,9.4,0.0,8.2,0.0,4.5,6.2,9.4,1.3,0.5,0.7017,0.0,0.8987,0.4236,0.0,2.024,0.3724,0.1462,0.1344,0.8851,0.0,0.0,1.1657,0.0356,0.785,0.785,0.785,0.6444,0.0,0.0,0.5546,0.6934,1.8924,0.3721,5.8671,0.2413,0,0,0,0,0,0,0,0,0,0,0,0,0,0,0,0,0,0,0,0,0,1473,0,12,238,161,0,12,9,19,0,12,0,12,0,12,0,12,0.0,9.3,39.3,19.9,0.0,5.6,1.5,3.1,0.0,5.6,0.0,5.6,0.0,5.6,0.0,5.6
39,Ohio,OH,39095,Lucas County,39095000800,Census Tract 8; Lucas County; Ohio,0.564632862086,1416,311,791,106,554,104,505,178,84,50,200,80,168,56,63,41,258,84,437,185,264,96,75,52,0,48,1267,319,0,16,15,23,4,13,100,53,15,3,36.2,9.8,13.0,8.2,36.1,12.8,19.4,6.1,4.4,2.8,18.2,5.5,30.9,8.1,18.6,6.7,13.5,9.0,0.0,3.5,89.5,11.0,0.0,2.0,1.9,2.9,0.7,2.3,18.1,8.4,1.1,0.3,0.7921,0.9076,0.8384,0.9017,0.3758,3.8156,0.8479,0.5466,0.9356,0.7407,0.8702,0.0,3.0931,0.853,0.9585,0.9585,0.9585,0.0,0.693,0.4873,0.88,0.6703,2.7306,0.7324,10.5978,0.9029,0,1,0,1,0,2,0,1,0,0,0,1,1,1,0,0,0,0,0,0,4,1295,75,48,1139,275,79,95,0,12,0,12,0,12,49,57,0,12,13.5,8.8,80.4,8.6,5.6,6.5,0.0,2.4,0.0,2.4,0.0,2.4,3.5,3.8,0.0,2.4
39,Ohio,OH,39095,Lucas County,39095000900,Census Tract 9; Lucas County; Ohio,1.682041007736,2059,277,1027,123,779,121,1138,240,88,50,245,84,258,99,99,56,164,47,625,121,388,154,146,49,2,47,1383,347,0,16,0,12,17,25,126,59,46,7,55.5,9.0,9.9,5.6,31.5,9.6,20.4,7.3,4.8,2.6,8.0,2.3,30.4,4.5,18.8,6.3,18.7,5.6,0.1,2.5,67.2,14.2,0.0,1.6,0.0,3.3,2.2,3.2,16.2,7.6,2.2,0.2,0.9387,0.8387,0.7603,0.9157,0.4243,3.8777,0.8641,0.0682,0.9242,0.7521,0.9432,0.4245,3.1122,0.8584,0.8938,0.8938,0.8938,0.0,0.0,0.7575,0.8565,0.773,2.387,0.5873,10.2707,0.873,1,0,0,1,0,2,0,1,0,1,0,2,0,0,0,0,0,0,0,0,4,2560,232,129,968,287,130,120,3,10,0,12,0,12,282,182,0,12,29.8,13.6,47.0,12.7,6.3,5.5,0.1,0.5,0.0,1.7,0.0,1.7,13.7,8.7,0.0,1.7
39,Ohio,OH,39095,Lucas County,39095001001,Census Tract 10.01; Lucas County; Ohio,0.190618943502,1671,328,761,108,592,115,931,305,109,49,231,131,379,150,211,217,185,124,564,189,361,250,119,106,0,48,1063,468,0,16,16,27,33,50,110,112,5,3,55.7,14.6,15.6,7.7,39.0,20.8,37.4,13.9,12.6,14.0,11.1,6.6,33.8,7.9,21.6,13.1,20.1,17.5,0.0,2.9,63.6,25.1,0.0,2.1,2.1,3.6,5.6,8.4,18.6,16.8,0.3,0.2,0.94,0.9429,0.8835,0.993,0.9013,4.6607,0.9921,0.1617,0.9651,0.8566,0.9559,0.0,2.9393,0.7965,0.8792,0.8792,0.8792,0.0,0.7019,0.953,0.886,0.4924,3.0333,0.8413,11.5125,0.9606,1,1,0,1,1,4,0,1,0,1,0,2,0,0,0,0,1,0,0,1,7,468,104,99,778,302,229,136,20,30,0,12,0,12,36,35,0,12,17.6,15.0,46.6,13.6,13.7,9.1,1.2,1.8,0.0,2.1,0.0,2.1,2.2,2.1,0.0,2.1
39,Ohio,OH,39095,Lucas County,39095001002,Census Tract 10.02; Lucas County; Ohio,0.40862526017,2480,593,1024,194,952,195,1227,677,76,64,251,122,342,197,171,158,270,65,847,491,503,267,176,129,38,63,1863,627,18,26,0,12,8,23,60,54,0,12,49.5,24.6,6.9,6.0,26.4,11.6,22.9,10.7,6.9,6.4,10.9,3.4,34.2,13.2,20.3,10.6,18.5,13.0,1.7,2.7,75.1,17.8,1.8,2.5,0.0,3.4,0.8,2.4,6.3,5.6,0.0,0.5,0.9061,0.7143,0.6327,0.9391,0.6274,3.8196,0.8489,0.1554,0.9696,0.8156,0.941,0.8094,3.691,0.9759,0.9188,0.9188,0.9188,0.3917,0.0,0.5117,0.5603,0.0,1.4637,0.219,9.8931,0.8356,1,0,0,1,0,2,0,1,0,1,0,2,1,1,0,0,0,0,0,0,5,2044,234,193,1646,629,178,128,39,61,0,12,0,12,0,12,0,12,24.6,16.9,66.4,11.9,7.2,5.8,1.6,2.4,0.0,1.4,0.0,1.4,0.0,1.4,0.0,1.4
39,Ohio,OH,39095,Lucas County,39095001100,Census Tract 11; Lucas County; Ohio,1.908744271954,2414,405,1109,122,938,128,1363,387,118,65,404,132,243,111,345,231,312,90,674,219,593,197,87,46,49,81,2068,427,11,18,0,12,6,15,122,76,0,12,56.5,12.9,12.5,6.0,43.1,12.8,17.5,6.9,14.3,9.0,12.9,4.1,27.9,6.2,24.6,7.6,9.3,4.7,2.2,3.7,85.7,10.3,1.0,1.6,0.0,3.1,0.6,1.6,13.0,7.8,0.0,0.5,0.9464,0.8946,0.9267,0.8713,0.9318,4.5708,0.9838,0.2302,0.8503,0.9248,0.7495,0.8491,3.6039,0.9667,0.9502,0.9502,0.9502,0.3292,0.0,0.4632,0.7981,0.0,1.5905,0.2565,10.7154,0.9098,1,0,1,0,1,3,0,0,1,0,0,1,1,1,0,0,0,0,0,0,5,9851,120,59,1414,247,308,151,167,191,5,10,0,12,174,161,0,12,12.8,5.8,58.6,9.1,12.8,6.6,6.9,7.4,0.2,0.4,0.0,1.4,7.2,6.1,0.0,1.4
39,Ohio,OH,39095,Lucas County,39095001201,Census Tract 12.01; Lucas County; Ohio,1.46027830471,2064,297,960,66,813,100,718,322,50,27,188,83,148,78,64,39,297,50,461,138,327,138,74,55,20,49,776,376,223,97,5,8,0,16,120,77,17,9,35.2,14.9,5.4,3.0,23.1,9.8,10.4,4.6,3.1,2.0,14.4,2.7,22.3,5.8,16.0,6.1,9.1,6.7,1.0,2.4,37.6,17.4,23.2,10.0,0.5,0.8,0.0,2.0,14.8,8.9,0.8,0.4,0.7823,0.6143,0.5111,0.6582,0.2371,2.803,0.6022,0.3101,0.539,0.6039,0.7403,0.707,2.9003,0.7765,0.7613,0.7613,0.7613,0.8752,0.5717,0.0,0.8333,0.6344,2.9146,0.8003,9.3792,0.7787,0,0,0,0,0,0,0,0,0,0,0,0,0,0,0,0,0,0,0,0,0,823,142,74,271,136,344,203,18,25,0,12,0,12,127,113,16,28,17.5,8.5,13.1,6.1,16.7,8.4,0.9,1.2,0.0,1.7,0.0,1.7,6.2,5.4,0.8,1.3
39,Ohio,OH,39095,Lucas County,39095001202,Census Tract 12.02; Lucas County; Ohio,1.207900029696,2869,604,1013,152,850,160,1653,629,130,105,176,99,550,282,43,62,142,30,806,228,311,145,374,153,0,48,2138,648,162,101,0,12,147,118,314,100,613,47,73.4,19.8,14.8,9.2,20.7,11.0,34.6,12.8,1.9,2.6,4.9,1.5,28.1,6.2,13.8,6.6,44.0,16.0,0.0,2.0,74.5,16.3,16.0,9.7,0.0,3.4,17.3,13.5,36.9,12.3,21.4,4.8,0.9883,0.9295,0.4244,0.9905,0.1104,3.4431,0.766,0.025,0.857,0.4675,0.9978,0.0,2.3473,0.4616,0.916,0.916,0.916,0.7971,0.0,0.9984,0.9778,0.9775,3.7508,0.9711,10.4572,0.8895,1,1,0,1,0,3,0,0,0,1,0,1,1,1,0,0,1,1,1,3,8,2301,142,76,1836,625,146,143,0,12,0,12,3,6,136,101,17,15,16.7,9.1,64.0,11.0,5.1,5.4,0.0,1.2,0.0,1.2,0.1,0.2,4.7,3.7,0.6,0.5
39,Ohio,OH,39095,Lucas County,39095001301,Census Tract 13.01; Lucas County; Ohio,0.526740039602,2475,482,1174,164,1095,176,159,91,8,13,51,35,7,10,75,80,552,72,462,216,157,70,33,41,0,48,321,683,0,16,0,12,0,16,8,12,0,12,6.4,3.5,0.5,0.9,4.7,3.1,0.4,0.6,3.0,3.2,22.3,5.3,18.7,6.0,6.3,3.2,3.0,3.7,0.0,2.1,13.0,27.5,0.0,1.4,0.0,2.9,0.0,1.5,0.7,1.2,0.0,0.5,0.0984,0.033,0.0032,0.0149,0.2291,0.3786,0.0098,0.7613,0.2964,0.0508,0.2619,0.0,1.3704,0.0613,0.4448,0.4448,0.4448,0.0,0.0,0.0,0.0762,0.0,0.0762,0.0105,2.27,0.0013,0,0,0,0,0,0,0,0,0,0,0,0,0,0,0,0,0,0,0,0,0,1142,30,42,222,149,55,61,18,27,0,12,0,12,26,25,0,12,2.7,3.8,9.0,6.3,2.2,2.2,0.7,1.1,0.0,1.4,0.0,1.4,1.1,1.0,0.0,1.4
39,Ohio,OH,39095,Lucas County,39095001302,Census Tract 13.02; Lucas County; Ohio,0.293959916006,2011,327,1245,166,1004,175,986,223,119,86,471,146,48,53,367,218,167,53,159,44,323,132,78,40,12,50,869,376,387,149,0,12,2,12,226,121,79,1,51.0,7.7,8.7,6.1,46.9,12.0,4.7,5.4,19.0,9.4,8.3,3.1,7.9,2.4,16.7,6.0,7.8,3.7,0.6,2.6,43.2,17.3,31.1,11.2,0.0,2.8,0.2,1.2,22.5,10.8,3.9,0.6,0.9124,0.8032,0.954,0.2815,0.9727,3.9238,0.8737,0.0742,0.0327,0.6493,0.6749,0.6088,2.0399,0.2927,0.7974,0.7974,0.7974,0.9241,0.0,0.3905,0.9222,0.87,3.1068,0.8581,9.8679,0.833,1,0,1,0,1,3,0,0,0,0,0,0,0,0,1,0,0,1,0,2,5,1796,182,122,553,279,169,132,88,55,0,12,0,12,53,62,6,10,18.1,10.5,27.5,11.1,8.4,6.5,4.4,2.8,0.0,1.7,0.0,1.7,2.6,3.0,0.3,0.5
39,Ohio,OH,39095,Lucas County,39095001303,Census Tract 13.03; Lucas County; Ohio,0.98731493777,3359,775,1452,215,1370,223,666,308,90,82,440,187,196,99,151,114,419,129,949,448,232,99,212,146,10,49,2129,815,50,72,0,12,9,18,43,33,36,5,20.0,8.0,4.9,4.7,32.1,12.6,9.0,4.8,4.5,3.5,12.5,4.8,28.3,8.0,6.9,3.1,15.5,10.4,0.3,1.7,63.4,19.4,3.4,4.9,0.0,2.4,0.7,1.3,3.1,2.4,1.1,0.3,0.5065,0.5711,0.7737,0.5755,0.3875,2.8143,0.6057,0.2166,0.8646,0.0689,0.9105,0.4968,2.5574,0.5946,0.8779,0.8779,0.8779,0.4895,0.0,0.4873,0.3143,0.6703,1.9614,0.4016,8.211,0.62,0,0,0,0,0,0,0,0,0,1,0,1,0,0,0,0,0,0,0,0,1,7376,89,40,1506,390,187,131,0,12,0,12,0,12,436,429,0,12,6.5,2.9,44.8,6.7,5.6,4.0,0.0,1.0,0.0,1.0,0.0,1.0,13.0,10.5,0.0,1.0
39,Ohio,OH,39095,Lucas County,39095001400,Census Tract 14; Lucas County; Ohio,0.501304025944,1529,480,937,144,691,156,926,427,48,42,272,91,97,55,201,164,191,70,531,334,362,195,166,122,0,48,1355,489,51,32,10,15,0,16,117,63,4,8,60.6,20.4,8.9,9.6,39.4,9.7,10.6,5.7,13.1,11.2,12.5,6.3,34.7,13.5,23.7,9.2,24.0,16.8,0.0,3.2,88.6,15.8,5.4,3.3,1.1,1.6,0.0,2.3,16.9,9.6,0.3,0.5,0.9613,0.8117,0.8876,0.6671,0.913,4.2407,0.9346,0.2166,0.975,0.9086,0.9743,0.0,3.0745,0.8448,0.955,0.955,0.955,0.5686,0.6378,0.0,0.8663,0.4924,2.5651,0.6635,10.8353,0.9206,1,0,0,0,1,2,0,1,1,1,0,3,1,1,0,0,0,0,0,0,6,902,193,104,1260,492,0,12,17,25,5,8,0,12,73,87,0,12,27.9,13.7,82.4,11.3,0.0,2.3,1.1,1.6,0.3,0.6,0.0,2.3,4.8,5.7,0.0,2.3
39,Ohio,OH,39095,Lucas County,39095001500,Census Tract 15; Lucas County; Ohio,0.583653404912,1105,289,843,160,550,136,685,291,45,51,289,133,161,64,32,35,144,34,321,187,269,152,128,73,0,48,1008,296,62,62,12,23,8,24,88,96,11,3,62.0,20.8,10.5,9.7,52.5,20.4,23.3,10.9,2.9,3.1,13.0,4.8,29.0,12.0,24.3,12.1,23.3,12.0,0.0,4.4,91.2,12.2,7.4,7.2,1.4,2.7,1.5,4.3,16.0,14.8,1.0,0.1,0.967,0.8549,0.9794,0.9423,0.2142,3.9578,0.8797,0.2368,0.8871,0.9207,0.9714,0.0,3.016,0.8295,0.9639,0.9639,0.9639,0.6311,0.6597,0.6606,0.8533,0.6595,3.4642,0.9317,11.4019,0.9543,1,0,1,1,0,3,0,0,1,1,0,2,1,1,0,0,0,0,0,0,6,1846,102,102,892,261,46,51,0,12,0,12,0,12,70,65,0,12,18.5,15.8,80.7,11.6,4.2,4.4,0.0,3.1,0.0,3.1,0.0,3.1,6.3,5.6,0.0,3.1
39,Ohio,OH,39095,Lucas County,39095001601,Census Tract 16.01; Lucas County; Ohio,0.282576084638,1216,204,795,132,621,137,463,205,9,16,277,136,118,88,168,162,193,89,205,139,137,82,67,61,0,48,915,252,18,31,0,12,0,16,64,64,17,2,38.5,15.8,1.5,2.7,44.6,19.6,12.5,8.5,14.0,13.4,15.9,7.1,16.9,10.5,11.4,6.5,10.8,9.5,0.0,3.9,75.2,16.4,2.3,3.9,0.0,4.3,0.0,2.6,10.3,10.4,1.4,0.3,0.8216,0.1251,0.9394,0.7372,0.928,3.5513,0.7927,0.3922,0.2026,0.3088,0.8032,0.0,1.7068,0.1457,0.9192,0.9192,0.9192,0.426,0.0,0.0,0.7289,0.7029,1.8578,0.3587,8.0351,0.5895,0,0,1,0,1,2,0,0,0,0,0,0,1,1,0,0,0,0,0,0,3,602,56,45,896,221,9,13,0,12,0,12,0,12,10,17,0,12,9.0,7.0,73.7,12.3,0.7,1.0,0.0,2.8,0.0,2.8,0.0,2.8,0.8,1.4,0.0,2.8
39,Ohio,OH,39095,Lucas County,39095001602,Census Tract 16.02; Lucas County; Ohio,0.22588241136599999,1255,364,706,178,528,146,271,154,47,48,125,106,42,47,103,105,169,113,217,138,296,191,38,42,0,48,444,459,0,16,0,12,0,16,14,15,0,12,21.6,10.6,6.8,7.2,23.7,19.0,4.4,5.2,8.2,8.5,13.5,7.5,17.3,8.3,23.6,14.2,7.2,7.7,0.0,4.0,35.4,35.1,0.0,2.3,0.0,4.8,0.0,3.0,2.7,3.1,0.0,1.0,0.5452,0.7079,0.5333,0.2581,0.7306,2.7751,0.5949,0.2616,0.2194,0.9067,0.6337,0.0,2.0214,0.2822,0.7467,0.7467,0.7467,0.0,0.0,0.0,0.2752,0.0,0.2752,0.0216,5.8184,0.2352,0,0,0,0,0,0,0,0,1,0,0,1,0,0,0,0,0,0,0,0,1,756,97,96,421,278,20,38,0,12,0,12,0,12,3,5,0,12,18.4,18.8,33.5,17.6,1.6,3.0,0.0,2.7,0.0,2.7,0.0,2.7,0.2,0.4,0.0,2.7
39,Ohio,OH,39095,Lucas County,39095001700,Census Tract 17; Lucas County; Ohio,0.28261315043,906,170,651,113,425,109,419,144,32,24,85,61,119,89,64,28,150,67,211,66,314,101,40,43,0,48,551,238,8,18,27,29,0,16,164,94,0,12,46.2,13.3,11.7,11.2,20.0,13.4,19.0,12.3,7.1,3.4,16.6,6.3,23.3,7.4,34.7,10.7,9.4,9.8,0.0,5.4,60.8,23.7,1.2,2.8,4.1,4.4,0.0,3.8,38.6,14.5,0.0,1.3,0.8845,0.8797,0.3937,0.897,0.6452,3.7001,0.8235,0.4379,0.6068,0.9924,0.754,0.0,2.7911,0.7276,0.8656,0.8656,0.8656,0.3483,0.7641,0.0,0.9813,0.0,2.0937,0.4562,9.4505,0.7873,0,0,0,0,0,0,0,0,1,0,0,1,0,0,0,0,0,1,0,1,2,1480,113,59,479,146,11,17,0,12,0,12,0,12,38,57,23,38,26.6,12.9,52.9,10.5,1.2,1.9,0.0,3.8,0.0,3.8,0.0,3.8,4.2,6.2,2.5,4.3
39,Ohio,OH,39095,Lucas County,39095001800,Census Tract 18; Lucas County; Ohio,0.303466905552,2765,667,1061,214,893,181,2284,680,120,108,598,208,379,218,494,588,259,123,1243,532,442,160,234,166,0,48,1922,725,68,102,0,12,113,102,146,87,1,6,83.6,13.9,15.3,11.6,67.0,18.9,28.2,13.1,17.9,19.2,9.4,4.5,45.0,10.7,16.0,5.8,26.2,17.8,0.0,2.1,69.5,20.2,6.4,9.5,0.0,3.2,12.7,11.1,16.3,9.7,0.0,0.2,0.9975,0.9371,0.9971,0.9756,0.9679,4.8752,0.9997,0.1056,0.9978,0.6039,0.9825,0.0,2.6898,0.673,0.902,0.902,0.902,0.5978,0.0,0.9956,0.8584,0.0,2.4518,0.6156,10.9188,0.9251,1,1,1,1,1,5,0,1,0,1,0,2,1,1,0,0,1,0,0,1,9,657,191,102,1409,686,105,89,24,37,0,12,0,12,384,339,0,12,21.4,11.7,51.0,17.6,3.8,3.3,0.9,1.4,0.0,1.3,0.0,1.3,13.9,12.2,0.0,1.3
39,Ohio,OH,39095,Lucas County,39095001900,Census Tract 19; Lucas County; Ohio,0.522912996578,1394,531,861,195,708,213,786,499,52,59,309,171,136,86,48,55,268,139,389,376,602,360,53,77,0,48,851,673,24,49,11,16,0,16,183,139,0,12,56.4,28.6,9.6,10.9,43.6,20.3,15.2,8.2,3.4,4.6,19.2,11.7,27.9,18.6,43.2,14.4,7.5,10.6,0.0,3.7,61.0,42.3,2.8,5.7,1.3,1.8,0.0,2.3,25.8,17.5,0.0,0.9,0.9454,0.833,0.9321,0.8228,0.2745,3.8078,0.846,0.6129,0.8503,0.9987,0.6546,0.0,3.1165,0.859,0.8665,0.8665,0.8665,0.4622,0.6505,0.0,0.9406,0.0,2.0533,0.4384,9.8441,0.8302,1,0,1,0,0,2,0,0,1,0,0,1,0,0,0,0,0,1,0,1,4,796,117,129,686,237,32,34,0,12,0,12,0,12,106,121,27,33,16.5,16.2,49.2,15.3,2.3,2.9,0.0,2.5,0.0,2.5,0.0,2.5,7.6,8.0,1.9,2.5
39,Ohio,OH,39095,Lucas County,39095002000,Census Tract 20; Lucas County; Ohio,0.467726279412,1391,236,784,101,497,85,762,273,26,35,142,72,329,104,162,130,148,58,523,149,200,68,90,41,0,48,562,301,0,16,0,12,12,19,77,59,0,12,55.4,17.5,5.0,6.6,28.6,13.6,40.3,8.9,11.6,9.2,10.6,4.1,37.6,7.3,14.4,5.5,18.1,7.6,0.0,3.8,40.4,20.5,0.0,2.0,0.0,4.4,2.4,3.8,15.5,11.3,0.0,0.9,0.9378,0.58,0.6956,0.9952,0.8753,4.0839,0.9067,0.1462,0.9864,0.5119,0.9368,0.0,2.5813,0.6111,0.7828,0.7828,0.7828,0.0,0.0,0.7787,0.8463,0.0,1.625,0.2673,9.073,0.7365,1,0,0,1,0,2,0,1,0,1,0,2,0,0,0,0,0,0,0,0,4,1148,191,83,247,225,218,154,0,12,15,21,0,12,82,92,0,12,38.4,12.6,17.8,14.6,15.7,11.1,0.0,2.5,1.1,1.6,0.0,2.5,5.9,6.3,0.0,2.5
39,Ohio,OH,39095,Lucas County,39095002100,Census Tract 21; Lucas County; Ohio,0.497848026942,2869,722,1692,167,1211,201,1007,266,49,37,462,177,271,112,300,146,502,88,685,442,666,175,50,60,0,48,1361,867,519,146,0,12,0,16,276,114,171,8,39.0,5.9,4.3,3.6,38.2,13.2,13.9,5.4,10.9,5.7,17.5,5.1,23.9,10.4,24.1,7.9,4.1,4.9,0.0,1.8,47.4,27.8,30.6,8.1,0.0,2.0,0.0,1.3,22.8,9.4,6.0,1.5,0.8255,0.5117,0.8717,0.7863,0.8524,3.8476,0.8559,0.4959,0.6516,0.9169,0.3844,0.0,2.4488,0.5276,0.8145,0.8145,0.8145,0.9222,0.0,0.0,0.9251,0.9252,2.7725,0.7486,9.8834,0.8343,0,0,0,0,0,0,0,0,1,0,0,1,0,0,1,0,0,1,1,3,4,1743,279,118,964,341,317,255,0,12,0,12,0,12,80,44,0,12,23.0,9.4,33.6,8.5,11.0,8.6,0.0,1.2,0.0,1.2,0.0,1.2,2.8,1.5,0.0,1.2
39,Ohio,OH,39095,Lucas County,39095002401,Census Tract 24.01; Lucas County; Ohio,0.708507594754,4296,601,1666,154,1491,183,2032,635,187,117,577,223,324,252,242,117,286,93,854,390,422,199,121,93,3,72,2462,810,231,115,44,45,26,31,111,82,48,9,47.6,13.3,7.6,4.9,38.7,14.2,16.3,11.3,5.6,2.8,6.7,2.3,19.9,7.8,9.8,4.6,8.1,6.2,0.1,1.8,57.3,17.1,13.9,6.8,2.6,2.7,1.7,2.1,7.4,5.5,1.1,0.1,0.8927,0.7527,0.8775,0.8469,0.5075,3.8773,0.8638,0.0428,0.3751,0.2056,0.6914,0.4245,1.7394,0.1584,0.8519,0.8519,0.8519,0.7632,0.7197,0.6917,0.6203,0.6703,3.4652,0.9324,9.9338,0.8397,0,0,0,0,0,0,0,0,0,0,0,0,0,0,0,0,0,0,0,0,0,3424,92,50,1784,438,465,264,21,69,26,29,0,12,166,133,0,12,6.2,3.4,41.5,8.5,10.8,6.2,0.5,1.6,0.6,0.7,0.0,0.8,3.9,3.1,0.0,0.8
39,Ohio,OH,39095,Lucas County,39095002402,Census Tract 24.02; Lucas County; Ohio,0.255674427788,1316,302,666,95,527,99,585,226,42,42,166,84,82,50,307,181,215,52,236,93,314,120,97,47,8,48,1275,304,5,15,0,12,0,16,90,54,20,3,45.2,14.0,7.2,6.4,31.5,14.8,8.7,5.8,23.3,10.2,16.3,3.9,17.9,6.1,23.9,7.4,18.4,8.2,0.6,3.7,96.9,6.3,0.8,2.2,0.0,5.1,0.0,3.0,17.1,10.0,1.5,0.4,0.8788,0.7337,0.7603,0.5574,0.9876,3.9178,0.8724,0.4195,0.2495,0.9121,0.9397,0.6088,3.1296,0.8635,0.9848,0.9848,0.9848,0.3111,0.0,0.0,0.8686,0.7146,1.8943,0.3727,9.9265,0.8394,0,0,0,0,1,1,0,0,1,1,0,2,1,1,0,0,0,0,0,0,4,531,128,60,1252,297,23,25,0,12,0,12,0,12,0,12,0,12,24.3,10.7,95.1,3.6,1.7,1.8,0.0,2.6,0.0,2.6,0.0,2.6,0.0,2.6,0.0,2.6
39,Ohio,OH,39095,Lucas County,39095002500,Census Tract 25; Lucas County; Ohio,0.459410414536,1476,346,959,160,733,160,540,153,52,39,232,98,149,94,152,111,247,77,207,106,296,115,51,45,0,48,1433,348,0,16,0,12,0,16,150,72,0,12,36.6,5.8,7.3,5.3,31.7,11.4,12.3,7.3,10.3,7.7,16.7,5.4,14.0,6.4,20.1,6.2,7.0,5.9,0.0,3.4,97.1,6.1,0.0,1.7,0.0,3.6,0.0,2.2,20.5,10.0,0.0,0.8,0.7966,0.7387,0.766,0.7308,0.8305,3.8626,0.861,0.4439,0.1024,0.8105,0.62,0.0,1.9768,0.2619,0.9851,0.9851,0.9851,0.0,0.0,0.0,0.907,0.0,0.907,0.0908,7.7315,0.5384,0,0,0,0,0,0,0,0,0,0,0,0,1,1,0,0,0,1,0,1,2,761,155,62,1380,338,25,34,20,29,0,12,0,12,0,12,8,12,21.1,8.7,93.5,4.6,1.7,2.4,1.4,2.0,0.0,2.3,0.0,2.3,0.0,2.3,0.5,0.8
39,Ohio,OH,39095,Lucas County,39095002600,Census Tract 26; Lucas County; Ohio,0.407720623184,1071,388,705,175,471,115,662,409,119,76,158,102,106,57,88,95,224,83,303,312,208,88,102,110,14,50,1027,390,38,35,0,12,0,16,66,44,4,2,61.8,30.9,32.2,15.3,33.5,20.1,16.0,7.4,8.2,7.4,20.9,10.6,28.3,19.2,19.4,10.3,21.7,22.7,1.3,4.6,95.9,10.9,5.4,4.8,0.0,4.8,0.0,3.4,14.0,8.8,0.4,0.1,0.9654,0.9952,0.801,0.8396,0.7306,4.3318,0.9479,0.7093,0.8646,0.782,0.9632,0.7565,4.0756,0.9975,0.9797,0.9797,0.9797,0.5686,0.0,0.0,0.8194,0.5374,1.9254,0.3879,11.3125,0.9505,1,1,0,0,0,2,0,0,0,1,0,1,1,1,0,0,0,0,0,0,4,2419,134,89,971,384,27,44,29,36,0,12,0,12,0,12,0,12,28.5,15.6,90.7,6.9,2.5,4.0,2.7,3.5,0.0,3.2,0.0,3.2,0.0,3.2,0.0,3.2
39,Ohio,OH,39095,Lucas County,39095002700,Census Tract 27; Lucas County; Ohio,0.240270888498,1152,318,734,171,710,170,720,310,66,51,260,115,207,100,144,105,205,151,85,66,392,133,58,57,56,77,687,384,585,173,0,12,0,16,334,119,171,26,63.4,20.7,12.4,9.7,36.6,13.6,21.3,10.9,12.5,8.9,17.8,9.8,7.4,5.6,34.0,12.9,8.2,7.8,5.1,6.8,59.6,29.0,79.7,14.5,0.0,4.7,0.0,2.3,47.0,13.9,14.8,4.7,0.9711,0.8924,0.8463,0.9264,0.8978,4.534,0.979,0.5178,0.0279,0.9902,0.6946,0.954,3.1845,0.8813,0.8614,0.8614,0.8614,0.9952,0.0,0.0,0.9905,0.968,2.9537,0.814,11.5336,0.961,1,0,0,1,0,2,0,0,1,0,1,2,0,0,1,0,0,1,1,3,7,4067,194,87,567,225,87,85,0,12,0,12,0,12,11,13,22,46,27.3,11.7,49.2,14.8,7.6,7.6,0.0,3.0,0.0,3.0,0.0,3.0,1.0,1.2,1.9,3.9
39,Ohio,OH,39095,Lucas County,39095002800,Census Tract 28; Lucas County; Ohio,0.47357533861,1400,198,837,114,713,124,526,144,34,26,221,89,147,71,52,59,105,39,80,59,248,82,10,24,0,48,722,250,758,96,0,12,0,16,314,113,430,27,52.3,10.4,5.1,4.2,31.0,11.3,14.1,6.8,5.1,5.6,7.5,2.8,5.7,3.7,24.5,8.7,1.4,3.4,0.0,3.4,51.6,16.3,90.5,16.8,0.0,4.1,0.0,2.2,44.0,11.8,30.7,4.8,0.9207,0.5892,0.7511,0.7923,0.4611,3.5144,0.7832,0.0545,0.0212,0.9235,0.1086,0.0,1.1078,0.0305,0.8313,0.8313,0.8313,0.9975,0.0,0.0,0.9879,0.9835,2.9689,0.819,8.4224,0.6514,1,0,0,0,0,1,0,0,1,0,0,1,0,0,1,0,0,1,1,3,5,14059,105,66,514,149,118,65,0,12,0,12,0,12,85,49,5,12,14.7,8.6,36.7,8.6,8.4,4.7,0.0,2.5,0.0,2.5,0.0,2.5,6.1,3.2,0.4,0.8
39,Ohio,OH,39095,Lucas County,39095002900,Census Tract 29; Lucas County; Ohio,0.319261566168,1763,360,1423,257,1095,256,1306,336,243,173,318,185,462,198,101,64,85,54,329,163,603,138,261,186,0,48,1293,415,674,255,0,12,6,16,619,197,41,4,74.1,11.6,29.5,16.3,29.0,15.5,37.1,13.1,5.7,3.8,4.8,3.4,18.7,6.9,34.2,9.0,23.8,16.0,0.0,3.1,73.3,18.2,47.4,15.7,0.0,2.4,0.5,1.5,56.5,13.5,2.3,0.5,0.9898,0.993,0.7035,0.9921,0.5176,4.196,0.9267,0.0244,0.2964,0.9911,0.9733,0.0,2.2852,0.4276,0.9119,0.9119,0.9119,0.967,0.0,0.4413,0.9971,0.7815,3.1869,0.8762,10.58,0.901,1,1,0,1,0,3,0,0,1,1,0,2,1,1,1,0,0,1,0,2,8,1291,418,205,1038,325,186,129,0,12,12,16,0,12,47,61,10,21,38.2,15.6,58.9,10.8,10.6,6.9,0.0,2.0,0.7,0.9,0.0,2.0,2.7,3.4,0.6,1.2
39,Ohio,OH,39095,Lucas County,39095003000,Census Tract 30; Lucas County; Ohio,0.56752167725,2005,404,1169,167,896,156,1549,381,86,65,450,124,267,92,180,73,320,129,562,252,528,126,99,63,24,54,1241,458,255,68,12,20,0,16,430,97,95,11,78.1,10.8,15.0,10.1,50.2,10.7,22.0,8.4,9.1,4.0,16.0,6.2,28.0,8.5,26.6,6.8,11.1,6.8,1.3,3.0,61.9,19.1,21.8,4.9,1.0,1.8,0.0,1.8,48.0,11.1,4.7,1.1,0.9933,0.9327,0.9708,0.9321,0.7782,4.6071,0.987,0.3989,0.8535,0.9543,0.8137,0.7565,3.7769,0.9844,0.8706,0.8706,0.8706,0.8651,0.6295,0.0,0.9921,0.8976,3.3843,0.9165,12.6389,0.9975,1,1,1,1,0,4,0,0,1,0,0,1,0,0,0,0,0,1,0,1,6,1858,255,89,900,379,232,166,38,47,9,14,0,12,62,50,0,12,28.5,10.3,44.9,12.7,11.6,8.7,1.9,2.3,0.4,0.7,0.0,1.7,3.1,2.5,0.0,1.7
39,Ohio,OH,39095,Lucas County,39095003100,Census Tract 31; Lucas County; Ohio,0.828767556898,942,310,496,64,431,78,426,217,15,23,134,67,64,46,23,27,223,76,232,174,202,58,23,30,0,48,806,325,0,16,0,12,0,16,21,30,1,2,46.0,17.8,3.6,5.3,31.1,14.5,9.6,6.7,2.4,3.2,23.7,9.2,24.6,11.6,21.4,9.7,5.3,6.9,0.0,5.5,85.6,19.9,0.0,3.2,0.0,6.8,0.0,3.7,4.9,6.8,0.1,0.2,0.8835,0.4308,0.7537,0.6148,0.1568,2.8396,0.6146,0.824,0.6877,0.8493,0.5022,0.0,2.8632,0.76,0.9499,0.9499,0.9499,0.0,0.0,0.0,0.4625,0.3694,0.8319,0.0787,7.4846,0.4984,0,0,0,0,0,0,0,0,0,0,0,0,1,1,0,0,0,0,0,0,1,2211,98,65,795,329,0,12,4,9,0,12,0,12,7,10,0,12,22.7,14.2,84.4,12.1,0.0,3.6,0.4,1.0,0.0,3.6,0.0,3.6,0.7,1.1,0.0,3.6
39,Ohio,OH,39095,Lucas County,39095003200,Census Tract 32; Lucas County; Ohio,0.299218239144,915,221,647,139,503,139,407,175,2,7,177,74,69,40,89,70,160,65,197,80,157,71,101,64,59,82,886,222,13,23,0,12,0,16,58,43,9,4,44.5,15.8,0.5,1.8,35.2,11.0,11.2,6.5,9.7,7.5,17.5,8.0,21.5,7.6,17.2,7.9,20.1,11.4,6.9,9.5,96.8,6.5,2.0,3.5,0.0,5.3,0.0,3.2,11.5,8.5,1.0,0.4,0.8743,0.033,0.8257,0.694,0.8067,3.2337,0.7216,0.4959,0.4848,0.6728,0.9559,0.974,3.5834,0.9616,0.9841,0.9841,0.9841,0.4051,0.0,0.0,0.7679,0.6595,1.8325,0.3483,9.6337,0.8083,0,0,0,0,0,0,0,0,0,1,1,2,1,1,0,0,0,0,0,0,3,445,121,97,829,238,51,62,0,12,0,12,6,9,0,12,0,12,24.1,16.7,90.6,8.4,5.6,7.0,0.0,3.7,0.0,3.7,0.7,1.1,0.0,3.7,0.0,3.7
39,Ohio,OH,39095,Lucas County,39095003300,Census Tract 33; Lucas County; Ohio,0.297102786286,1239,241,744,137,559,134,721,229,121,70,145,76,172,89,86,59,202,117,334,94,304,66,108,63,0,48,1160,246,10,16,0,12,0,16,111,51,60,9,59.0,14.8,29.2,12.5,25.9,12.1,21.4,9.2,6.9,4.9,16.3,8.3,27.0,6.5,24.5,6.0,19.3,10.3,0.0,4.0,93.6,7.9,1.3,2.1,0.0,4.6,0.0,2.9,19.9,9.0,4.8,1.2,0.9559,0.9924,0.6111,0.9283,0.6274,4.1151,0.9137,0.4195,0.8158,0.9235,0.9479,0.0,3.1067,0.8562,0.9731,0.9731,0.9731,0.359,0.0,0.0,0.901,0.9008,2.1608,0.4844,10.3557,0.8787,1,1,0,1,0,3,0,0,1,1,0,2,1,1,0,0,0,1,1,2,8,796,120,60,1006,264,0,12,0,12,0,12,0,12,135,85,19,31,21.5,11.1,81.2,8.6,0.0,2.8,0.0,2.8,0.0,2.8,0.0,2.8,10.9,7.2,1.5,2.6
39,Ohio,OH,39095,Lucas County,39095003500,Census Tract 35; Lucas County; Ohio,0.586816738598,1055,296,576,121,433,106,232,125,88,97,77,59,153,82,61,44,194,84,269,110,220,78,57,32,0,48,982,298,0,16,0,12,11,24,69,68,5,2,22.0,10.1,18.2,17.2,17.8,12.9,22.8,10.0,5.8,4.0,18.4,7.5,25.5,6.6,20.9,7.2,13.1,6.7,0.0,4.6,93.1,10.7,0.0,2.8,0.0,5.9,2.5,5.5,15.9,13.5,0.5,0.1,0.5576,0.9641,0.3038,0.9382,0.5294,3.2931,0.7359,0.5621,0.7378,0.8328,0.8638,0.0,2.9965,0.8213,0.9715,0.9715,0.9715,0.0,0.0,0.7902,0.8517,0.5742,2.2161,0.5079,9.4772,0.7917,0,1,0,1,0,2,0,0,0,0,0,0,1,1,0,0,0,0,0,0,3,507,63,64,958,298,0,12,0,12,0,12,0,12,24,30,0,12,14.5,12.7,90.8,5.0,0.0,3.3,0.0,3.3,0.0,3.3,0.0,3.3,2.3,2.7,0.0,3.3
39,Ohio,OH,39095,Lucas County,39095003600,Census Tract 36; Lucas County; Ohio,0.432378641312,1106,268,627,101,481,92,630,233,79,82,226,92,131,64,27,32,212,83,193,91,253,110,75,53,0,48,1074,269,49,60,0,12,0,16,75,48,6,3,57.0,15.9,16.1,12.5,47.0,16.9,16.6,7.8,2.4,2.9,19.2,9.7,17.5,5.7,22.9,8.8,15.6,10.6,0.0,4.4,97.1,6.2,7.8,9.5,0.0,5.4,0.0,3.3,15.6,10.0,0.5,0.2,0.9486,0.9492,0.9549,0.8513,0.1568,3.8608,0.8606,0.6129,0.2305,0.8934,0.9124,0.0,2.6492,0.6524,0.9851,0.9851,0.9851,0.6444,0.0,0.0,0.8479,0.5742,2.0665,0.4429,9.5616,0.8013,1,1,1,0,0,3,0,0,0,1,0,1,1,1,0,0,0,0,0,0,5,741,149,70,1009,275,0,12,42,61,0,12,0,12,23,36,0,12,31.0,14.2,91.2,6.6,0.0,3.1,3.8,5.5,0.0,3.1,0.0,3.1,2.1,3.5,0.0,3.1
39,Ohio,OH,39095,Lucas County,39095003901,Census Tract 39.01; Lucas County; Ohio,0.515266246468,3014,627,1404,288,1352,290,1027,572,28,46,384,315,592,387,129,129,705,306,386,252,911,451,25,41,0,48,852,819,0,16,0,12,33,36,246,274,14,4,34.1,17.6,1.7,2.7,28.4,22.5,25.1,14.2,4.3,4.0,23.4,10.0,12.8,7.3,30.2,13.2,1.8,3.0,0.0,1.6,28.3,26.5,0.0,1.1,0.0,2.5,2.5,2.6,18.2,17.4,0.5,0.1,0.7715,0.1492,0.6898,0.9543,0.3659,2.9307,0.6365,0.8107,0.0751,0.98,0.1419,0.0,2.0077,0.2746,0.6902,0.6902,0.6902,0.0,0.0,0.7902,0.8816,0.5742,2.246,0.5216,7.8746,0.5625,0,0,0,1,0,1,0,0,1,0,0,1,0,0,0,0,0,0,0,0,2,995,260,195,373,402,200,213,0,12,0,12,0,12,189,238,90,148,19.2,13.9,12.4,13.0,6.6,7.0,0.0,1.2,0.0,1.2,0.0,1.2,6.3,7.6,3.0,4.9
39,Ohio,OH,39095,Lucas County,39095003902,Census Tract 39.02; Lucas County; Ohio,0.341497180348,2176,467,963,128,863,118,691,322,0,12,222,110,64,48,237,285,432,216,508,205,310,112,81,94,0,48,1349,510,10,21,0,12,10,21,24,40,0,12,31.8,13.1,0.0,3.2,25.7,12.3,4.6,4.0,10.9,13.5,19.9,8.6,23.3,7.2,14.2,5.9,9.4,10.8,0.0,2.3,62.0,19.3,1.0,2.2,0.0,3.6,1.2,2.4,2.8,4.6,0.0,0.6,0.7382,0.0,0.6067,0.2724,0.8524,2.4697,0.4994,0.6569,0.6068,0.4919,0.754,0.0,2.5096,0.5632,0.8713,0.8713,0.8713,0.3292,0.0,0.6038,0.2848,0.0,1.2178,0.1514,7.0684,0.434,0,0,0,0,0,0,0,0,0,0,0,0,0,0,0,0,0,0,0,0,0,1252,70,62,818,295,348,265,51,60,0,12,0,12,132,150,0,12,8.1,7.1,37.6,12.9,16.0,10.4,2.3,2.8,0.0,1.6,0.0,1.6,6.1,6.4,0.0,1.6
39,Ohio,OH,39095,Lucas County,39095004000,Census Tract 40; Lucas County; Ohio,0.519228425192,1775,441,939,181,699,172,909,311,209,187,305,111,235,96,180,147,141,51,623,177,285,148,270,172,0,48,1144,525,50,33,0,12,21,37,112,72,1,2,51.2,12.0,23.3,14.0,43.6,11.7,23.8,8.8,10.1,7.2,7.9,3.2,35.1,5.0,16.1,8.0,38.6,22.7,0.0,3.1,64.5,24.9,5.4,3.4,0.0,3.7,3.0,5.2,16.0,10.6,0.1,0.1,0.9146,0.9819,0.9321,0.9458,0.8232,4.5976,0.986,0.065,0.9784,0.6087,0.9971,0.0,2.6492,0.6524,0.8836,0.8836,0.8836,0.5686,0.0,0.8429,0.8533,0.3694,2.6342,0.6946,10.7646,0.914,1,1,1,1,0,4,0,1,0,1,0,2,0,0,0,0,0,0,0,0,6,991,92,47,901,431,182,142,0,12,0,12,0,12,43,48,18,29,13.2,6.8,50.8,16.3,10.3,8.2,0.0,1.9,0.0,1.9,0.0,1.9,2.4,2.7,1.0,1.6
39,Ohio,OH,39095,Lucas County,39095004200,Census Tract 42; Lucas County; Ohio,0.257277909394,1603,519,839,268,705,267,919,211,220,242,348,249,377,255,264,140,52,37,473,229,289,207,236,228,56,67,1239,531,35,54,0,12,23,28,140,91,0,12,57.5,22.9,27.7,24.2,49.4,30.0,41.4,19.1,16.5,7.6,3.2,2.6,29.5,7.3,18.0,9.0,33.5,29.7,3.8,4.4,77.3,21.7,4.2,6.3,0.0,4.1,3.3,3.8,19.9,13.1,0.0,0.7,0.9502,0.9902,0.9667,0.9968,0.9572,4.8611,0.999,0.014,0.8998,0.7122,0.9952,0.9236,3.5448,0.9568,0.9255,0.9255,0.9255,0.5257,0.0,0.8651,0.901,0.0,2.2918,0.5438,11.6232,0.966,1,1,1,1,1,5,0,0,0,1,1,2,1,1,0,0,0,1,0,1,9,605,129,76,305,274,861,448,25,24,0,12,0,12,48,57,0,12,18.3,11.8,19.0,14.8,53.7,16.7,1.6,1.7,0.0,2.2,0.0,2.2,3.0,3.6,0.0,2.2
39,Ohio,OH,39095,Lucas County,39095004401,Census Tract 44.01; Lucas County; Ohio,0.31683916222,862,156,561,101,458,93,314,151,22,29,91,75,129,88,92,70,176,86,20,32,246,114,0,16,0,48,344,217,0,16,0,12,0,16,49,63,5,5,36.4,16.2,4.5,6.6,19.9,15.9,17.4,10.6,10.7,8.1,20.4,9.5,2.3,3.7,28.5,13.3,0.0,3.5,0.0,5.6,39.9,24.1,0.0,2.9,0.0,6.0,0.0,3.5,10.7,12.6,0.6,0.6,0.794,0.534,0.3898,0.8687,0.8458,3.4323,0.7651,0.6855,0.0127,0.9708,0.0,0.0,1.669,0.1317,0.7806,0.7806,0.7806,0.0,0.0,0.0,0.7438,0.6059,1.3497,0.1883,7.2316,0.4578,0,0,0,0,0,0,0,0,1,0,0,1,0,0,0,0,0,0,0,0,1,529,101,76,219,77,50,49,4,7,0,12,0,12,19,22,52,69,22.1,14.8,25.4,8.4,5.8,6.1,0.5,0.8,0.0,4.0,0.0,4.0,2.2,2.7,6.0,7.7
39,Ohio,OH,39095,Lucas County,39095004402,Census Tract 44.02; Lucas County; Ohio,0.176450158408,1827,603,827,150,791,146,414,295,30,38,119,106,227,202,228,181,247,147,464,287,210,151,30,36,0,48,713,838,0,16,0,12,0,16,33,36,0,12,22.7,14.3,2.8,3.7,15.0,13.1,17.8,12.9,12.5,9.9,13.5,10.9,25.4,8.8,11.5,8.7,3.8,4.5,0.0,2.8,39.0,44.0,0.0,1.9,0.0,4.1,0.0,2.0,4.2,4.6,0.0,0.7,0.5744,0.3133,0.1908,0.877,0.8978,2.8533,0.6171,0.2616,0.7327,0.3158,0.3502,0.0,1.6603,0.1298,0.7743,0.7743,0.7743,0.0,0.0,0.0,0.4114,0.0,0.4114,0.0283,5.6993,0.2162,0,0,0,0,0,0,0,0,0,0,0,0,0,0,0,0,0,0,0,0,0,965,90,114,649,270,21,26,0,12,0,12,0,12,43,71,0,12,11.4,14.3,35.5,16.0,1.1,1.6,0.0,1.9,0.0,1.9,0.0,1.9,2.4,3.9,0.0,1.9
39,Ohio,OH,39095,Lucas County,39095004501,Census Tract 45.01; Lucas County; Ohio,0.7162053103279999,2731,560,1251,154,1136,168,573,257,36,34,261,108,86,66,41,51,300,37,646,277,433,135,84,75,0,48,530,795,43,29,0,12,0,16,76,68,0,12,21.0,8.4,2.5,2.7,23.0,8.9,4.6,3.7,1.5,1.9,11.0,2.8,23.7,8.1,15.9,5.8,7.4,6.5,0.0,1.9,19.4,28.8,3.5,2.3,0.0,2.8,0.0,1.4,6.7,6.0,0.0,0.4,0.5297,0.2657,0.5079,0.2724,0.072,1.6477,0.266,0.1588,0.6354,0.5985,0.647,0.0,2.0397,0.2924,0.5815,0.5815,0.5815,0.4943,0.0,0.0,0.5816,0.0,1.0759,0.1194,5.3448,0.1737,0,0,0,0,0,0,0,0,0,0,0,0,0,0,0,0,0,0,0,0,0,2270,103,84,140,153,273,160,14,25,0,12,0,12,103,89,0,12,9.1,7.2,5.1,5.5,10.0,6.2,0.5,0.9,0.0,1.3,0.0,1.3,3.8,3.4,0.0,1.3
39,Ohio,OH,39095,Lucas County,39095004503,Census Tract 45.03; Lucas County; Ohio,0.646586486504,2413,237,1271,143,1223,144,601,221,17,27,404,153,133,82,253,91,472,92,401,76,441,176,37,29,0,48,514,363,12,21,0,12,0,16,168,86,0,12,25.0,8.9,1.3,2.0,33.0,11.9,7.1,4.6,10.5,3.9,19.6,3.5,16.6,2.6,18.3,6.8,3.0,2.3,0.0,2.0,21.3,14.9,0.9,1.6,0.0,2.7,0.0,1.3,13.7,7.4,0.0,0.5,0.6246,0.1013,0.7943,0.4569,0.8385,2.8156,0.606,0.6411,0.1874,0.7271,0.2619,0.0,1.8175,0.1886,0.6081,0.6081,0.6081,0.3181,0.0,0.0,0.814,0.0,1.1321,0.1314,6.3733,0.3187,0,0,0,0,0,0,0,0,0,0,0,0,0,0,0,0,0,0,0,0,0,1651,165,67,203,138,291,213,5,8,3,4,12,18,0,12,0,12,13.5,5.8,8.4,5.6,12.1,8.6,0.2,0.3,0.1,0.2,0.5,0.8,0.0,1.4,0.0,1.4
39,Ohio,OH,39095,Lucas County,39095004504,Census Tract 45.04; Lucas County; Ohio,1.21169618456,3322,328,1472,129,1414,116,526,242,79,49,277,91,77,57,68,55,583,118,747,162,394,152,60,55,7,48,499,497,14,24,0,12,0,16,36,31,0,12,15.8,7.1,4.4,2.6,19.6,6.2,3.3,2.5,2.1,1.7,17.5,3.5,22.5,3.5,11.9,4.4,4.2,3.9,0.2,1.6,15.0,14.9,1.0,1.6,0.0,2.3,0.0,1.1,2.5,2.2,0.0,0.4,0.385,0.5244,0.3781,0.176,0.1301,1.5936,0.2511,0.4959,0.5526,0.345,0.394,0.4556,2.2431,0.3994,0.4943,0.4943,0.4943,0.3292,0.0,0.0,0.2587,0.0,0.5879,0.047,4.9189,0.1321,0,0,0,0,0,0,0,0,0,0,0,0,0,0,0,0,0,0,0,0,0,1830,73,42,153,155,171,75,23,28,0,12,0,12,102,113,50,69,5.2,3.0,4.6,4.7,5.1,2.3,0.7,0.8,0.0,1.0,0.0,1.0,3.1,3.3,1.5,2.1
39,Ohio,OH,39095,Lucas County,39095004600,Census Tract 46; Lucas County; Ohio,2.019705739632,2530,600,1072,151,845,132,1170,461,191,131,165,61,317,140,440,290,249,69,630,276,488,163,31,35,24,56,938,774,12,22,0,12,45,53,94,49,10,2,46.4,14.6,15.4,10.7,19.5,6.5,20.2,7.5,17.4,9.0,9.8,2.5,24.9,8.0,19.3,6.6,3.7,4.1,1.0,2.4,37.1,29.3,1.1,2.0,0.0,3.2,5.3,6.2,11.1,6.2,0.4,0.1,0.8861,0.94,0.3749,0.9131,0.9641,4.0782,0.9048,0.1183,0.7061,0.7775,0.34,0.707,2.6489,0.6517,0.7584,0.7584,0.7584,0.3378,0.0,0.9451,0.7552,0.5374,2.5755,0.6673,10.061,0.8537,0,1,0,1,1,3,0,0,0,0,0,0,0,0,0,0,1,0,0,1,4,1924,108,48,71,54,701,342,23,32,0,12,0,12,143,72,0,12,12.8,6.0,2.8,2.6,27.7,10.7,0.9,1.4,0.0,1.4,0.0,1.4,5.7,3.2,0.0,1.4
39,Ohio,OH,39095,Lucas County,39095004701,Census Tract 47.01; Lucas County; Ohio,1.014676442102,2326,448,1335,195,1038,200,1294,399,41,56,414,198,233,126,77,75,139,82,592,174,505,153,205,110,0,48,926,633,28,46,7,12,43,54,113,75,0,12,55.6,13.4,4.0,5.8,39.9,17.5,16.1,8.8,3.3,3.3,6.0,3.5,25.5,6.3,21.7,6.3,19.7,9.9,0.0,2.2,39.8,26.1,2.1,3.4,0.5,0.9,4.1,5.1,10.9,7.2,0.0,0.5,0.9397,0.4756,0.8937,0.8408,0.2634,3.4132,0.76,0.0358,0.7378,0.8613,0.9521,0.0,2.587,0.6137,0.7803,0.7803,0.7803,0.4111,0.5717,0.9006,0.7495,0.0,2.6329,0.694,9.4134,0.7844,1,0,0,0,0,1,0,0,0,1,0,1,0,0,0,0,1,0,0,1,3,3794,129,84,463,248,209,157,0,12,0,12,0,12,254,189,0,12,12.4,8.0,19.9,10.4,9.0,6.3,0.0,1.5,0.0,1.5,0.0,1.5,10.9,8.3,0.0,1.5
39,Ohio,OH,39095,Lucas County,39095004702,Census Tract 47.02; Lucas County; Ohio,0.823296105456,3566,612,1710,207,1430,202,2001,668,345,195,430,160,480,177,267,150,568,176,1012,282,738,194,303,154,0,48,1930,708,210,146,134,88,67,78,350,227,94,3,57.6,16.3,26.8,10.4,30.1,10.3,22.7,7.7,7.7,4.3,15.9,4.8,28.4,4.6,21.3,5.6,21.2,10.3,0.0,1.5,54.1,17.5,12.3,8.4,7.8,5.0,4.7,5.4,24.5,13.7,2.6,0.5,0.9508,0.9876,0.7295,0.9375,0.6915,4.2969,0.9432,0.3922,0.8678,0.8448,0.961,0.0,3.0658,0.8419,0.8434,0.8434,0.8434,0.7352,0.8441,0.9283,0.9356,0.8012,4.2444,0.9959,12.4505,0.9946,1,1,0,1,0,3,0,0,0,1,0,1,0,0,0,0,1,1,0,2,6,1612,379,161,829,483,939,307,0,12,16,24,6,10,140,103,0,12,26.5,9.1,23.2,11.1,26.3,8.3,0.0,1.0,0.4,0.7,0.2,0.3,3.9,2.9,0.0,1.0
39,Ohio,OH,39095,Lucas County,39095004800,Census Tract 48; Lucas County; Ohio,0.47720083639,2633,498,1326,191,1055,161,1994,548,212,100,437,164,457,172,349,230,235,90,853,313,391,147,173,121,35,76,1191,598,31,26,34,48,45,71,174,99,20,3,76.7,15.2,22.6,9.0,41.4,14.2,27.4,9.5,13.3,7.8,8.9,3.6,32.4,7.1,14.8,5.9,16.4,11.2,1.5,3.3,45.2,21.0,2.3,1.9,2.6,3.7,4.3,6.7,16.5,9.7,0.8,0.2,0.9924,0.98,0.9111,0.9715,0.9169,4.7719,0.9975,0.0916,0.9543,0.536,0.921,0.7854,3.2883,0.9076,0.8063,0.8063,0.8063,0.426,0.7197,0.9111,0.86,0.6344,3.5512,0.9467,12.4177,0.9937,1,1,1,1,1,5,0,1,0,1,0,2,0,0,0,0,1,0,0,1,8,1865,193,109,464,305,522,254,0,12,0,12,0,12,205,152,0,12,18.3,10.0,17.6,10.5,19.8,8.3,0.0,1.3,0.0,1.3,0.0,1.3,7.8,6.1,0.0,1.3
39,Ohio,OH,39095,Lucas County,39095004900,Census Tract 49; Lucas County; Ohio,0.405168488964,2522,526,1339,168,1062,192,1265,440,170,117,348,129,215,73,279,143,187,59,766,351,484,120,238,150,22,52,1214,588,12,22,11,20,49,58,263,114,0,12,50.2,14.0,15.3,9.7,32.8,10.6,14.0,4.9,11.1,5.8,7.4,2.7,30.4,9.0,19.2,5.9,22.4,13.5,1.0,2.3,48.1,21.0,0.9,1.6,0.8,1.5,4.6,5.4,24.8,10.0,0.0,0.5,0.9086,0.9371,0.7905,0.7888,0.8607,4.2857,0.9403,0.052,0.9242,0.7721,0.9663,0.707,3.4216,0.9337,0.818,0.818,0.818,0.3181,0.6095,0.9251,0.9368,0.0,2.7895,0.7562,11.3148,0.9508,1,1,0,0,0,2,0,1,0,1,0,2,0,0,0,0,1,1,0,2,6,1543,151,77,240,301,422,215,0,12,0,12,0,12,552,434,0,12,14.2,7.1,9.5,11.4,16.7,8.5,0.0,1.4,0.0,1.4,0.0,1.4,21.9,14.9,0.0,1.4
39,Ohio,OH,39095,Lucas County,39095005000,Census Tract 50; Lucas County; Ohio,0.247144276302,1631,323,756,97,656,106,681,270,63,39,178,77,93,55,116,65,177,28,424,188,350,120,18,28,21,56,680,369,0,16,0,12,38,33,53,36,0,12,42.1,14.4,8.7,4.9,27.1,10.9,8.9,5.6,7.1,3.8,10.9,3.1,26.0,7.6,21.5,7.5,2.7,4.2,1.4,3.8,41.7,21.1,0.0,2.1,0.0,4.5,5.8,4.9,8.1,5.7,0.0,0.7,0.8543,0.8032,0.6549,0.5704,0.6452,3.528,0.7863,0.1554,0.7689,0.8534,0.2298,0.7717,2.7792,0.7229,0.7888,0.7888,0.7888,0.0,0.0,0.9575,0.6505,0.0,1.608,0.2613,8.704,0.6892,0,0,0,0,0,0,0,0,0,0,0,0,0,0,0,0,1,0,0,1,1,502,59,27,206,123,288,187,0,12,0,12,0,12,186,107,0,12,9.0,4.4,12.6,7.5,17.7,9.4,0.0,2.1,0.0,2.1,0.0,2.1,11.4,6.1,0.0,2.1
39,Ohio,OH,39095,Lucas County,39095005101,Census Tract 51.01; Lucas County; Ohio,0.280076074188,2791,506,1495,256,1229,282,1412,447,188,95,300,152,462,232,146,105,163,46,773,136,595,292,174,83,28,64,1423,687,227,114,23,37,0,16,297,153,0,12,51.0,13.2,17.8,8.7,24.4,11.0,25.1,10.2,5.2,4.0,5.8,1.8,27.7,5.2,21.3,7.9,14.2,5.9,1.1,2.5,51.0,22.8,15.2,7.2,1.5,2.5,0.0,1.3,24.2,11.7,0.0,0.4,0.9124,0.9613,0.5559,0.9543,0.4706,3.8545,0.8584,0.0327,0.844,0.8448,0.886,0.7254,3.3329,0.9162,0.8304,0.8304,0.8304,0.7816,0.6667,0.0,0.9327,0.0,2.381,0.5841,10.3988,0.8829,1,1,0,1,0,3,0,0,0,0,0,0,0,0,0,0,0,1,0,1,4,1303,349,126,839,319,416,255,17,25,7,10,0,12,144,100,0,12,28.4,10.9,30.1,9.8,14.9,9.7,0.6,0.9,0.3,0.4,0.0,1.2,5.2,3.7,0.0,1.2
39,Ohio,OH,39095,Lucas County,39095005102,Census Tract 51.02; Lucas County; Ohio,0.22800211134599999,1557,383,668,126,594,142,635,255,121,132,111,61,113,77,100,65,146,77,464,171,270,131,81,82,10,48,1023,427,19,30,0,12,18,27,66,51,0,12,40.8,12.9,16.1,13.2,18.7,9.2,12.7,7.2,6.4,4.1,9.4,4.8,29.8,9.0,17.3,6.3,13.6,13.4,0.8,3.6,65.7,22.2,2.8,4.5,0.0,5.1,3.0,4.5,11.1,8.7,0.0,0.8,0.8435,0.9492,0.339,0.7454,0.5849,3.462,0.7711,0.1056,0.9081,0.6776,0.8717,0.6636,3.2266,0.8927,0.8871,0.8871,0.8871,0.4622,0.0,0.8429,0.7552,0.0,2.0603,0.4413,9.636,0.8086,0,1,0,0,0,1,0,1,0,0,0,1,0,0,0,0,0,0,0,0,2,640,136,96,100,74,651,328,105,134,0,12,0,12,167,163,0,12,22.9,14.1,6.4,4.6,41.8,16.6,6.7,8.2,0.0,2.2,0.0,2.2,10.7,10.7,0.0,2.2
39,Ohio,OH,39095,Lucas County,39095005200,Census Tract 52; Lucas County; Ohio,1.07860489465,2964,525,1351,127,1217,133,1540,518,259,218,377,159,302,141,674,444,285,43,676,212,518,182,95,81,93,113,707,720,0,16,0,12,28,46,52,68,0,12,52.0,14.9,17.4,14.9,31.0,12.6,14.7,7.5,22.7,12.4,9.6,2.1,22.8,5.9,17.5,6.3,7.8,6.6,3.3,4.0,23.9,23.9,0.0,1.2,0.0,2.6,2.3,3.8,4.3,5.6,0.0,0.4,0.9197,0.9587,0.7511,0.8107,0.9867,4.4269,0.9625,0.1103,0.5761,0.6903,0.6749,0.9071,2.9587,0.8048,0.6427,0.6427,0.6427,0.0,0.0,0.7698,0.4184,0.0,1.1882,0.1438,9.2165,0.7533,1,1,0,0,1,3,0,0,0,0,1,1,0,0,0,0,0,0,0,0,4,2386,157,98,152,147,515,313,0,12,0,12,0,12,16,18,24,39,12.9,7.6,5.1,4.9,17.4,10.0,0.0,1.2,0.0,1.2,0.0,1.2,0.5,0.6,0.8,1.3
39,Ohio,OH,39095,Lucas County,39095005300,Census Tract 53; Lucas County; Ohio,0.460374125128,2060,352,830,128,724,141,915,359,132,65,177,85,326,96,280,157,180,41,631,208,352,156,102,63,139,80,881,467,0,16,0,12,23,28,89,63,0,12,44.5,15.7,12.8,6.0,24.4,10.7,28.0,9.1,13.6,7.5,8.7,2.3,30.6,7.5,17.1,6.8,14.1,8.3,7.3,4.0,42.8,21.5,0.0,1.9,0.0,4.1,3.1,3.8,12.3,8.8,0.0,0.6,0.8743,0.9025,0.5559,0.9746,0.9219,4.2292,0.9333,0.0853,0.9287,0.6674,0.8835,0.9772,3.5421,0.9559,0.7952,0.7952,0.7952,0.0,0.0,0.8502,0.7854,0.0,1.6356,0.2708,10.2021,0.8657,0,1,0,1,1,3,0,1,0,0,1,2,0,0,0,0,0,0,0,0,5,1759,135,60,145,160,569,182,0,12,0,12,0,12,143,87,24,28,18.6,8.2,7.0,7.8,27.6,7.8,0.0,1.7,0.0,1.7,0.0,1.7,6.9,4.0,1.2,1.3
39,Ohio,OH,39095,Lucas County,39095005400,Census Tract 54; Lucas County; Ohio,0.632204573106,2215,424,1073,168,807,140,1181,422,108,94,262,127,266,117,139,109,162,35,831,221,594,202,145,86,0,48,1183,482,0,16,0,12,0,16,164,99,0,12,54.7,16.8,11.7,9.7,32.5,14.7,21.0,8.0,6.3,4.7,7.3,2.0,37.5,5.0,26.8,8.7,18.0,10.2,0.0,2.3,53.4,19.2,0.0,1.5,0.0,3.2,0.0,2.0,20.3,10.7,0.0,0.5,0.9327,0.8797,0.7832,0.9233,0.5763,4.0952,0.9089,0.0504,0.9857,0.9578,0.9362,0.0,2.9301,0.7908,0.8412,0.8412,0.8412,0.0,0.0,0.0,0.9063,0.0,0.9063,0.0905,8.7728,0.6971,1,0,0,1,0,2,0,1,1,1,0,3,0,0,0,0,0,1,0,1,6,1435,125,61,446,309,631,252,0,12,32,44,0,12,66,69,8,15,15.5,7.3,20.1,11.7,28.5,9.2,0.0,1.6,1.4,1.9,0.0,1.6,3.0,2.9,0.4,0.7
39,Ohio,OH,39095,Lucas County,39095005501,Census Tract 55.01; Lucas County; Ohio,0.664718608628,2515,346,1403,244,1213,235,764,271,38,34,420,234,145,56,244,116,631,211,512,158,407,121,99,69,10,48,330,480,19,25,0,12,20,22,33,28,0,12,30.5,10.0,3.7,3.3,34.6,18.1,7.5,3.0,9.7,4.7,25.1,7.1,20.4,5.0,16.2,4.8,8.2,5.5,0.4,2.1,13.1,19.0,1.4,1.8,0.0,2.5,1.6,1.8,2.7,2.4,0.0,0.5,0.7198,0.4429,0.8171,0.4829,0.8067,3.2694,0.7283,0.8716,0.4134,0.6144,0.6946,0.5412,3.1352,0.8663,0.4477,0.4477,0.4477,0.3663,0.0,0.6794,0.2752,0.0,1.3209,0.18,8.1732,0.6133,0,0,0,0,0,0,0,0,0,0,0,0,0,0,0,0,0,0,0,0,0,1351,241,223,38,51,65,69,0,12,7,10,0,12,220,106,0,12,19.9,15.0,1.5,2.0,2.6,2.7,0.0,1.4,0.3,0.4,0.0,1.4,8.7,4.1,0.0,1.4
39,Ohio,OH,39095,Lucas County,39095005502,Census Tract 55.02; Lucas County; Ohio,0.77505343276,3478,756,1544,256,1498,264,858,471,68,56,246,126,149,103,152,129,530,72,765,362,541,190,86,77,0,48,417,1010,0,16,0,12,0,16,60,52,0,12,25.2,12.9,4.6,3.8,16.4,7.9,6.3,4.3,4.4,3.7,15.2,4.1,22.0,7.2,15.6,5.8,5.7,5.0,0.0,1.5,12.0,28.9,0.0,1.0,0.0,2.2,0.0,1.1,4.0,3.5,0.0,0.3,0.6281,0.5451,0.2451,0.4042,0.3758,2.1983,0.4267,0.3523,0.5171,0.5833,0.5317,0.0,1.9844,0.2651,0.4169,0.4169,0.4169,0.0,0.0,0.0,0.3981,0.0,0.3981,0.0276,4.9977,0.1419,0,0,0,0,0,0,0,0,0,0,0,0,0,0,0,0,0,0,0,0,0,1174,238,205,27,31,390,187,0,12,0,12,0,12,0,12,0,12,15.9,11.9,0.8,0.9,11.2,4.6,0.0,1.0,0.0,1.0,0.0,1.0,0.0,1.0,0.0,1.0
39,Ohio,OH,39095,Lucas County,39095005503,Census Tract 55.03; Lucas County; Ohio,0.514382845092,1919,155,906,64,895,65,247,151,53,52,161,79,65,49,36,46,343,118,414,81,188,73,63,60,4,47,132,233,50,43,0,12,0,16,53,52,0,12,12.9,7.8,5.1,5.0,18.0,8.7,4.7,3.4,1.9,2.4,17.9,5.7,21.6,3.9,9.8,3.6,7.0,6.7,0.2,2.6,6.9,12.1,5.5,4.7,0.0,3.8,0.0,1.8,5.9,5.9,0.0,0.6,0.3005,0.5892,0.3114,0.2815,0.1104,1.593,0.2505,0.5231,0.4918,0.2056,0.62,0.4556,2.2961,0.4337,0.2318,0.2318,0.2318,0.5733,0.0,0.0,0.5349,0.0,1.1082,0.1263,5.2291,0.1632,0,0,0,0,0,0,0,0,0,0,0,0,0,0,0,0,0,0,0,0,0,1465,98,47,55,68,58,66,0,12,0,12,0,12,19,24,0,12,10.9,5.2,2.9,3.5,3.0,3.5,0.0,1.8,0.0,1.8,0.0,1.8,1.0,1.3,0.0,1.8
39,Ohio,OH,39095,Lucas County,39095005601,Census Tract 56.01; Lucas County; Ohio,1.122095810032,5126,668,2028,285,2028,285,839,417,9,16,289,143,257,165,157,163,1063,245,1251,287,568,229,144,109,11,68,564,919,136,104,0,17,57,51,37,45,84,2,16.8,8.0,0.3,0.6,14.3,6.8,6.9,4.6,3.1,3.3,20.7,5.0,24.4,4.9,11.3,4.4,7.1,5.3,0.2,1.5,11.0,17.9,6.7,5.0,0.0,1.7,2.8,2.5,1.8,2.3,1.6,0.2,0.418,0.0263,0.1641,0.4423,0.2371,1.2878,0.1657,0.7013,0.6782,0.3028,0.626,0.4556,2.7639,0.7165,0.3893,0.3893,0.3893,0.6092,0.0,0.826,0.1933,0.727,2.3555,0.5717,6.7965,0.3943,0,0,0,0,0,0,0,0,0,0,0,0,0,0,0,0,0,0,0,0,0,2539,107,89,112,111,299,217,0,17,0,17,0,17,153,163,0,17,5.3,4.3,2.2,2.2,5.8,4.1,0.0,0.7,0.0,0.7,0.0,0.7,3.0,3.1,0.0,0.7
39,Ohio,OH,39095,Lucas County,39095005602,Census Tract 56.02; Lucas County; Ohio,2.418553352754,740,216,434,96,380,96,236,174,39,47,103,89,107,115,0,12,178,83,100,86,52,48,64,69,0,48,50,301,0,16,145,105,0,16,0,12,0,12,31.9,21.6,12.6,16.9,27.1,22.4,18.0,15.8,0.0,4.8,24.1,7.9,13.5,9.7,7.3,5.6,16.8,17.7,0.0,7.0,6.8,40.6,0.0,3.7,33.4,21.1,0.0,4.2,0.0,8.8,0.0,1.6,0.7398,0.8975,0.6549,0.8798,0.0,3.172,0.707,0.8367,0.0881,0.0812,0.9254,0.0,1.9314,0.2368,0.2264,0.2264,0.2264,0.0,0.9917,0.0,0.0,0.0,0.9917,0.1048,6.3215,0.3098,0,0,0,0,0,0,0,0,0,1,0,1,0,0,0,1,0,0,0,1,2,5340,0,12,7,12,26,47,0,12,0,12,0,12,17,14,0,12,0.0,8.8,0.9,1.6,3.5,5.8,0.0,4.6,0.0,4.6,0.0,4.6,2.3,2.3,0.0,4.6
39,Ohio,OH,39095,Lucas County,39095005701,Census Tract 57.01; Lucas County; Ohio,0.984401412078,2890,400,1548,135,1368,155,882,256,136,103,440,136,205,111,296,167,422,75,575,182,543,240,116,69,63,97,718,540,425,128,143,72,28,41,192,83,23,4,30.6,7.8,9.7,6.9,32.2,9.2,9.8,5.3,10.2,5.4,14.6,3.0,19.9,4.7,18.8,6.8,8.5,5.0,2.2,3.4,24.8,18.4,27.4,7.9,9.2,4.6,2.0,3.0,14.0,6.1,0.8,0.1,0.721,0.8346,0.7752,0.6252,0.8258,3.7818,0.841,0.3212,0.3751,0.7521,0.7102,0.8491,3.0077,0.8267,0.6531,0.6531,0.6531,0.9041,0.8654,0.7346,0.8194,0.6344,3.9579,0.9873,11.4005,0.954,0,0,0,0,0,0,0,0,0,0,0,0,0,0,1,0,0,0,0,1,1,2862,238,88,268,118,202,124,81,88,0,12,29,45,138,130,0,12,17.4,6.6,9.3,4.0,7.0,4.0,2.8,3.0,0.0,1.2,1.0,1.6,4.8,4.4,0.0,1.2
39,Ohio,OH,39095,Lucas County,39095005703,Census Tract 57.03; Lucas County; Ohio,0.367649799318,2623,365,1119,112,1041,116,761,401,77,62,311,149,73,44,133,92,363,104,862,278,278,101,208,128,0,48,935,431,27,37,6,10,0,16,59,49,0,12,29.3,14.9,5.8,4.5,29.9,13.9,4.7,2.7,5.1,3.6,13.8,4.1,32.9,7.3,10.6,4.1,20.0,12.1,0.0,2.0,35.6,15.7,2.4,3.3,0.5,0.9,0.0,1.5,5.7,4.6,0.0,0.5,0.6991,0.6432,0.7235,0.2815,0.4611,2.8084,0.6048,0.2809,0.9575,0.2542,0.9549,0.0,2.4475,0.5273,0.7489,0.7489,0.7489,0.4352,0.5717,0.0,0.5241,0.0,1.531,0.24,7.5358,0.5051,0,0,0,0,0,0,0,1,0,1,0,2,0,0,0,0,0,0,0,0,2,1043,196,99,206,181,553,402,0,12,0,12,0,12,176,139,0,12,18.8,8.7,7.9,7.1,21.1,13.4,0.0,1.3,0.0,1.3,0.0,1.3,6.7,5.0,0.0,1.3
39,Ohio,OH,39095,Lucas County,39095005704,Census Tract 57.04; Lucas County; Ohio,1.487248687716,2384,506,1219,85,1048,142,1147,547,60,61,410,165,200,139,168,113,244,112,567,256,456,139,61,66,1,46,501,663,85,51,294,140,39,61,33,35,0,12,48.4,20.6,6.7,6.9,39.1,14.8,12.7,7.8,7.0,5.1,10.2,5.6,23.8,7.1,19.1,6.0,5.8,6.2,0.0,2.1,21.0,27.5,7.0,4.2,24.1,10.9,3.7,5.8,3.1,3.3,0.0,0.5,0.8997,0.7032,0.8854,0.7454,0.636,3.8697,0.8625,0.1297,0.6439,0.768,0.54,0.0,2.0816,0.3137,0.6024,0.6024,0.6024,0.6171,0.9737,0.8841,0.3143,0.0,2.7892,0.7559,9.3429,0.7737,0,0,0,0,0,0,0,0,0,0,0,0,0,0,0,1,0,0,0,1,1,5774,131,82,72,62,235,221,26,40,0,12,0,12,168,201,0,12,12.5,7.9,3.0,2.6,9.9,8.5,1.1,1.7,0.0,1.5,0.0,1.5,7.0,8.1,0.0,1.5
39,Ohio,OH,39095,Lucas County,39095005705,Census Tract 57.05; Lucas County; Ohio,2.36448092596,1892,335,1084,287,967,283,236,138,69,70,225,139,268,274,395,261,171,129,435,92,257,138,146,114,0,48,853,516,103,120,0,12,0,16,55,46,0,12,12.5,6.9,5.6,6.1,23.3,12.7,20.5,17.7,20.9,14.1,9.0,6.8,23.0,4.7,13.6,7.6,15.1,10.9,0.0,2.7,45.1,26.1,9.5,10.8,0.0,3.2,0.0,1.7,5.7,5.1,0.0,0.6,0.2847,0.6276,0.5171,0.9169,0.9816,3.3279,0.7441,0.0926,0.5862,0.4532,0.9032,0.0,2.0352,0.2892,0.806,0.806,0.806,0.6816,0.0,0.0,0.5241,0.0,1.2057,0.1476,7.3748,0.4825,0,0,0,1,1,2,0,0,0,1,0,1,0,0,0,0,0,0,0,0,3,5537,123,94,637,265,178,191,0,12,3,5,0,12,35,40,0,12,12.7,9.8,33.7,15.0,9.4,9.4,0.0,1.8,0.2,0.3,0.0,1.8,1.8,2.2,0.0,1.8
39,Ohio,OH,39095,Lucas County,39095005801,Census Tract 58.01; Lucas County; Ohio,0.667650281114,3824,654,1850,270,1669,289,797,336,139,122,393,173,184,101,46,42,760,344,839,235,434,147,208,118,31,55,1248,835,569,162,0,12,1,13,89,91,0,12,20.8,8.0,6.5,5.7,23.5,9.5,7.2,3.9,1.2,1.1,19.9,7.9,21.9,4.7,11.3,4.0,12.4,6.7,0.9,1.5,32.6,21.1,30.7,7.5,0.0,1.9,0.1,0.8,5.3,5.1,0.0,0.3,0.5249,0.6917,0.5254,0.4629,0.0511,2.256,0.4413,0.6569,0.5098,0.3028,0.8473,0.6855,3.0023,0.8248,0.7273,0.7273,0.7273,0.9229,0.0,0.3819,0.4917,0.0,1.7965,0.3337,7.7821,0.547,0,0,0,0,0,0,0,0,0,0,0,0,0,0,1,0,0,0,0,1,1,1374,254,152,629,332,543,422,16,27,0,12,0,12,60,54,0,12,15.2,8.5,16.4,8.9,14.2,9.6,0.4,0.7,0.0,0.9,0.0,0.9,1.6,1.5,0.0,0.9
39,Ohio,OH,39095,Lucas County,39095005803,Census Tract 58.03; Lucas County; Ohio,0.457109246616,1990,303,779,106,705,121,425,268,82,75,113,58,77,43,59,47,498,184,530,217,285,136,26,37,0,48,139,445,0,16,0,12,50,47,28,27,0,12,21.4,13.1,9.1,6.9,16.0,7.8,5.6,3.1,3.0,2.2,25.0,9.5,26.6,8.5,14.3,8.1,3.7,5.2,0.0,2.5,7.0,22.3,0.0,2.1,0.0,4.4,7.1,6.6,4.0,3.8,0.0,0.6,0.5401,0.8178,0.2279,0.3497,0.2291,2.1646,0.4149,0.8678,0.7984,0.5033,0.34,0.0,2.5095,0.5629,0.234,0.234,0.234,0.0,0.0,0.9708,0.3981,0.0,1.3689,0.193,6.277,0.3029,0,0,0,0,0,0,0,0,0,0,0,0,0,0,0,0,1,0,0,1,1,1121,101,67,0,12,49,66,0,12,0,12,0,12,90,91,0,12,14.3,9.3,0.0,1.7,2.5,3.3,0.0,1.7,0.0,1.7,0.0,1.7,4.5,4.7,0.0,1.7
39,Ohio,OH,39095,Lucas County,39095005804,Census Tract 58.04; Lucas County; Ohio,0.53158909462,2855,398,1426,184,1336,190,1078,256,25,33,558,242,182,107,186,145,370,79,892,234,380,135,190,80,24,61,1043,508,615,231,18,29,0,16,176,91,0,12,38.0,7.2,1.8,2.5,41.8,17.1,10.5,5.8,6.5,4.9,13.0,3.2,31.2,5.2,13.3,4.2,14.2,5.6,1.0,2.4,36.5,17.1,43.1,15.2,1.3,2.0,0.0,1.2,13.2,7.2,0.0,0.4,0.8131,0.1654,0.9162,0.6627,0.5947,3.1521,0.7022,0.2368,0.9404,0.4361,0.886,0.707,3.2063,0.8879,0.753,0.753,0.753,0.959,0.6505,0.0,0.8035,0.0,2.413,0.5968,9.5244,0.7965,0,0,1,0,0,1,0,1,0,0,0,1,0,0,1,0,0,0,0,1,3,1796,320,140,637,320,302,175,0,12,2,3,0,12,86,101,16,28,24.0,10.2,22.3,10.1,10.6,6.1,0.0,1.2,0.1,0.1,0.0,1.2,3.0,3.4,0.6,1.0
39,Ohio,OH,39095,Lucas County,39095005901,Census Tract 59.01; Lucas County; Ohio,0.509250391206,2467,264,1087,191,1036,197,626,269,26,29,346,194,47,36,78,57,350,45,533,95,468,196,20,24,0,48,315,401,182,176,0,12,10,19,164,175,10,3,25.4,10.6,2.2,2.4,33.4,17.6,2.6,2.0,3.2,2.4,14.2,2.2,21.6,3.3,19.0,6.9,1.9,2.3,0.0,2.0,12.8,16.2,16.8,15.9,0.0,3.2,1.0,1.8,15.8,14.7,0.4,0.1,0.6322,0.2238,0.7994,0.1243,0.2491,2.0288,0.3756,0.2993,0.4918,0.7639,0.1517,0.0,1.7067,0.1454,0.4401,0.4401,0.4401,0.8098,0.0,0.5676,0.8508,0.5374,2.7656,0.7454,6.9412,0.4156,0,0,0,0,0,0,0,0,0,0,0,0,0,0,0,0,0,0,0,0,0,1630,140,69,3,3,193,173,32,38,0,12,0,12,87,88,0,12,13.5,7.0,0.1,0.1,7.8,6.9,1.3,1.6,0.0,1.4,0.0,1.4,3.5,3.6,0.0,1.4
39,Ohio,OH,39095,Lucas County,39095005902,Census Tract 59.02; Lucas County; Ohio,1.002238552274,4804,795,2060,182,1874,198,1025,383,148,115,441,132,207,87,322,162,564,136,1629,518,713,332,266,92,0,48,1430,981,322,127,181,74,74,64,143,94,9,6,21.6,7.2,6.8,5.5,23.5,6.6,6.9,2.7,6.7,3.6,11.7,3.4,33.9,6.4,14.8,5.7,14.2,4.7,0.0,1.1,29.8,19.8,15.6,6.0,8.8,3.7,3.9,3.4,7.6,5.0,0.2,0.1,0.5452,0.7079,0.5254,0.4423,0.6109,2.8317,0.6127,0.1836,0.9664,0.536,0.886,0.0,2.572,0.6057,0.7055,0.7055,0.7055,0.7889,0.8581,0.8933,0.6279,0.4356,3.6038,0.9543,9.713,0.8178,0,0,0,0,0,0,0,1,0,0,0,1,0,0,0,0,0,0,0,0,1,6298,337,132,390,252,309,188,64,61,0,12,0,12,667,344,0,12,18.0,6.7,8.1,5.1,6.4,4.1,1.3,1.4,0.0,0.7,0.0,0.7,13.9,5.9,0.0,0.7
39,Ohio,OH,39095,Lucas County,39095006000,Census Tract 60; Lucas County; Ohio,0.535798378624,2453,619,1058,172,1058,172,694,633,21,25,332,167,162,155,121,99,395,35,660,486,289,109,138,149,0,48,845,666,0,16,32,45,0,16,81,47,3,3,28.3,24.8,1.6,1.9,31.4,14.9,10.1,8.8,4.9,4.3,16.1,4.8,26.9,13.7,11.8,5.6,13.1,13.9,0.0,2.1,34.4,25.7,0.0,1.5,3.0,4.3,0.0,1.5,7.7,4.3,0.1,0.1,0.683,0.1346,0.7575,0.6443,0.4376,2.657,0.5568,0.4071,0.8107,0.3351,0.8638,0.0,2.4167,0.5079,0.7406,0.7406,0.7406,0.0,0.734,0.0,0.634,0.3694,1.7374,0.3114,7.5517,0.5076,0,0,0,0,0,0,0,0,0,0,0,0,0,0,0,0,0,0,0,0,0,2071,152,59,336,190,107,105,16,25,0,12,0,12,324,483,62,84,14.4,5.7,13.7,8.8,4.4,4.3,0.7,1.0,0.0,1.4,0.0,1.4,13.2,16.9,2.5,3.6
39,Ohio,OH,39095,Lucas County,39095006100,Census Tract 61; Lucas County; Ohio,0.469893083836,3045,552,1354,210,1256,222,468,156,44,40,203,92,97,66,209,144,352,180,745,175,302,94,73,45,7,48,578,802,2,16,0,12,11,22,13,17,5,2,16.1,4.8,2.4,2.2,16.2,6.7,4.8,3.4,6.9,4.8,11.6,5.7,24.5,3.0,9.9,3.4,5.8,3.4,0.3,1.8,19.0,26.1,0.1,1.2,0.0,2.5,0.9,1.7,1.0,1.4,0.2,0.1,0.3929,0.2514,0.2371,0.2888,0.6274,1.7976,0.307,0.1776,0.6826,0.2104,0.54,0.4968,2.1074,0.3257,0.5761,0.5761,0.5761,0.2556,0.0,0.5384,0.1067,0.4356,1.3363,0.1851,5.8174,0.2349,0,0,0,0,0,0,0,0,0,0,0,0,0,0,0,0,0,0,0,0,0,2421,106,64,276,298,191,147,0,12,11,15,0,12,100,91,0,12,8.4,5.3,9.1,9.6,6.3,4.8,0.0,1.1,0.4,0.5,0.0,1.1,3.3,3.1,0.0,1.1
39,Ohio,OH,39095,Lucas County,39095006200,Census Tract 62; Lucas County; Ohio,0.833585337654,2292,397,1129,140,1053,128,418,298,113,97,184,100,160,94,144,76,470,198,372,192,389,147,12,24,0,48,617,491,46,43,39,43,0,16,88,56,8,10,18.2,12.6,8.7,6.9,17.5,9.3,8.8,5.0,6.3,3.6,20.5,7.4,16.2,6.4,17.0,6.3,1.1,2.3,0.0,2.2,26.9,20.9,4.1,3.8,3.5,3.7,0.0,1.5,8.4,5.4,0.3,0.4,0.4611,0.8032,0.2905,0.5647,0.5763,2.6958,0.5714,0.6909,0.1703,0.6646,0.0829,0.0,1.6087,0.1156,0.676,0.676,0.676,0.5219,0.7473,0.0,0.6635,0.4924,2.4251,0.6041,7.4056,0.4902,0,0,0,0,0,0,0,0,0,0,0,0,0,0,0,0,0,0,0,0,0,4109,147,61,120,87,290,176,59,46,0,12,0,12,44,41,104,158,14.0,5.8,5.2,3.7,12.7,7.3,2.6,2.0,0.0,1.5,0.0,1.5,1.9,1.8,4.5,6.5
39,Ohio,OH,39095,Lucas County,39095006300,Census Tract 63; Lucas County; Ohio,0.385781921442,3188,441,1421,153,1342,158,618,376,154,131,337,156,100,74,311,178,278,85,921,292,441,163,121,104,0,48,1495,515,11,20,0,12,10,21,74,58,7,5,19.5,11.6,8.6,6.9,25.1,11.2,5.1,3.7,9.8,5.7,8.7,2.8,28.9,6.3,13.8,4.4,9.0,7.7,0.0,1.7,46.9,14.8,0.8,1.4,0.0,2.4,0.7,1.6,5.5,4.3,0.2,0.2,0.4948,0.7975,0.5841,0.3098,0.8124,2.9986,0.6587,0.0853,0.884,0.4675,0.7349,0.0,2.1717,0.3638,0.8126,0.8126,0.8126,0.3111,0.0,0.4873,0.5098,0.4356,1.7438,0.3146,7.7267,0.5378,0,0,0,0,0,0,0,0,0,0,0,0,0,0,0,0,0,0,0,0,0,1161,94,73,678,330,286,163,19,28,16,23,0,12,496,311,0,12,7.0,5.5,21.3,8.7,9.0,5.1,0.6,0.9,0.5,0.7,0.0,1.1,15.6,9.0,0.0,1.1
39,Ohio,OH,39095,Lucas County,39095006400,Census Tract 64; Lucas County; Ohio,0.33909794252,2659,439,1160,188,1138,189,362,345,31,30,164,108,97,104,43,43,189,26,780,258,321,193,212,153,0,48,842,535,15,25,0,12,11,20,12,18,0,12,13.7,12.8,2.0,1.9,14.4,9.2,5.8,5.7,1.6,1.7,7.1,1.3,29.3,5.7,12.1,6.3,18.7,13.1,0.0,2.0,31.7,19.4,1.3,2.1,0.0,3.0,1.0,1.7,1.1,1.6,0.0,0.5,0.3247,0.194,0.1679,0.3662,0.0825,1.1353,0.1317,0.0479,0.8951,0.3586,0.9432,0.0,2.2448,0.401,0.72,0.72,0.72,0.359,0.0,0.5676,0.1194,0.0,1.046,0.1127,5.1461,0.1559,0,0,0,0,0,0,0,0,0,1,0,1,0,0,0,0,0,0,0,0,1,1048,0,12,291,224,326,285,15,23,5,8,0,12,205,140,0,12,0.0,3.0,10.9,7.5,12.3,10.0,0.6,0.9,0.2,0.3,0.0,1.3,7.7,5.3,0.0,1.3
39,Ohio,OH,39095,Lucas County,39095006500,Census Tract 65; Lucas County; Ohio,0.522262028606,2313,348,1416,250,1334,250,523,212,66,62,559,286,116,54,104,68,355,81,271,121,268,89,40,32,11,49,1072,425,426,249,0,12,0,16,249,103,86,3,23.5,8.8,4.3,3.7,41.9,19.9,6.8,3.2,4.7,3.1,15.3,4.3,11.7,4.7,12.2,4.7,3.0,2.3,0.5,2.2,46.3,17.0,30.0,16.8,0.0,2.4,0.0,1.2,18.7,8.3,3.7,0.6,0.5912,0.5117,0.9175,0.4344,0.4135,2.8683,0.6219,0.3576,0.0596,0.3659,0.2619,0.5796,1.6246,0.1187,0.811,0.811,0.811,0.9194,0.0,0.0,0.887,0.8599,2.6663,0.7051,7.9702,0.5806,0,0,1,0,0,1,0,0,0,0,0,0,0,0,1,0,0,0,0,1,2,3893,100,46,782,300,28,30,52,54,4,7,0,12,206,149,0,12,7.5,4.0,33.8,10.4,1.2,1.3,2.2,2.4,0.2,0.3,0.0,1.5,8.9,6.0,0.0,1.5
39,Ohio,OH,39095,Lucas County,39095006600,Census Tract 66; Lucas County; Ohio,1.144521386396,1816,403,1075,170,947,163,655,244,74,77,392,157,104,77,307,208,410,142,176,128,391,154,96,90,0,48,1299,502,49,25,99,78,22,32,94,56,24,6,36.4,10.9,9.0,8.9,41.4,15.0,9.3,7.1,16.9,11.5,22.6,8.8,9.7,6.9,21.5,8.6,10.1,9.3,0.0,2.7,71.5,22.6,4.6,2.2,9.2,7.3,2.3,3.4,9.9,5.8,1.3,0.2,0.794,0.8149,0.9111,0.5951,0.9594,4.0745,0.9041,0.7771,0.0419,0.8534,0.7813,0.0,2.4537,0.5302,0.9071,0.9071,0.9071,0.5441,0.8654,0.7698,0.7162,0.6934,3.5889,0.9521,11.0242,0.9327,0,0,1,0,1,2,0,0,0,0,0,0,1,1,0,0,0,0,0,0,3,3408,185,105,1093,373,38,51,0,12,9,16,0,12,159,153,0,12,19.5,11.0,60.2,14.2,2.1,2.8,0.0,1.9,0.5,0.9,0.0,1.9,8.8,8.5,0.0,1.9
39,Ohio,OH,39095,Lucas County,39095006700,Census Tract 67; Lucas County; Ohio,0.601435718624,1730,328,1066,129,857,122,1090,349,24,28,405,140,135,72,77,39,203,65,205,93,375,134,41,38,0,48,998,408,207,96,62,53,22,29,125,68,8,2,63.0,16.3,3.3,4.0,47.3,14.9,14.4,6.8,4.5,2.2,11.7,3.9,11.8,5.0,21.7,6.5,4.8,4.4,0.0,2.8,57.7,20.9,19.4,8.7,5.8,4.7,2.6,3.4,14.6,7.7,0.5,0.1,0.9705,0.386,0.9565,0.8006,0.3875,3.5011,0.7813,0.1836,0.0615,0.8613,0.4565,0.0,1.5629,0.1051,0.8545,0.8545,0.8545,0.8381,0.8022,0.8029,0.8292,0.5742,3.8466,0.9816,9.7651,0.8229,1,0,1,0,0,2,0,0,0,0,0,0,0,0,0,0,0,0,0,0,2,1785,319,92,732,203,67,51,85,68,0,12,0,12,114,66,0,12,37.2,11.2,42.3,9.1,3.9,2.7,4.9,3.9,0.0,2.0,0.0,2.0,6.6,4.3,0.0,2.0
39,Ohio,OH,39095,Lucas County,39095006801,Census Tract 68.01; Lucas County; Ohio,0.794967801716,2876,541,1533,256,1439,242,1250,242,293,202,350,220,269,141,625,506,222,177,518,36,345,201,66,102,8,54,1092,570,716,259,21,33,54,61,70,61,8,2,43.5,2.0,14.8,9.2,24.3,14.7,14.2,7.7,21.7,17.7,7.7,5.6,18.0,3.6,12.0,6.4,4.6,7.0,0.3,2.0,38.0,18.5,46.7,15.0,1.4,2.2,3.8,4.2,4.9,4.4,0.3,0.0,0.8689,0.9295,0.5524,0.7942,0.9841,4.1291,0.9168,0.0609,0.2565,0.3523,0.4381,0.4968,1.6046,0.1143,0.7647,0.7647,0.7647,0.9654,0.6597,0.8898,0.4625,0.4924,3.4698,0.9337,9.9682,0.8432,0,1,0,0,1,2,0,0,0,0,0,0,0,0,1,0,0,0,0,1,3,2545,306,160,943,549,68,99,23,34,0,12,0,12,58,73,0,12,21.3,11.1,32.8,13.6,2.4,3.5,0.8,1.2,0.0,1.2,0.0,1.2,2.0,2.6,0.0,1.2
39,Ohio,OH,39095,Lucas County,39095006802,Census Tract 68.02; Lucas County; Ohio,0.742245187514,2339,495,1529,382,1414,364,1252,421,110,82,508,207,238,148,360,181,393,120,211,128,466,200,24,39,0,48,1083,630,888,401,0,12,11,22,152,98,118,3,56.4,14.2,8.4,6.5,35.9,11.4,13.1,8.7,16.2,7.9,16.8,5.5,9.0,4.7,21.0,8.0,1.7,2.7,0.0,2.1,46.3,25.1,58.1,21.8,0.0,2.3,0.8,1.5,10.7,7.7,5.0,1.1,0.9454,0.7876,0.8349,0.7609,0.953,4.2818,0.9387,0.4486,0.0371,0.8366,0.1337,0.0,1.456,0.0787,0.811,0.811,0.811,0.9822,0.0,0.5117,0.7438,0.9068,3.1445,0.8679,9.6933,0.8146,1,0,0,0,1,2,0,0,0,0,0,0,0,0,1,0,0,0,1,2,4,6295,229,104,781,346,12,28,170,92,3,8,0,12,96,89,21,33,16.2,9.0,33.4,12.5,0.5,1.2,7.3,4.1,0.1,0.3,0.0,1.5,4.1,3.5,0.9,1.4
39,Ohio,OH,39095,Lucas County,39095006900,Census Tract 69; Lucas County; Ohio,0.514740375544,2317,364,1280,276,1200,265,433,167,56,51,284,100,145,74,0,12,510,91,302,86,414,115,0,16,0,48,403,529,54,46,12,21,0,16,79,53,99,3,19.7,6.8,4.6,4.4,23.7,6.5,7.4,4.2,0.0,1.6,22.0,4.8,13.0,3.8,18.7,6.5,0.0,1.3,0.0,2.2,17.4,22.7,4.2,3.5,0.9,1.7,0.0,1.3,6.6,4.7,4.3,0.7,0.4998,0.5451,0.5333,0.4775,0.0,2.0557,0.3829,0.7505,0.078,0.7477,0.0,0.0,1.5762,0.1083,0.546,0.546,0.546,0.5257,0.6187,0.0,0.5765,0.8849,2.6058,0.6803,6.7837,0.3908,0,0,0,0,0,0,0,0,0,0,0,0,0,0,0,0,0,0,0,0,0,1232,92,58,121,64,176,137,17,24,4,9,0,12,85,72,0,12,7.7,4.9,5.2,3.0,7.6,5.8,0.7,1.1,0.2,0.4,0.0,1.5,3.7,3.2,0.0,1.5
39,Ohio,OH,39095,Lucas County,39095007002,Census Tract 70.02; Lucas County; Ohio,1.115793467086,2044,297,808,74,808,74,146,73,13,14,82,38,13,13,87,53,349,46,575,210,222,58,12,17,0,48,179,430,9,9,0,12,55,63,11,12,0,12,7.2,3.4,1.2,1.3,10.1,4.6,1.0,1.0,4.3,2.7,17.1,3.5,28.1,6.8,10.9,3.2,1.5,2.1,0.0,2.6,8.8,21.0,1.1,1.1,0.0,4.2,6.8,7.8,1.4,1.4,0.0,0.6,0.125,0.0898,0.0514,0.0333,0.3659,0.6654,0.0429,0.4677,0.857,0.2752,0.1156,0.0,1.7155,0.1502,0.312,0.312,0.312,0.3378,0.0,0.9692,0.1476,0.0,1.4546,0.2165,4.1475,0.0657,0,0,0,0,0,0,0,0,0,0,0,0,0,0,0,0,1,0,0,1,1,1411,10,11,14,20,102,57,0,12,0,12,0,12,63,47,0,12,1.2,1.4,0.7,1.0,5.0,3.0,0.0,1.7,0.0,1.7,0.0,1.7,3.1,2.3,0.0,1.7
39,Ohio,OH,39095,Lucas County,39095007003,Census Tract 70.03; Lucas County; Ohio,0.391630594538,2021,305,891,104,851,96,225,103,53,42,182,70,54,43,100,79,287,96,434,121,215,125,13,25,0,48,233,456,0,16,0,12,0,16,24,24,0,12,11.3,4.9,4.2,3.5,21.4,7.9,3.8,3.0,4.9,3.9,14.2,5.2,21.5,4.0,10.6,6.4,1.5,2.9,0.0,2.6,11.5,22.5,0.0,1.8,0.0,3.8,0.0,1.9,2.8,2.7,0.0,0.6,0.2513,0.4975,0.4521,0.2102,0.4376,1.8487,0.321,0.2993,0.4848,0.2542,0.1156,0.0,1.1539,0.0337,0.402,0.402,0.402,0.0,0.0,0.0,0.2848,0.0,0.2848,0.0225,3.6894,0.0384,0,0,0,0,0,0,0,0,0,0,0,0,0,0,0,0,0,0,0,0,0,574,41,30,0,12,115,93,50,63,10,15,0,12,58,49,0,12,4.8,3.6,0.0,1.7,5.7,4.6,2.5,3.2,0.5,0.7,0.0,1.7,2.9,2.5,0.0,1.7
39,Ohio,OH,39095,Lucas County,39095007004,Census Tract 70.04; Lucas County; Ohio,0.723665959274,1869,224,846,107,801,98,202,113,33,35,127,61,63,55,64,78,394,114,317,99,219,74,28,30,0,48,184,308,0,16,0,12,0,16,0,12,0,12,10.8,5.9,3.3,3.5,15.9,7.4,4.4,3.7,3.4,4.2,21.1,5.5,17.0,4.2,11.7,4.1,3.5,3.7,0.0,2.7,9.8,16.4,0.0,1.9,0.0,4.0,0.0,2.0,0.0,4.3,0.0,0.6,0.2342,0.386,0.2254,0.2581,0.2745,1.3782,0.1921,0.7191,0.2067,0.3291,0.3187,0.0,1.5736,0.1073,0.3516,0.3516,0.3516,0.0,0.0,0.0,0.0,0.0,0.0,0.0,3.3034,0.0206,0,0,0,0,0,0,0,0,0,0,0,0,0,0,0,0,0,0,0,0,0,1914,37,26,21,30,128,115,0,12,0,12,0,12,35,44,0,12,4.6,3.3,1.1,1.6,6.8,6.1,0.0,1.9,0.0,1.9,0.0,1.9,1.9,2.3,0.0,1.9
39,Ohio,OH,39095,Lucas County,39095007102,Census Tract 71.02; Lucas County; Ohio,2.151688144598,3414,396,1603,155,1520,178,239,114,48,37,258,90,85,55,171,100,762,185,618,128,379,131,44,34,0,48,425,542,34,26,9,14,11,21,45,31,0,12,7.0,3.2,2.4,1.8,17.0,5.6,3.4,2.2,5.0,2.8,22.3,5.0,18.1,2.9,11.1,3.8,2.9,2.2,0.0,1.5,12.4,15.8,2.1,1.6,0.6,0.9,0.7,1.4,3.0,2.1,0.0,0.4,0.1181,0.2514,0.2714,0.1836,0.4487,1.2732,0.1629,0.7613,0.2613,0.2882,0.2473,0.0,1.5581,0.1032,0.4277,0.4277,0.4277,0.4111,0.5876,0.4873,0.3051,0.0,1.7911,0.3321,5.0501,0.1473,0,0,0,0,0,0,0,0,0,0,0,0,0,0,0,0,0,0,0,0,0,5781,107,58,15,31,319,217,0,12,0,12,0,12,91,68,0,12,7.0,3.8,0.4,0.9,9.3,6.0,0.0,1.0,0.0,1.0,0.0,1.0,2.7,2.0,0.0,1.0
39,Ohio,OH,39095,Lucas County,39095007103,Census Tract 71.03; Lucas County; Ohio,0.55185365809,2855,319,1188,100,1160,106,337,129,28,23,246,74,39,29,75,61,401,69,679,207,263,64,65,47,16,52,245,456,174,65,0,12,23,27,26,29,0,12,12.0,4.4,1.9,1.6,21.2,6.1,2.1,1.6,2.6,2.2,14.0,3.2,23.8,5.3,9.2,2.6,5.6,4.0,0.6,2.0,8.6,15.9,14.6,5.3,0.0,2.9,2.0,2.3,2.2,2.5,0.0,0.4,0.2707,0.1787,0.4451,0.0938,0.1812,1.1695,0.1406,0.2885,0.6439,0.1711,0.5241,0.6088,2.2364,0.3959,0.3047,0.3047,0.3047,0.7737,0.0,0.7346,0.2324,0.0,1.7407,0.3124,5.4513,0.1844,0,0,0,0,0,0,0,0,0,0,0,0,0,0,0,0,0,0,0,0,0,1219,56,36,47,47,111,62,21,22,0,12,0,12,38,42,28,41,4.8,3.1,1.6,1.7,3.9,2.2,0.7,0.8,0.0,1.2,0.0,1.2,1.3,1.4,1.0,1.4
39,Ohio,OH,39095,Lucas County,39095007104,Census Tract 71.04; Lucas County; Ohio,3.60823129856,1621,241,842,181,766,189,212,115,16,27,234,113,59,42,38,35,316,173,378,89,256,106,35,39,0,48,460,338,139,114,29,33,0,16,36,29,0,12,13.1,6.8,1.9,3.2,30.5,12.7,5.3,4.0,2.3,2.1,19.5,9.2,23.3,5.4,15.8,5.9,4.6,5.0,0.0,3.1,28.4,20.4,16.5,13.1,3.4,4.0,0.0,2.1,4.7,4.0,0.0,0.7,0.3078,0.1787,0.7381,0.3253,0.1492,1.6991,0.2797,0.636,0.6068,0.5941,0.4381,0.0,2.275,0.4219,0.6912,0.6912,0.6912,0.8054,0.7448,0.0,0.4479,0.0,1.9981,0.4146,6.6634,0.3711,0,0,0,0,0,0,0,0,0,0,0,0,0,0,0,0,0,0,0,0,0,16620,43,31,124,169,103,54,28,29,0,12,20,25,157,94,28,46,5.6,4.4,7.6,10.1,6.4,3.3,1.7,1.7,0.0,2.1,1.2,1.5,9.7,5.7,1.7,2.9
39,Ohio,OH,39095,Lucas County,39095007202,Census Tract 72.02; Lucas County; Ohio,1.146256914886,3464,310,1721,146,1645,146,593,211,37,38,349,116,87,52,263,112,918,227,380,138,950,300,58,53,72,68,1011,471,623,163,0,12,0,16,232,114,117,4,17.6,6.1,2.0,2.0,21.2,6.8,3.1,1.8,7.8,3.5,26.5,5.4,11.0,3.6,28.2,8.2,3.5,3.2,2.1,2.0,29.2,13.3,36.2,9.0,0.0,2.0,0.0,1.0,14.1,6.9,3.4,0.3,0.4424,0.194,0.4451,0.1579,0.701,1.9404,0.3454,0.9109,0.051,0.9679,0.3187,0.8427,3.0912,0.8517,0.6975,0.6975,0.6975,0.9438,0.0,0.0,0.8206,0.8494,2.6138,0.6832,8.3429,0.6378,0,0,0,0,0,0,1,0,1,0,0,2,0,0,1,0,0,0,0,1,3,3133,169,95,571,227,254,169,123,122,0,12,0,12,63,47,0,12,10.3,5.6,16.5,6.4,7.3,4.8,3.6,3.5,0.0,1.0,0.0,1.0,1.8,1.3,0.0,1.0
39,Ohio,OH,39095,Lucas County,39095007204,Census Tract 72.04; Lucas County; Ohio,1.694123297622,5018,875,2555,384,2426,386,957,542,486,316,444,159,174,99,84,86,842,137,1055,485,441,165,161,163,17,70,2482,1043,775,243,0,17,58,75,106,86,136,11,19.5,10.5,17.9,8.9,18.3,5.9,5.2,3.0,1.7,1.8,16.8,4.4,21.0,7.7,9.0,3.8,6.6,6.6,0.4,1.5,49.5,18.9,30.4,8.3,0.0,1.4,2.4,3.1,4.4,3.7,2.7,0.5,0.4948,0.9619,0.3248,0.3148,0.092,2.1883,0.4235,0.4486,0.4499,0.1593,0.5902,0.5412,2.1892,0.3737,0.8234,0.8234,0.8234,0.9216,0.0,0.7787,0.4289,0.8085,2.9377,0.8076,8.1386,0.606,0,1,0,0,0,1,0,0,0,0,0,0,0,0,1,0,0,0,0,1,2,4283,178,95,1279,602,646,296,136,153,0,17,0,17,421,321,0,17,7.3,4.1,25.5,10.3,12.9,5.6,2.7,3.1,0.0,0.7,0.0,0.7,8.4,6.2,0.0,0.7
39,Ohio,OH,39095,Lucas County,39095007206,Census Tract 72.06; Lucas County; Ohio,0.6723394899039999,1653,288,749,65,668,90,245,165,0,12,119,57,0,12,48,37,255,76,473,165,200,72,31,37,6,47,218,432,0,16,0,12,0,16,7,12,0,12,14.8,9.6,0.0,4.2,17.8,8.2,0.0,3.0,2.9,2.3,15.4,5.0,28.6,6.9,12.1,4.6,4.6,5.5,0.4,3.1,13.2,26.0,0.0,2.1,0.0,4.6,0.0,2.4,1.0,1.7,0.0,0.7,0.358,0.0,0.3038,0.0,0.2142,0.876,0.0778,0.3643,0.876,0.3586,0.4381,0.5412,2.5782,0.6092,0.4509,0.4509,0.4509,0.0,0.0,0.0,0.1067,0.0,0.1067,0.0137,4.0118,0.0549,0,0,0,0,0,0,0,0,0,0,0,0,0,0,0,0,0,0,0,0,0,2367,73,52,130,79,57,48,0,12,0,12,0,12,0,12,31,38,10.9,7.8,7.9,5.5,3.4,3.0,0.0,2.1,0.0,2.1,0.0,2.1,0.0,2.1,1.9,2.3
39,Ohio,OH,39095,Lucas County,39095007207,Census Tract 72.07; Lucas County; Ohio,0.981045799596,2931,1483,1130,334,1084,335,998,1278,52,33,431,328,103,76,44,46,486,159,1031,956,327,98,26,26,0,48,387,2076,39,37,0,12,0,16,8,13,1,1,34.0,40.1,4.4,3.4,39.8,27.6,5.7,4.5,1.5,1.8,16.6,10.2,35.2,17.2,11.2,7.1,2.4,2.3,0.0,1.7,13.2,70.5,3.5,3.1,0.0,3.0,0.0,1.5,0.7,1.3,0.0,0.0,0.7702,0.5244,0.8921,0.357,0.072,2.6157,0.5422,0.4379,0.9788,0.2964,0.201,0.0,1.9141,0.2286,0.4509,0.4509,0.4509,0.4943,0.0,0.0,0.0762,0.0,0.5705,0.0454,5.5512,0.1959,0,0,0,0,0,0,0,1,0,0,0,1,0,0,0,0,0,0,0,0,1,1050,196,109,118,81,177,162,4,6,0,12,0,12,58,48,30,45,18.1,10.2,4.0,3.6,6.0,6.0,0.1,0.2,0.0,1.2,0.0,1.2,2.0,2.0,1.0,1.7
39,Ohio,OH,39095,Lucas County,39095007208,Census Tract 72.08; Lucas County; Ohio,0.670725197442,2306,325,1407,122,1376,130,627,209,101,103,590,187,120,84,90,90,502,123,333,141,588,176,145,135,0,48,988,391,662,178,0,12,0,16,153,91,12,2,27.3,8.2,7.9,7.9,42.9,13.0,7.0,4.9,3.9,3.8,21.8,5.8,14.4,5.3,25.6,6.0,10.5,9.8,0.0,2.1,42.8,15.8,47.0,12.0,0.0,2.5,0.0,1.2,11.1,6.4,0.5,0.1,0.6668,0.7667,0.9251,0.4486,0.3224,3.1296,0.6956,0.7445,0.1138,0.9422,0.7933,0.0,2.5938,0.6175,0.7952,0.7952,0.7952,0.966,0.0,0.0,0.7552,0.5742,2.2954,0.5463,8.814,0.7035,0,0,1,0,0,1,0,0,1,0,0,1,0,0,1,0,0,0,0,1,3,2691,268,101,788,233,35,61,66,111,0,12,0,12,99,59,0,12,19.5,7.2,34.2,7.8,1.5,2.6,2.9,4.6,0.0,1.5,0.0,1.5,4.3,2.7,0.0,1.5
39,Ohio,OH,39095,Lucas County,39095007209,Census Tract 72.09; Lucas County; Ohio,0.472405835652,2076,229,1214,116,1196,95,843,217,292,191,525,168,213,167,88,77,325,122,274,169,349,139,231,95,0,48,1404,264,377,128,0,12,0,16,173,123,0,12,40.6,9.4,23.2,13.5,43.9,13.6,12.1,9.1,4.2,3.5,15.7,6.2,13.2,7.4,16.8,7.3,19.3,7.8,0.0,2.3,67.6,10.3,31.0,10.1,0.0,2.8,0.0,1.3,14.5,10.4,0.0,0.6,0.841,0.9813,0.9337,0.7242,0.3561,3.8363,0.8533,0.3814,0.0815,0.656,0.9479,0.0,2.0668,0.3057,0.8944,0.8944,0.8944,0.9235,0.0,0.0,0.8286,0.0,1.7521,0.3178,8.5496,0.6689,0,1,1,0,0,2,0,0,0,1,0,1,0,0,1,0,0,0,0,1,4,2260,161,97,1130,233,151,249,0,12,0,12,0,12,123,92,0,12,13.5,8.3,54.4,10.4,7.3,11.8,0.0,1.7,0.0,1.7,0.0,1.7,5.9,4.7,0.0,1.7
39,Ohio,OH,39095,Lucas County,39095007302,Census Tract 73.02; Lucas County; Ohio,1.418881992678,3111,394,1614,136,1382,135,923,240,266,161,532,132,308,107,207,116,647,141,568,141,637,175,143,80,14,47,1844,495,259,118,482,130,0,16,156,92,85,4,30.7,6.9,18.5,10.2,38.5,8.8,15.0,4.9,6.8,3.5,20.8,4.7,18.3,3.7,21.0,5.3,10.3,5.7,0.5,1.6,59.3,14.0,16.0,7.2,29.9,7.2,0.0,1.2,11.3,6.2,2.7,0.4,0.7233,0.967,0.8759,0.8177,0.6211,4.005,0.8898,0.7051,0.272,0.8366,0.7873,0.5796,3.1806,0.88,0.8599,0.8599,0.8599,0.7971,0.9848,0.0,0.7622,0.8085,3.3526,0.9089,11.3981,0.9537,0,1,0,0,0,1,0,0,0,0,0,0,0,0,0,1,0,0,0,1,2,2605,168,82,1504,381,56,46,84,72,4,6,0,12,196,111,0,12,12.2,5.8,48.3,8.8,1.8,1.5,2.7,2.4,0.1,0.2,0.0,1.1,6.3,3.8,0.0,1.1
39,Ohio,OH,39095,Lucas County,39095007304,Census Tract 73.04; Lucas County; Ohio,0.752675346942,3403,644,1340,236,1292,243,807,494,0,12,294,178,447,174,171,120,487,245,638,263,446,235,14,29,91,72,1661,822,288,187,0,12,45,65,89,70,0,12,23.7,13.8,0.0,2.1,22.8,13.1,17.8,5.7,5.0,3.5,14.3,6.2,18.7,6.6,13.1,6.4,1.1,2.2,2.8,2.2,48.8,22.3,21.5,13.4,0.0,2.6,3.5,5.0,6.9,5.4,0.0,0.4,0.5944,0.0,0.5,0.877,0.4487,2.4201,0.4848,0.3047,0.2964,0.4199,0.0829,0.8884,1.9923,0.2686,0.8209,0.8209,0.8209,0.8619,0.0,0.8771,0.5924,0.0,2.3314,0.5632,7.5647,0.5111,0,0,0,0,0,0,0,0,0,0,0,0,0,0,0,0,0,0,0,0,0,3603,165,136,1117,621,154,154,383,184,0,12,0,12,7,12,0,12,12.8,10.2,32.8,14.7,4.5,4.6,11.3,6.3,0.0,1.0,0.0,1.0,0.2,0.4,0.0,1.0
39,Ohio,OH,39095,Lucas County,39095007305,Census Tract 73.05; Lucas County; Ohio,1.40766225466,2489,741,1077,233,1077,233,471,194,39,47,280,141,156,112,107,108,428,176,749,476,746,305,249,243,0,48,682,1086,164,72,799,242,0,16,9,15,0,12,18.9,5.4,3.5,4.4,26.0,11.8,9.8,6.6,4.3,4.5,17.2,7.9,30.1,11.6,30.0,8.0,23.1,22.0,0.0,2.0,27.4,42.9,15.2,5.8,74.2,9.2,0.0,1.5,0.8,1.4,0.0,0.5,0.4805,0.4156,0.6156,0.6252,0.3659,2.5028,0.5114,0.4765,0.9172,0.9794,0.9705,0.0,3.3436,0.9184,0.6804,0.6804,0.6804,0.7816,0.9997,0.0,0.0873,0.0,1.8686,0.3641,8.3954,0.6479,0,0,0,0,0,0,0,1,1,1,0,3,0,0,0,1,0,0,0,1,4,2241,111,82,330,176,57,70,0,12,0,12,10,21,285,147,0,12,10.3,8.4,13.3,8.6,2.3,3.0,0.0,1.4,0.0,1.4,0.4,0.9,11.5,6.6,0.0,1.4
39,Ohio,OH,39095,Lucas County,39095007306,Census Tract 73.06; Lucas County; Ohio,1.227508605868,3662,487,1911,285,1831,293,1356,455,326,200,934,305,265,143,100,108,697,225,813,232,831,287,300,106,31,83,2281,552,345,169,302,213,26,27,271,107,66,16,37.5,11.5,19.6,10.5,51.0,14.5,10.9,5.8,2.8,3.1,19.0,5.3,22.2,5.2,23.0,6.9,16.4,5.2,0.9,2.3,62.3,12.6,18.1,8.4,15.8,9.8,1.4,1.5,14.8,6.5,1.8,0.4,0.8067,0.9724,0.9737,0.6823,0.1996,3.6347,0.8076,0.6018,0.5336,0.8959,0.921,0.6855,3.6378,0.9711,0.8725,0.8725,0.8725,0.8222,0.9333,0.6384,0.8333,0.7445,3.9717,0.9883,12.1167,0.987,0,1,1,0,0,2,0,0,0,1,0,1,0,0,0,1,0,0,0,1,4,2471,406,137,2131,461,31,47,43,69,0,12,0,12,76,154,0,12,22.2,7.6,58.2,7.6,0.8,1.3,1.2,1.9,0.0,0.9,0.0,0.9,2.1,4.4,0.0,0.9
39,Ohio,OH,39095,Lucas County,39095007307,Census Tract 73.07; Lucas County; Ohio,0.522245040118,1420,270,925,111,808,120,807,301,0,12,419,166,91,59,111,102,128,54,286,183,161,89,71,69,0,48,620,369,728,219,0,12,33,53,177,104,0,12,56.8,18.2,0.0,4.0,51.9,19.0,10.4,6.9,7.8,6.9,9.0,4.5,20.1,10.4,11.3,6.1,8.8,8.4,0.0,3.6,43.7,24.6,78.7,21.7,0.0,3.7,4.1,6.5,21.9,11.7,0.0,0.8,0.948,0.0,0.9768,0.6582,0.701,3.284,0.7317,0.0926,0.3906,0.3028,0.7254,0.0,1.5114,0.0933,0.7996,0.7996,0.7996,0.9946,0.0,0.9006,0.9178,0.0,2.813,0.7632,8.408,0.6505,1,0,1,0,0,2,0,0,0,0,0,0,0,0,1,0,1,1,0,3,5,482,122,71,513,192,107,100,0,12,0,12,0,12,0,12,0,12,15.1,9.7,36.1,13.7,7.5,6.7,0.0,2.4,0.0,2.4,0.0,2.4,0.0,2.4,0.0,2.4
39,Ohio,OH,39095,Lucas County,39095007401,Census Tract 74.01; Lucas County; Ohio,1.262166665796,2549,488,1332,214,1287,218,1477,526,107,95,639,230,191,64,103,98,340,127,673,280,576,390,288,219,56,95,1286,573,108,141,21,30,0,16,27,36,11,2,57.9,17.4,9.9,8.1,49.7,15.8,12.9,4.7,4.0,4.0,13.3,5.4,26.4,7.5,22.6,14.0,22.4,16.6,2.6,4.4,50.5,20.3,8.1,10.5,1.6,2.2,0.0,1.2,2.1,2.8,0.4,0.0,0.9514,0.8387,0.9683,0.7524,0.3377,3.8485,0.8562,0.2505,0.7882,0.8851,0.9663,0.877,3.7671,0.9835,0.8282,0.8282,0.8282,0.6533,0.6749,0.0,0.2248,0.5374,2.0904,0.4546,10.5342,0.8975,1,0,1,0,0,2,0,0,0,1,0,1,0,0,0,0,0,0,0,0,3,1189,176,130,870,490,243,138,166,95,7,13,0,12,0,12,0,12,13.7,9.1,34.1,15.5,9.5,5.3,6.5,4.2,0.3,0.5,0.0,1.4,0.0,1.4,0.0,1.4
39,Ohio,OH,39095,Lucas County,39095007402,Census Tract 74.02; Lucas County; Ohio,0.768551861182,3220,979,1522,296,1399,307,1122,588,123,133,567,347,202,152,23,40,631,220,819,596,386,202,111,125,0,48,2136,1044,383,250,0,12,0,16,248,259,102,4,35.9,15.1,10.6,11.7,40.5,23.2,9.7,6.9,0.8,1.4,19.6,10.0,25.4,13.0,13.0,7.4,7.9,8.8,0.0,1.6,66.3,25.4,25.1,15.7,0.0,2.3,0.0,1.1,17.7,15.8,3.2,1.0,0.788,0.8565,0.9016,0.6192,0.0279,3.1932,0.7121,0.6411,0.7327,0.4129,0.6813,0.0,2.468,0.5378,0.8893,0.8893,0.8893,0.8863,0.0,0.0,0.8752,0.8405,2.602,0.6778,9.1525,0.7438,0,0,1,0,0,1,0,0,0,0,0,0,0,0,0,0,0,0,0,0,1,1629,257,127,1091,689,656,751,39,54,4,8,0,12,346,229,0,12,18.4,10.9,33.9,16.7,20.4,20.3,1.2,1.7,0.1,0.3,0.0,1.1,10.7,9.0,0.0,1.1
39,Ohio,OH,39095,Lucas County,39095007501,Census Tract 75.01; Lucas County; Ohio,0.914433165944,2265,453,1067,171,975,183,626,258,83,58,312,141,55,60,48,63,220,108,281,171,422,181,0,16,0,48,1556,525,400,166,0,12,0,16,59,59,31,10,27.9,10.0,5.7,4.1,32.0,13.2,3.9,4.4,2.1,3.0,9.7,5.7,12.4,6.3,18.6,8.8,0.0,1.6,0.0,2.2,68.7,18.7,37.4,14.4,0.0,3.2,0.0,1.6,6.1,6.1,1.4,0.3,0.6776,0.6356,0.7724,0.2191,0.1301,2.4348,0.4889,0.1138,0.0682,0.7407,0.0,0.0,0.9227,0.0184,0.8989,0.8989,0.8989,0.9473,0.0,0.0,0.5479,0.7029,2.1981,0.501,6.4545,0.3346,0,0,0,0,0,0,0,0,0,0,0,0,0,0,1,0,0,0,0,1,1,2261,85,62,1122,357,86,73,143,112,0,12,0,12,19,30,186,244,8.7,6.5,49.5,11.0,3.8,3.1,6.3,5.2,0.0,1.5,0.0,1.5,0.8,1.4,8.2,10.3
39,Ohio,OH,39095,Lucas County,39095007502,Census Tract 75.02; Lucas County; Ohio,0.560316241726,1811,308,912,162,835,158,513,255,51,50,278,164,45,42,230,163,304,64,318,95,237,100,57,43,0,48,566,515,41,34,9,14,17,19,0,12,6,3,28.3,13.2,4.9,5.3,33.3,18.6,3.3,3.1,12.7,7.6,16.8,4.4,17.6,5.0,13.1,6.2,6.8,5.0,0.0,2.7,31.3,27.9,4.5,3.6,1.0,1.6,2.0,2.2,0.0,4.1,0.3,0.2,0.683,0.5711,0.7978,0.176,0.9038,3.1317,0.6959,0.4486,0.2372,0.4199,0.6051,0.0,1.7108,0.1486,0.7169,0.7169,0.7169,0.5397,0.6295,0.7346,0.0,0.4924,2.3962,0.5924,7.9556,0.5781,0,0,0,0,1,1,0,0,0,0,0,0,0,0,0,0,0,0,0,0,1,1851,37,41,381,191,60,65,13,36,2,6,0,12,110,115,0,12,4.4,4.9,21.0,11.4,3.3,3.5,0.7,2.1,0.1,0.3,0.0,1.9,6.1,6.3,0.0,1.9
39,Ohio,OH,39095,Lucas County,39095007600,Census Tract 76; Lucas County; Ohio,1.915605304494,4782,27,1824,135,1685,120,278,151,121,92,186,70,37,42,37,35,900,199,1415,189,396,124,82,68,73,71,993,244,72,50,0,12,29,32,17,19,0,12,5.8,3.2,5.3,3.9,11.0,4.1,1.2,1.4,0.8,0.7,18.8,4.2,29.6,4.0,8.3,2.6,4.9,4.0,1.6,1.6,20.8,5.1,3.9,2.7,0.0,1.9,1.8,1.9,1.0,1.1,0.0,0.3,0.0797,0.6057,0.0689,0.0425,0.0279,0.8247,0.0686,0.5888,0.9033,0.1257,0.4644,0.7971,2.8793,0.7673,0.6005,0.6005,0.6005,0.5133,0.0,0.7079,0.1067,0.0,1.3279,0.1829,5.6324,0.2041,0,0,0,0,0,0,0,1,0,0,0,1,0,0,0,0,0,0,0,0,1,2907,26,24,95,81,148,92,512,160,0,12,0,12,139,95,99,99,1.5,1.4,2.0,1.7,3.1,1.9,10.7,3.3,0.0,0.7,0.0,0.7,2.9,2.0,2.1,2.1
39,Ohio,OH,39095,Lucas County,39095007700,Census Tract 77; Lucas County; Ohio,1.52217045531,3220,299,1807,193,1533,126,431,150,70,42,343,102,279,165,112,97,982,141,407,106,653,155,61,40,144,110,630,458,436,111,0,12,0,16,117,60,186,4,13.9,4.7,4.3,2.5,22.4,6.4,10.8,6.2,3.6,3.1,30.5,4.3,12.6,2.9,21.1,4.3,4.0,2.6,4.6,3.5,19.6,14.1,24.1,5.6,0.0,1.9,0.0,1.0,7.6,3.9,5.8,0.6,0.3304,0.5117,0.486,0.6782,0.2945,2.3008,0.4552,0.9632,0.0717,0.8391,0.3743,0.9429,3.1912,0.8835,0.5853,0.5853,0.5853,0.881,0.0,0.0,0.6279,0.9217,2.4306,0.606,8.5079,0.6635,0,0,0,0,0,0,1,0,0,0,1,2,0,0,0,0,0,0,1,1,3,6909,188,81,171,126,260,188,168,140,0,12,0,12,31,27,0,12,12.3,4.8,5.3,3.9,8.1,5.7,5.2,4.4,0.0,1.1,0.0,1.1,1.0,0.8,0.0,1.1
39,Ohio,OH,39095,Lucas County,39095007801,Census Tract 78.01; Lucas County; Ohio,0.379808923502,1920,264,896,156,896,156,213,171,111,123,192,125,124,76,46,44,407,143,300,128,205,80,54,89,74,72,308,358,0,16,0,12,0,16,47,36,7,2,11.1,8.8,9.3,9.5,21.4,13.4,8.1,4.6,2.4,2.3,21.2,8.2,15.6,5.3,10.7,4.5,6.0,9.9,3.9,3.8,16.0,18.5,0.0,1.8,0.0,3.8,0.0,1.8,5.2,4.1,0.4,0.1,0.2437,0.8257,0.4521,0.5206,0.1568,2.1989,0.4273,0.7213,0.1481,0.2615,0.5517,0.9249,2.6075,0.6248,0.5155,0.5155,0.5155,0.0,0.0,0.0,0.4844,0.5374,1.0218,0.1086,6.3437,0.3133,0,0,0,0,0,0,0,0,0,0,1,1,0,0,0,0,0,0,0,0,1,1639,62,41,1,3,138,93,39,62,7,11,0,12,117,151,6,9,6.9,4.7,0.1,0.2,7.2,4.8,2.0,3.2,0.4,0.6,0.0,1.8,6.1,7.6,0.3,0.5
39,Ohio,OH,39095,Lucas County,39095007802,Census Tract 78.02; Lucas County; Ohio,0.725695311386,1563,236,1080,124,1020,130,562,158,0,12,277,87,77,62,67,70,389,101,143,64,364,122,20,21,26,60,316,348,483,130,0,12,0,16,156,78,1,2,36.2,8.6,0.0,3.7,27.2,7.8,6.5,5.3,4.3,4.4,24.9,7.0,9.1,4.0,23.3,8.7,2.0,2.0,1.7,4.0,20.2,22.1,44.7,10.9,0.0,3.2,0.0,1.6,15.3,7.5,0.1,0.1,0.7921,0.0,0.6575,0.4157,0.3659,2.2312,0.4343,0.8618,0.0384,0.9023,0.159,0.8094,2.7709,0.7194,0.5923,0.5923,0.5923,0.9619,0.0,0.0,0.8416,0.3694,2.1729,0.4898,7.7673,0.5444,0,0,0,0,0,0,0,0,1,0,0,1,0,0,1,0,0,0,0,1,2,8798,263,80,197,123,86,81,0,12,0,12,5,10,28,35,0,12,25.8,8.0,12.6,7.8,5.5,5.3,0.0,2.2,0.0,2.2,0.3,0.6,1.8,2.2,0.0,2.2
39,Ohio,OH,39095,Lucas County,39095007901,Census Tract 79.01; Lucas County; Ohio,0.482859547302,2394,485,912,135,833,142,602,241,135,164,200,66,127,61,200,120,286,52,534,140,300,105,57,39,34,69,530,693,0,16,0,12,0,16,21,18,0,12,25.8,9.2,9.9,10.1,24.0,6.8,8.5,3.8,8.4,4.5,11.9,2.4,22.3,4.7,12.5,3.6,6.8,4.5,1.5,3.0,22.1,28.6,0.0,1.8,0.0,3.8,0.0,1.9,2.5,2.1,0.0,0.5,0.6398,0.8387,0.5422,0.5482,0.7417,3.3106,0.7397,0.1925,0.539,0.3846,0.6051,0.7854,2.5066,0.5613,0.6183,0.6183,0.6183,0.0,0.0,0.0,0.2587,0.0,0.2587,0.02,6.6942,0.3784,0,0,0,0,0,0,0,0,0,0,0,0,0,0,0,0,0,0,0,0,0,949,70,28,25,41,338,179,88,89,0,12,0,12,60,39,19,21,8.4,3.6,1.0,1.7,14.1,7.4,3.7,3.9,0.0,1.4,0.0,1.4,2.5,1.7,0.8,0.9
39,Ohio,OH,39095,Lucas County,39095007903,Census Tract 79.03; Lucas County; Ohio,0.558587663072,2832,388,1234,103,1195,115,550,251,184,110,173,125,271,141,218,110,386,140,655,233,494,166,54,62,28,55,625,510,239,109,0,12,0,16,114,67,0,12,19.4,8.5,11.6,7.2,14.5,10.4,12.8,7.0,7.7,4.4,13.6,5.1,23.1,5.9,17.4,6.5,4.5,5.2,1.1,2.1,22.1,17.8,19.4,8.7,0.0,2.8,0.0,1.3,9.5,5.7,0.0,0.4,0.4922,0.8775,0.1721,0.7498,0.6915,2.9831,0.6552,0.2695,0.5948,0.6836,0.4286,0.7254,2.7019,0.6816,0.6183,0.6183,0.6183,0.8381,0.0,0.0,0.7013,0.0,1.5394,0.2422,7.8427,0.5568,0,0,0,0,0,0,0,0,0,0,0,0,0,0,0,0,0,0,0,0,0,1509,118,73,307,328,171,173,0,12,0,12,0,12,147,143,0,12,9.9,6.1,10.8,11.0,6.0,6.1,0.0,1.2,0.0,1.2,0.0,1.2,5.2,4.7,0.0,1.2
39,Ohio,OH,39095,Lucas County,39095007904,Census Tract 79.04; Lucas County; Ohio,0.567119358966,2267,455,1334,216,1221,218,478,289,120,90,443,198,122,74,223,136,648,270,275,145,324,183,159,116,0,48,443,603,186,133,48,49,0,16,65,73,11,2,21.1,12.0,8.6,6.6,36.3,14.9,6.3,4.3,9.8,5.7,28.6,9.8,12.1,5.2,14.3,7.7,13.0,9.2,0.0,2.1,19.5,26.3,14.0,9.7,3.6,3.9,0.0,1.3,5.3,6.1,0.5,0.1,0.5325,0.7975,0.8397,0.4042,0.8124,3.3863,0.7537,0.9448,0.0634,0.5033,0.8619,0.0,2.3734,0.4806,0.5834,0.5834,0.5834,0.7654,0.7502,0.0,0.4917,0.5742,2.5815,0.6698,8.9246,0.7178,0,0,0,0,0,0,1,0,0,0,0,1,0,0,0,0,0,0,0,0,1,1969,57,44,128,157,72,74,15,25,0,12,0,12,228,224,0,12,4.7,3.7,5.6,6.6,3.2,3.3,0.7,1.1,0.0,1.5,0.0,1.5,10.1,9.7,0.0,1.5
39,Ohio,OH,39095,Lucas County,39095008000,Census Tract 80; Lucas County; Ohio,1.6365998911519999,3997,483,1710,234,1656,234,597,254,114,70,466,204,118,91,169,93,1115,321,783,163,666,168,145,54,70,74,669,705,69,56,0,12,0,16,82,79,7,2,14.9,6.1,5.9,3.5,28.1,11.7,4.0,3.1,4.2,2.3,27.9,6.1,19.6,3.2,16.7,4.1,8.8,3.0,1.8,1.9,16.7,17.5,4.0,3.2,0.0,2.0,0.0,1.0,5.0,4.7,0.2,0.0,0.3618,0.6492,0.6819,0.2283,0.3561,2.2773,0.4486,0.9347,0.3602,0.6493,0.7254,0.8183,3.4879,0.9467,0.5285,0.5285,0.5285,0.5184,0.0,0.0,0.4702,0.4356,1.4242,0.207,7.7179,0.5352,0,0,0,0,0,0,1,0,0,0,0,1,0,0,0,0,0,0,0,0,1,2872,157,97,69,71,263,189,188,172,0,12,0,12,149,130,0,12,9.5,5.6,1.7,1.8,6.6,4.8,4.7,4.2,0.0,0.9,0.0,0.9,3.7,3.3,0.0,0.9
39,Ohio,OH,39095,Lucas County,39095008100,Census Tract 81; Lucas County; Ohio,1.320812856882,3960,694,1578,187,1572,188,724,195,88,57,298,100,173,72,180,97,508,96,945,366,475,121,96,46,60,77,384,999,163,83,5,9,14,24,11,13,108,16,18.5,3.7,4.2,2.7,19.0,5.9,6.2,2.8,4.6,2.6,12.8,3.5,23.9,5.7,12.1,3.7,6.1,2.8,1.8,2.3,9.7,25.2,10.3,5.1,0.3,0.6,0.9,1.5,0.7,0.8,2.7,0.6,0.47,0.4975,0.354,0.3966,0.3996,2.1177,0.4029,0.228,0.6516,0.3586,0.5584,0.8183,2.6149,0.6308,0.3478,0.3478,0.3478,0.6978,0.5565,0.5384,0.0762,0.8085,2.6774,0.7111,7.7578,0.5425,0,0,0,0,0,0,0,0,0,0,0,0,0,0,0,0,0,0,0,0,0,4033,131,63,47,62,77,65,141,148,0,12,0,12,119,77,0,12,8.3,4.1,1.2,1.6,1.9,1.7,3.6,3.8,0.0,0.9,0.0,0.9,3.0,2.0,0.0,0.9
39,Ohio,OH,39095,Lucas County,39095008204,Census Tract 82.04; Lucas County; Ohio,1.05217428224,2469,478,1061,129,1003,139,203,152,47,44,134,64,29,24,88,62,641,215,583,296,318,155,0,16,11,51,183,668,0,16,0,12,14,16,9,14,0,12,8.3,6.0,4.5,4.2,13.4,6.1,1.7,1.4,3.6,2.5,26.0,9.1,23.6,8.5,12.9,5.1,0.0,1.6,0.5,2.1,7.4,27.0,0.0,1.5,0.0,3.2,1.4,1.6,0.9,1.4,0.0,0.5,0.1542,0.534,0.1371,0.0694,0.2945,1.1892,0.1451,0.8976,0.6287,0.4059,0.0,0.5796,2.5118,0.5648,0.2521,0.2521,0.2521,0.0,0.0,0.6384,0.0975,0.0,0.7359,0.0632,4.689,0.1114,0,0,0,0,0,0,0,0,0,0,0,0,0,0,0,0,0,0,0,0,0,2130,49,46,25,27,63,46,42,81,0,12,0,12,53,47,0,12,4.9,4.8,1.0,1.1,2.6,1.8,1.7,3.3,0.0,1.4,0.0,1.4,2.1,1.9,0.0,1.4
39,Ohio,OH,39095,Lucas County,39095008205,Census Tract 82.05; Lucas County; Ohio,0.58542908801,2607,445,922,131,909,133,192,171,31,41,78,62,0,12,19,21,400,66,814,235,161,65,74,72,0,48,231,600,0,16,0,12,0,16,0,12,0,12,7.4,6.4,2.3,3.0,8.6,6.7,0.0,2.1,0.7,0.8,15.3,3.1,31.2,4.9,6.2,2.5,8.1,7.8,0.0,2.0,8.9,23.0,0.0,1.7,0.0,3.7,0.0,1.8,0.0,3.8,0.0,0.5,0.1317,0.2384,0.027,0.0,0.0235,0.4206,0.0127,0.3576,0.9404,0.0476,0.6914,0.0,2.037,0.2905,0.3145,0.3145,0.3145,0.0,0.0,0.0,0.0,0.0,0.0,0.0,2.7721,0.0079,0,0,0,0,0,0,0,1,0,0,0,1,0,0,0,0,0,0,0,0,1,1619,0,12,12,17,99,92,27,39,0,12,0,12,93,91,0,12,0.0,3.8,0.5,0.7,3.8,3.6,1.0,1.6,0.0,1.3,0.0,1.3,3.6,3.1,0.0,1.3
39,Ohio,OH,39095,Lucas County,39095008206,Census Tract 82.06; Lucas County; Ohio,1.528549632554,3430,408,1421,128,1371,139,204,150,75,55,235,113,14,26,194,177,679,113,908,228,257,95,56,54,0,48,397,573,157,96,0,12,0,16,50,54,3,2,5.9,4.3,4.0,2.7,17.1,8.1,0.6,1.1,5.7,5.3,19.8,3.4,26.5,4.4,7.5,2.7,4.1,3.9,0.0,1.5,11.6,16.6,11.0,6.7,0.0,2.4,0.0,1.2,3.6,4.0,0.1,0.1,0.0831,0.4756,0.2765,0.0197,0.5176,1.3725,0.1895,0.6512,0.7945,0.0898,0.3844,0.0,1.9199,0.2311,0.4042,0.4042,0.4042,0.7089,0.0,0.0,0.3638,0.3694,1.4421,0.2133,5.1387,0.1552,0,0,0,0,0,0,0,0,0,0,0,0,0,0,0,0,0,0,0,0,0,2757,129,71,23,44,104,124,109,116,0,12,0,12,161,122,0,12,9.4,5.1,0.7,1.3,3.0,3.6,3.2,3.3,0.0,1.0,0.0,1.0,4.7,3.5,0.0,1.0
39,Ohio,OH,39095,Lucas County,39095008207,Census Tract 82.07; Lucas County; Ohio,1.094845889178,2066,228,869,142,803,113,297,162,71,91,196,77,64,59,24,38,655,136,250,67,153,60,0,16,30,57,126,339,206,123,0,12,0,16,79,67,360,13,17.4,9.2,7.1,8.6,24.4,9.0,4.2,3.9,1.3,2.1,31.7,5.3,12.1,2.9,8.4,3.3,0.0,2.0,1.5,2.9,6.1,16.4,23.8,13.6,0.0,3.9,0.0,2.0,9.8,8.4,17.4,2.0,0.437,0.7283,0.5559,0.2441,0.0593,2.0246,0.3733,0.9727,0.0634,0.1311,0.0,0.7854,1.9526,0.2489,0.1972,0.1972,0.1972,0.88,0.0,0.0,0.7133,0.9708,2.5641,0.6629,6.7385,0.3841,0,0,0,0,0,0,1,0,0,0,0,1,0,0,0,0,0,0,1,1,2,6437,61,44,73,67,0,12,13,22,0,12,0,12,40,50,0,12,7.6,5.2,3.5,3.2,0.0,1.7,0.6,1.1,0.0,1.7,0.0,1.7,1.9,2.4,0.0,1.7
39,Ohio,OH,39095,Lucas County,39095008208,Census Tract 82.08; Lucas County; Ohio,0.942223629598,2900,570,1263,287,1175,291,130,98,23,40,257,156,49,36,32,58,659,92,533,118,337,207,45,48,66,98,483,839,77,53,52,90,6,22,51,48,135,3,4.7,3.4,1.5,2.7,21.9,12.1,2.2,1.6,1.2,2.2,22.7,4.3,18.4,5.3,12.2,6.7,3.8,4.0,2.3,3.4,16.7,28.7,6.1,4.0,4.1,6.8,0.5,1.9,4.3,4.1,4.7,0.9,0.0574,0.1251,0.4702,0.1021,0.0511,0.8059,0.0648,0.7819,0.279,0.3659,0.3502,0.8548,2.6318,0.6419,0.5285,0.5285,0.5285,0.5905,0.7641,0.4413,0.4184,0.8976,3.1119,0.8603,7.0781,0.4349,0,0,0,0,0,0,0,0,0,0,0,0,0,0,0,0,0,0,0,0,0,1252,24,22,142,170,51,85,211,168,0,12,0,12,79,98,0,12,2.0,1.9,4.9,5.9,1.8,3.1,7.3,5.8,0.0,1.2,0.0,1.2,2.7,3.4,0.0,1.2
39,Ohio,OH,39095,Lucas County,39095008209,Census Tract 82.09; Lucas County; Ohio,0.647857148186,3238,395,1194,111,1194,111,209,174,62,64,202,104,63,64,113,78,599,109,869,224,247,110,129,70,0,48,243,571,84,54,0,12,0,16,14,22,0,12,6.5,5.3,3.5,3.5,16.9,8.6,3.0,3.0,3.5,2.4,18.5,3.2,26.8,4.4,7.6,3.1,10.8,5.8,0.0,1.6,7.5,17.6,7.0,4.5,0.0,2.9,0.0,1.3,1.2,1.8,0.0,0.4,0.1028,0.4156,0.2676,0.1512,0.2856,1.2228,0.1508,0.5698,0.805,0.0952,0.8032,0.0,2.2732,0.421,0.2562,0.2562,0.2562,0.6171,0.0,0.0,0.1276,0.0,0.7447,0.0648,4.4969,0.0965,0,0,0,0,0,0,0,0,0,0,0,0,0,0,0,0,0,0,0,0,0,1538,16,25,40,72,118,129,24,40,0,12,0,12,61,72,0,12,1.3,2.1,1.2,2.2,3.6,3.8,0.7,1.2,0.0,1.1,0.0,1.1,1.9,2.2,0.0,1.1
39,Ohio,OH,39095,Lucas County,39095008210,Census Tract 82.10; Lucas County; Ohio,0.404427559226,1579,221,833,149,744,128,368,220,20,28,156,93,33,54,249,238,380,81,332,112,135,82,69,45,24,58,355,283,143,83,0,12,0,16,46,61,64,7,24.5,14.2,2.6,3.6,21.0,12.0,3.2,5.0,15.8,14.2,24.1,4.3,21.0,5.4,8.5,5.1,9.3,5.8,1.5,3.7,22.5,17.6,17.2,9.5,0.0,4.1,0.0,2.2,6.2,8.1,4.1,0.7,0.6135,0.2822,0.4365,0.1671,0.9492,2.4485,0.494,0.8367,0.4499,0.1371,0.7495,0.7854,2.9586,0.8044,0.6224,0.6224,0.6224,0.8133,0.0,0.0,0.5546,0.877,2.2449,0.521,8.2744,0.6267,0,0,0,0,1,1,0,0,0,0,0,0,0,0,0,0,0,0,0,0,1,2216,116,82,46,46,75,67,189,205,0,12,0,12,45,57,0,12,15.6,10.3,2.9,2.9,4.7,4.2,12.0,12.0,0.0,2.2,0.0,2.2,2.8,3.6,0.0,2.2
39,Ohio,OH,39095,Lucas County,39095008302,Census Tract 83.02; Lucas County; Ohio,1.499222096838,1667,280,754,110,754,110,89,45,17,18,115,47,22,24,6,10,430,167,291,66,184,91,12,13,7,47,150,406,0,16,0,12,0,16,0,12,2,1,5.3,2.5,1.8,1.8,15.3,5.8,1.7,2.0,0.4,0.6,25.8,8.8,17.5,3.2,11.0,5.1,1.6,1.7,0.4,2.9,9.0,24.3,0.0,2.1,0.0,4.5,0.0,2.1,0.0,4.5,0.1,0.1,0.0705,0.1654,0.2003,0.0694,0.0114,0.517,0.0235,0.8906,0.2305,0.2815,0.1238,0.5412,2.0676,0.3067,0.3177,0.3177,0.3177,0.0,0.0,0.0,0.0,0.3694,0.3694,0.0254,3.2717,0.0181,0,0,0,0,0,0,0,0,0,0,0,0,0,0,0,0,0,0,0,0,0,1521,10,11,126,86,0,12,8,12,0,12,0,12,16,22,0,12,1.3,1.6,7.6,5.4,0.0,2.1,0.5,0.7,0.0,2.1,0.0,2.1,1.0,1.3,0.0,2.1
39,Ohio,OH,39095,Lucas County,39095008303,Census Tract 83.03; Lucas County; Ohio,1.21092205005,3329,401,1574,147,1402,156,646,325,110,94,379,147,196,149,337,187,601,129,755,201,528,187,84,85,23,60,908,558,227,127,0,12,0,16,73,79,1,1,19.4,9.5,5.6,4.7,27.0,10.0,8.4,6.2,10.1,5.6,18.1,3.8,22.7,5.0,15.9,5.5,6.0,6.0,0.8,2.0,27.3,16.4,14.4,8.0,0.0,2.2,0.0,1.1,5.2,5.5,0.0,0.0,0.4922,0.6276,0.6517,0.5428,0.8232,3.1375,0.6978,0.539,0.5669,0.5985,0.5517,0.6636,2.9197,0.7848,0.6798,0.6798,0.6798,0.7717,0.0,0.0,0.4844,0.0,1.2561,0.1638,7.9931,0.5848,0,0,0,0,0,0,0,0,0,0,0,0,0,0,0,0,0,0,0,0,0,6733,54,40,264,330,512,207,44,45,0,12,0,12,88,79,0,12,3.9,2.9,7.9,9.5,15.4,6.3,1.3,1.4,0.0,1.0,0.0,1.0,2.6,2.3,0.0,1.0
39,Ohio,OH,39095,Lucas County,39095008304,Census Tract 83.04; Lucas County; Ohio,1.877391245146,3040,546,1667,251,1492,198,626,485,27,46,263,109,172,82,152,109,803,123,532,296,353,116,25,28,10,49,609,724,838,250,0,12,63,93,99,59,99,3,21.3,16.0,1.8,3.0,17.6,6.9,7.1,3.5,5.2,3.8,26.4,6.3,17.5,8.1,12.0,4.7,1.7,1.9,0.4,1.7,20.0,23.5,50.3,12.9,0.0,2.1,4.2,6.2,6.6,4.1,3.3,0.6,0.5376,0.1654,0.2943,0.4569,0.4706,1.9248,0.3422,0.909,0.2305,0.3523,0.1337,0.5412,2.1667,0.3587,0.5904,0.5904,0.5904,0.9727,0.0,0.907,0.5765,0.8456,3.3018,0.8987,7.9837,0.5832,0,0,0,0,0,0,1,0,0,0,0,1,0,0,1,0,1,0,0,2,3,2834,134,65,207,187,10,14,191,146,0,12,0,12,201,125,0,12,9.0,4.7,6.8,5.5,0.3,0.5,6.3,4.8,0.0,1.1,0.0,1.1,6.6,4.2,0.0,1.1
39,Ohio,OH,39095,Lucas County,39095008401,Census Tract 84.01; Lucas County; Ohio,0.884095587396,2924,443,1498,249,1444,250,252,146,0,12,387,191,107,50,203,148,859,360,534,63,462,247,184,167,0,48,1058,521,204,67,0,12,0,16,64,51,5,4,8.7,4.9,0.0,2.6,26.8,12.4,4.6,2.2,6.9,5.0,29.4,10.7,18.3,2.5,15.8,8.7,12.7,11.4,0.0,1.8,36.2,17.0,13.6,3.9,0.0,2.3,0.0,1.1,4.4,3.7,0.2,0.1,0.1695,0.0,0.6463,0.2724,0.6274,1.7156,0.2829,0.9528,0.272,0.5941,0.8559,0.0,2.6748,0.6663,0.7511,0.7511,0.7511,0.7568,0.0,0.0,0.4289,0.4356,1.6213,0.2657,6.7628,0.3879,0,0,0,0,0,0,1,0,0,0,0,1,0,0,0,0,0,0,0,0,1,5974,93,66,582,332,161,162,72,57,4,8,0,12,239,202,0,12,6.4,4.7,19.9,10.2,5.5,5.3,2.5,2.0,0.1,0.3,0.0,1.2,8.2,6.5,0.0,1.2
39,Ohio,OH,39095,Lucas County,39095008402,Census Tract 84.02; Lucas County; Ohio,1.035179616608,2029,472,826,179,826,179,78,50,0,12,102,61,11,18,40,38,230,93,460,232,168,79,23,40,0,48,594,648,23,26,0,12,0,16,10,16,0,12,3.9,2.3,0.0,3.1,12.3,6.9,0.7,1.2,2.0,1.9,11.3,5.2,22.7,9.6,8.3,4.2,2.8,4.8,0.0,2.7,29.3,31.2,2.7,3.1,0.0,4.1,0.0,1.9,1.2,2.0,0.0,0.6,0.0419,0.0,0.1063,0.0216,0.1209,0.2907,0.0063,0.1699,0.5669,0.1257,0.2403,0.0,1.1028,0.0302,0.6991,0.6991,0.6991,0.4533,0.0,0.0,0.1276,0.0,0.5809,0.0463,2.6735,0.0063,0,0,0,0,0,0,0,0,0,0,0,0,0,0,0,0,0,0,0,0,0,2933,34,38,51,84,379,306,37,28,0,12,0,12,127,152,0,12,4.1,4.7,2.5,4.3,18.7,13.6,1.8,1.5,0.0,1.7,0.0,1.7,6.3,7.6,0.0,1.7
39,Ohio,OH,39095,Lucas County,39095008501,Census Tract 85.01; Lucas County; Ohio,0.838291534932,2655,345,1271,152,1172,170,252,109,109,74,192,83,68,57,127,58,475,141,390,125,390,154,40,40,0,48,704,488,174,112,9,15,12,24,63,44,5,2,9.5,3.9,6.7,4.2,16.4,6.7,3.4,2.9,4.8,2.2,17.9,4.6,14.7,4.3,14.7,5.9,3.4,3.4,0.0,1.9,26.5,18.1,13.7,8.7,0.7,1.2,1.0,2.0,5.4,3.7,0.2,0.1,0.192,0.7032,0.2451,0.1836,0.4243,1.7482,0.2952,0.5231,0.1195,0.5287,0.3089,0.0,1.4802,0.086,0.6709,0.6709,0.6709,0.76,0.6003,0.5676,0.4994,0.4356,2.8629,0.7844,6.7622,0.3876,0,0,0,0,0,0,0,0,0,0,0,0,0,0,0,0,0,0,0,0,0,2147,138,69,690,181,0,12,6,12,2,4,0,12,6,9,0,12,11.8,5.9,26.0,6.8,0.0,1.3,0.2,0.5,0.1,0.1,0.0,1.3,0.2,0.4,0.0,1.3
39,Ohio,OH,39095,Lucas County,39095008502,Census Tract 85.02; Lucas County; Ohio,0.503064264962,1370,232,866,155,769,146,298,103,28,35,168,67,149,95,94,72,353,143,195,51,290,150,74,66,0,48,302,357,141,67,0,12,5,14,43,30,0,12,21.8,6.5,3.5,4.4,21.8,7.7,13.2,8.1,6.9,5.0,25.8,7.7,14.2,4.0,21.2,8.2,9.6,8.4,0.0,3.6,22.0,25.8,16.2,7.2,0.0,4.0,0.7,1.8,5.6,3.8,0.0,0.9,0.5535,0.4156,0.4657,0.7644,0.6274,2.8266,0.6095,0.8906,0.1091,0.8426,0.7654,0.0,2.6077,0.6254,0.617,0.617,0.617,0.8,0.0,0.4873,0.5175,0.0,1.8048,0.3394,7.8561,0.56,0,0,0,0,0,0,0,0,0,0,0,0,0,0,0,0,0,0,0,0,0,738,97,49,186,150,36,31,0,12,9,15,0,12,71,67,0,12,12.6,6.9,13.6,11.0,2.6,2.4,0.0,2.5,0.7,1.1,0.0,2.5,5.2,5.0,0.0,2.5
39,Ohio,OH,39095,Lucas County,39095008601,Census Tract 86.01; Lucas County; Ohio,0.99989221042,1992,226,1051,71,1051,71,520,205,0,12,312,143,119,84,50,55,790,206,212,137,520,161,76,75,0,48,759,284,342,128,0,12,0,16,151,97,29,4,26.5,10.0,0.0,4.3,29.7,13.5,7.2,5.0,2.5,2.7,39.7,11.4,10.6,6.7,26.1,8.6,7.2,7.1,0.0,2.6,38.1,13.6,32.5,12.0,0.0,3.3,0.0,1.5,14.4,8.9,1.5,0.1,0.6506,0.0,0.7197,0.4629,0.1692,2.0024,0.3676,0.9946,0.0466,0.947,0.6337,0.0,2.6219,0.6352,0.7663,0.7663,0.7663,0.9289,0.0,0.0,0.8263,0.7146,2.4698,0.6238,7.8604,0.5603,0,0,0,0,0,0,1,0,1,0,0,2,0,0,1,0,0,0,0,1,3,3087,172,109,572,230,35,39,0,12,0,12,0,12,152,106,0,12,16.4,10.4,28.7,9.7,1.8,2.0,0.0,1.7,0.0,1.7,0.0,1.7,7.6,5.1,0.0,1.7
39,Ohio,OH,39095,Lucas County,39095008602,Census Tract 86.02; Lucas County; Ohio,0.894560496004,2951,941,1294,263,1242,263,355,197,27,33,275,135,89,75,137,117,403,123,600,335,942,731,51,45,0,48,703,1325,52,45,0,12,47,59,74,73,35,5,12.0,5.5,1.5,1.9,22.1,9.8,4.3,3.8,4.6,4.3,13.7,6.1,20.3,6.5,31.9,16.6,4.1,3.5,0.0,1.7,23.8,44.3,4.0,3.4,0.0,2.7,3.8,4.7,6.0,6.2,1.2,0.4,0.2707,0.1251,0.4768,0.2508,0.3996,1.523,0.2308,0.2752,0.4065,0.9864,0.3844,0.0,2.0525,0.2968,0.6411,0.6411,0.6411,0.5184,0.0,0.8898,0.5413,0.6814,2.6309,0.6927,6.8475,0.4057,0,0,0,0,0,0,0,0,1,0,0,1,0,0,0,0,0,0,0,0,1,1091,40,42,463,318,228,181,12,20,0,12,0,12,0,12,0,12,3.2,3.5,15.7,11.3,7.7,6.6,0.4,0.7,0.0,1.2,0.0,1.2,0.0,1.2,0.0,1.2
39,Ohio,OH,39095,Lucas County,39095008701,Census Tract 87.01; Lucas County; Ohio,1.33230479681,3560,427,1922,312,1854,284,610,249,46,55,508,221,128,97,209,152,857,328,544,261,505,243,47,39,0,48,1050,549,536,261,175,92,10,20,34,42,4,3,17.2,6.7,2.3,2.8,27.4,11.2,4.7,3.5,5.9,4.2,24.1,9.3,15.3,6.2,14.2,6.1,2.5,2.1,0.0,1.4,29.5,15.0,27.9,12.8,9.1,4.9,0.5,1.1,1.8,2.2,0.1,0.1,0.4307,0.2384,0.6635,0.2815,0.537,2.1511,0.4114,0.8367,0.1392,0.4919,0.2114,0.0,1.6792,0.1362,0.7032,0.7032,0.7032,0.9063,0.8632,0.4413,0.1933,0.3694,2.7735,0.7495,7.307,0.4714,0,0,0,0,0,0,0,0,0,0,0,0,0,0,1,0,0,0,0,1,1,2077,192,222,720,366,208,230,14,25,0,12,0,12,108,68,0,12,10.4,11.2,20.2,9.5,5.8,6.1,0.4,0.7,0.0,1.0,0.0,1.0,3.0,1.8,0.0,1.0
39,Ohio,OH,39095,Lucas County,39095008702,Census Tract 87.02; Lucas County; Ohio,0.999156300008,2472,552,958,155,850,194,934,352,49,45,311,114,178,95,92,77,248,91,675,164,397,113,18,23,19,56,1205,666,27,75,0,12,6,16,12,19,16,2,37.8,11.5,4.3,3.7,36.6,10.5,10.3,5.2,3.8,3.3,10.0,4.0,27.3,6.2,16.2,6.1,2.1,2.7,0.8,2.4,48.7,24.6,2.8,7.8,0.0,3.6,0.7,1.9,1.4,2.3,0.6,0.2,0.8099,0.5117,0.8463,0.6544,0.3113,3.1336,0.6965,0.124,0.8282,0.6144,0.1673,0.6636,2.3975,0.4962,0.8202,0.8202,0.8202,0.4622,0.0,0.4873,0.1476,0.6059,1.703,0.2962,8.0543,0.5937,0,0,0,0,0,0,0,0,0,0,0,0,0,0,0,0,0,0,0,0,0,766,93,68,385,398,414,238,29,42,0,12,0,12,377,116,0,12,10.9,7.5,15.6,13.9,16.7,9.9,1.2,1.7,0.0,1.4,0.0,1.4,15.3,5.4,0.0,1.4
39,Ohio,OH,39095,Lucas County,39095008703,Census Tract 87.03; Lucas County; Ohio,0.971901359828,2134,307,992,167,936,150,136,139,0,12,106,63,159,75,70,44,386,94,485,115,219,88,0,16,19,53,332,415,97,82,0,12,22,34,6,9,2,2,6.5,6.5,0.0,2.9,11.3,6.5,10.5,5.3,3.3,2.1,18.1,3.5,22.7,4.7,10.3,3.7,0.0,1.7,0.9,2.5,15.6,19.3,9.8,8.1,0.0,3.5,2.4,3.6,0.6,0.9,0.1,0.1,0.1028,0.0,0.0771,0.6627,0.2634,1.106,0.1238,0.539,0.5669,0.2329,0.0,0.6855,2.0243,0.2848,0.5073,0.5073,0.5073,0.686,0.0,0.7787,0.0616,0.3694,1.8957,0.3733,5.5333,0.1933,0,0,0,0,0,0,0,0,0,0,0,0,0,0,0,0,0,0,0,0,0,818,162,66,120,85,98,96,83,85,0,12,0,12,31,27,0,12,17.3,7.3,5.6,3.9,4.6,4.3,3.9,3.8,0.0,1.6,0.0,1.6,1.5,1.2,0.0,1.6
39,Ohio,OH,39095,Lucas County,39095008801,Census Tract 88.01; Lucas County; Ohio,1.1486148398,3968,724,1636,158,1636,158,379,281,35,42,308,161,15,25,55,45,608,121,812,240,518,291,19,31,12,51,860,883,35,44,0,12,117,109,54,81,7,2,9.6,6.9,1.6,2.0,18.8,9.7,0.6,1.0,1.4,1.2,15.3,4.7,20.5,4.0,13.1,7.5,1.2,1.9,0.3,1.3,21.7,21.9,2.1,2.7,0.0,2.1,7.1,6.6,3.3,5.0,0.2,0.0,0.1939,0.1346,0.3444,0.0197,0.0676,0.7602,0.0559,0.3576,0.4214,0.4199,0.0937,0.4968,1.7894,0.1765,0.6129,0.6129,0.6129,0.4111,0.0,0.9708,0.3346,0.4356,2.1521,0.4822,5.3146,0.1721,0,0,0,0,0,0,0,0,0,0,0,0,0,0,0,0,1,0,0,1,1,1721,21,31,140,91,472,306,60,61,0,12,0,12,168,130,20,33,1.3,1.9,3.5,2.6,11.9,6.1,1.5,1.5,0.0,0.9,0.0,0.9,4.2,3.3,0.5,0.8
39,Ohio,OH,39095,Lucas County,39095008802,Census Tract 88.02; Lucas County; Ohio,2.309153667666,3217,311,1518,164,1460,148,465,150,20,31,545,148,259,127,180,115,1120,169,449,131,467,136,16,19,20,51,675,471,318,108,21,26,0,16,201,96,252,4,15.7,4.8,1.4,2.1,37.3,9.4,9.7,4.8,6.1,3.8,34.8,4.7,14.0,3.8,15.8,4.1,1.1,1.3,0.6,1.6,21.0,14.5,20.9,6.7,1.4,1.7,0.0,1.1,13.8,6.2,7.8,0.8,0.3821,0.1117,0.8578,0.6192,0.5547,2.5255,0.5178,0.9867,0.1024,0.5941,0.0829,0.6088,2.3749,0.4822,0.6024,0.6024,0.6024,0.8565,0.6597,0.0,0.8168,0.9436,3.2766,0.893,8.7794,0.6987,0,0,0,0,0,0,1,0,0,0,0,1,0,0,0,0,0,0,1,1,2,10886,198,76,175,135,240,178,102,80,36,41,54,49,68,54,0,12,13.6,4.6,5.4,4.1,7.5,5.4,3.2,2.6,1.1,1.3,1.7,1.6,2.1,1.7,0.0,1.1
39,Ohio,OH,39095,Lucas County,39095008903,Census Tract 89.03; Lucas County; Ohio,6.595187413328,4688,333,1929,194,1862,197,494,356,67,50,287,127,34,34,100,84,736,95,1303,180,314,116,78,82,16,52,617,610,104,81,0,12,7,17,14,24,5,3,10.6,7.6,2.7,2.0,15.4,6.6,1.1,1.1,2.1,1.8,15.7,1.9,27.8,3.2,6.7,2.5,4.2,4.4,0.4,1.2,13.2,13.0,5.4,4.2,0.0,1.8,0.4,0.9,0.8,1.3,0.1,0.1,0.2279,0.2968,0.2051,0.0384,0.1301,0.8983,0.0813,0.3814,0.8472,0.0622,0.394,0.5412,2.226,0.3908,0.4509,0.4509,0.4509,0.5686,0.0,0.4206,0.0873,0.3694,1.4459,0.2143,5.0211,0.1444,0,0,0,0,0,0,0,0,0,0,0,0,0,0,0,0,0,0,0,0,0,6333,49,45,0,12,617,374,0,12,0,12,0,12,0,12,0,12,2.6,2.4,0.0,0.7,13.2,8.1,0.0,0.7,0.0,0.7,0.0,0.7,0.0,0.7,0.0,0.7
39,Ohio,OH,39095,Lucas County,39095008904,Census Tract 89.04; Lucas County; Ohio,5.368745993388,1722,288,576,67,564,64,107,84,39,29,79,54,28,11,110,69,244,44,557,204,119,54,27,28,0,48,35,406,0,16,0,12,27,44,43,41,100,3,6.6,5.0,5.0,3.6,14.0,9.4,2.6,1.1,6.8,4.3,14.2,3.4,32.3,7.5,7.3,3.4,4.8,4.9,0.0,2.8,2.0,23.6,0.0,2.8,0.0,5.9,4.8,7.8,7.6,7.2,5.8,1.0,0.1066,0.58,0.154,0.1243,0.6211,1.586,0.2486,0.2993,0.9531,0.0812,0.4565,0.0,1.7901,0.1768,0.0333,0.0333,0.0333,0.0,0.0,0.9317,0.6279,0.9217,2.4813,0.6305,5.8907,0.2457,0,0,0,0,0,0,0,1,0,0,0,1,0,0,0,0,1,0,1,2,3,873,72,60,12,8,0,12,0,12,0,12,9,17,14,15,0,12,12.8,10.4,0.7,0.5,0.0,2.0,0.0,2.0,0.0,2.0,0.5,0.9,0.8,0.9,0.0,2.0
39,Ohio,OH,39095,Lucas County,39095008905,Census Tract 89.05; Lucas County; Ohio,3.545425630628,4050,350,1672,208,1595,208,265,232,73,63,113,68,89,104,96,82,608,106,1093,154,290,172,30,37,19,50,697,454,228,149,0,12,14,26,79,69,0,12,6.5,5.7,3.5,3.0,7.1,4.2,3.2,3.8,2.4,2.0,15.0,2.4,27.0,3.6,7.2,4.1,1.9,2.3,0.5,1.3,17.2,11.1,13.6,8.7,0.0,2.1,0.9,1.6,5.0,4.2,0.0,0.3,0.1028,0.4156,0.0149,0.1671,0.1568,0.8572,0.074,0.3431,0.8158,0.0774,0.1517,0.5796,1.9676,0.2578,0.5412,0.5412,0.5412,0.7568,0.0,0.5384,0.4702,0.0,1.7654,0.3244,5.1314,0.1549,0,0,0,0,0,0,0,0,0,0,0,0,0,0,0,0,0,0,0,0,0,3019,69,51,0,12,293,227,106,90,0,12,0,12,298,182,0,12,4.3,3.2,0.0,0.9,7.2,5.4,2.6,2.2,0.0,0.9,0.0,0.9,7.4,4.3,0.0,0.9
39,Ohio,OH,39095,Lucas County,39095008906,Census Tract 89.06; Lucas County; Ohio,7.760330507544,2503,444,1077,148,1040,154,126,91,111,110,215,102,45,46,92,67,896,227,488,193,459,144,30,41,0,48,250,601,41,41,0,12,0,16,0,12,131,3,5.3,3.7,9.8,9.1,20.7,9.3,2.4,2.5,3.9,3.0,35.8,8.0,19.5,5.8,19.4,5.4,2.9,3.9,0.0,2.0,10.0,23.9,3.8,3.8,0.0,3.2,0.0,1.5,0.0,3.3,5.2,0.9,0.0705,0.8368,0.4244,0.1135,0.3224,1.7676,0.3019,0.9883,0.3535,0.782,0.2473,0.0,2.3711,0.4797,0.3567,0.3567,0.3567,0.5067,0.0,0.0,0.0,0.9109,1.4176,0.2051,5.913,0.2479,0,0,0,0,0,0,1,0,0,0,0,1,0,0,0,0,0,0,1,1,2,2745,63,49,27,42,158,134,0,12,6,8,0,12,59,58,0,12,6.1,4.8,1.1,1.7,6.3,4.9,0.0,1.4,0.2,0.3,0.0,1.4,2.4,2.4,0.0,1.4
39,Ohio,OH,39095,Lucas County,39095009001,Census Tract 90.01; Lucas County; Ohio,13.651568260228,4853,510,1751,188,1695,181,428,312,51,60,115,79,109,138,52,82,746,264,1407,239,379,204,141,146,0,48,403,701,0,16,139,138,0,16,0,12,4,3,9.0,6.5,2.1,2.5,6.8,4.6,3.5,4.4,1.1,1.7,15.4,5.3,29.0,3.0,7.8,4.0,8.3,8.6,0.0,1.0,8.3,14.4,0.0,0.9,7.9,7.8,0.0,0.9,0.0,2.0,0.1,0.1,0.1796,0.2086,0.0127,0.1912,0.0451,0.6372,0.0387,0.3643,0.8871,0.1012,0.7006,0.0,2.0532,0.2971,0.2933,0.2933,0.2933,0.0,0.8451,0.0,0.0,0.3694,1.2145,0.1508,4.1982,0.0711,0,0,0,0,0,0,0,0,0,0,0,0,0,0,0,0,0,0,0,0,0,3421,59,69,118,114,0,12,0,12,0,12,0,12,285,265,0,12,3.5,4.0,2.4,2.4,0.0,0.7,0.0,0.7,0.0,0.7,0.0,0.7,5.9,5.3,0.0,0.7
39,Ohio,OH,39095,Lucas County,39095009002,Census Tract 90.02; Lucas County; Ohio,4.332154787868,5634,654,2091,142,1902,172,937,742,149,132,382,223,232,92,62,99,1107,295,1902,642,519,176,13,29,8,68,398,915,91,81,10,17,14,38,0,17,276,9,17.4,13.6,6.0,5.3,20.1,11.6,6.6,2.6,1.1,1.8,19.6,5.3,33.8,8.2,9.5,3.3,0.7,1.5,0.2,1.3,7.1,16.2,4.4,3.9,0.5,0.8,0.7,2.0,0.0,1.8,4.9,0.6,0.437,0.6559,0.3971,0.4236,0.0451,1.9587,0.3527,0.6411,0.9651,0.1872,0.0546,0.4556,2.3036,0.4375,0.2397,0.2397,0.2397,0.5359,0.5717,0.4873,0.0,0.9036,2.4985,0.6359,7.0005,0.4232,0,0,0,0,0,0,0,1,0,0,0,1,0,0,0,0,0,0,1,1,2,4918,219,150,171,143,53,55,168,207,0,17,0,17,6,11,0,17,11.5,7.6,3.0,2.4,0.9,1.0,3.0,3.7,0.0,0.6,0.0,0.6,0.1,0.2,0.0,0.6
39,Ohio,OH,39095,Lucas County,39095009003,Census Tract 90.03; Lucas County; Ohio,5.27715140203,4220,413,2163,302,2032,272,330,201,245,307,509,329,18,5,123,117,1379,274,657,115,586,233,23,45,0,48,496,557,191,130,2,4,0,16,12,20,68,13,7.9,4.8,13.7,14.8,25.0,15.8,0.5,0.2,3.0,2.8,32.7,7.0,15.6,2.3,14.1,5.4,1.1,2.2,0.0,1.2,11.8,13.1,8.9,5.9,0.1,0.2,0.0,0.8,0.6,1.0,1.6,0.3,0.1457,0.9152,0.5784,0.0184,0.2291,1.8868,0.3311,0.9784,0.1481,0.4862,0.0829,0.0,1.6956,0.1406,0.4119,0.4119,0.4119,0.6714,0.5502,0.0,0.0616,0.727,2.0102,0.4206,6.0045,0.2606,0,1,0,0,0,1,1,0,0,0,0,1,0,0,0,0,0,0,0,0,2,5059,168,115,82,78,227,198,56,81,0,12,0,12,131,111,0,12,8.3,5.8,1.9,1.9,5.4,4.6,1.3,1.9,0.0,0.8,0.0,0.8,3.1,2.5,0.0,0.8
39,Ohio,OH,39095,Lucas County,39095009101,Census Tract 91.01; Lucas County; Ohio,4.725789637888,4932,665,1937,248,1830,237,294,132,46,33,243,88,155,77,209,110,821,135,1117,321,472,138,33,28,56,67,962,968,0,16,0,12,13,23,17,19,22,5,6.0,2.6,1.9,1.3,13.3,4.5,4.3,2.1,4.2,2.3,16.6,3.3,22.6,4.8,9.6,2.9,1.8,1.5,1.3,1.5,19.5,19.5,0.0,0.8,0.0,1.8,0.7,1.3,0.9,1.0,0.4,0.1,0.0844,0.1787,0.1337,0.2508,0.3561,1.0037,0.0997,0.4379,0.5609,0.1933,0.1419,0.7565,2.0905,0.3175,0.5834,0.5834,0.5834,0.0,0.0,0.4873,0.0975,0.5374,1.1222,0.1283,4.7998,0.1241,0,0,0,0,0,0,0,0,0,0,0,0,0,0,0,0,0,0,0,0,0,2261,59,49,204,155,457,211,144,124,0,12,0,12,157,131,0,12,3.2,2.6,4.1,3.1,9.3,4.5,2.9,2.6,0.0,0.7,0.0,0.7,3.2,2.7,0.0,0.7
39,Ohio,OH,39095,Lucas County,39095009103,Census Tract 91.03; Lucas County; Ohio,2.144455681934,2545,304,1130,205,1060,189,291,236,49,51,162,91,140,104,240,219,413,108,446,79,434,213,119,82,0,48,627,496,97,93,20,31,43,45,57,51,0,12,11.4,9.2,3.1,3.4,15.3,8.1,7.2,4.9,9.4,8.6,16.2,3.9,17.5,2.7,17.1,7.5,11.2,7.5,0.0,1.9,24.6,19.3,8.6,8.1,1.8,2.7,4.1,4.2,5.4,4.7,0.0,0.5,0.2542,0.3537,0.2003,0.4629,0.7928,2.0639,0.3854,0.4138,0.2305,0.6674,0.8162,0.0,2.1279,0.3394,0.6512,0.6512,0.6512,0.6641,0.686,0.9006,0.4994,0.0,2.7501,0.739,7.5931,0.5159,0,0,0,0,0,0,0,0,0,0,0,0,0,0,0,0,1,0,0,1,1,2645,47,40,168,110,210,106,36,46,28,36,0,12,78,64,107,145,4.4,3.8,6.6,4.5,8.3,4.2,1.4,1.8,1.1,1.4,0.0,1.4,3.1,2.5,4.2,5.6
39,Ohio,OH,39095,Lucas County,39095009104,Census Tract 91.04; Lucas County; Ohio,6.88814076142,2617,392,1006,118,862,120,953,421,144,105,378,147,183,91,125,100,382,73,523,160,490,192,57,58,5,47,315,596,0,16,404,129,37,44,43,53,176,8,37.8,15.6,12.3,7.5,43.9,15.9,10.5,5.0,5.0,4.0,14.6,3.8,20.0,5.7,19.4,6.2,6.6,6.7,0.2,1.9,12.0,22.7,0.0,1.6,40.2,11.6,4.3,5.1,5.0,6.1,6.7,1.0,0.8099,0.8905,0.9337,0.6627,0.4487,3.7455,0.8333,0.3212,0.3836,0.782,0.5902,0.4556,2.5326,0.5794,0.4169,0.4169,0.4169,0.0,0.9965,0.9111,0.4702,0.9328,3.3106,0.901,10.0056,0.8479,0,0,1,0,0,1,0,0,0,0,0,0,0,0,0,1,1,0,1,3,4,3102,48,49,40,51,214,174,7,13,5,10,0,12,49,54,0,12,5.6,5.6,1.5,1.9,8.2,6.9,0.3,0.5,0.2,0.4,0.0,1.3,1.9,2.1,0.0,1.3
39,Ohio,OH,39095,Lucas County,39095009203,Census Tract 92.03; Lucas County; Ohio,4.030847736904,3511,452,1461,143,1402,164,297,168,68,69,236,103,44,38,21,26,559,133,798,182,146,79,13,21,85,106,848,642,38,57,102,72,0,16,0,12,4,2,8.5,4.7,3.4,3.4,16.8,7.1,1.8,1.5,0.6,0.7,15.9,3.8,22.7,4.1,4.2,2.3,0.9,1.5,2.5,3.1,24.2,18.0,2.6,3.9,7.0,4.8,0.0,1.1,0.0,2.5,0.1,0.1,0.1622,0.3975,0.2635,0.0758,0.0187,0.9177,0.0848,0.3922,0.5669,0.0108,0.0705,0.8703,1.9107,0.2267,0.6462,0.6462,0.6462,0.446,0.8276,0.0,0.0,0.3694,1.643,0.2727,5.1176,0.1537,0,0,0,0,0,0,0,0,0,0,0,0,0,0,0,0,0,0,0,0,0,3662,27,35,311,217,103,102,240,182,18,30,0,12,176,136,0,12,1.9,2.5,8.9,6.0,2.9,2.8,6.8,5.2,0.5,0.8,0.0,1.0,5.0,3.9,0.0,1.0
39,Ohio,OH,39095,Lucas County,39095009204,Census Tract 92.04; Lucas County; Ohio,7.118438249156,5070,425,1712,143,1660,160,163,124,58,50,153,77,49,59,44,54,790,162,1687,198,333,151,89,64,12,66,524,620,0,24,0,17,3,18,49,46,107,2,3.3,2.5,2.6,2.2,9.2,4.6,1.5,1.8,0.9,1.1,15.6,2.8,33.3,2.5,6.7,2.9,5.3,3.8,0.2,1.4,10.3,12.2,0.0,1.4,0.0,2.0,0.2,1.1,3.0,2.7,2.1,0.2,0.0301,0.2822,0.0359,0.058,0.0349,0.4411,0.0152,0.3763,0.9613,0.0622,0.5022,0.4556,2.3576,0.4689,0.3665,0.3665,0.3665,0.0,0.0,0.3905,0.3051,0.7644,1.46,0.2178,4.6252,0.1057,0,0,0,0,0,0,0,1,0,0,0,1,0,0,0,0,0,0,0,0,1,4237,97,55,11,17,0,17,361,203,0,17,0,17,152,142,0,17,5.8,3.2,0.2,0.3,0.0,0.7,7.1,3.9,0.0,0.7,0.0,0.7,3.0,2.8,0.0,0.7
39,Ohio,OH,39095,Lucas County,39095009205,Census Tract 92.05; Lucas County; Ohio,1.461835840178,5368,1113,1896,254,1896,254,224,155,286,232,187,85,63,75,256,294,980,161,1269,292,529,255,64,53,24,76,510,1594,0,24,0,17,0,24,0,17,0,17,4.2,2.8,8.8,5.4,9.9,4.3,1.8,2.2,4.8,5.5,18.3,5.5,23.6,3.1,9.9,3.4,3.4,2.8,0.5,1.5,9.5,29.6,0.0,1.3,0.0,1.8,0.0,1.3,0.0,1.8,0.0,0.3,0.0479,0.8073,0.0476,0.0758,0.4243,1.4029,0.201,0.5549,0.6287,0.2104,0.3089,0.5796,2.2825,0.4267,0.337,0.337,0.337,0.0,0.0,0.0,0.0,0.0,0.0,0.0,4.0224,0.0559,0,0,0,0,0,0,0,0,0,0,0,0,0,0,0,0,0,0,0,0,0,2840,28,30,120,104,92,123,126,116,1,2,0,17,149,114,22,36,1.5,1.7,2.2,2.0,1.7,2.4,2.3,2.3,0.0,0.1,0.0,0.6,2.8,2.2,0.4,0.7
39,Ohio,OH,39095,Lucas County,39095009206,Census Tract 92.06; Lucas County; Ohio,1.480141708202,2753,563,1166,174,1025,173,269,193,85,132,207,137,106,94,117,127,491,146,737,231,386,237,31,38,0,48,450,820,0,16,0,12,0,16,20,24,74,3,10.0,6.9,6.3,9.4,20.2,12.9,5.5,5.0,4.4,4.8,17.8,6.4,26.8,4.3,14.4,6.3,3.0,3.7,0.0,1.9,16.3,29.6,0.0,1.4,0.0,3.0,0.0,1.6,2.0,2.3,2.7,0.6,0.205,0.6781,0.4029,0.3405,0.3758,2.0023,0.3673,0.5178,0.805,0.5119,0.2619,0.0,2.0966,0.32,0.5209,0.5209,0.5209,0.0,0.0,0.0,0.2127,0.8085,1.0212,0.1083,5.641,0.2054,0,0,0,0,0,0,0,0,0,0,0,0,0,0,0,0,0,0,0,0,0,6103,41,42,82,129,180,179,32,33,0,12,0,12,87,78,69,115,4.0,3.9,3.0,4.8,6.5,6.7,1.2,1.3,0.0,1.3,0.0,1.3,3.2,2.7,2.5,4.2
39,Ohio,OH,39095,Lucas County,39095009300,Census Tract 93; Lucas County; Ohio,22.516821146946,1447,268,585,123,563,115,98,52,45,61,51,22,84,105,150,129,370,97,269,75,99,46,10,9,0,48,27,375,0,16,0,12,1,12,4,4,0,12,6.8,3.4,6.4,8.2,9.1,3.4,8.0,9.4,10.4,8.1,25.6,4.5,18.6,4.2,6.8,2.9,1.8,1.6,0.0,3.5,1.9,25.9,0.0,2.7,0.0,5.8,0.2,2.1,0.7,0.7,0.0,0.8,0.113,0.6835,0.0346,0.5133,0.8347,2.1791,0.4197,0.8865,0.2892,0.0666,0.1419,0.0,1.3842,0.0638,0.0317,0.0317,0.0317,0.0,0.0,0.3905,0.0762,0.0,0.4667,0.0308,4.0617,0.0584,0,0,0,0,0,0,0,0,0,0,0,0,0,0,0,0,0,0,0,0,0,749,124,72,0,12,13,13,3,4,0,12,0,12,11,11,0,12,22.0,10.5,0.0,2.4,0.9,0.9,0.2,0.3,0.0,2.4,0.0,2.4,0.8,0.7,0.0,2.4
39,Ohio,OH,39095,Lucas County,39095009400,Census Tract 94; Lucas County; Ohio,21.51954748029,2584,288,846,86,775,76,195,108,194,181,110,52,193,131,506,423,407,92,936,295,295,120,54,27,0,48,840,405,0,16,18,18,3,13,11,14,0,12,7.6,4.1,15.8,13.6,14.2,6.6,12.6,8.2,19.6,15.3,15.8,4.4,36.2,8.3,11.4,5.0,7.0,3.4,0.0,2.0,32.5,15.2,0.0,1.9,2.1,2.1,0.4,1.7,1.4,1.8,0.0,0.5,0.1384,0.9457,0.161,0.7406,0.9752,2.9609,0.6489,0.3865,0.9832,0.3088,0.62,0.0,2.2985,0.4346,0.7261,0.7261,0.7261,0.0,0.7019,0.4206,0.1476,0.0,1.2701,0.1673,7.2556,0.4629,0,1,0,0,1,2,0,1,0,0,0,1,0,0,0,0,0,0,0,0,3,2705,46,22,253,208,60,75,0,12,0,12,0,12,527,332,0,12,5.9,2.9,9.8,8.2,2.3,2.9,0.0,1.3,0.0,1.3,0.0,1.3,20.4,12.2,0.0,1.3
39,Ohio,OH,39095,Lucas County,39095009500,Census Tract 95; Lucas County; Ohio,22.019053043118,2828,22,1306,144,1147,96,430,185,14,24,163,75,248,130,218,118,656,128,245,110,457,138,13,22,0,48,442,184,0,16,271,80,8,19,6,10,28,4,15.2,6.5,0.8,1.5,14.2,6.4,10.8,5.7,7.7,4.2,23.2,4.5,8.7,3.9,16.2,4.9,1.1,1.9,0.0,1.7,15.6,6.5,0.0,1.2,20.8,6.2,0.7,1.7,0.5,0.9,1.0,0.1,0.3691,0.0578,0.161,0.6782,0.6915,1.9576,0.3524,0.8031,0.0352,0.6144,0.0829,0.0,1.5356,0.0984,0.5073,0.5073,0.5073,0.0,0.9629,0.4873,0.0524,0.6595,2.1621,0.4857,6.1626,0.2841,0,0,0,0,0,0,0,0,0,0,0,0,0,0,0,1,0,0,0,1,1,2003,122,70,58,100,121,94,122,143,0,12,0,12,141,87,0,12,10.6,5.8,2.1,3.5,4.3,3.3,4.3,5.0,0.0,1.2,0.0,1.2,5.0,3.1,0.0,1.2
39,Ohio,OH,39095,Lucas County,39095009600,Census Tract 96; Lucas County; Ohio,26.0712286684,3382,16,1400,156,1242,122,367,222,106,90,144,67,196,136,225,126,725,138,644,128,507,151,37,41,0,48,213,129,0,16,116,75,0,16,8,15,0,12,10.9,6.6,5.7,4.3,11.6,5.3,7.8,5.3,6.7,3.7,21.4,4.1,19.0,3.8,15.0,4.5,3.0,3.3,0.0,1.4,6.3,3.8,0.0,1.1,8.3,5.2,0.0,1.3,0.6,1.2,0.0,0.4,0.2374,0.6356,0.0863,0.5003,0.6109,2.0705,0.3886,0.7299,0.3183,0.5462,0.2619,0.0,1.8563,0.2041,0.208,0.208,0.208,0.0,0.8511,0.0,0.0616,0.0,0.9127,0.0924,5.0475,0.147,0,0,0,0,0,0,0,0,0,0,0,0,0,0,0,0,0,0,0,0,0,1237,139,92,0,12,153,121,0,12,0,12,5,8,55,52,0,12,11.2,7.0,0.0,1.0,4.5,3.6,0.0,1.0,0.0,1.0,0.1,0.2,1.6,1.5,0.0,1.0
39,Ohio,OH,39095,Lucas County,39095009700,Census Tract 97; Lucas County; Ohio,29.666431727174,2904,28,1333,164,1159,130,547,220,50,50,124,55,42,27,114,87,671,175,546,107,505,187,0,16,0,48,150,124,0,16,0,12,29,28,34,37,0,12,18.8,7.6,3.5,3.4,10.7,4.6,1.9,1.2,3.9,3.0,23.1,6.0,18.8,3.7,17.4,6.4,0.0,1.4,0.0,1.7,5.2,4.3,0.0,1.2,0.0,2.6,2.5,2.4,2.9,3.1,0.0,0.4,0.4776,0.4156,0.0619,0.0808,0.3224,1.3583,0.1857,0.7961,0.3015,0.6836,0.0,0.0,1.7812,0.1724,0.1585,0.1585,0.1585,0.0,0.0,0.7902,0.2962,0.0,1.0864,0.1225,4.3844,0.0867,0,0,0,0,0,0,0,0,0,0,0,0,0,0,0,0,0,0,0,0,0,2167,167,154,0,12,121,115,0,12,0,12,0,12,29,30,0,12,14.4,12.1,0.0,1.2,4.2,3.9,0.0,1.2,0.0,1.2,0.0,1.2,1.0,1.0,0.0,1.2
39,Ohio,OH,39095,Lucas County,39095009800,Census Tract 98; Lucas County; Ohio,13.752009992814,4398,513,1804,161,1721,169,323,164,85,61,243,108,112,70,103,108,829,111,924,214,365,101,87,67,3,46,554,695,0,16,9,14,0,16,19,20,9,8,7.4,3.6,3.5,2.4,14.1,6.1,3.5,2.1,2.3,2.4,18.8,2.7,21.0,3.7,8.3,2.3,5.0,3.9,0.1,1.1,12.6,15.7,0.0,0.9,0.5,0.8,0.0,0.9,1.1,1.2,0.2,0.2,0.1317,0.4156,0.1581,0.1912,0.1492,1.0458,0.1102,0.5888,0.4499,0.1257,0.4762,0.4245,2.0651,0.3044,0.4337,0.4337,0.4337,0.0,0.5717,0.0,0.1194,0.4356,1.1267,0.1308,4.6713,0.1095,0,0,0,0,0,0,0,0,0,0,0,0,0,0,0,0,0,0,0,0,0,3553,110,52,3,6,472,244,35,40,0,12,0,12,44,46,0,12,6.4,3.0,0.1,0.1,10.7,5.1,0.8,0.9,0.0,0.8,0.0,0.8,1.0,1.1,0.0,0.8
39,Ohio,OH,39095,Lucas County,39095009901,Census Tract 99.01; Lucas County; Ohio,3.565707182586,3307,441,1432,167,1379,177,170,126,210,169,233,85,161,79,56,62,1062,235,536,106,467,156,12,18,52,77,257,628,170,86,0,12,5,16,9,15,79,3,5.3,3.8,12.3,7.7,16.9,5.8,6.5,3.2,1.7,1.8,32.1,6.2,16.2,2.9,14.5,4.7,0.9,1.3,1.6,2.4,7.8,19.0,11.9,5.8,0.0,2.4,0.4,1.2,0.7,1.1,2.4,0.3,0.0705,0.8905,0.2676,0.4157,0.092,1.7363,0.2908,0.975,0.1703,0.5198,0.0705,0.7971,2.5327,0.5797,0.272,0.272,0.272,0.7289,0.0,0.4206,0.0762,0.7885,2.0142,0.4222,6.5552,0.3527,0,0,0,0,0,0,1,0,0,0,0,1,0,0,0,0,0,0,0,0,1,2078,176,96,0,12,158,117,77,69,0,12,0,12,22,28,0,12,12.8,6.9,0.0,1.1,4.8,3.5,2.3,2.1,0.0,1.1,0.0,1.1,0.7,0.9,0.0,1.1
39,Ohio,OH,39095,Lucas County,39095009902,Census Tract 99.02; Lucas County; Ohio,7.790106307682,1157,239,455,93,433,91,195,178,43,60,75,82,66,62,23,25,172,87,371,151,169,98,1,12,0,48,356,344,0,16,0,12,8,18,12,14,16,3,16.9,15.0,7.8,10.0,17.3,18.6,8.8,7.7,2.0,2.1,14.9,7.6,32.1,9.4,14.6,7.7,0.2,2.8,0.0,4.4,30.8,29.0,0.0,3.5,0.0,7.4,1.8,4.1,2.8,3.3,1.4,0.4,0.4199,0.7616,0.2819,0.5647,0.1209,2.149,0.4098,0.3377,0.9512,0.5236,0.0394,0.0,1.8519,0.2025,0.7115,0.7115,0.7115,0.0,0.0,0.7079,0.2848,0.7029,1.6956,0.2937,6.408,0.3263,0,0,0,0,0,0,0,1,0,0,0,1,0,0,0,0,0,0,0,0,1,2688,105,83,5,6,235,134,0,12,0,12,0,12,94,141,22,33,24.2,16.2,0.4,0.5,20.3,12.7,0.0,3.0,0.0,3.0,0.0,3.0,8.1,11.7,1.9,2.9
39,Ohio,OH,39095,Lucas County,39095010001,Census Tract 100.01; Lucas County; Ohio,1.008255951944,3860,463,1782,190,1689,175,251,97,33,41,235,82,160,97,243,237,872,177,719,213,636,149,64,42,78,85,690,639,155,86,0,12,0,16,127,80,4,6,6.5,2.4,1.5,1.8,13.9,4.6,5.6,3.2,6.3,6.3,22.6,4.3,18.6,4.4,16.5,3.7,3.8,2.5,2.1,2.3,17.9,16.4,8.7,4.7,0.0,1.9,0.0,0.9,7.5,4.6,0.1,0.2,0.1028,0.1251,0.1511,0.3497,0.5763,1.305,0.1714,0.7771,0.2892,0.6334,0.3502,0.8427,2.8926,0.7733,0.5558,0.5558,0.5558,0.666,0.0,0.0,0.6238,0.3694,1.6592,0.2778,6.4126,0.3286,0,0,0,0,0,0,0,0,0,0,0,0,0,0,0,0,0,0,0,0,0,1981,138,69,16,23,603,183,14,21,1,3,0,12,35,33,21,33,8.2,4.0,0.4,0.6,15.6,4.5,0.4,0.5,0.0,0.1,0.0,0.9,0.9,0.8,0.5,0.9
39,Ohio,OH,39095,Lucas County,39095010002,Census Tract 100.02; Lucas County; Ohio,0.756886561456,3244,607,1486,168,1337,138,666,253,87,99,381,138,226,130,352,231,402,57,502,159,603,257,65,58,64,78,614,828,233,100,0,12,20,32,164,85,0,12,20.5,6.8,4.2,4.6,28.5,9.9,9.8,5.6,10.9,6.0,12.4,3.1,15.5,4.9,18.6,5.8,4.9,4.3,2.0,2.5,18.9,25.3,15.7,6.5,0.0,2.3,1.5,2.4,12.3,6.4,0.0,0.4,0.5176,0.4975,0.6914,0.6252,0.8524,3.1841,0.7098,0.2118,0.1449,0.7407,0.4644,0.8348,2.3966,0.4943,0.5745,0.5745,0.5745,0.7911,0.0,0.6606,0.7854,0.0,2.2371,0.5187,8.3923,0.6473,0,0,0,0,0,0,0,0,0,0,0,0,0,0,0,0,0,0,0,0,0,2775,127,66,88,89,331,229,53,41,4,6,0,12,138,100,0,12,9.5,5.1,2.7,2.8,10.2,6.4,1.6,1.3,0.1,0.2,0.0,1.1,4.3,3.1,0.0,1.1
39,Ohio,OH,39095,Lucas County,39095010100,Census Tract 101; Lucas County; Ohio,2.562296038538,4054,422,1780,184,1687,197,920,394,30,39,341,119,283,137,185,108,945,165,891,250,522,136,52,41,0,48,585,636,397,123,14,23,13,23,127,107,239,13,24.2,10.0,1.5,1.9,20.2,6.6,10.2,4.8,4.8,2.9,23.3,4.4,22.0,4.5,13.7,3.6,3.1,2.4,0.0,1.3,14.4,15.6,22.3,6.5,0.8,1.3,0.8,1.4,7.5,6.2,5.9,0.7,0.6062,0.1251,0.4029,0.65,0.4243,2.2085,0.4298,0.806,0.5171,0.4589,0.2733,0.0,2.0553,0.2984,0.48,0.48,0.48,0.8689,0.6095,0.5117,0.6238,0.9236,3.5375,0.9432,8.2813,0.6279,0,0,0,0,0,0,0,0,0,0,0,0,0,0,0,0,0,0,1,1,1,8492,311,169,163,107,170,130,49,69,0,12,11,15,192,128,0,12,18.4,8.9,4.0,2.7,4.2,3.2,1.2,1.7,0.0,0.9,0.3,0.4,4.7,3.3,0.0,0.9
39,Ohio,OH,39095,Lucas County,39095010200,Census Tract 102; Lucas County; Ohio,1.122492336786,2775,381,1570,158,1545,163,718,292,29,34,600,174,280,142,31,51,988,209,275,172,708,155,28,42,0,48,934,473,302,100,0,12,0,16,78,55,116,17,27.0,10.3,2.7,3.1,38.8,10.5,12.4,6.1,1.2,1.9,35.6,7.8,9.9,5.3,26.7,6.0,1.8,2.7,0.0,1.8,33.7,16.4,19.2,6.1,0.0,2.2,0.0,1.0,5.0,3.6,4.2,0.2,0.6601,0.2968,0.8797,0.7337,0.0511,2.6214,0.5448,0.988,0.0428,0.9556,0.1419,0.0,2.1283,0.3397,0.7362,0.7362,0.7362,0.834,0.0,0.0,0.4702,0.8824,2.1866,0.4971,7.6725,0.5276,0,0,0,0,0,0,1,0,1,0,0,2,0,0,0,0,0,0,0,0,2,3748,276,100,445,171,259,169,0,12,0,12,0,12,230,231,0,12,17.9,6.9,16.0,6.1,9.3,6.0,0.0,1.3,0.0,1.3,0.0,1.3,8.3,7.6,0.0,1.3
39,Ohio,OH,39095,Lucas County,39095010300,Census Tract 103; Lucas County; Ohio,0.98094618528,1485,428,773,120,553,110,880,346,89,58,202,73,260,110,145,91,159,45,382,277,306,123,37,37,14,49,911,449,25,24,6,9,16,31,188,78,19,11,60.0,16.1,15.9,9.5,36.5,11.0,25.5,9.5,9.8,5.9,10.7,4.1,25.7,12.8,20.6,9.7,6.7,6.6,1.1,3.8,61.3,24.5,3.2,3.1,0.8,1.1,2.9,5.6,34.0,11.0,1.3,0.6,0.96,0.9473,0.8432,0.9591,0.8124,4.522,0.9768,0.1503,0.7511,0.8258,0.5975,0.7254,3.0501,0.839,0.8684,0.8684,0.8684,0.4797,0.6095,0.8349,0.9708,0.6934,3.5883,0.9517,12.0288,0.9832,1,1,0,1,0,3,0,0,0,0,0,0,0,0,0,0,0,1,0,1,4,2640,91,51,494,368,292,119,0,12,0,12,0,12,125,94,0,12,16.5,8.4,33.3,17.0,19.7,7.5,0.0,2.3,0.0,2.3,0.0,2.3,8.4,6.1,0.0,2.3
39,Ohio,OH,39095,Lucas County,39095010400,Census Tract 104; Lucas County; Ohio,0.50415075599,3237,217,219,78,206,71,369,158,242,86,74,54,23,17,69,48,28,31,26,28,215,115,0,16,43,60,822,315,105,58,0,12,9,13,4,6,2760,122,77.4,17.6,18.1,5.7,35.9,23.1,15.8,9.9,2.1,1.5,0.9,0.9,0.8,0.9,6.6,3.5,0.0,7.8,1.3,1.9,25.4,9.6,47.9,20.3,0.0,14.7,4.4,6.1,1.9,3.1,85.3,6.8,0.9927,0.9635,0.8349,0.8361,0.1301,3.7573,0.8362,0.0051,0.0067,0.0584,0.0,0.7565,0.8267,0.014,0.6614,0.6614,0.6614,0.9676,0.0,0.9168,0.2029,0.9956,3.0829,0.8533,8.3283,0.6343,1,1,0,0,0,2,0,0,0,0,0,0,0,0,1,0,1,0,1,3,5,13493,64,35,353,133,117,67,161,100,0,12,0,12,191,68,0,12,31.1,15.6,10.9,4.0,3.6,2.1,5.0,3.0,0.0,1.1,0.0,1.1,5.9,2.0,0.0,1.1
39,Ohio,OH,39095,Lucas County,39095010500,Census Tract 105; Lucas County; Ohio,0.595268511378,2861,455,1585,161,1310,142,1919,460,226,122,567,141,393,118,147,98,370,50,842,279,604,156,401,135,18,49,2515,462,444,94,0,12,0,16,435,118,132,8,69.1,12.1,21.9,10.2,43.3,9.7,22.8,6.5,5.3,3.3,12.9,2.7,29.4,6.2,21.7,5.9,30.6,9.8,0.7,1.9,87.9,8.1,28.0,5.2,0.0,2.2,0.0,1.2,33.2,8.7,4.6,0.8,0.9816,0.9781,0.9283,0.9382,0.4808,4.307,0.9448,0.2302,0.8963,0.8613,0.9898,0.6367,3.6143,0.9683,0.9537,0.9537,0.9537,0.9067,0.0,0.0,0.9679,0.8954,2.77,0.747,11.645,0.967,1,1,1,1,0,4,0,0,0,1,0,1,1,1,1,0,0,1,0,2,8,5533,248,67,2217,416,139,122,32,28,0,12,0,12,86,99,41,64,18.9,5.4,77.5,5.5,4.9,4.0,1.1,1.1,0.0,1.2,0.0,1.2,3.0,3.3,1.4,2.3
39,Ohio,OH,39095,Lucas County,39095010600,Census Tract 106; Lucas County; Ohio,0.702995988704,1950,350,1168,131,1045,131,1205,356,126,77,348,135,165,75,63,42,126,42,644,247,325,138,238,93,24,58,1447,368,498,98,0,12,46,51,423,115,43,6,61.8,14.5,14.2,8.2,33.3,12.2,14.7,6.7,3.2,2.3,6.5,2.5,33.0,7.8,16.7,7.0,22.8,8.4,1.3,3.2,74.2,13.4,42.7,6.9,0.0,2.9,4.4,4.8,40.5,8.6,2.2,0.5,0.9654,0.9229,0.7978,0.8107,0.2491,3.7459,0.8337,0.0406,0.9581,0.6493,0.9683,0.7565,3.3728,0.9241,0.9144,0.9144,0.9144,0.9568,0.0,0.9168,0.9838,0.773,3.6304,0.9581,11.6635,0.9683,1,1,0,0,0,2,0,1,0,1,0,2,1,1,1,0,1,1,0,3,8,3739,218,86,1069,345,282,218,20,34,0,12,5,8,71,73,0,12,20.9,8.0,54.8,12.3,14.5,10.6,1.0,1.8,0.0,1.8,0.3,0.4,3.6,3.6,0.0,1.8
39,Ohio,OH,39097,Madison County,39097040101,Census Tract 401.01; Madison County; Ohio,57.908562133998,2256,382,696,96,662,92,220,130,12,17,79,41,126,46,261,143,341,66,597,144,228,54,37,58,45,60,423,520,0,16,119,42,5,14,0,12,60,5,10.0,5.7,1.0,1.4,11.9,6.0,8.7,3.6,11.6,5.7,15.1,3.9,26.5,3.9,10.1,2.9,5.6,8.7,2.1,2.7,18.7,22.8,0.0,2.3,17.1,6.0,0.8,2.1,0.0,5.1,2.7,0.5,0.205,0.0714,0.094,0.5574,0.8753,1.8031,0.3079,0.3472,0.7945,0.2222,0.5241,0.8427,2.7307,0.6997,0.571,0.571,0.571,0.0,0.9416,0.5117,0.0,0.8085,2.2618,0.5337,7.3666,0.4787,0,0,0,0,0,0,0,0,0,0,0,0,0,0,0,1,0,0,0,1,1,1477,69,36,55,80,231,132,5,13,2,5,0,12,114,124,16,22,10.4,5.4,2.4,3.5,10.2,5.7,0.2,0.6,0.1,0.2,0.0,1.5,5.1,5.1,0.7,1.0
39,Ohio,OH,39097,Madison County,39097040102,Census Tract 401.02; Madison County; Ohio,24.003511145068,5190,239,2059,161,1994,165,438,198,45,42,305,136,108,60,322,249,801,134,1544,182,679,167,188,96,0,68,415,383,52,47,143,79,28,45,32,33,0,17,8.5,3.8,1.7,1.5,15.3,6.7,3.2,1.8,6.2,4.8,15.4,2.5,29.7,3.2,13.1,3.2,9.5,4.7,0.0,1.5,8.0,7.4,2.6,2.3,6.9,3.7,1.4,2.3,1.6,1.6,0.0,0.3,0.1622,0.1492,0.2003,0.1671,0.5659,1.2447,0.1556,0.3643,0.9055,0.4199,0.76,0.0,2.4497,0.5283,0.2825,0.2825,0.2825,0.446,0.8257,0.6384,0.1724,0.0,2.0825,0.4498,6.0594,0.2686,0,0,0,0,0,0,0,1,0,0,0,1,0,0,0,0,0,0,0,0,1,4795,181,77,0,17,188,112,50,69,0,17,0,17,177,108,0,17,9.1,3.8,0.0,0.7,3.6,2.1,1.0,1.3,0.0,0.7,0.0,0.7,3.4,2.1,0.0,0.7
39,Ohio,OH,39097,Madison County,39097040201,Census Tract 402.01; Madison County; Ohio,15.170035997358,3000,42,1211,128,1118,121,156,121,29,38,175,113,69,49,153,122,579,136,555,138,241,103,37,39,28,60,336,172,19,35,0,12,0,16,0,12,0,12,5.2,4.0,1.6,2.1,15.7,10.0,3.2,2.2,5.1,4.1,19.3,4.5,18.5,4.6,8.0,3.4,3.3,3.5,1.0,2.1,11.2,5.7,1.6,2.9,0.0,2.8,0.0,1.4,0.0,3.1,0.0,0.4,0.0685,0.1346,0.2175,0.1671,0.4611,1.0488,0.1108,0.6208,0.2828,0.1104,0.2943,0.707,2.0153,0.2794,0.3944,0.3944,0.3944,0.3787,0.0,0.0,0.0,0.0,0.3787,0.0263,3.8372,0.0429,0,0,0,0,0,0,0,0,0,0,0,0,0,0,0,0,0,0,0,0,0,1013,52,47,59,87,26,43,65,93,0,12,0,12,173,125,13,20,4.7,4.1,2.0,2.9,0.9,1.4,2.2,3.1,0.0,1.2,0.0,1.2,5.8,4.1,0.4,0.7
39,Ohio,OH,39097,Madison County,39097040202,Census Tract 402.02; Madison County; Ohio,64.769151815004,2549,371,965,106,882,103,620,282,142,94,225,87,267,130,110,114,337,88,675,181,452,215,122,80,0,48,160,510,0,16,290,110,29,35,29,19,0,12,24.4,10.5,12.6,7.9,25.5,9.4,16.6,7.1,4.3,4.5,13.2,3.5,26.5,5.4,17.7,7.2,13.8,8.9,0.0,2.0,6.3,20.0,0.0,1.7,30.1,9.8,3.3,3.9,3.3,2.2,0.0,0.5,0.6116,0.8975,0.5994,0.8513,0.3659,3.3257,0.7438,0.2457,0.7945,0.6995,0.8759,0.0,2.6156,0.6314,0.208,0.208,0.208,0.0,0.986,0.8651,0.3346,0.0,2.1857,0.4962,8.335,0.6359,0,0,0,0,0,0,0,0,0,0,0,0,0,0,0,1,0,0,0,1,1,1513,104,49,22,20,0,12,0,12,0,12,0,12,138,97,0,12,11.8,5.5,0.9,0.8,0.0,1.4,0.0,1.4,0.0,1.4,0.0,1.4,5.4,3.7,0.0,1.4
39,Ohio,OH,39097,Madison County,39097040400,Census Tract 404; Madison County; Ohio,26.49074586599,2586,247,1070,119,1008,114,341,183,71,41,238,86,170,72,202,129,486,85,522,110,266,78,85,59,0,48,249,347,7,15,132,66,20,27,27,28,94,2,13.7,7.2,4.9,2.8,23.6,8.1,9.2,3.9,8.1,4.8,18.8,3.0,20.2,3.6,10.7,3.0,8.5,5.8,0.0,1.9,9.6,13.4,0.7,1.4,12.3,5.9,2.0,2.7,2.7,2.7,3.6,0.4,0.3247,0.5711,0.5295,0.5875,0.7226,2.7354,0.5825,0.5888,0.397,0.2615,0.7102,0.0,1.9575,0.2527,0.3424,0.3424,0.3424,0.2994,0.9025,0.7346,0.2752,0.8545,3.0662,0.8489,8.1015,0.6,0,0,0,0,0,0,0,0,0,0,0,0,0,0,0,1,0,0,0,1,1,6098,96,51,13,23,59,58,7,14,0,12,0,12,170,142,0,12,9.5,4.8,0.5,0.9,2.3,2.2,0.3,0.5,0.0,1.3,0.0,1.3,6.6,5.3,0.0,1.3
39,Ohio,OH,39097,Madison County,39097040500,Census Tract 405; Madison County; Ohio,15.889747499948,4671,250,1901,135,1857,135,571,194,38,35,419,138,324,163,252,125,948,191,632,164,664,178,62,42,72,107,84,366,30,26,57,49,10,20,64,48,0,12,12.3,4.1,1.4,1.3,22.6,7.2,8.9,4.4,5.4,2.6,20.3,4.4,13.5,3.6,14.2,3.8,3.3,2.2,1.6,2.4,1.8,7.8,1.6,1.4,3.0,2.6,0.5,1.1,3.4,2.6,0.0,0.3,0.2786,0.1117,0.494,0.5704,0.4916,1.9463,0.3479,0.6804,0.0881,0.4919,0.2943,0.7971,2.3518,0.4654,0.0282,0.0282,0.0282,0.3787,0.734,0.4413,0.3438,0.0,1.8978,0.3746,6.2241,0.2949,0,0,0,0,0,0,0,0,0,0,0,0,0,0,0,0,0,0,0,0,0,3318,160,71,0,12,77,69,0,12,7,13,0,12,0,12,0,12,8.6,3.7,0.0,0.7,1.6,1.5,0.0,0.7,0.1,0.3,0.0,0.7,0.0,0.7,0.0,0.7
39,Ohio,OH,39097,Madison County,39097040600,Census Tract 406; Madison County; Ohio,9.68810613318,5750,418,2621,201,2393,239,931,341,74,58,522,178,467,180,183,133,1293,289,1187,287,1232,275,111,93,81,108,327,626,312,138,0,17,0,24,49,44,111,8,16.4,5.9,2.7,2.2,21.8,7.1,11.0,4.3,3.2,2.4,22.5,4.9,20.6,4.4,21.7,4.6,4.7,3.9,1.5,2.0,5.7,10.9,11.9,5.2,0.0,1.3,0.0,1.0,2.0,1.8,1.9,0.0,0.4046,0.2968,0.4657,0.6855,0.2491,2.1017,0.3978,0.7717,0.4271,0.8613,0.4476,0.7854,3.2931,0.9086,0.1829,0.1829,0.1829,0.7289,0.0,0.0,0.2127,0.7524,1.694,0.2927,7.2717,0.4663,0,0,0,0,0,0,0,0,0,0,0,0,0,0,0,0,0,0,0,0,0,9270,240,115,4,7,0,17,211,191,0,17,2,9,93,92,17,26,10.0,4.7,0.1,0.1,0.0,0.6,3.7,3.4,0.0,0.6,0.0,0.2,1.6,1.6,0.3,0.5
39,Ohio,OH,39097,Madison County,39097040700,Census Tract 407; Madison County; Ohio,0.757534440612,2800,348,1163,133,1057,150,913,289,55,42,217,87,333,155,174,93,334,90,710,145,440,182,109,66,1,46,365,510,19,33,0,12,10,20,55,51,13,2,32.6,9.5,3.9,2.9,20.5,7.7,17.8,7.1,6.2,3.2,11.9,3.0,25.4,3.7,15.7,5.6,10.3,6.1,0.0,1.8,13.0,18.1,1.6,2.8,0.0,3.0,0.9,1.9,5.2,4.7,0.5,0.0,0.7493,0.4644,0.4171,0.877,0.5659,3.0737,0.6832,0.1925,0.7327,0.5874,0.7873,0.0,2.2999,0.4356,0.4448,0.4448,0.4448,0.3787,0.0,0.5384,0.4844,0.5742,1.9757,0.4083,7.7941,0.5486,0,0,0,0,0,0,0,0,0,0,0,0,0,0,0,0,0,0,0,0,0,2567,111,58,143,113,97,79,22,40,0,12,0,12,103,88,0,12,10.5,5.4,5.1,4.1,3.5,2.9,0.8,1.4,0.0,1.2,0.0,1.2,3.7,3.1,0.0,1.2
39,Ohio,OH,39097,Madison County,39097041000,Census Tract 410; Madison County; Ohio,4.676215299394,4579,108,101,53,60,37,33,36,0,12,7,18,901,189,0,12,193,85,46,27,62,39,0,16,57,56,2327,224,16,20,0,12,0,16,34,35,4435,89,22.9,23.3,0.0,55.3,11.7,29.1,21.6,4.3,0.0,21.4,4.2,1.8,1.0,0.6,43.1,21.9,0.0,26.7,1.2,1.2,50.8,4.7,15.8,18.0,0.0,28.5,0.0,26.7,56.7,30.6,96.9,3.0,0.5798,0.0,0.0895,0.9302,0.0,1.5995,0.254,0.0212,0.0076,0.9984,0.0,0.7403,1.7675,0.1657,0.8288,0.8288,0.8288,0.793,0.0,0.0,0.9975,0.9971,2.7876,0.7552,6.9834,0.4194,0,0,0,1,0,1,0,0,1,0,0,1,0,0,0,0,0,1,1,2,4,6080,33,36,1791,210,209,81,6,8,39,32,6,8,272,87,4,7,55.0,37.5,39.1,4.5,4.6,1.8,0.1,0.2,0.9,0.7,0.1,0.2,5.9,1.9,0.1,0.1
39,Ohio,OH,39097,Madison County,39097041100,Census Tract 411; Madison County; Ohio,96.143340873624,4959,444,2155,197,2127,204,719,248,130,77,327,109,450,153,646,270,678,147,951,186,748,168,194,107,18,54,431,639,0,16,0,12,8,16,110,77,10,3,14.5,4.8,4.5,2.5,15.4,4.9,13.0,4.0,13.0,5.1,13.7,2.9,19.2,3.1,15.1,3.2,9.2,5.0,0.4,1.1,8.7,12.9,0.0,0.7,0.0,1.6,0.4,0.8,5.2,3.6,0.2,0.1,0.3466,0.534,0.2051,0.7555,0.9108,2.752,0.5886,0.2752,0.3313,0.5528,0.7448,0.5412,2.4453,0.5263,0.3085,0.3085,0.3085,0.0,0.0,0.4206,0.4844,0.4356,1.3406,0.1854,6.8464,0.4054,0,0,0,0,1,1,0,0,0,0,0,0,0,0,0,0,0,0,0,0,1,1854,338,123,106,82,0,12,19,34,33,54,0,12,265,145,8,13,15.9,5.3,2.1,1.7,0.0,0.7,0.4,0.7,0.7,1.1,0.0,0.7,5.3,2.9,0.2,0.3
39,Ohio,OH,39097,Madison County,39097041200,Census Tract 412; Madison County; Ohio,30.976456508074,3275,23,1370,129,1277,120,607,237,80,63,216,69,180,80,157,80,566,110,852,150,479,91,88,49,27,55,242,110,25,24,38,31,16,27,50,37,17,3,18.6,7.3,4.9,3.8,16.9,5.2,7.9,3.6,4.8,2.4,17.3,3.4,26.0,4.6,14.6,2.8,6.9,3.8,0.9,1.8,7.4,3.4,1.8,1.7,2.8,2.2,1.3,2.1,3.9,3.0,0.5,0.1,0.4729,0.5711,0.2676,0.5076,0.4243,2.2435,0.4375,0.4845,0.7689,0.5236,0.613,0.6855,3.0755,0.8454,0.2521,0.2521,0.2521,0.3917,0.7263,0.6181,0.3892,0.5742,2.6995,0.721,8.2706,0.6263,0,0,0,0,0,0,0,0,0,0,0,0,0,0,0,0,0,0,0,0,0,2273,146,42,35,45,84,80,0,12,0,12,0,12,123,79,0,12,11.4,3.5,1.1,1.4,2.6,2.4,0.0,1.1,0.0,1.1,0.0,1.1,3.8,2.4,0.0,1.1
39,Ohio,OH,39097,Madison County,39097041300,Census Tract 413; Madison County; Ohio,120.214143805762,2346,272,943,120,829,120,466,126,29,32,126,42,153,44,225,99,375,124,549,121,404,146,25,19,47,57,315,401,0,16,8,10,5,13,11,9,0,12,19.9,4.9,2.5,2.7,15.2,4.6,9.2,3.1,9.6,4.2,16.0,5.3,23.4,4.4,17.2,6.1,3.0,2.3,2.1,2.6,13.4,17.0,0.0,1.7,0.8,1.1,0.6,1.6,1.3,1.2,0.0,0.5,0.5043,0.2657,0.1971,0.5875,0.8026,2.3572,0.4714,0.3989,0.6138,0.6728,0.2619,0.8427,2.7901,0.727,0.4569,0.4569,0.4569,0.0,0.6095,0.4632,0.1349,0.0,1.2076,0.1489,6.8118,0.3975,0,0,0,0,0,0,0,0,0,0,0,0,0,0,0,0,0,0,0,0,0,1885,103,36,1,3,156,94,0,12,0,12,0,12,44,35,114,107,12.4,4.5,0.0,0.1,6.6,4.0,0.0,1.5,0.0,1.5,0.0,1.5,1.9,1.5,4.9,4.6
39,Ohio,OH,39099,Mahoning County,39099800501,Census Tract 8005.01; Mahoning County; Ohio,1.101121977188,2124,457,960,119,857,125,1711,468,181,87,383,115,275,91,114,62,216,26,823,276,476,192,230,64,46,66,1793,468,85,58,0,12,37,41,311,111,0,12,81.5,13.7,29.9,12.6,44.7,11.7,24.1,7.2,5.4,3.4,10.2,2.6,38.7,5.8,22.4,6.4,26.9,6.4,2.5,3.6,84.4,12.5,8.9,5.9,0.0,3.6,4.4,4.7,36.3,11.0,0.0,0.6,0.9962,0.9937,0.94,0.9486,0.4916,4.3701,0.9556,0.1297,0.9892,0.8804,0.9854,0.8703,3.855,0.9911,0.9455,0.9455,0.9455,0.6714,0.0,0.9168,0.9762,0.0,2.5644,0.6632,11.735,0.9717,1,1,1,1,0,4,0,1,0,1,0,2,1,1,0,0,1,1,0,2,9,1029,300,102,885,199,809,371,0,12,0,12,0,12,99,80,0,12,35.0,9.9,41.7,9.1,38.1,11.1,0.0,1.6,0.0,1.6,0.0,1.6,4.7,3.7,0.0,1.6
39,Ohio,OH,39099,Mahoning County,39099800502,Census Tract 8005.02; Mahoning County; Ohio,0.430821878048,859,47,0,12,0,12,0,12,0,12,0,24,148,90,0,12,27,17,0,12,0,12,0,16,0,48,565,74,0,16,0,12,0,16,0,12,859,47,-999.0,-999.0,-999.0,-999.0,-999.0,-999.0,19.7,12.4,-999.0,-999.0,3.1,2.0,0.0,4.0,-999.0,-999.0,-999.0,-999.0,0.0,5.6,65.8,7.8,-999.0,-999.0,-999.0,-999.0,-999.0,-999.0,-999.0,-999.0,100.0,0.0,-999.0,-999.0,-999.0,0.9074,-999.0,-999.0,-999.0,0.0136,0.0,-999.0,-999.0,0.0,-999.0,-999.0,0.8874,0.8874,0.8874,-999.0,-999.0,-999.0,-999.0,0.999,-999.0,-999.0,-999.0,-999.0,-999,-999,-999,1,-999,-999,0,0,-999,-999,0,-999,0,0,-999,-999,-999,-999,1,-999,-999,1208,0,12,393,56,101,42,0,12,0,12,0,12,71,28,0,12,-999.0,-999.0,45.8,6.1,11.8,4.9,0.0,4.0,0.0,4.0,0.0,4.0,8.3,3.2,0.0,4.0
39,Ohio,OH,39099,Mahoning County,39099800600,Census Tract 8006; Mahoning County; Ohio,0.830269493678,1369,264,794,158,603,170,986,272,217,117,242,139,71,46,18,29,178,25,469,151,220,145,73,40,14,50,1350,264,116,131,0,12,13,30,160,135,0,12,72.7,14.1,35.9,15.1,40.1,20.1,10.2,6.5,1.3,2.1,13.0,2.9,34.3,10.0,16.1,9.6,12.1,5.7,1.3,4.5,98.6,3.2,14.6,16.2,0.0,4.3,2.2,4.9,26.5,17.9,0.0,0.9,0.9873,0.9971,0.8956,0.65,0.0593,3.5893,0.7987,0.2368,0.9705,0.6087,0.8397,0.7565,3.4122,0.9317,0.9914,0.9914,0.9914,0.7737,0.0,0.7575,0.9441,0.0,2.4753,0.6273,10.4682,0.8917,1,1,0,0,0,2,0,1,0,0,0,1,1,1,0,0,0,1,0,1,5,1650,159,135,1079,272,259,150,0,12,0,12,0,12,12,24,0,12,26.4,18.0,78.8,11.1,18.9,10.7,0.0,2.5,0.0,2.5,0.0,2.5,0.9,1.8,0.0,2.5
39,Ohio,OH,39099,Mahoning County,39099801000,Census Tract 8010; Mahoning County; Ohio,1.117622046158,1594,206,708,89,593,82,964,257,99,66,241,93,124,62,221,99,112,31,542,99,387,83,130,69,22,51,1074,259,0,16,0,12,14,20,81,49,5,11,60.7,14.1,15.2,8.9,40.6,14.6,13.3,6.6,13.9,5.6,7.0,2.2,34.0,4.6,24.4,4.7,21.9,11.2,1.6,3.6,67.4,13.7,0.0,2.3,0.0,4.8,2.4,3.4,13.7,7.8,0.3,0.7,0.9622,0.9359,0.9029,0.7689,0.9257,4.4956,0.9724,0.0466,0.9673,0.9229,0.9648,0.7971,3.6987,0.9762,0.8941,0.8941,0.8941,0.0,0.0,0.7787,0.814,0.4924,2.0851,0.4521,11.1735,0.9419,1,1,1,0,1,4,0,1,1,1,0,3,0,0,0,0,0,0,0,0,7,1584,94,46,864,182,193,121,0,12,0,12,0,12,13,17,4,7,15.9,7.6,54.2,8.2,12.1,7.6,0.0,2.2,0.0,2.2,0.0,2.2,0.8,1.1,0.3,0.5
39,Ohio,OH,39099,Mahoning County,39099801100,Census Tract 8011; Mahoning County; Ohio,0.53032074955,2269,394,1127,151,958,164,1234,396,77,55,401,126,203,92,157,77,402,100,536,223,558,177,123,73,32,65,1473,437,153,58,0,12,46,45,130,66,92,3,56.6,15.0,8.9,6.7,41.9,11.0,13.3,5.8,7.2,3.8,17.7,4.9,23.6,7.1,25.6,7.4,12.8,7.3,1.6,3.1,64.9,15.6,13.6,4.8,0.0,3.1,4.8,4.6,13.6,7.1,4.1,0.7,0.947,0.8117,0.9175,0.7689,0.6557,4.1008,0.9105,0.5117,0.6287,0.9422,0.8587,0.7971,3.7384,0.9797,0.8846,0.8846,0.8846,0.7568,0.0,0.9317,0.813,0.877,3.3785,0.9149,12.1023,0.9863,1,0,1,0,0,2,0,0,1,0,0,1,0,0,0,0,1,0,0,1,4,2404,187,94,1009,352,271,172,0,12,1,2,0,12,170,82,22,33,19.5,9.2,44.5,11.0,11.9,7.2,0.0,1.5,0.0,0.1,0.0,1.5,7.5,3.6,1.0,1.4
39,Ohio,OH,39099,Mahoning County,39099801200,Census Tract 8012; Mahoning County; Ohio,0.485593149462,1232,250,677,98,525,80,502,198,39,40,169,70,90,59,297,135,214,49,300,177,315,113,28,41,86,108,643,315,22,31,0,12,18,25,74,45,0,12,40.7,13.8,7.2,7.1,32.2,12.4,10.9,6.2,24.1,10.5,17.4,5.1,24.4,10.0,25.6,8.9,5.3,7.8,7.2,8.9,52.2,23.3,3.2,4.6,0.0,5.0,3.4,4.7,14.1,8.1,0.0,1.0,0.842,0.7337,0.7752,0.6823,0.9886,4.0218,0.8921,0.4908,0.6782,0.9422,0.5022,0.9762,3.5896,0.9635,0.8358,0.8358,0.8358,0.4797,0.0,0.8708,0.8206,0.0,2.1711,0.4886,10.6183,0.9044,0,0,0,0,1,1,0,0,1,0,1,2,0,0,0,0,0,0,0,0,3,633,120,42,294,149,150,101,41,56,1,3,0,12,157,168,0,12,22.9,7.5,23.9,11.7,12.2,8.5,3.3,4.6,0.1,0.3,0.0,2.8,12.7,12.2,0.0,2.8
39,Ohio,OH,39099,Mahoning County,39099801300,Census Tract 8013; Mahoning County; Ohio,1.243452687958,2417,581,1000,143,873,151,1321,426,102,55,295,140,316,194,186,109,238,50,771,297,487,191,96,44,11,49,1139,635,0,16,19,30,0,16,72,46,1,1,54.7,11.7,10.7,5.3,33.8,14.9,21.3,10.5,7.7,4.9,9.8,2.9,31.9,6.3,20.1,6.6,11.0,4.7,0.5,2.3,47.1,23.7,0.0,1.6,1.9,3.1,0.0,1.8,8.2,5.1,0.0,0.0,0.9327,0.8587,0.8054,0.9264,0.6915,4.2147,0.9305,0.1183,0.9483,0.8105,0.8086,0.5796,3.2653,0.9025,0.8129,0.8129,0.8129,0.0,0.693,0.0,0.6552,0.0,1.3482,0.1879,9.6411,0.8089,1,0,0,1,0,2,0,1,0,0,0,1,0,0,0,0,0,0,0,0,3,1230,140,68,593,143,96,70,0,12,0,12,4,6,446,451,0,12,16.0,7.0,24.5,7.7,4.0,3.0,0.0,1.4,0.0,1.4,0.2,0.3,18.5,15.6,0.0,1.4
39,Ohio,OH,39099,Mahoning County,39099801400,Census Tract 8014; Mahoning County; Ohio,0.497420225926,1962,252,1010,99,911,102,644,186,51,32,222,70,205,91,94,54,463,74,416,143,601,134,90,61,0,48,175,335,4,13,5,7,4,13,122,63,8,4,32.8,8.5,5.9,3.6,24.4,7.2,14.4,6.1,4.8,2.6,23.6,4.6,21.2,5.4,30.6,6.3,9.9,6.6,0.0,2.5,8.9,17.0,0.4,1.3,0.5,0.7,0.4,1.4,13.4,6.7,0.4,0.2,0.7518,0.6492,0.5559,0.8006,0.4243,3.1818,0.7089,0.8209,0.4654,0.9822,0.7752,0.0,3.0437,0.8375,0.3145,0.3145,0.3145,0.2743,0.5717,0.4206,0.8089,0.5374,2.6129,0.6829,9.1529,0.7441,0,0,0,0,0,0,0,0,1,0,0,1,0,0,0,0,0,0,0,0,1,1008,184,79,80,73,38,32,19,19,0,12,0,12,33,44,5,8,20.2,8.2,4.1,3.6,1.9,1.6,1.0,1.0,0.0,1.8,0.0,1.8,1.7,2.2,0.3,0.4
39,Ohio,OH,39099,Mahoning County,39099801500,Census Tract 8015; Mahoning County; Ohio,0.409786654986,1909,261,929,118,810,121,579,272,126,55,207,79,44,29,131,70,432,110,391,96,275,126,80,41,12,47,914,325,0,16,0,12,25,33,63,48,0,12,30.3,13.6,14.1,5.8,25.6,9.0,3.4,2.3,6.9,3.6,22.6,4.2,20.5,4.5,14.4,6.4,9.9,4.8,0.7,2.6,47.9,15.7,0.0,1.7,0.0,3.7,3.1,4.0,7.8,5.8,0.0,0.6,0.7172,0.9216,0.6032,0.1836,0.6274,3.053,0.6778,0.7771,0.4214,0.5119,0.7752,0.6367,3.1223,0.8603,0.8174,0.8174,0.8174,0.0,0.0,0.8502,0.6394,0.0,1.4896,0.2276,8.4823,0.6594,0,1,0,0,0,1,0,0,0,0,0,0,0,0,0,0,0,0,0,0,1,769,100,95,708,271,96,73,6,11,0,12,0,12,104,81,0,12,12.3,10.8,37.1,11.1,5.0,3.8,0.3,0.6,0.0,1.8,0.0,1.8,5.4,4.3,0.0,1.8
39,Ohio,OH,39099,Mahoning County,39099801600,Census Tract 8016; Mahoning County; Ohio,0.600710232966,2587,519,1195,156,874,152,1568,541,158,99,375,155,200,112,123,73,199,75,1163,343,490,192,277,94,41,64,2050,542,32,36,0,12,41,54,179,87,13,14,60.8,16.9,16.2,9.0,42.9,16.1,16.7,9.0,4.8,3.2,7.7,3.7,45.0,8.4,19.0,7.6,31.7,9.2,1.7,2.7,79.2,13.7,2.7,3.0,0.0,2.9,4.7,6.1,20.5,9.9,0.5,0.5,0.9629,0.9505,0.9251,0.8554,0.4243,4.1182,0.9143,0.0609,0.9978,0.7639,0.9908,0.8094,3.6228,0.9698,0.9312,0.9312,0.9312,0.4533,0.0,0.9283,0.907,0.5742,2.8628,0.7841,11.535,0.9613,1,1,1,0,0,3,0,1,0,1,0,2,1,1,0,0,1,1,0,2,8,1870,140,80,1502,475,245,160,0,12,0,12,0,12,283,230,20,29,16.0,8.9,58.1,11.3,9.5,6.5,0.0,1.3,0.0,1.3,0.0,1.3,10.9,8.3,0.8,1.1
39,Ohio,OH,39099,Mahoning County,39099801700,Census Tract 8017; Mahoning County; Ohio,0.802458566618,933,177,499,98,386,96,384,175,136,94,116,71,171,64,162,149,184,102,180,39,102,64,99,61,25,57,710,223,0,16,0,12,0,16,30,27,24,17,42.2,17.5,22.9,15.0,30.1,16.8,27.4,10.3,17.8,16.7,19.7,8.6,19.3,4.2,11.2,5.8,25.6,14.5,2.8,6.3,76.1,19.0,0.0,3.2,0.0,6.8,0.0,4.1,7.8,6.6,2.6,1.8,0.8556,0.9806,0.7295,0.9715,0.9667,4.5039,0.9752,0.6468,0.3377,0.2964,0.9794,0.8884,3.1487,0.8724,0.9223,0.9223,0.9223,0.0,0.0,0.0,0.6394,0.8012,1.4406,0.2127,10.0155,0.8492,0,1,0,1,1,3,0,0,0,1,0,1,1,1,0,0,0,0,0,0,5,2051,87,61,418,152,292,126,0,12,0,12,0,12,0,12,0,12,22.5,12.3,44.8,10.1,31.3,14.3,0.0,3.7,0.0,3.7,0.0,3.7,0.0,3.7,0.0,3.7
39,Ohio,OH,39099,Mahoning County,39099802100,Census Tract 8021; Mahoning County; Ohio,0.37981818995,869,132,395,98,360,86,411,154,15,19,90,60,78,41,72,27,143,53,161,37,208,77,43,36,0,48,771,136,48,50,0,12,0,16,97,59,166,27,58.5,19.0,5.0,7.5,25.0,15.6,14.2,6.8,10.2,3.8,16.5,6.0,18.5,4.3,29.6,11.6,11.9,9.6,0.0,5.6,88.7,8.0,12.2,12.3,0.0,8.5,0.0,4.4,26.9,12.8,19.1,1.1,0.954,0.58,0.5784,0.7942,0.8258,3.7324,0.8308,0.4306,0.2828,0.9784,0.8359,0.0,2.5277,0.5746,0.9556,0.9556,0.9556,0.7333,0.0,0.0,0.947,0.974,2.6543,0.6997,9.87,0.8333,1,0,0,0,0,1,0,0,1,0,0,1,1,1,0,0,0,1,1,2,5,656,116,58,594,102,166,157,0,12,0,12,0,12,11,16,0,12,32.2,11.9,68.4,13.6,19.1,16.2,0.0,3.9,0.0,3.9,0.0,3.9,1.3,1.8,0.0,3.9
39,Ohio,OH,39099,Mahoning County,39099802300,Census Tract 8023; Mahoning County; Ohio,0.36861930144,703,177,535,96,387,78,320,139,8,11,84,52,95,59,33,37,206,77,148,85,205,97,31,37,1,46,630,183,0,16,0,12,0,16,59,44,7,4,46.0,16.2,2.8,4.1,21.7,12.7,17.6,10.5,4.7,5.5,29.3,12.7,21.1,8.9,29.5,12.6,8.0,9.4,0.1,6.6,89.6,13.0,0.0,3.0,0.0,6.3,0.0,4.1,15.2,10.9,1.0,0.5,0.8835,0.3133,0.4616,0.8735,0.4135,2.9454,0.6422,0.9518,0.4569,0.9778,0.6851,0.4245,3.4961,0.9486,0.9588,0.9588,0.9588,0.0,0.0,0.0,0.8394,0.6595,1.4989,0.2305,8.8992,0.7137,0,0,0,0,0,0,1,0,1,0,0,2,1,1,0,0,0,0,0,0,3,313,144,69,418,127,192,172,0,12,0,12,0,12,20,26,0,12,37.2,14.6,59.5,20.8,27.3,19.4,0.0,4.9,0.0,4.9,0.0,4.9,2.8,3.5,0.0,4.9
39,Ohio,OH,39099,Mahoning County,39099802400,Census Tract 8024; Mahoning County; Ohio,0.716617667264,2393,427,1396,201,1019,143,1322,269,140,100,307,116,292,147,277,186,516,117,521,185,856,294,76,47,0,48,2147,448,187,89,0,12,30,34,248,108,0,12,55.2,5.4,14.6,10.2,30.1,10.6,18.6,8.6,11.6,6.9,21.6,5.0,21.8,6.2,35.8,9.8,7.5,4.5,0.0,2.3,89.7,9.7,13.4,6.1,0.0,2.5,2.9,3.3,24.3,10.3,0.0,0.5,0.9365,0.9279,0.7295,0.8909,0.8753,4.3601,0.9524,0.7384,0.5025,0.9952,0.6546,0.0,2.8907,0.7727,0.9594,0.9594,0.9594,0.7546,0.0,0.8349,0.9337,0.0,2.5232,0.6444,10.7334,0.9114,1,1,0,0,0,2,0,0,1,0,0,1,1,1,0,0,0,1,0,1,5,1066,259,97,1493,363,275,173,0,12,8,15,0,12,371,263,0,12,25.4,9.3,62.4,10.3,11.5,7.5,0.0,1.4,0.3,0.6,0.0,1.4,15.5,9.7,0.0,1.4
39,Ohio,OH,39099,Mahoning County,39099802500,Census Tract 8025; Mahoning County; Ohio,0.83868497287,1270,208,644,128,579,120,503,171,96,54,216,91,205,114,132,80,275,128,124,85,202,56,27,26,41,69,952,261,0,16,0,12,0,16,34,32,87,4,39.8,11.9,16.4,7.3,37.3,13.7,21.3,11.1,10.4,6.4,21.7,8.4,9.8,6.0,15.9,4.7,4.7,4.4,3.3,5.6,75.0,16.5,0.0,2.5,0.0,5.3,0.0,2.8,5.9,5.2,6.9,1.2,0.8343,0.9524,0.8578,0.9264,0.8347,4.4056,0.96,0.7413,0.0422,0.5985,0.4476,0.9071,2.7367,0.7019,0.9179,0.9179,0.9179,0.0,0.0,0.0,0.5349,0.936,1.4709,0.2206,9.5311,0.7975,0,1,0,1,0,2,0,0,0,0,1,1,1,1,0,0,0,0,1,1,5,765,46,37,842,186,79,81,0,12,0,12,0,12,31,49,0,12,7.9,6.4,66.3,11.8,6.2,6.4,0.0,2.7,0.0,2.7,0.0,2.7,2.4,3.9,0.0,2.7
39,Ohio,OH,39099,Mahoning County,39099802600,Census Tract 8026; Mahoning County; Ohio,0.844610094162,1647,223,774,79,688,90,392,163,47,44,145,68,55,33,39,27,293,93,328,92,254,115,23,23,25,52,410,311,0,16,0,12,2,12,35,24,5,7,23.8,9.4,5.1,4.7,21.1,9.5,4.6,2.8,2.4,1.6,17.8,5.3,19.9,4.5,15.5,6.3,3.3,3.3,1.6,3.2,24.9,18.6,0.0,2.1,0.0,4.4,0.3,1.7,5.1,3.4,0.3,0.4,0.5966,0.5892,0.4403,0.2724,0.1568,2.0553,0.3825,0.5178,0.3751,0.5773,0.2943,0.7971,2.5616,0.5968,0.655,0.655,0.655,0.0,0.0,0.4041,0.4787,0.4924,1.3752,0.1943,6.6471,0.3683,0,0,0,0,0,0,0,0,0,0,0,0,0,0,0,0,0,0,0,0,0,589,75,44,247,153,107,59,0,12,0,12,0,12,56,56,0,12,10.9,6.4,15.0,9.1,6.5,3.4,0.0,2.1,0.0,2.1,0.0,2.1,3.4,3.4,0.0,2.1
39,Ohio,OH,39099,Mahoning County,39099802701,Census Tract 8027.01; Mahoning County; Ohio,1.179658212804,3387,493,1770,212,1756,212,837,212,139,84,482,135,141,63,263,125,791,103,368,154,571,146,19,25,10,49,642,711,490,96,0,12,25,28,151,74,103,4,25.4,5.2,8.3,4.7,27.4,6.9,5.2,2.4,8.0,3.6,23.4,4.3,10.9,3.9,17.3,4.7,1.1,1.4,0.3,1.5,19.0,20.8,27.7,4.3,0.0,2.0,1.4,1.6,8.6,4.5,3.0,0.5,0.6322,0.7835,0.6635,0.3148,0.7166,3.1106,0.6902,0.8107,0.0498,0.6776,0.0829,0.4968,2.1178,0.334,0.5761,0.5761,0.5761,0.9051,0.0,0.6384,0.6727,0.8291,3.0453,0.8429,8.8498,0.7067,0,0,0,0,0,0,0,0,0,0,0,0,0,0,1,0,0,0,0,1,1,3172,296,107,387,207,58,69,4,8,0,12,0,12,186,114,7,12,16.9,5.9,11.4,6.1,1.7,2.0,0.1,0.2,0.0,1.0,0.0,1.0,5.5,3.5,0.2,0.3
39,Ohio,OH,39099,Mahoning County,39099802702,Census Tract 8027.02; Mahoning County; Ohio,1.317264965604,3043,383,1422,187,1345,201,568,276,44,36,309,112,223,129,65,39,702,166,562,145,527,163,118,75,0,48,747,539,128,69,9,15,0,16,27,24,10,2,18.7,8.8,2.9,2.3,23.0,7.6,9.8,5.3,2.1,1.3,23.1,4.9,18.5,3.9,17.3,4.9,8.8,5.4,0.0,1.7,24.5,17.4,9.0,4.7,0.6,1.0,0.0,1.2,2.0,1.7,0.3,0.1,0.4764,0.327,0.5079,0.6252,0.1301,2.0666,0.3867,0.7961,0.2828,0.6776,0.7254,0.0,2.4819,0.5463,0.6493,0.6493,0.6493,0.6746,0.5876,0.0,0.2127,0.4924,1.9673,0.4048,7.1651,0.4483,0,0,0,0,0,0,0,0,0,0,0,0,0,0,0,0,0,0,0,0,0,1449,121,68,362,199,336,219,0,12,0,12,0,12,49,58,0,12,9.0,5.2,11.9,6.2,11.0,7.1,0.0,1.1,0.0,1.1,0.0,1.1,1.6,1.9,0.0,1.1
39,Ohio,OH,39099,Mahoning County,39099802800,Census Tract 8028; Mahoning County; Ohio,1.114613925476,2515,401,1302,182,1260,170,1367,391,23,27,330,163,172,114,119,113,386,114,606,202,464,139,197,144,0,48,974,485,3,13,0,12,0,16,88,88,3,2,54.4,12.9,1.9,2.2,26.2,12.4,9.9,6.2,4.7,4.0,15.3,4.7,24.1,5.3,18.4,5.6,15.6,11.2,0.0,2.0,38.7,18.3,0.2,1.0,0.0,2.6,0.0,1.3,7.0,7.1,0.1,0.1,0.9311,0.1787,0.6241,0.6319,0.4135,2.7793,0.5965,0.3576,0.6655,0.7318,0.9124,0.0,2.6673,0.6625,0.7714,0.7714,0.7714,0.261,0.0,0.0,0.5994,0.3694,1.2298,0.1556,7.4478,0.4959,1,0,0,0,0,1,0,0,0,1,0,1,0,0,0,0,0,0,0,0,2,3351,232,112,762,292,115,89,7,7,56,62,0,12,34,36,0,12,18.4,9.2,30.3,9.0,4.6,3.3,0.3,0.3,2.2,2.6,0.0,1.4,1.4,1.4,0.0,1.4
39,Ohio,OH,39099,Mahoning County,39099802900,Census Tract 8029; Mahoning County; Ohio,0.470634785778,2622,357,1263,200,1091,203,1405,252,113,70,441,144,461,182,338,162,318,109,698,118,516,157,115,68,60,64,1223,565,0,16,0,12,0,16,117,112,7,3,53.6,6.3,8.4,5.5,40.4,10.8,26.6,10.7,12.9,6.1,12.1,4.1,26.6,4.5,19.7,5.2,10.5,5.9,2.5,2.6,46.6,20.6,0.0,1.3,0.0,2.7,0.0,1.5,10.7,9.4,0.3,0.1,0.9267,0.7876,0.9006,0.9664,0.9089,4.4902,0.9721,0.1988,0.7984,0.794,0.7933,0.8703,3.4548,0.94,0.812,0.812,0.812,0.0,0.0,0.0,0.7438,0.4924,1.2362,0.1581,9.9932,0.8467,1,0,1,1,1,4,0,0,0,0,0,0,0,0,0,0,0,0,0,0,4,1054,172,121,599,257,540,290,18,31,2,4,0,12,64,66,0,12,15.8,10.1,22.8,9.2,20.6,11.0,0.7,1.2,0.1,0.2,0.0,1.3,2.4,2.6,0.0,1.3
39,Ohio,OH,39099,Mahoning County,39099803000,Census Tract 8030; Mahoning County; Ohio,0.602616032438,1671,289,899,116,777,123,624,238,154,71,290,122,123,61,273,210,326,47,349,146,379,94,98,64,54,76,552,368,0,16,14,20,0,16,129,88,0,12,37.5,12.8,22.2,8.6,37.3,14.5,10.3,5.1,16.3,11.1,19.5,3.7,20.9,6.3,22.7,5.5,12.6,8.0,3.4,4.8,33.0,21.3,0.0,1.8,1.6,2.2,0.0,2.1,16.6,10.0,0.0,0.7,0.8067,0.979,0.8578,0.6544,0.9549,4.2528,0.9349,0.636,0.4426,0.8877,0.8511,0.9119,3.7293,0.9778,0.7299,0.7299,0.7299,0.0,0.6749,0.0,0.8613,0.0,1.5362,0.2416,10.2482,0.8708,0,1,0,0,1,2,0,0,0,0,1,1,0,0,0,0,0,0,0,0,3,814,138,47,240,180,127,104,0,12,0,12,0,12,100,112,85,119,17.8,6.4,14.4,10.2,7.6,6.1,0.0,2.1,0.0,2.1,0.0,2.1,6.0,6.4,5.1,7.2
39,Ohio,OH,39099,Mahoning County,39099804000,Census Tract 8040; Mahoning County; Ohio,0.876677023568,2115,391,1003,130,653,118,1079,389,102,59,323,106,138,95,75,61,226,111,275,150,512,281,29,35,8,48,1142,424,245,101,0,12,0,16,192,85,703,44,70.9,18.3,12.8,7.5,49.5,13.5,13.3,9.5,3.6,2.8,10.7,5.3,13.0,5.7,24.5,10.7,4.4,5.3,0.4,2.4,54.0,17.4,24.5,9.6,0.0,3.4,0.0,2.5,29.4,11.4,33.2,6.5,0.9844,0.9025,0.967,0.7689,0.2945,3.9173,0.8721,0.1503,0.078,0.9235,0.4184,0.5412,2.1114,0.3286,0.8431,0.8431,0.8431,0.8838,0.0,0.0,0.9578,0.9848,2.8264,0.7695,9.6982,0.8152,1,1,1,0,0,3,0,0,1,0,0,1,0,0,0,0,0,1,1,2,6,2290,93,51,812,376,63,58,118,70,0,12,0,12,149,84,0,12,14.2,7.7,38.4,12.4,3.0,2.7,5.6,3.3,0.0,1.6,0.0,1.6,7.0,3.9,0.0,1.6
39,Ohio,OH,39099,Mahoning County,39099804100,Census Tract 8041; Mahoning County; Ohio,0.445289119988,1475,348,695,135,593,126,621,264,31,37,167,69,90,42,190,205,551,232,269,164,323,109,0,16,2,47,937,418,196,82,32,22,32,25,102,58,167,26,46.4,15.7,6.3,7.7,28.2,10.0,7.5,3.7,14.1,13.4,37.4,12.9,18.2,9.1,24.0,8.1,0.0,2.7,0.1,3.2,63.5,24.1,28.2,10.4,4.6,3.1,5.4,4.1,17.2,9.9,11.3,3.2,0.8861,0.6781,0.6841,0.4829,0.9292,3.6604,0.8149,0.9908,0.267,0.9143,0.0,0.4245,2.5966,0.6184,0.8789,0.8789,0.8789,0.9089,0.7778,0.9486,0.8702,0.9591,4.4646,0.9994,11.6005,0.9641,0,0,0,0,1,1,1,0,1,0,0,2,0,0,1,0,1,0,1,3,6,1477,133,73,715,197,15,22,0,12,0,12,0,12,207,230,0,12,22.4,11.9,48.5,14.4,1.0,1.5,0.0,2.3,0.0,2.3,0.0,2.3,14.0,13.9,0.0,2.3
39,Ohio,OH,39099,Mahoning County,39099804200,Census Tract 8042; Mahoning County; Ohio,0.513397126686,2236,317,1072,134,939,126,664,179,55,49,205,65,112,69,91,44,508,59,476,165,267,98,73,89,15,48,1088,449,217,72,0,12,0,16,96,39,84,9,30.8,6.9,5.0,4.3,21.8,6.3,7.8,4.6,4.2,2.0,22.7,4.1,21.3,5.4,12.4,4.1,7.8,9.4,0.7,2.2,48.7,18.9,20.2,6.2,0.0,3.2,0.0,1.7,10.2,4.2,3.8,0.7,0.7239,0.58,0.4657,0.5003,0.3561,2.626,0.5473,0.7819,0.4743,0.3802,0.6749,0.6367,2.948,0.8,0.8202,0.8202,0.8202,0.8495,0.0,0.0,0.726,0.8656,2.4411,0.6108,8.8353,0.7054,0,0,0,0,0,0,0,0,0,0,0,0,0,0,0,0,0,0,0,0,0,2421,159,61,926,274,21,15,99,64,0,12,0,12,42,40,0,12,16.9,6.2,41.4,10.7,0.9,0.7,4.4,3.0,0.0,1.6,0.0,1.6,1.9,1.8,0.0,1.6
39,Ohio,OH,39099,Mahoning County,39099804300,Census Tract 8043; Mahoning County; Ohio,0.416728382844,898,225,452,106,384,112,500,182,144,130,102,49,94,42,93,90,149,77,248,96,210,105,76,42,7,47,638,252,0,16,2,9,8,17,61,44,0,12,55.7,14.7,34.4,19.8,26.6,10.1,19.3,9.3,10.4,8.8,16.6,7.1,27.6,8.5,23.4,9.9,19.8,9.3,0.9,5.7,71.0,21.7,0.0,3.5,0.4,2.1,2.1,4.4,15.9,11.2,0.0,1.3,0.94,0.9965,0.6397,0.9001,0.8347,4.311,0.9457,0.4379,0.8408,0.9045,0.9533,0.6855,3.822,0.9876,0.9052,0.9052,0.9052,0.0,0.5625,0.7448,0.8517,0.0,2.159,0.4841,11.1972,0.9432,1,1,0,1,0,3,0,0,1,1,0,2,1,1,0,0,0,0,0,0,6,571,149,89,517,181,88,91,0,12,0,12,0,12,33,34,0,12,38.8,15.8,57.6,13.0,9.8,9.0,0.0,3.8,0.0,3.8,0.0,3.8,3.7,4.1,0.0,3.8
39,Ohio,OH,39099,Mahoning County,39099810100,Census Tract 8101; Mahoning County; Ohio,1.72346666352,4074,411,1771,149,1638,142,1225,300,172,96,350,135,421,149,105,78,766,133,1036,303,471,105,160,88,53,65,1550,664,0,16,8,14,23,29,97,61,0,12,30.1,6.7,8.9,4.8,21.4,8.0,15.4,5.1,2.6,1.9,18.8,4.1,25.4,5.6,11.6,2.9,9.8,5.3,1.4,1.7,38.0,15.8,0.0,0.9,0.5,0.8,1.4,1.8,5.9,3.6,0.0,0.3,0.7122,0.8117,0.4521,0.8291,0.1812,2.9863,0.6559,0.5888,0.7327,0.3234,0.7705,0.7717,3.1871,0.8825,0.7647,0.7647,0.7647,0.0,0.5717,0.6384,0.5349,0.0,1.745,0.3156,8.6831,0.687,0,0,0,0,0,0,0,0,0,0,0,0,0,0,0,0,0,0,0,0,0,2749,234,88,408,157,844,211,0,12,0,12,0,12,290,129,8,14,14.3,5.1,10.0,3.9,20.7,5.8,0.0,0.9,0.0,0.9,0.0,0.9,7.1,3.3,0.2,0.4
39,Ohio,OH,39099,Mahoning County,39099810200,Census Tract 8102; Mahoning County; Ohio,1.40311976463,2071,303,913,155,856,156,997,294,143,70,258,130,294,118,55,36,364,67,573,151,408,128,150,86,47,69,1297,355,74,41,0,12,4,13,63,36,1,2,48.1,12.3,14.9,6.8,30.1,14.2,21.3,7.5,2.7,1.7,17.6,2.8,27.7,5.0,19.7,5.1,17.5,9.5,2.4,3.5,62.6,14.5,8.1,4.3,0.0,3.8,0.5,1.5,7.4,4.3,0.0,0.1,0.8972,0.9314,0.7295,0.9264,0.1888,3.6733,0.819,0.5044,0.844,0.794,0.9317,0.8646,3.9387,0.994,0.8744,0.8744,0.8744,0.6533,0.0,0.4413,0.6203,0.0,1.7149,0.3016,10.2013,0.8654,0,1,0,1,0,2,0,0,0,1,0,1,0,0,0,0,0,0,0,0,3,1418,198,53,508,233,729,229,0,12,0,12,0,12,54,48,6,10,23.1,6.6,24.5,9.3,35.2,9.6,0.0,1.7,0.0,1.7,0.0,1.7,2.6,2.3,0.3,0.5
39,Ohio,OH,39099,Mahoning County,39099810300,Census Tract 8103; Mahoning County; Ohio,0.590368490896,1674,310,939,141,713,138,969,217,163,85,289,102,130,47,216,153,243,98,496,126,223,58,95,36,92,93,1102,359,154,89,0,12,19,24,222,95,0,12,58.1,7.4,24.7,11.3,40.5,12.0,12.5,4.3,12.9,7.8,14.5,5.8,29.6,4.8,13.3,3.8,13.3,4.3,6.2,6.1,65.8,17.6,16.4,9.2,0.0,3.7,2.7,3.3,31.1,10.4,0.0,0.7,0.9518,0.9851,0.9016,0.7372,0.9089,4.4846,0.9708,0.3155,0.9033,0.4361,0.8683,0.9677,3.4909,0.9473,0.8874,0.8874,0.8874,0.8022,0.0,0.814,0.9622,0.0,2.5784,0.6686,11.4413,0.9578,1,1,1,0,1,4,0,1,0,0,1,2,0,0,0,0,0,1,0,1,7,767,231,98,561,164,504,205,0,12,0,12,0,12,37,53,0,12,32.4,10.8,33.5,9.3,30.1,10.2,0.0,2.1,0.0,2.1,0.0,2.1,2.2,2.9,0.0,2.1
39,Ohio,OH,39099,Mahoning County,39099810600,Census Tract 8106; Mahoning County; Ohio,0.8435108617679999,2427,243,1254,129,1029,134,946,337,37,38,326,122,134,107,348,183,266,85,514,129,627,217,177,91,5,47,748,378,50,36,0,12,3,15,21,23,0,12,39.0,13.3,2.8,2.8,31.7,11.1,8.2,6.2,14.3,7.3,11.0,3.7,21.2,4.8,25.8,8.4,17.2,8.6,0.2,2.0,30.8,15.3,4.0,2.8,0.0,2.7,0.3,1.5,2.0,2.3,0.0,0.5,0.8255,0.3133,0.766,0.526,0.9318,3.3626,0.7479,0.1588,0.4654,0.9448,0.9298,0.4556,2.9544,0.8032,0.7115,0.7115,0.7115,0.5184,0.0,0.4041,0.2127,0.0,1.1352,0.1327,8.1637,0.6114,0,0,0,0,1,1,0,0,1,1,0,2,0,0,0,0,0,0,0,0,3,3258,154,69,184,163,381,239,136,74,0,12,0,12,47,44,0,12,15.0,6.9,7.6,6.7,15.7,9.5,5.6,3.0,0.0,1.4,0.0,1.4,1.9,1.8,0.0,1.4
39,Ohio,OH,39099,Mahoning County,39099810700,Census Tract 8107; Mahoning County; Ohio,1.300874935704,5345,354,2554,162,2371,173,774,291,81,60,423,148,246,156,247,183,1184,190,1004,184,737,197,245,144,0,68,511,546,47,39,0,17,27,38,155,90,66,4,14.6,5.4,2.7,2.0,17.8,6.1,6.1,3.8,4.7,3.4,22.2,3.6,18.8,3.0,13.9,3.9,10.3,6.0,0.0,1.3,9.6,10.2,1.8,1.5,0.0,1.4,1.1,1.6,6.5,3.9,1.2,0.1,0.3494,0.2968,0.3038,0.3897,0.4135,1.7532,0.2968,0.7575,0.3015,0.4754,0.7873,0.0,2.3217,0.4444,0.3424,0.3424,0.3424,0.3917,0.0,0.587,0.5695,0.6814,2.2296,0.5156,6.6469,0.3679,0,0,0,0,0,0,0,0,0,0,0,0,0,0,0,0,0,0,0,0,0,4221,328,131,97,106,226,187,0,17,0,17,0,17,188,134,0,17,13.8,5.6,1.8,2.0,4.2,3.5,0.0,0.7,0.0,0.7,0.0,0.7,3.5,2.5,0.0,0.7
39,Ohio,OH,39099,Mahoning County,39099810800,Census Tract 8108; Mahoning County; Ohio,1.510707473032,2289,263,1030,107,972,109,758,289,91,68,253,82,184,72,101,78,444,90,458,122,378,119,43,36,9,48,412,339,0,16,10,14,13,25,30,25,4,1,33.2,12.1,8.0,5.7,26.0,7.9,11.7,4.5,4.4,3.3,19.4,3.8,20.0,4.3,16.5,4.7,4.4,3.7,0.4,2.2,18.0,14.7,0.0,1.6,1.0,1.4,1.3,2.6,3.1,2.6,0.2,0.0,0.7594,0.773,0.6156,0.7093,0.3758,3.2331,0.7213,0.6287,0.3836,0.6334,0.4184,0.5412,2.6053,0.6229,0.5583,0.5583,0.5583,0.0,0.6295,0.6181,0.3143,0.4356,1.9975,0.4143,8.3942,0.6476,0,0,0,0,0,0,0,0,0,0,0,0,0,0,0,0,0,0,0,0,0,882,169,75,183,165,167,130,0,12,0,12,29,48,12,15,21,31,17.4,7.4,8.0,7.0,7.3,5.3,0.0,1.5,0.0,1.5,1.3,2.0,0.5,0.7,0.9,1.3
39,Ohio,OH,39099,Mahoning County,39099810900,Census Tract 8109; Mahoning County; Ohio,16.319580184672,1952,244,1067,138,878,141,303,135,29,28,117,43,76,70,110,46,617,139,288,75,420,118,34,49,0,48,187,339,0,16,52,27,0,16,14,20,0,12,15.5,6.6,3.1,2.9,13.3,4.4,5.1,4.6,5.7,2.4,31.6,5.6,14.8,3.2,21.6,5.1,3.9,5.5,0.0,2.5,9.6,17.3,0.0,1.5,4.9,2.6,0.0,1.8,1.6,2.2,0.0,0.6,0.3786,0.3537,0.1337,0.3098,0.5176,1.6934,0.2787,0.9715,0.123,0.8566,0.3638,0.0,2.3149,0.4413,0.3424,0.3424,0.3424,0.0,0.7819,0.0,0.1724,0.0,0.9543,0.0994,5.305,0.1702,0,0,0,0,0,0,1,0,0,0,0,1,0,0,0,0,0,0,0,0,1,979,93,33,28,39,149,104,0,12,0,12,0,12,10,12,0,12,10.6,3.6,1.4,2.0,7.6,5.1,0.0,1.8,0.0,1.8,0.0,1.8,0.5,0.6,0.0,1.8
39,Ohio,OH,39099,Mahoning County,39099811001,Census Tract 8110.01; Mahoning County; Ohio,4.2826819942,4030,423,1964,238,1904,251,601,238,26,26,296,106,62,36,89,70,1064,149,608,110,448,120,45,42,10,48,393,548,0,16,0,12,7,16,63,49,0,12,15.0,5.7,1.3,1.3,15.5,5.2,2.0,1.2,2.2,1.7,26.4,3.1,15.1,2.3,11.1,2.9,2.4,2.2,0.3,1.2,9.8,13.6,0.0,0.8,0.0,1.8,0.4,0.8,3.3,2.5,0.0,0.3,0.3643,0.1013,0.2083,0.0881,0.1396,0.9016,0.0829,0.909,0.1316,0.2882,0.201,0.4968,2.0266,0.286,0.3516,0.3516,0.3516,0.0,0.0,0.4206,0.3346,0.0,0.7552,0.067,4.035,0.0571,0,0,0,0,0,0,1,0,0,0,0,1,0,0,0,0,0,0,0,0,1,1959,174,76,66,69,273,175,0,12,0,12,0,12,43,41,11,16,9.1,4.0,1.6,1.7,6.8,3.9,0.0,0.9,0.0,0.9,0.0,0.9,1.1,1.0,0.3,0.4
39,Ohio,OH,39099,Mahoning County,39099811002,Census Tract 8110.02; Mahoning County; Ohio,11.854597042356,7583,652,2927,238,2776,223,335,239,42,50,449,175,116,133,84,90,1735,274,1991,653,643,209,130,81,0,68,376,987,18,31,0,17,42,66,0,17,0,17,4.4,3.1,1.2,1.4,16.2,6.2,2.2,2.6,1.1,1.2,22.9,4.2,26.3,6.9,8.5,2.8,4.7,2.9,0.0,1.0,5.0,13.0,0.6,1.1,0.0,1.2,1.5,2.4,0.0,1.3,0.0,0.2,0.0517,0.0898,0.2371,0.1021,0.0451,0.5258,0.0257,0.7885,0.7828,0.1371,0.4476,0.0,2.156,0.353,0.1522,0.1522,0.1522,0.2886,0.0,0.6606,0.0,0.0,0.9492,0.099,3.7832,0.0416,0,0,0,0,0,0,0,0,0,0,0,0,0,0,0,0,0,0,0,0,0,4651,154,72,71,68,204,221,0,17,0,17,0,17,101,81,0,17,5.5,2.5,0.9,0.9,2.7,3.0,0.0,0.5,0.0,0.5,0.0,0.5,1.3,1.1,0.0,0.5
39,Ohio,OH,39099,Mahoning County,39099811100,Census Tract 8111; Mahoning County; Ohio,1.360848545466,1102,174,543,74,489,73,310,112,24,19,80,29,99,40,68,44,247,65,131,51,326,92,40,27,0,48,67,247,35,28,0,12,10,16,42,27,0,12,28.3,9.2,4.3,3.4,16.4,5.4,11.3,4.0,6.2,4.2,22.4,4.9,11.9,4.3,29.6,5.9,8.2,5.4,0.0,4.5,6.1,22.4,6.4,5.1,0.0,6.2,2.0,3.3,8.6,5.1,0.0,1.1,0.683,0.5117,0.2451,0.6969,0.5659,2.7026,0.573,0.7663,0.0621,0.9784,0.6946,0.0,2.5014,0.5575,0.1972,0.1972,0.1972,0.5978,0.0,0.7346,0.6727,0.0,2.0051,0.4187,7.4063,0.4905,0,0,0,0,0,0,0,0,1,0,0,1,0,0,0,0,0,0,0,0,1,1430,94,39,11,19,34,23,0,12,0,12,0,12,22,21,0,12,19.2,7.1,1.0,1.7,3.1,2.2,0.0,3.1,0.0,3.1,0.0,3.1,2.0,1.9,0.0,3.1
39,Ohio,OH,39099,Mahoning County,39099811200,Census Tract 8112; Mahoning County; Ohio,1.601648393704,2344,285,1046,107,963,103,159,59,79,35,140,53,33,22,94,68,453,59,515,141,199,61,11,12,5,47,205,403,0,16,0,12,5,13,14,12,0,12,6.9,2.4,6.2,2.7,14.5,5.3,1.9,1.2,4.0,2.8,19.3,2.8,22.0,4.0,8.5,2.6,1.1,1.2,0.2,2.1,8.7,17.2,0.0,1.5,0.0,3.3,0.5,1.3,1.5,1.2,0.0,0.5,0.1152,0.6698,0.1721,0.0808,0.3377,1.3756,0.1911,0.6208,0.5171,0.1371,0.0829,0.4556,1.8135,0.186,0.3085,0.3085,0.3085,0.0,0.0,0.4413,0.1597,0.0,0.601,0.0489,4.0986,0.0619,0,0,0,0,0,0,0,0,0,0,0,0,0,0,0,0,0,0,0,0,0,2799,74,35,23,32,114,92,33,46,0,12,0,12,35,28,0,12,7.7,3.6,1.0,1.4,4.9,3.9,1.4,2.0,0.0,1.5,0.0,1.5,1.5,1.2,0.0,1.5
39,Ohio,OH,39099,Mahoning County,39099811301,Census Tract 8113.01; Mahoning County; Ohio,1.05063373526,4146,504,1688,122,1641,93,1623,395,154,94,376,150,280,127,102,69,558,73,1236,300,670,174,242,101,45,72,815,678,0,16,0,12,64,71,26,31,11,4,39.8,8.4,7.6,4.4,22.9,9.0,10.6,4.8,2.5,1.7,13.5,2.4,29.8,4.4,16.2,4.2,14.7,6.1,1.2,1.9,19.7,16.2,0.0,0.9,0.0,2.0,3.9,4.3,1.6,1.9,0.3,0.1,0.8343,0.7527,0.5041,0.6671,0.1692,2.9274,0.6352,0.2616,0.9081,0.6144,0.8952,0.7403,3.4196,0.933,0.5866,0.5866,0.5866,0.0,0.0,0.8933,0.1724,0.4924,1.5581,0.2492,8.4917,0.6616,0,0,0,0,0,0,0,1,0,0,0,1,0,0,0,0,0,0,0,0,1,1928,130,87,456,182,140,98,0,12,0,12,0,12,219,327,0,12,7.9,5.2,11.0,4.3,3.4,2.3,0.0,0.8,0.0,0.8,0.0,0.8,5.3,7.6,0.0,0.8
39,Ohio,OH,39099,Mahoning County,39099811302,Census Tract 8113.02; Mahoning County; Ohio,1.473513109066,3045,640,1361,222,1293,207,467,215,225,122,259,108,304,166,298,173,716,209,682,387,459,221,70,94,178,158,758,843,0,16,100,86,0,16,63,43,124,15,16.3,6.7,13.2,7.2,20.0,7.7,13.6,7.3,10.1,6.0,23.5,7.5,22.4,9.3,15.6,7.8,5.4,7.2,6.2,5.3,24.9,27.2,0.0,1.2,7.3,6.1,0.0,1.2,4.9,3.3,4.1,1.0,0.4002,0.9102,0.3937,0.7796,0.8232,3.3069,0.7394,0.8171,0.5466,0.5833,0.5108,0.9677,3.4255,0.9349,0.655,0.655,0.655,0.0,0.834,0.0,0.4625,0.877,2.1735,0.4902,9.5609,0.801,0,1,0,0,0,1,0,0,0,0,1,1,0,0,0,0,0,0,0,0,2,3401,240,195,7,17,125,141,195,129,0,12,0,12,276,280,155,235,18.6,13.4,0.2,0.6,4.1,4.7,6.4,4.3,0.0,1.1,0.0,1.1,9.1,8.6,5.1,7.6
39,Ohio,OH,39099,Mahoning County,39099811400,Census Tract 8114; Mahoning County; Ohio,0.881801755414,2950,328,1522,124,1415,137,768,246,49,35,306,122,83,55,108,69,434,95,677,138,503,131,95,62,13,48,744,446,124,61,4,8,10,16,172,90,10,3,26.2,7.9,3.2,2.2,21.6,8.4,4.0,2.7,3.8,2.4,14.7,3.2,22.9,3.4,17.5,4.5,6.7,4.3,0.5,1.7,25.2,14.9,8.1,4.0,0.3,0.5,0.7,1.1,12.2,5.9,0.3,0.1,0.6455,0.3711,0.459,0.2283,0.3113,2.0152,0.3698,0.3282,0.5808,0.6903,0.5975,0.5796,2.7764,0.7213,0.6588,0.6588,0.6588,0.6533,0.5565,0.4873,0.7825,0.4924,2.972,0.8203,8.4224,0.6514,0,0,0,0,0,0,0,0,0,0,0,0,0,0,0,0,0,0,0,0,0,3020,244,94,397,116,167,110,51,33,0,12,0,12,122,59,7,14,17.2,6.6,13.5,3.8,5.7,3.6,1.7,1.1,0.0,1.2,0.0,1.2,4.1,2.0,0.2,0.5
39,Ohio,OH,39099,Mahoning County,39099811500,Census Tract 8115; Mahoning County; Ohio,3.273112523252,5559,601,2574,259,2534,264,673,287,48,45,409,160,182,124,296,273,1041,215,1066,179,346,141,113,98,0,68,377,842,260,121,0,17,0,24,13,21,2,3,12.2,5.0,1.6,1.5,16.1,6.1,4.4,3.1,5.3,4.9,18.7,4.3,19.2,2.9,6.2,2.5,4.4,3.8,0.0,1.3,6.8,15.1,10.1,4.6,0.0,1.3,0.0,0.9,0.5,0.8,0.0,0.1,0.2764,0.1346,0.2321,0.2581,0.4808,1.382,0.1933,0.5821,0.3313,0.0476,0.4184,0.0,1.3794,0.0625,0.2264,0.2264,0.2264,0.6933,0.0,0.0,0.0524,0.0,0.7457,0.0651,3.7335,0.0406,0,0,0,0,0,0,0,0,0,0,0,0,0,0,0,0,0,0,0,0,0,2624,273,127,133,175,114,94,10,17,0,17,0,17,120,90,0,17,10.8,5.1,2.4,3.1,2.1,1.7,0.2,0.3,0.0,0.6,0.0,0.6,2.2,1.6,0.0,0.6
39,Ohio,OH,39099,Mahoning County,39099811600,Census Tract 8116; Mahoning County; Ohio,1.443440782592,3553,359,1782,207,1762,208,605,184,67,51,360,135,137,82,220,115,999,150,468,134,553,135,67,43,7,46,522,509,295,85,0,12,15,20,75,63,132,5,17.8,5.1,3.5,2.6,20.4,7.3,4.8,2.8,6.4,3.4,28.1,4.3,13.2,3.4,16.2,4.1,3.8,2.4,0.2,1.4,14.7,14.2,16.5,4.4,0.0,1.9,0.9,1.1,4.3,3.6,3.7,0.4,0.4468,0.4156,0.413,0.2888,0.5849,2.1491,0.4105,0.9379,0.0815,0.6144,0.3502,0.4556,2.4396,0.5203,0.4857,0.4857,0.4857,0.8054,0.0,0.5384,0.4184,0.8599,2.6221,0.6863,7.6965,0.5337,0,0,0,0,0,0,1,0,0,0,0,1,0,0,0,0,0,0,0,0,1,2989,201,99,133,90,176,97,30,33,0,12,0,12,181,135,2,6,11.4,5.4,3.7,2.5,5.0,2.8,0.8,0.9,0.0,1.0,0.0,1.0,5.1,3.7,0.1,0.2
39,Ohio,OH,39099,Mahoning County,39099811700,Census Tract 8117; Mahoning County; Ohio,0.758569580074,2377,312,1313,232,1105,185,598,232,37,30,330,125,88,59,58,62,370,53,631,165,229,76,181,94,10,48,484,438,107,58,0,12,0,16,115,72,0,12,25.2,9.2,3.1,2.5,29.9,10.1,5.5,3.7,2.4,2.5,15.6,2.8,26.5,4.8,9.6,3.2,16.4,8.1,0.4,2.1,20.4,18.2,8.2,4.2,0.0,2.6,0.0,1.4,10.4,6.4,0.0,0.5,0.6281,0.3537,0.7235,0.3405,0.1568,2.2026,0.4279,0.3763,0.7945,0.1933,0.921,0.5412,2.8263,0.7422,0.5964,0.5964,0.5964,0.6552,0.0,0.0,0.7311,0.0,1.3863,0.1987,7.0116,0.4257,0,0,0,0,0,0,0,0,0,1,0,1,0,0,0,0,0,0,0,0,1,2294,94,51,207,181,128,110,63,72,0,12,0,12,20,33,66,106,8.5,4.8,8.7,7.5,5.4,4.8,2.7,3.0,0.0,1.5,0.0,1.5,0.8,1.4,2.8,4.4
39,Ohio,OH,39099,Mahoning County,39099811800,Census Tract 8118; Mahoning County; Ohio,0.451216557892,1821,221,727,91,694,105,496,201,51,35,162,71,89,59,76,49,322,103,494,94,169,67,20,20,0,48,269,304,0,16,0,12,19,25,20,30,82,2,28.5,11.0,6.4,4.4,23.3,9.6,7.2,4.8,4.4,2.6,17.7,5.0,27.1,3.8,9.7,3.9,2.9,2.8,0.0,2.9,14.8,16.6,0.0,2.2,0.0,4.7,2.7,3.6,2.9,4.4,4.5,0.6,0.6855,0.6835,0.5171,0.4629,0.3758,2.7248,0.5797,0.5117,0.8205,0.2003,0.2473,0.0,1.7798,0.1717,0.488,0.488,0.488,0.0,0.0,0.814,0.2962,0.8922,2.0024,0.4171,6.995,0.4219,0,0,0,0,0,0,0,0,0,0,0,0,0,0,0,0,0,0,0,0,0,2089,38,25,142,84,35,39,0,12,0,12,0,12,58,34,34,52,5.5,3.6,7.8,4.6,1.9,2.1,0.0,1.9,0.0,1.9,0.0,1.9,3.2,1.9,1.9,2.7
39,Ohio,OH,39099,Mahoning County,39099811901,Census Tract 8119.01; Mahoning County; Ohio,1.937711574504,4121,337,1861,126,1787,124,646,278,118,95,363,107,52,37,97,50,897,122,826,171,487,146,30,30,0,48,577,455,0,16,0,12,9,18,55,37,7,3,15.7,6.6,5.0,3.8,20.3,5.8,1.7,1.2,2.4,1.2,21.8,2.8,20.0,3.2,11.8,3.4,1.7,1.7,0.0,1.2,14.0,11.0,0.0,0.9,0.0,1.9,0.5,1.0,3.1,2.1,0.2,0.1,0.3821,0.58,0.4086,0.0694,0.1568,1.5969,0.2521,0.7445,0.3836,0.3351,0.1337,0.0,1.5969,0.1127,0.4699,0.4699,0.4699,0.0,0.0,0.4413,0.3143,0.4356,1.1912,0.1448,4.8549,0.1273,0,0,0,0,0,0,0,0,0,0,0,0,0,0,0,0,0,0,0,0,0,6673,158,73,170,108,210,144,46,60,0,12,0,12,151,167,0,12,8.8,4.0,4.1,2.5,5.1,3.4,1.1,1.4,0.0,0.8,0.0,0.8,3.7,3.9,0.0,0.8
39,Ohio,OH,39099,Mahoning County,39099811902,Census Tract 8119.02; Mahoning County; Ohio,4.256746364554,3341,442,1489,151,1425,156,196,78,39,34,270,109,205,118,54,47,954,191,553,178,451,135,6,15,15,48,257,617,14,20,0,12,0,16,106,69,123,6,6.1,2.3,2.2,1.9,18.9,7.4,7.8,4.4,1.7,1.5,28.6,6.0,16.6,4.0,14.0,4.4,0.4,1.1,0.5,1.6,7.7,18.4,0.9,1.3,0.0,2.3,0.0,1.1,7.4,4.8,3.7,0.5,0.0882,0.2238,0.3483,0.5003,0.092,1.2526,0.1578,0.9448,0.1874,0.4811,0.0435,0.5796,2.2364,0.3959,0.2666,0.2666,0.2666,0.3181,0.0,0.0,0.6203,0.8599,1.7983,0.3359,5.5539,0.1968,0,0,0,0,0,0,1,0,0,0,0,1,0,0,0,0,0,0,0,0,1,8923,215,78,42,41,116,106,51,60,0,12,0,12,48,44,0,12,15.1,5.2,1.3,1.2,3.5,3.1,1.5,1.8,0.0,1.0,0.0,1.0,1.4,1.3,0.0,1.0
39,Ohio,OH,39099,Mahoning County,39099812001,Census Tract 8120.01; Mahoning County; Ohio,3.09857086703,5200,475,2510,226,2402,205,765,273,241,126,392,163,269,143,145,95,1191,159,872,156,597,167,78,73,44,91,1135,719,231,139,0,17,34,55,257,119,26,3,14.7,5.1,7.8,4.2,16.3,6.6,7.4,3.7,2.8,1.7,22.9,3.6,16.8,2.9,11.5,3.4,3.2,3.0,0.9,1.9,21.8,13.7,9.2,5.5,0.0,1.4,1.4,2.3,10.7,4.8,0.5,0.0,0.3548,0.7616,0.2422,0.4775,0.1996,2.0357,0.3778,0.7885,0.1972,0.3158,0.2841,0.6855,2.2711,0.419,0.6141,0.6141,0.6141,0.6778,0.0,0.6384,0.7438,0.5742,2.6342,0.6946,7.5551,0.5089,0,0,0,0,0,0,0,0,0,0,0,0,0,0,0,0,0,0,0,0,0,15944,197,113,412,236,384,165,138,196,27,37,0,17,174,137,0,17,8.2,4.7,7.9,4.5,7.4,3.3,2.7,3.7,0.5,0.7,0.0,0.7,3.3,2.6,0.0,0.7
39,Ohio,OH,39099,Mahoning County,39099812002,Census Tract 8120.02; Mahoning County; Ohio,4.498679808264,3954,486,1930,228,1797,204,627,385,215,171,375,174,92,75,106,84,792,137,700,123,545,186,99,55,0,48,313,683,285,118,0,12,0,16,171,108,0,12,15.9,9.5,8.8,6.1,20.9,9.4,3.2,2.5,2.7,2.1,20.0,3.8,17.7,2.0,13.8,3.7,5.5,3.0,0.0,1.2,7.9,17.2,14.8,5.9,0.0,1.8,0.0,0.9,9.5,5.6,0.0,0.3,0.3884,0.8073,0.4314,0.1671,0.1888,1.983,0.361,0.663,0.2419,0.4675,0.5171,0.0,1.8895,0.2171,0.2771,0.2771,0.2771,0.7775,0.0,0.0,0.7013,0.0,1.4788,0.2241,5.6284,0.2035,0,0,0,0,0,0,0,0,0,0,0,0,0,0,0,0,0,0,0,0,0,4221,158,60,49,53,141,102,0,12,0,12,0,12,123,84,0,12,8.8,3.3,1.2,1.4,3.6,2.7,0.0,0.9,0.0,0.9,0.0,0.9,3.1,2.0,0.0,0.9
39,Ohio,OH,39099,Mahoning County,39099812101,Census Tract 8121.01; Mahoning County; Ohio,7.229801262914,6215,576,2422,310,2161,283,901,635,118,88,276,137,132,100,118,104,1307,573,1688,369,692,483,119,117,0,68,991,889,86,58,0,17,15,32,36,42,30,4,14.6,10.2,3.9,2.9,12.8,6.1,3.2,2.5,1.9,1.7,21.0,8.9,27.2,5.2,11.1,7.4,5.5,5.4,0.0,1.1,15.9,14.2,3.5,2.4,0.0,1.4,0.7,1.5,1.7,1.9,0.5,0.0,0.3494,0.4644,0.1197,0.1671,0.1104,1.211,0.1489,0.7121,0.824,0.2882,0.5171,0.0,2.3414,0.4581,0.5146,0.5146,0.5146,0.4943,0.0,0.4873,0.1848,0.5742,1.7406,0.3121,5.8076,0.2321,0,0,0,0,0,0,0,0,0,0,0,0,0,0,0,0,0,0,0,0,0,4448,141,95,124,115,7,18,581,436,56,62,0,17,223,186,0,17,6.5,4.2,2.0,1.9,0.1,0.3,9.3,7.0,0.9,1.0,0.0,0.6,3.6,3.0,0.0,0.6
39,Ohio,OH,39099,Mahoning County,39099812102,Census Tract 8121.02; Mahoning County; Ohio,14.397630838216,4174,738,1680,247,1629,251,64,39,235,185,249,158,87,58,191,177,946,254,890,310,597,235,0,16,21,56,95,1042,0,16,0,12,0,16,87,130,7,2,1.5,0.9,11.5,7.9,15.3,9.4,2.9,2.0,4.6,3.8,22.7,5.5,21.3,5.3,14.3,5.3,0.0,1.0,0.5,1.4,2.3,25.0,0.0,1.0,0.0,2.1,0.0,1.0,5.3,7.6,0.2,0.0,0.0073,0.8746,0.2003,0.1433,0.3996,1.6251,0.261,0.7819,0.4743,0.5033,0.0,0.5796,2.3391,0.4571,0.0438,0.0438,0.0438,0.0,0.0,0.0,0.4917,0.4356,0.9273,0.0971,4.9353,0.1343,0,0,0,0,0,0,0,0,0,0,0,0,0,0,0,0,0,0,0,0,0,3482,153,79,0,12,20,37,10,17,0,12,0,12,65,74,0,12,9.4,4.8,0.0,0.8,0.5,0.9,0.2,0.4,0.0,0.8,0.0,0.8,1.6,1.8,0.0,0.8
39,Ohio,OH,39099,Mahoning County,39099812200,Census Tract 8122; Mahoning County; Ohio,4.107859255722,6434,464,2901,251,2622,245,470,282,146,83,199,94,245,173,104,97,1691,279,1066,196,692,289,78,58,1,65,856,719,168,97,137,136,0,24,45,51,7,4,7.3,4.4,4.4,2.4,7.6,3.5,4.9,3.4,1.6,1.5,26.3,3.8,16.6,2.8,10.8,4.4,3.0,2.2,0.0,1.1,13.3,11.1,5.8,3.3,4.7,4.7,0.0,0.9,1.7,1.9,0.1,0.1,0.1276,0.5244,0.0175,0.2955,0.0825,1.0475,0.1105,0.9055,0.1874,0.2691,0.2619,0.0,1.6239,0.1184,0.4547,0.4547,0.4547,0.5806,0.779,0.0,0.1848,0.3694,1.9138,0.3813,5.0399,0.1457,0,0,0,0,0,0,1,0,0,0,0,1,0,0,0,0,0,0,0,0,1,9050,292,132,132,193,254,165,112,81,11,17,0,17,347,404,0,17,11.1,4.9,2.1,3.0,3.9,2.5,1.7,1.3,0.2,0.3,0.0,0.5,5.4,6.2,0.0,0.5
39,Ohio,OH,39099,Mahoning County,39099812301,Census Tract 8123.01; Mahoning County; Ohio,1.117314708966,4516,526,2051,262,1910,263,1051,380,87,71,356,133,173,90,295,210,707,120,1147,277,570,163,191,124,8,48,972,783,54,72,0,12,0,16,100,62,61,2,23.8,8.1,3.5,2.9,18.6,6.5,5.5,3.0,6.6,4.9,15.7,3.0,25.4,4.2,12.8,3.6,10.0,6.3,0.2,1.1,21.5,17.2,2.6,3.5,0.0,1.7,0.0,0.8,5.2,3.2,1.4,0.2,0.5966,0.4156,0.3359,0.3405,0.6001,2.2887,0.4502,0.3814,0.7327,0.4002,0.7781,0.4556,2.748,0.7063,0.611,0.611,0.611,0.446,0.0,0.0,0.4844,0.7029,1.6333,0.2698,7.281,0.4679,0,0,0,0,0,0,0,0,0,0,0,0,0,0,0,0,0,0,0,0,0,2150,145,67,614,339,149,136,9,24,0,12,0,12,151,190,49,73,7.6,3.5,13.6,7.5,3.3,3.0,0.2,0.5,0.0,0.8,0.0,0.8,3.3,4.1,1.1,1.6
39,Ohio,OH,39099,Mahoning County,39099812302,Census Tract 8123.02; Mahoning County; Ohio,2.019807284458,5718,737,2789,207,2508,247,1177,388,15,30,374,161,143,87,86,84,1207,303,931,258,930,400,11,26,0,68,807,901,274,124,0,17,0,24,79,62,5,3,20.6,6.2,0.5,1.0,14.9,6.2,3.3,2.1,1.5,1.4,21.1,5.4,16.3,3.5,16.3,6.4,0.4,1.0,0.0,1.3,14.1,15.7,9.8,4.4,0.0,1.2,0.0,1.0,3.1,2.4,0.1,0.1,0.5198,0.033,0.1857,0.176,0.072,0.9865,0.0962,0.7191,0.1734,0.6223,0.0435,0.0,1.5583,0.1038,0.4727,0.4727,0.4727,0.686,0.0,0.0,0.3143,0.3694,1.3697,0.1933,4.3872,0.0873,0,0,0,0,0,0,0,0,0,0,0,0,0,0,0,0,0,0,0,0,0,3063,410,143,341,130,403,372,16,27,0,17,0,17,47,57,0,17,16.3,5.5,6.0,2.3,7.0,5.9,0.3,0.5,0.0,0.6,0.0,0.6,0.8,1.0,0.0,0.6
39,Ohio,OH,39099,Mahoning County,39099812400,Census Tract 8124; Mahoning County; Ohio,2.154386611476,3037,507,1456,142,1369,152,1535,432,218,134,460,176,331,173,241,140,392,43,706,241,863,204,232,100,0,48,893,659,230,83,0,12,0,16,208,92,0,12,51.1,11.5,14.9,7.7,33.6,12.3,15.8,7.4,7.9,4.3,12.9,2.4,23.2,6.0,28.4,5.3,17.0,7.1,0.0,1.6,29.4,21.1,15.8,5.5,0.0,2.4,0.0,1.2,15.2,6.5,0.0,0.4,0.9137,0.9314,0.8025,0.8361,0.709,4.1927,0.9254,0.2302,0.6005,0.9705,0.9279,0.0,2.7291,0.699,0.7013,0.7013,0.7013,0.793,0.0,0.0,0.8394,0.0,1.6324,0.2695,9.2555,0.7587,1,1,0,0,0,2,0,0,1,1,0,2,0,0,0,0,0,0,0,0,4,3462,173,66,375,213,224,185,0,12,0,12,0,12,294,219,0,12,12.6,4.7,12.3,6.6,7.4,5.7,0.0,1.1,0.0,1.1,0.0,1.1,9.7,6.7,0.0,1.1
39,Ohio,OH,39099,Mahoning County,39099812500,Census Tract 8125; Mahoning County; Ohio,8.935227696586,4869,661,2480,314,2232,321,795,374,311,243,539,239,178,100,56,57,1249,161,738,223,610,211,170,165,8,47,544,969,193,128,0,12,11,22,107,82,329,15,17.0,7.6,11.5,7.6,24.1,10.1,4.7,2.7,1.2,1.2,25.7,4.5,15.2,4.0,13.0,4.5,7.6,7.3,0.2,1.0,11.2,19.8,7.8,5.1,0.0,1.4,0.5,1.0,4.8,3.7,6.8,1.0,0.4237,0.8746,0.5448,0.2815,0.0511,2.1757,0.4181,0.8884,0.1344,0.4129,0.661,0.4556,2.5523,0.5914,0.3944,0.3944,0.3944,0.6444,0.0,0.4413,0.4568,0.935,2.4775,0.6279,7.5999,0.5171,0,0,0,0,0,0,0,0,0,0,0,0,0,0,0,0,0,0,1,1,1,9825,251,124,128,135,330,256,4,9,0,12,0,12,82,120,0,12,11.2,5.6,2.6,2.8,6.8,5.4,0.1,0.2,0.0,0.7,0.0,0.7,1.7,2.5,0.0,0.7
39,Ohio,OH,39099,Mahoning County,39099812601,Census Tract 8126.01; Mahoning County; Ohio,1.199994591246,4355,524,2896,303,2676,299,1313,392,67,62,729,244,293,199,391,168,1024,288,527,210,539,187,139,100,3,83,1277,698,1303,282,0,12,13,53,93,62,13,2,30.1,8.2,2.5,2.4,27.2,8.6,9.2,5.8,9.0,3.7,23.5,6.1,12.1,4.2,12.4,3.9,5.2,3.7,0.1,2.0,29.3,15.6,45.0,8.5,0.0,1.2,0.4,2.0,3.5,2.4,0.3,0.0,0.7122,0.2657,0.6575,0.5875,0.7721,2.995,0.6584,0.8171,0.0634,0.3802,0.4921,0.4245,2.1773,0.3663,0.6991,0.6991,0.6991,0.9625,0.0,0.4206,0.3537,0.4924,2.2292,0.5149,8.1006,0.5997,0,0,0,0,0,0,0,0,0,0,0,0,0,0,1,0,0,0,0,1,1,8426,267,130,657,311,453,258,13,22,6,11,0,12,148,125,0,12,10.0,5.1,15.1,6.6,10.4,5.7,0.3,0.5,0.1,0.3,0.0,0.8,3.4,2.8,0.0,0.8
39,Ohio,OH,39099,Mahoning County,39099812602,Census Tract 8126.02; Mahoning County; Ohio,1.543324211686,5239,716,2533,364,2491,361,867,291,37,39,802,355,82,49,99,79,1858,644,576,126,774,275,77,68,0,68,746,1040,315,150,0,17,18,34,32,37,146,4,16.9,5.2,1.5,1.5,32.2,13.5,2.0,1.3,1.9,1.6,35.5,8.7,11.0,2.5,15.1,5.4,3.1,2.7,0.0,1.3,14.2,19.8,12.4,5.6,0.0,1.4,0.7,1.4,1.3,1.5,2.8,0.4,0.4199,0.1251,0.7752,0.0881,0.1104,1.5187,0.2302,0.9876,0.051,0.5528,0.2733,0.0,1.8647,0.2063,0.4769,0.4769,0.4769,0.7375,0.0,0.4873,0.1349,0.8161,2.1758,0.4914,6.0361,0.2651,0,0,0,0,0,0,1,0,0,0,0,1,0,0,0,0,0,0,0,0,1,2644,120,67,244,148,204,142,108,113,0,17,0,17,190,116,0,17,4.8,2.8,4.7,2.8,3.9,2.8,2.1,2.2,0.0,0.7,0.0,0.7,3.6,2.3,0.0,0.7
39,Ohio,OH,39099,Mahoning County,39099812604,Census Tract 8126.04; Mahoning County; Ohio,2.229510477616,5669,957,2373,246,2265,237,872,373,171,132,559,197,241,151,60,51,1412,167,783,303,571,141,40,53,32,69,298,1366,14,27,0,17,30,44,95,63,147,5,15.7,6.2,5.3,4.4,24.7,8.3,5.7,3.7,1.1,0.9,24.9,5.6,13.8,3.8,10.3,3.1,1.8,2.3,0.6,1.2,5.3,24.1,0.6,1.1,0.0,1.5,1.3,1.9,4.2,2.8,2.6,0.4,0.3821,0.6057,0.567,0.357,0.0451,1.9569,0.3517,0.8618,0.0964,0.2329,0.1419,0.6088,1.9418,0.2419,0.1642,0.1642,0.1642,0.2886,0.0,0.6181,0.4114,0.8012,2.1193,0.4702,6.1822,0.2879,0,0,0,0,0,0,0,0,0,0,0,0,0,0,0,0,0,0,0,0,0,4508,140,59,137,112,41,49,51,68,5,12,0,17,64,72,0,17,6.2,2.7,2.4,2.0,0.7,0.9,0.9,1.2,0.1,0.2,0.0,0.6,1.1,1.3,0.0,0.6
39,Ohio,OH,39099,Mahoning County,39099812605,Census Tract 8126.05; Mahoning County; Ohio,5.217768142226,2505,363,1125,99,1069,127,226,112,83,62,79,52,94,60,72,55,590,135,369,122,257,97,0,16,10,49,332,530,0,16,0,12,16,28,52,45,0,12,9.0,4.3,5.6,3.9,7.4,4.8,4.8,3.2,2.9,2.3,23.6,5.9,14.7,3.3,10.3,4.2,0.0,1.5,0.4,2.1,13.3,21.1,0.0,1.4,0.0,3.1,1.5,2.6,4.9,4.3,0.0,0.5,0.1796,0.6276,0.0168,0.2888,0.2142,1.327,0.1784,0.8209,0.1195,0.2329,0.0,0.5412,1.7145,0.1495,0.4547,0.4547,0.4547,0.0,0.0,0.6606,0.4625,0.0,1.1231,0.1292,4.6193,0.1048,0,0,0,0,0,0,0,0,0,0,0,0,0,0,0,0,0,0,0,0,0,1465,109,59,18,27,216,156,0,12,0,12,0,12,62,91,36,51,10.2,5.7,0.7,1.0,8.6,6.2,0.0,1.4,0.0,1.4,0.0,1.4,2.5,3.5,1.4,2.1
39,Ohio,OH,39099,Mahoning County,39099812700,Census Tract 8127; Mahoning County; Ohio,24.082283289006,2115,303,985,128,838,113,657,299,106,60,262,100,141,102,44,35,491,102,463,144,465,133,52,35,0,48,289,408,99,104,126,65,22,34,32,30,26,4,31.5,13.6,12.1,6.8,31.3,11.2,9.4,6.6,2.1,1.7,23.2,4.8,21.9,4.7,22.1,5.3,6.2,4.1,0.0,2.3,13.7,19.2,10.1,10.5,12.8,6.2,2.6,4.0,3.8,3.6,1.2,0.1,0.7344,0.8854,0.7552,0.5999,0.1301,3.105,0.6892,0.8031,0.5098,0.8737,0.5657,0.0,2.7523,0.7076,0.4642,0.4642,0.4642,0.6933,0.9105,0.8029,0.38,0.6814,3.4681,0.9327,9.7896,0.8257,0,0,0,0,0,0,0,0,0,0,0,0,0,0,0,1,0,0,0,1,1,4834,239,95,25,18,146,140,0,12,5,8,0,12,113,124,0,12,28.5,9.5,1.2,0.9,6.9,6.4,0.0,1.6,0.2,0.4,0.0,1.6,5.3,5.7,0.0,1.6
39,Ohio,OH,39099,Mahoning County,39099812800,Census Tract 8128; Mahoning County; Ohio,22.194410532866,3562,19,2035,128,1495,125,803,288,40,29,229,77,239,95,83,46,850,151,797,194,486,112,38,31,0,48,192,150,0,16,101,112,54,53,93,47,0,12,22.5,8.1,2.4,1.7,15.3,5.0,9.3,3.6,2.3,1.3,23.9,4.2,22.4,5.5,13.6,3.1,2.6,2.1,0.0,1.5,5.4,4.2,0.0,0.8,5.0,5.5,3.6,3.5,6.2,3.1,0.0,0.3,0.5693,0.2514,0.2003,0.5951,0.1492,1.7653,0.3006,0.831,0.5466,0.4532,0.2187,0.0,2.0495,0.2962,0.1687,0.1687,0.1687,0.0,0.7838,0.8822,0.5546,0.0,2.2206,0.5114,6.2041,0.2911,0,0,0,0,0,0,0,0,0,0,0,0,0,0,0,0,0,0,0,0,0,2689,197,77,0,12,60,73,2,4,0,12,0,12,126,128,4,6,13.2,4.9,0.0,1.0,1.7,2.1,0.1,0.1,0.0,1.0,0.0,1.0,3.5,3.6,0.1,0.2
39,Ohio,OH,39099,Mahoning County,39099812900,Census Tract 8129; Mahoning County; Ohio,49.510915062868,3935,351,1706,148,1539,133,529,211,69,47,255,82,257,96,113,75,903,123,824,168,565,150,29,27,0,48,73,499,0,16,107,64,6,15,43,31,16,3,13.6,5.3,3.9,2.7,16.6,5.1,8.7,3.2,2.9,1.8,22.9,3.1,20.9,3.3,14.4,3.5,1.8,1.7,0.0,1.3,1.9,12.7,0.0,0.9,6.3,3.9,0.4,1.0,2.8,1.9,0.4,0.1,0.3224,0.4644,0.2546,0.5574,0.2142,1.813,0.3111,0.7885,0.4426,0.5119,0.1419,0.0,1.8849,0.2149,0.0317,0.0317,0.0317,0.0,0.8127,0.4206,0.2848,0.5374,2.0555,0.44,5.7851,0.2292,0,0,0,0,0,0,0,0,0,0,0,0,0,0,0,0,0,0,0,0,0,2568,168,64,1,3,29,30,0,12,0,12,0,12,37,36,6,10,10.9,4.1,0.0,0.1,0.7,0.8,0.0,0.9,0.0,0.9,0.0,0.9,0.9,0.9,0.2,0.3
39,Ohio,OH,39099,Mahoning County,39099813000,Census Tract 8130; Mahoning County; Ohio,31.751606080232,4104,46,1948,136,1723,115,679,252,70,44,220,95,313,97,386,182,904,155,737,155,679,145,94,50,34,66,154,128,11,19,220,68,0,16,20,16,0,12,16.6,6.2,3.1,2.0,12.8,5.4,10.3,3.4,9.4,4.4,22.0,3.7,18.0,3.8,16.5,3.5,5.5,2.9,0.9,1.7,3.8,3.1,0.6,1.0,11.3,3.5,0.0,0.9,1.2,0.9,0.0,0.3,0.4116,0.3537,0.1197,0.6544,0.7928,2.3322,0.4625,0.7505,0.2565,0.6334,0.5171,0.6855,2.843,0.7505,0.0967,0.0967,0.0967,0.2886,0.8921,0.0,0.1276,0.0,1.3083,0.1771,6.5802,0.359,0,0,0,0,0,0,0,0,0,0,0,0,0,0,0,0,0,0,0,0,0,4119,239,100,19,24,64,76,0,12,0,12,0,12,68,63,3,8,13.9,5.5,0.5,0.6,1.6,1.8,0.0,0.8,0.0,0.8,0.0,0.8,1.7,1.5,0.1,0.2
39,Ohio,OH,39099,Mahoning County,39099813200,Census Tract 8132; Mahoning County; Ohio,2.441829897926,4187,51,2429,167,2040,184,975,327,190,95,607,200,436,105,315,133,1457,227,619,175,970,212,70,51,5,46,251,131,568,157,62,66,10,20,316,149,177,12,24.6,8.2,11.4,5.4,29.8,9.4,13.1,3.2,7.8,3.3,34.8,5.3,14.8,4.2,24.2,5.2,3.4,2.5,0.1,1.1,6.0,3.1,23.4,6.3,2.6,2.7,0.5,1.0,15.5,6.5,4.2,0.3,0.6157,0.8721,0.7206,0.7609,0.701,3.6703,0.8178,0.9867,0.123,0.9191,0.3089,0.4245,2.7622,0.7149,0.1928,0.1928,0.1928,0.8762,0.7197,0.4413,0.8463,0.8824,3.7659,0.973,10.3912,0.8819,0,0,0,0,0,0,1,0,1,0,0,2,0,0,0,0,0,0,0,0,2,4028,532,171,8,26,50,64,22,37,0,12,0,12,171,95,0,12,26.1,7.4,0.2,0.6,1.2,1.5,0.5,0.9,0.0,0.8,0.0,0.8,4.1,2.3,0.0,0.8
39,Ohio,OH,39099,Mahoning County,39099813300,Census Tract 8133; Mahoning County; Ohio,32.51551043164,3097,18,1332,139,1249,147,523,227,211,185,278,149,184,86,466,248,651,99,652,121,318,120,27,37,13,51,70,62,10,18,280,99,69,63,40,41,0,12,16.9,7.3,13.0,10.4,22.3,11.6,8.1,3.7,15.0,8.0,21.0,3.2,21.1,3.9,10.3,3.9,2.2,3.0,0.4,1.7,2.3,2.0,0.8,1.3,21.0,7.7,5.5,5.0,3.2,3.2,0.0,0.4,0.4199,0.9076,0.4813,0.5206,0.9403,3.2697,0.7286,0.7121,0.4569,0.2329,0.1762,0.5412,2.1193,0.3356,0.0438,0.0438,0.0438,0.3111,0.9638,0.9502,0.3248,0.0,2.5499,0.6568,7.9827,0.5829,0,1,0,0,1,2,0,0,0,0,0,0,0,0,0,1,1,0,0,2,4,1750,132,63,0,12,38,48,19,30,0,12,0,12,13,17,0,12,10.6,5.0,0.0,1.1,1.2,1.5,0.6,1.0,0.0,1.1,0.0,1.1,0.4,0.5,0.0,1.1
39,Ohio,OH,39099,Mahoning County,39099813400,Census Tract 8134; Mahoning County; Ohio,30.99310638462,3408,17,1341,116,1222,107,356,142,57,36,168,64,180,96,153,109,797,213,731,109,285,95,64,31,0,48,180,110,5,15,8,10,10,20,12,12,5,9,10.4,4.2,3.2,2.1,13.7,5.1,7.7,3.9,4.5,3.2,23.4,6.3,21.4,3.2,8.4,2.8,5.2,2.5,0.0,1.5,5.3,3.2,0.4,1.1,0.6,0.7,0.8,1.6,1.0,1.0,0.1,0.3,0.2199,0.3711,0.1457,0.4933,0.3875,1.6175,0.259,0.8107,0.4803,0.1311,0.4921,0.0,1.9142,0.2289,0.1642,0.1642,0.1642,0.2743,0.5876,0.5117,0.1067,0.3694,1.8497,0.3559,5.5456,0.1949,0,0,0,0,0,0,0,0,0,0,0,0,0,0,0,0,0,0,0,0,0,2399,172,63,48,60,1,2,0,12,0,12,0,12,124,93,7,11,14.1,4.8,1.4,1.8,0.0,0.1,0.0,1.0,0.0,1.0,0.0,1.0,3.6,2.7,0.2,0.3
39,Ohio,OH,39099,Mahoning County,39099813501,Census Tract 8135.01; Mahoning County; Ohio,10.868053536382,3421,213,1523,139,1448,124,251,125,24,30,389,152,208,120,20,25,1375,165,562,127,460,173,72,58,0,48,104,306,257,80,22,32,12,23,212,98,360,7,8.2,4.0,1.8,2.2,26.9,10.2,7.7,4.4,0.7,0.8,40.2,4.7,16.4,3.5,15.0,5.6,5.0,4.0,0.0,1.5,3.0,8.9,16.9,5.0,1.4,2.1,0.8,1.6,14.6,6.4,10.5,0.7,0.1514,0.1654,0.6492,0.4933,0.0235,1.4828,0.221,0.9949,0.1763,0.5462,0.4762,0.0,2.1936,0.3756,0.0656,0.0656,0.0656,0.8111,0.6597,0.5117,0.8292,0.9556,3.7673,0.9737,7.5093,0.5013,0,0,0,0,0,0,1,0,0,0,0,1,0,0,0,0,0,0,1,1,2,4245,201,109,21,26,69,64,0,12,0,12,0,12,14,14,0,12,13.9,7.2,0.6,0.8,2.0,1.9,0.0,1.0,0.0,1.0,0.0,1.0,0.4,0.4,0.0,1.0
39,Ohio,OH,39099,Mahoning County,39099813502,Census Tract 8135.02; Mahoning County; Ohio,23.448270600234,4216,456,1783,285,1763,287,564,294,181,120,168,95,228,111,255,198,1063,146,686,109,739,254,44,42,3,47,173,662,14,26,0,12,0,16,17,32,117,4,13.8,7.0,7.4,5.1,9.5,5.2,6.8,3.6,6.2,4.9,25.2,4.3,16.3,3.4,18.0,6.6,2.5,2.3,0.1,1.1,4.1,15.7,0.8,1.5,0.0,1.9,0.0,0.9,1.0,1.9,2.8,0.3,0.3281,0.7438,0.04,0.4344,0.5659,2.1122,0.401,0.8744,0.1734,0.7122,0.2114,0.4245,2.3959,0.494,0.1097,0.1097,0.1097,0.3111,0.0,0.0,0.1067,0.8161,1.2339,0.1568,5.8517,0.2384,0,0,0,0,0,0,0,0,0,0,0,0,0,0,0,0,0,0,0,0,0,4238,183,118,21,32,6,8,0,12,0,12,0,12,65,98,81,133,10.4,7.0,0.5,0.8,0.1,0.2,0.0,0.8,0.0,0.8,0.0,0.8,1.5,2.3,1.9,3.2
39,Ohio,OH,39099,Mahoning County,39099813601,Census Tract 8136.01; Mahoning County; Ohio,15.950694858954,5826,358,2632,182,2520,174,690,176,69,42,677,187,131,93,59,40,1571,274,815,276,1049,258,53,29,0,68,221,501,173,141,90,89,3,17,67,46,168,2,12.2,3.0,2.6,1.6,26.9,7.2,2.9,2.0,1.0,0.7,27.0,5.1,14.0,4.5,18.5,4.6,2.1,1.1,0.0,1.2,3.8,8.6,6.6,5.3,3.4,3.4,0.1,0.7,2.7,1.8,2.9,0.2,0.2764,0.2822,0.6492,0.1433,0.0394,1.3905,0.1962,0.9185,0.1024,0.7369,0.1673,0.0,1.9251,0.2343,0.0967,0.0967,0.0967,0.6063,0.7448,0.3819,0.2752,0.8224,2.8306,0.7705,6.2429,0.2984,0,0,0,0,0,0,1,0,0,0,0,1,0,0,0,0,0,0,0,0,1,4097,364,137,75,76,68,61,10,17,2,4,0,17,57,61,9,14,14.4,5.4,1.3,1.3,1.2,1.0,0.2,0.3,0.0,0.1,0.0,0.6,1.0,1.0,0.2,0.2
39,Ohio,OH,39099,Mahoning County,39099813602,Census Tract 8136.02; Mahoning County; Ohio,18.252162394106,2371,297,1012,143,993,148,592,297,37,57,258,122,56,50,82,103,479,116,555,163,437,209,57,55,0,48,13,422,0,16,255,131,0,16,47,44,0,12,25.0,12.1,3.5,5.3,26.0,11.7,3.3,2.8,3.5,4.4,20.2,4.3,23.4,6.0,18.4,8.0,5.7,5.5,0.0,2.2,0.5,17.8,0.0,1.6,25.2,11.2,0.0,1.6,4.7,4.4,0.0,0.5,0.6246,0.4156,0.6156,0.176,0.2856,2.1174,0.4025,0.6734,0.6138,0.7318,0.5317,0.0,2.5507,0.5898,0.0022,0.0022,0.0022,0.0,0.9762,0.0,0.4479,0.0,1.4241,0.2067,6.0944,0.2727,0,0,0,0,0,0,0,0,0,0,0,0,0,0,0,1,0,0,0,1,1,1690,174,100,13,24,0,12,0,12,0,12,0,12,0,12,0,12,17.5,9.3,0.5,1.0,0.0,1.5,0.0,1.5,0.0,1.5,0.0,1.5,0.0,1.5,0.0,1.5
39,Ohio,OH,39099,Mahoning County,39099813700,Census Tract 8137; Mahoning County; Ohio,1.867174214022,2600,425,1541,284,1351,288,1126,472,292,210,636,291,533,159,101,75,474,116,234,107,833,301,80,66,371,232,2013,442,545,196,23,29,0,16,530,187,411,20,50.9,18.9,33.0,20.1,47.1,19.1,25.1,6.6,4.6,3.7,18.2,5.6,9.0,4.0,37.6,11.6,5.9,4.7,14.3,8.6,77.4,11.4,35.4,10.9,1.5,1.9,0.0,1.2,39.2,11.3,15.8,2.7,0.9121,0.9962,0.9556,0.9543,0.3996,4.2178,0.9317,0.5466,0.0371,0.9965,0.5463,0.9975,3.124,0.861,0.9261,0.9261,0.9261,0.9403,0.6667,0.0,0.9825,0.9696,3.5591,0.9483,11.827,0.9756,1,1,1,1,0,4,0,0,1,0,1,2,1,1,1,0,0,1,1,3,10,9139,440,190,1065,302,756,326,0,12,0,12,0,12,192,127,0,12,32.6,13.1,41.0,9.1,29.1,10.7,0.0,1.3,0.0,1.3,0.0,1.3,7.4,5.2,0.0,1.3
39,Ohio,OH,39099,Mahoning County,39099813800,Census Tract 8138; Mahoning County; Ohio,4.073384980346,2819,497,1330,251,1207,273,1359,491,280,218,563,223,335,194,296,219,499,126,592,231,598,190,268,178,176,133,2161,534,234,129,14,22,0,16,247,174,507,30,58.7,17.1,28.3,18.2,46.6,15.2,18.9,10.0,12.8,9.2,17.7,5.3,21.0,5.7,25.8,8.0,22.2,13.9,6.7,5.0,76.7,13.3,17.6,9.1,1.1,1.7,0.0,1.3,20.5,12.1,18.0,3.3,0.9549,0.9908,0.9502,0.8944,0.9073,4.6976,0.9949,0.5117,0.4499,0.9448,0.9651,0.9721,3.8436,0.9892,0.9236,0.9236,0.9236,0.8159,0.6378,0.0,0.907,0.9718,3.3325,0.9067,12.7973,0.9984,1,1,1,0,1,4,0,0,1,1,1,3,1,1,0,0,0,1,1,2,10,2190,197,100,1298,288,633,317,0,12,22,25,0,12,208,204,0,12,16.3,8.5,46.0,9.4,22.5,9.6,0.0,1.2,0.8,0.9,0.0,1.2,7.4,6.7,0.0,1.2
39,Ohio,OH,39099,Mahoning County,39099813900,Census Tract 8139; Mahoning County; Ohio,1.132941801314,1613,288,1129,183,857,198,644,230,66,69,113,60,110,50,76,51,344,184,272,94,463,220,123,96,0,48,1489,294,89,67,0,12,0,16,190,90,11,2,39.9,12.4,8.2,8.6,13.2,6.3,9.4,4.4,4.7,3.2,21.3,10.5,16.9,4.8,28.7,11.3,14.4,10.7,0.0,3.1,92.3,7.8,7.9,5.8,0.0,3.0,0.0,1.9,22.2,9.6,0.7,0.2,0.8366,0.7806,0.1298,0.5999,0.4135,2.7604,0.5917,0.7251,0.2026,0.9727,0.8911,0.0,2.7915,0.7283,0.9683,0.9683,0.9683,0.6473,0.0,0.0,0.9197,0.6243,2.1913,0.4984,8.7115,0.6914,0,0,0,0,0,0,0,0,1,0,0,1,1,1,0,0,0,1,0,1,3,2407,219,121,1196,267,140,128,0,12,0,12,0,12,95,79,58,72,25.6,11.4,74.1,9.6,8.7,7.4,0.0,2.1,0.0,2.1,0.0,2.1,5.9,5.0,3.6,4.5
39,Ohio,OH,39099,Mahoning County,39099814000,Census Tract 8140; Mahoning County; Ohio,2.652704910654,2790,397,1207,173,927,169,1661,395,223,137,368,126,339,133,158,107,288,117,639,217,536,203,224,92,9,49,2071,420,135,78,0,12,0,16,299,160,715,34,76.4,11.6,17.4,9.7,39.7,11.5,26.5,9.3,5.7,4.0,10.3,4.0,22.9,5.2,19.2,6.9,24.2,8.9,0.3,1.8,74.2,10.7,11.2,6.3,0.0,2.9,0.0,1.7,32.3,14.5,25.6,3.8,0.9921,0.9587,0.8908,0.9654,0.5176,4.3246,0.947,0.1325,0.5808,0.7721,0.9746,0.4968,2.9568,0.8038,0.9144,0.9144,0.9144,0.7133,0.0,0.0,0.9654,0.9797,2.6584,0.7019,10.8542,0.9219,1,1,0,1,0,3,0,0,0,1,0,1,1,1,0,0,0,1,1,2,7,18101,215,96,1727,403,202,114,19,21,37,36,0,12,75,84,11,18,23.2,9.9,61.9,7.6,7.2,4.3,0.7,0.8,1.3,1.3,0.0,1.2,2.7,2.9,0.4,0.6
39,Ohio,OH,39099,Mahoning County,39099814100,Census Tract 8141; Mahoning County; Ohio,2.33675301083,2321,439,1169,235,1016,233,1131,362,171,99,304,129,403,234,192,152,575,206,544,201,630,226,221,111,6,47,1233,514,130,64,0,12,0,16,301,193,139,4,51.5,12.9,16.3,8.9,29.9,10.7,25.6,11.5,8.8,6.2,24.8,8.4,23.4,8.0,28.7,8.0,21.8,9.7,0.3,2.3,53.1,19.7,11.1,5.0,0.0,2.9,0.0,1.6,29.6,14.8,6.0,1.1,0.9181,0.9511,0.7235,0.9597,0.7623,4.3147,0.9463,0.858,0.6138,0.9727,0.9641,0.4968,3.9054,0.9927,0.8396,0.8396,0.8396,0.7108,0.0,0.0,0.9587,0.9252,2.5947,0.6743,11.6544,0.9676,1,1,0,1,0,3,0,0,1,1,0,2,0,0,0,0,0,1,1,2,7,3538,306,153,1004,415,147,161,0,12,0,12,0,12,82,63,0,12,30.1,12.8,43.3,13.3,6.3,7.0,0.0,1.5,0.0,1.5,0.0,1.5,3.5,2.6,0.0,1.5
39,Ohio,OH,39099,Mahoning County,39099814200,Census Tract 8142; Mahoning County; Ohio,3.212382925774,1806,367,1109,144,870,143,809,290,69,49,293,127,134,74,103,95,450,78,385,170,339,93,100,51,13,49,1530,383,0,16,0,12,0,16,100,66,20,3,44.8,13.2,8.4,5.6,33.7,13.5,10.6,5.4,5.7,4.5,24.9,5.5,21.3,5.9,18.8,5.7,11.5,5.5,0.8,2.9,84.7,12.4,0.0,1.4,0.0,3.1,0.0,1.8,11.5,7.2,1.1,0.3,0.8772,0.7876,0.8041,0.6671,0.5176,3.6536,0.813,0.8618,0.4743,0.7521,0.8248,0.6636,3.5766,0.9606,0.9474,0.9474,0.9474,0.0,0.0,0.0,0.7679,0.6703,1.4382,0.2114,9.6158,0.8054,0,0,0,0,0,0,0,0,0,0,0,0,1,1,0,0,0,0,0,0,1,1203,236,87,1369,351,119,66,0,12,0,12,0,12,24,22,18,32,27.1,9.4,75.8,6.4,6.6,3.7,0.0,1.9,0.0,1.9,0.0,1.9,1.3,1.3,1.0,1.8
39,Ohio,OH,39101,Marion County,39101000100,Census Tract 1; Marion County; Ohio,0.336709129446,803,248,780,145,462,134,228,98,95,130,127,57,30,24,116,133,160,70,107,67,325,223,6,15,0,48,69,347,128,55,0,12,0,16,69,42,10,2,28.6,8.5,20.3,20.4,27.5,9.4,4.6,4.2,14.4,13.5,19.9,10.4,13.3,7.6,40.5,18.9,1.3,3.2,0.0,6.3,8.6,43.1,16.4,6.4,0.0,4.4,0.0,3.5,14.9,9.5,1.2,0.4,0.6871,0.9749,0.6663,0.2724,0.9346,3.5353,0.7886,0.6569,0.0828,0.9978,0.1022,0.0,1.8397,0.1984,0.3047,0.3047,0.3047,0.8022,0.0,0.0,0.8359,0.6814,2.3195,0.5581,7.9992,0.586,0,1,0,0,1,2,0,0,1,0,0,1,0,0,0,0,0,0,0,0,3,2469,91,52,66,73,0,12,0,12,3,4,0,12,0,12,0,12,19.7,11.7,8.2,8.8,0.0,4.3,0.0,4.3,0.4,0.6,0.0,4.3,0.0,4.3,0.0,4.3
39,Ohio,OH,39101,Marion County,39101000200,Census Tract 2; Marion County; Ohio,0.913538181508,2888,415,1313,151,1084,162,1063,298,67,45,295,95,307,139,229,126,404,106,553,134,814,228,73,44,10,52,247,603,63,47,4,6,59,45,185,81,94,3,37.8,9.0,5.3,3.5,27.2,7.8,15.2,7.6,8.1,4.6,14.0,3.7,19.1,4.6,28.7,7.1,6.7,3.9,0.4,1.9,8.6,20.8,4.8,3.5,0.3,0.5,5.4,4.1,17.1,7.5,3.3,0.5,0.8099,0.6057,0.6575,0.8228,0.7226,3.6185,0.806,0.2885,0.3256,0.9727,0.5975,0.5412,2.7255,0.6978,0.3047,0.3047,0.3047,0.5511,0.5565,0.9486,0.8686,0.8456,3.7704,0.974,10.4191,0.886,0,0,0,0,0,0,0,0,1,0,0,1,0,0,0,0,1,0,0,1,2,1608,245,101,64,75,58,44,0,12,0,12,0,12,115,82,10,17,22.6,9.3,2.2,2.6,2.0,1.6,0.0,1.2,0.0,1.2,0.0,1.2,4.0,3.0,0.3,0.6
39,Ohio,OH,39101,Marion County,39101000300,Census Tract 3; Marion County; Ohio,0.73048953992,2026,297,948,107,782,88,931,242,77,60,267,86,314,110,146,73,307,87,413,129,539,161,37,30,50,80,395,422,3,13,0,12,31,44,45,31,0,12,46.0,9.9,8.6,6.6,34.1,10.3,21.8,7.2,7.2,3.6,15.2,4.1,20.4,4.8,26.6,6.7,4.7,3.8,2.6,4.1,19.5,20.6,0.3,1.4,0.0,3.6,4.0,5.6,5.8,4.0,0.0,0.6,0.8835,0.7975,0.8089,0.9315,0.6557,4.0771,0.9044,0.3523,0.4134,0.9543,0.4476,0.877,3.0446,0.8378,0.5834,0.5834,0.5834,0.2683,0.0,0.8952,0.5292,0.0,1.6927,0.2914,9.3978,0.7822,0,0,0,1,0,1,0,0,1,0,0,1,0,0,0,0,0,0,0,0,2,1574,130,42,0,12,222,145,1,3,1,3,0,12,156,135,15,19,16.6,5.1,0.0,1.7,11.0,7.1,0.0,0.1,0.0,0.1,0.0,1.7,7.7,6.5,0.7,0.9
39,Ohio,OH,39101,Marion County,39101000400,Census Tract 4; Marion County; Ohio,2.533337616334,3326,349,1655,152,1364,154,936,260,75,57,265,96,291,113,381,202,592,115,555,161,739,212,154,80,31,63,251,504,0,16,21,24,15,25,48,63,0,12,28.4,7.3,4.3,3.3,19.4,6.7,11.8,4.4,11.5,5.7,17.8,3.4,16.7,3.8,22.2,6.6,11.3,5.7,1.0,2.0,7.5,15.1,0.0,1.0,1.3,1.4,1.1,1.8,3.5,4.6,0.0,0.4,0.6845,0.5117,0.3708,0.7131,0.8734,3.1535,0.7029,0.5178,0.1925,0.875,0.8187,0.707,3.111,0.8575,0.2562,0.2562,0.2562,0.0,0.6505,0.587,0.3537,0.0,1.5912,0.2568,8.1119,0.6022,0,0,0,0,0,0,0,0,0,0,0,0,0,0,0,0,0,0,0,0,0,2623,124,71,0,12,13,19,9,13,0,12,0,12,229,130,0,12,9.1,4.9,0.0,1.0,0.4,0.6,0.3,0.4,0.0,1.0,0.0,1.0,6.9,4.0,0.0,1.0
39,Ohio,OH,39101,Marion County,39101000501,Census Tract 5.01; Marion County; Ohio,0.388963788024,3318,563,1202,160,1077,177,1277,490,175,147,292,155,227,112,94,62,232,68,1135,320,470,199,234,129,0,48,199,813,9,18,0,12,16,33,144,111,51,2,39.1,13.4,12.2,8.2,27.1,13.7,11.6,5.4,2.9,2.0,7.0,2.6,34.2,7.5,14.4,6.4,21.7,11.4,0.0,1.6,6.0,24.5,0.7,1.5,0.0,2.9,1.5,3.1,13.4,10.1,1.5,0.3,0.8264,0.8876,0.6549,0.707,0.2142,3.2901,0.7346,0.0466,0.9696,0.5119,0.9632,0.0,2.4913,0.5527,0.1928,0.1928,0.1928,0.2994,0.0,0.6606,0.8089,0.7146,2.4835,0.6314,8.4577,0.6565,0,0,0,0,0,0,0,1,0,1,0,2,0,0,0,0,0,0,0,0,2,1089,55,38,83,83,37,39,0,12,4,7,0,12,75,54,0,12,5.1,3.6,2.5,2.6,1.1,1.2,0.0,1.0,0.1,0.2,0.0,1.0,2.3,1.7,0.0,1.0
39,Ohio,OH,39101,Marion County,39101000502,Census Tract 5.02; Marion County; Ohio,0.585910557204,2589,463,1230,154,998,137,1130,400,148,95,324,122,54,49,306,124,347,88,746,337,304,102,17,25,27,55,555,609,131,70,13,23,0,16,121,74,0,12,43.6,13.3,11.9,6.9,32.5,11.4,3.3,2.9,11.8,4.6,13.4,3.7,28.8,9.7,11.7,4.1,1.7,2.5,1.1,2.2,21.4,23.2,10.6,5.5,1.1,1.9,0.0,1.6,12.1,6.7,0.0,0.5,0.8702,0.8832,0.7832,0.176,0.881,3.5936,0.7997,0.2568,0.8808,0.3291,0.1337,0.7254,2.3258,0.4486,0.6103,0.6103,0.6103,0.7019,0.6378,0.0,0.7806,0.0,2.1203,0.4705,8.65,0.6819,0,0,0,0,0,0,0,0,0,0,0,0,0,0,0,0,0,0,0,0,0,3159,117,67,134,107,152,116,0,12,0,12,0,12,269,169,0,12,11.7,6.4,5.2,3.9,5.9,4.7,0.0,1.3,0.0,1.3,0.0,1.3,10.4,5.5,0.0,1.3
39,Ohio,OH,39101,Marion County,39101000600,Census Tract 6; Marion County; Ohio,2.205824664324,5052,514,2186,172,2114,158,503,199,35,38,505,194,224,119,155,138,1268,194,1119,292,796,204,71,73,26,72,443,759,246,128,0,17,41,47,193,117,257,10,10.5,4.0,1.4,1.6,23.9,9.0,6.2,3.5,3.2,2.9,25.1,4.9,22.1,4.9,16.6,4.2,3.4,3.4,0.5,1.5,8.8,15.0,11.3,5.8,0.0,1.6,1.9,2.2,9.1,5.5,5.1,0.6,0.225,0.1117,0.54,0.3966,0.2491,1.5224,0.2305,0.8716,0.5247,0.6407,0.3089,0.5796,2.9255,0.7876,0.312,0.312,0.312,0.7159,0.0,0.7219,0.6905,0.9087,3.037,0.8419,7.7969,0.5495,0,0,0,0,0,0,0,0,0,0,0,0,0,0,0,0,0,0,1,1,1,5111,267,135,77,88,93,81,11,19,8,14,0,17,254,266,0,17,12.6,6.2,1.5,1.7,1.8,1.6,0.2,0.4,0.2,0.3,0.0,0.7,5.0,5.3,0.0,0.7
39,Ohio,OH,39101,Marion County,39101000700,Census Tract 7; Marion County; Ohio,0.48315839025,2539,332,1280,163,1221,163,607,242,82,59,292,132,186,83,154,93,554,127,585,249,420,154,145,104,0,48,387,487,12,22,15,21,23,22,22,22,27,5,24.2,9.1,6.8,4.7,23.9,10.3,9.8,4.1,6.1,3.9,21.8,5.5,23.0,7.5,16.5,5.4,11.9,8.4,0.0,2.1,15.2,19.1,0.9,1.7,1.2,1.7,1.9,1.8,1.8,1.8,1.1,0.1,0.6062,0.7079,0.54,0.6252,0.5547,3.034,0.673,0.7445,0.5862,0.6334,0.8359,0.0,2.8,0.7311,0.499,0.499,0.499,0.3181,0.6451,0.7219,0.1933,0.6703,2.5487,0.6562,8.8817,0.7105,0,0,0,0,0,0,0,0,0,0,0,0,0,0,0,0,0,0,0,0,0,1512,89,53,288,222,25,29,4,8,0,12,0,12,70,86,0,12,7.3,4.3,11.3,8.6,1.0,1.2,0.2,0.3,0.0,1.4,0.0,1.4,2.8,3.3,0.0,1.4
39,Ohio,OH,39101,Marion County,39101000800,Census Tract 8; Marion County; Ohio,0.487058406552,2465,380,1028,102,880,93,1069,393,188,130,271,104,241,141,85,44,199,88,421,188,714,204,73,70,10,50,375,511,26,33,0,12,0,16,80,48,18,2,43.4,14.5,12.9,8.5,30.8,11.4,14.6,7.5,3.4,1.9,8.1,3.8,17.1,6.1,29.0,7.9,8.3,7.9,0.4,2.2,15.2,20.6,2.5,3.2,0.0,3.3,0.0,1.8,9.1,5.5,0.7,0.1,0.8661,0.9051,0.7448,0.8066,0.2745,3.5971,0.8006,0.0704,0.2096,0.9759,0.7006,0.5412,2.4977,0.5562,0.499,0.499,0.499,0.4413,0.0,0.0,0.6905,0.6243,1.7561,0.3203,8.3499,0.6397,0,1,0,0,0,1,0,0,1,0,0,1,0,0,0,0,0,0,0,0,2,1309,136,58,30,45,191,151,0,12,0,12,0,12,154,121,0,12,15.5,6.6,1.2,1.8,7.7,5.9,0.0,1.4,0.0,1.4,0.0,1.4,6.2,4.6,0.0,1.4
39,Ohio,OH,39101,Marion County,39101000900,Census Tract 9; Marion County; Ohio,1.788385467698,4231,562,1832,145,1475,141,2240,478,175,94,620,175,475,120,503,221,365,84,1198,305,896,214,262,123,6,47,1003,743,35,42,104,97,0,16,206,106,38,4,53.0,8.9,10.7,5.6,42.0,11.2,20.2,5.0,11.9,4.7,8.6,2.2,28.3,4.9,21.2,4.5,17.8,8.2,0.2,1.3,23.7,17.3,1.9,2.3,5.7,5.2,0.0,1.1,14.0,7.2,0.9,0.2,0.9238,0.8587,0.9181,0.9131,0.8842,4.4979,0.9727,0.0812,0.8646,0.8426,0.9352,0.4556,3.1792,0.879,0.6386,0.6386,0.6386,0.3975,0.7994,0.0,0.8194,0.6458,2.6621,0.7032,10.9778,0.9298,1,0,1,1,0,3,0,0,0,1,0,1,0,0,0,0,0,0,0,0,4,2751,250,76,267,140,370,192,0,12,0,12,0,12,358,308,8,14,16.9,5.4,6.3,3.3,8.7,4.4,0.0,0.8,0.0,0.8,0.0,0.8,8.5,6.8,0.2,0.3
39,Ohio,OH,39101,Marion County,39101001000,Census Tract 10; Marion County; Ohio,2.68854791762,3612,419,1547,177,1495,179,609,193,6,9,344,111,176,84,114,105,774,119,884,262,534,139,144,93,46,58,299,598,339,109,5,8,0,16,195,85,40,5,17.0,5.0,0.3,0.5,23.0,6.9,7.3,3.4,3.2,2.9,21.4,3.5,24.5,5.9,14.9,4.0,9.6,6.1,1.3,1.7,8.3,16.5,22.0,6.6,0.3,0.5,0.0,1.1,13.0,5.5,1.1,0.1,0.4237,0.0263,0.5079,0.4715,0.2491,1.6785,0.2737,0.7299,0.6826,0.5408,0.7654,0.7565,3.4752,0.9438,0.2933,0.2933,0.2933,0.8667,0.5565,0.0,0.7981,0.6703,2.8916,0.7933,8.3386,0.6365,0,0,0,0,0,0,0,0,0,0,0,0,0,0,0,0,0,0,0,0,0,8769,305,90,8,12,118,72,38,52,0,12,0,12,135,148,0,12,20.4,5.8,0.2,0.3,3.3,2.0,1.1,1.5,0.0,1.0,0.0,1.0,3.7,4.1,0.0,1.0
39,Ohio,OH,39101,Marion County,39101001100,Census Tract 11; Marion County; Ohio,1.624621848806,2845,281,1094,149,1075,147,931,294,160,59,416,169,234,127,139,71,536,130,581,135,590,203,52,36,0,48,550,382,0,16,0,12,9,16,124,121,0,12,33.4,10.1,10.5,3.7,38.7,14.8,12.2,6.3,4.9,2.5,18.8,4.3,20.4,4.2,20.7,6.6,4.9,3.3,0.0,1.8,19.3,13.3,0.0,1.5,0.0,3.1,0.8,1.5,11.5,10.2,0.0,0.4,0.761,0.8549,0.8775,0.7273,0.4376,3.6583,0.8137,0.5888,0.4134,0.8293,0.4644,0.0,2.2959,0.4333,0.5796,0.5796,0.5796,0.0,0.0,0.5117,0.7679,0.0,1.2796,0.1695,7.8134,0.5514,0,0,0,0,0,0,0,0,0,0,0,0,0,0,0,0,0,0,0,0,0,1467,179,131,179,134,85,64,0,12,0,12,0,12,148,116,138,154,16.7,10.8,6.3,4.7,3.0,2.2,0.0,1.2,0.0,1.2,0.0,1.2,5.2,4.0,4.9,5.3
39,Ohio,OH,39101,Marion County,39101010100,Census Tract 101; Marion County; Ohio,95.269606333398,4549,445,2032,218,1868,182,684,251,77,57,364,137,257,143,148,91,806,188,948,164,616,194,65,48,0,48,102,631,152,92,248,139,3,13,104,73,28,4,15.2,5.4,3.2,2.3,19.5,7.1,7.7,4.2,3.3,1.9,17.7,4.0,20.8,2.8,13.5,4.1,3.4,2.5,0.0,1.1,2.2,13.9,7.5,4.5,12.2,6.3,0.2,0.7,5.6,3.9,0.6,0.1,0.3691,0.3711,0.3749,0.4933,0.2634,1.8718,0.3273,0.5117,0.4369,0.4478,0.3089,0.0,1.7053,0.1448,0.0412,0.0412,0.0412,0.6343,0.9006,0.3905,0.5175,0.6059,3.0488,0.8435,6.6671,0.3727,0,0,0,0,0,0,0,0,0,0,0,0,0,0,0,1,0,0,0,1,1,7621,339,151,4,7,0,12,41,23,8,18,0,12,49,46,0,12,18.1,7.7,0.1,0.1,0.0,0.8,0.9,0.5,0.2,0.4,0.0,0.8,1.1,1.0,0.0,0.8
39,Ohio,OH,39101,Marion County,39101010201,Census Tract 102.01; Marion County; Ohio,93.61958244791,5423,583,2540,269,2335,282,1424,645,78,67,392,134,381,164,147,124,1515,305,1281,497,1110,278,182,119,0,68,168,842,3,18,300,163,79,75,14,23,161,17,27.2,12.0,3.9,3.0,16.8,5.4,10.0,4.4,2.8,2.3,27.9,5.5,23.6,8.0,21.1,4.5,7.8,5.0,0.0,1.3,3.1,15.5,0.1,0.7,11.8,6.1,3.4,3.2,0.6,1.0,3.0,0.4,0.6658,0.4644,0.2635,0.6389,0.1996,2.2322,0.4356,0.9347,0.6287,0.8391,0.6749,0.0,3.0774,0.8463,0.0685,0.0685,0.0685,0.2556,0.8968,0.8708,0.0616,0.8291,2.9139,0.7997,8.292,0.6308,0,0,0,0,0,0,1,0,0,0,0,1,0,0,0,0,0,0,0,0,1,7924,200,143,31,46,38,62,60,83,0,17,0,17,38,37,1,3,8.6,5.8,0.6,0.9,0.7,1.2,1.1,1.5,0.0,0.6,0.0,0.6,0.7,0.7,0.0,0.1
39,Ohio,OH,39101,Marion County,39101010202,Census Tract 102.02; Marion County; Ohio,2.070171587644,4603,114,16,21,3,7,0,12,16,28,0,24,808,162,0,12,342,97,0,12,19,34,0,16,51,50,2645,198,0,16,0,12,0,16,0,12,4565,91,0.0,31.6,84.2,24.0,0.0,100.0,18.8,3.6,0.0,49.9,7.4,2.1,0.0,0.8,50.0,8.4,0.0,100.0,1.1,1.1,57.5,4.1,0.0,100.0,0.0,76.9,0.0,100.0,0.0,100.0,99.2,3.2,0.0,1.0,0.0,0.8925,0.0,1.8925,0.3327,0.052,0.0,0.999,0.0,0.7254,1.7764,0.1705,0.8532,0.8532,0.8532,0.0,0.0,0.0,0.0,0.9981,0.9981,0.1063,5.5202,0.1908,0,1,0,0,0,1,0,0,1,0,0,1,0,0,0,0,0,0,1,1,3,5375,0,12,1911,177,310,74,18,21,30,28,26,24,332,84,18,17,0.0,100.0,41.5,3.5,6.7,1.6,0.4,0.4,0.7,0.6,0.6,0.5,7.2,1.8,0.4,0.4
39,Ohio,OH,39101,Marion County,39101010300,Census Tract 103; Marion County; Ohio,116.72588559556,4928,417,2333,230,2080,222,712,266,125,78,390,133,375,124,348,165,1225,224,742,180,800,170,101,67,60,94,202,601,5,13,171,78,3,13,29,20,0,12,14.5,5.3,4.8,2.8,18.8,6.1,10.4,3.4,7.1,3.3,24.9,4.3,15.1,3.3,16.2,3.6,4.9,3.2,1.2,1.9,4.1,12.2,0.2,0.6,7.3,3.2,0.1,0.6,1.4,1.0,0.0,0.2,0.3466,0.5603,0.3444,0.6582,0.6452,2.5547,0.5251,0.8618,0.1316,0.6144,0.4644,0.7403,2.8125,0.7375,0.1097,0.1097,0.1097,0.261,0.834,0.3819,0.1476,0.0,1.6245,0.267,7.1014,0.4387,0,0,0,0,0,0,0,0,0,0,0,0,0,0,0,0,0,0,0,0,0,2982,169,90,0,12,90,83,12,19,0,12,0,12,77,65,23,35,8.1,4.1,0.0,0.7,1.8,1.7,0.2,0.4,0.0,0.7,0.0,0.7,1.6,1.3,0.5,0.7
39,Ohio,OH,39101,Marion County,39101010400,Census Tract 104; Marion County; Ohio,16.312206022574,4737,441,2069,214,1896,210,825,297,26,30,424,150,220,143,106,90,1172,195,1264,377,592,200,121,88,0,48,335,650,326,138,330,146,20,30,189,99,30,3,17.5,6.1,1.3,1.4,22.4,7.5,7.0,4.5,2.3,1.8,24.7,4.7,26.7,6.7,12.6,4.4,6.4,4.6,0.0,1.1,7.1,13.7,15.7,6.5,15.9,6.4,1.1,1.6,10.0,5.2,0.6,0.0,0.4402,0.1013,0.486,0.4486,0.1492,1.6253,0.2619,0.8532,0.8022,0.3897,0.58,0.0,2.6251,0.6384,0.2397,0.2397,0.2397,0.7911,0.9346,0.587,0.7203,0.6059,3.6389,0.9584,8.129,0.6035,0,0,0,0,0,0,0,0,0,0,0,0,0,0,0,1,0,0,0,1,1,2985,291,139,0,12,80,101,213,101,0,12,0,12,22,22,20,31,15.3,6.5,0.0,0.7,1.7,2.1,4.5,2.2,0.0,0.7,0.0,0.7,0.5,0.5,0.4,0.7
39,Ohio,OH,39101,Marion County,39101010500,Census Tract 105; Marion County; Ohio,65.042826704134,5432,601,2320,238,2097,230,884,339,34,27,332,120,59,41,176,142,1092,199,1242,335,774,213,55,34,16,70,289,855,62,80,20,22,27,34,69,82,0,17,16.3,6.0,1.3,1.0,15.8,5.5,1.5,1.0,3.2,2.6,20.1,4.0,22.9,4.3,14.2,3.8,2.7,1.6,0.3,1.4,5.3,15.7,2.7,3.4,0.9,0.9,1.3,1.6,3.3,4.0,0.0,0.3,0.4002,0.1013,0.2206,0.058,0.2491,1.0292,0.1063,0.6687,0.5808,0.4919,0.2298,0.4968,2.468,0.5378,0.1642,0.1642,0.1642,0.4533,0.6187,0.6181,0.3346,0.0,2.0247,0.4273,5.6861,0.2133,0,0,0,0,0,0,0,0,0,0,0,0,0,0,0,0,0,0,0,0,0,4447,177,76,0,17,89,90,20,24,0,17,0,17,124,88,56,80,8.4,3.6,0.0,0.6,1.6,1.7,0.4,0.4,0.0,0.6,0.0,0.6,2.3,1.6,1.0,1.5
39,Ohio,OH,39103,Medina County,39103400100,Census Tract 4001; Medina County; Ohio,26.703895019498,8028,26,3028,245,2933,237,636,317,122,68,395,148,253,172,195,103,1699,323,1893,243,673,246,78,77,33,82,533,308,0,24,0,17,0,24,26,30,15,2,7.9,3.9,3.2,1.8,13.5,4.9,4.5,3.1,2.4,1.3,21.2,4.0,23.6,3.0,8.4,3.1,2.6,2.6,0.4,1.1,6.6,3.8,0.0,0.8,0.0,1.1,0.0,0.8,0.9,1.0,0.2,0.0,0.1457,0.3711,0.1397,0.267,0.1568,1.0803,0.1178,0.7213,0.6287,0.1311,0.2187,0.5412,2.241,0.3987,0.22,0.22,0.22,0.0,0.0,0.0,0.0975,0.4356,0.5331,0.04,4.0744,0.0603,0,0,0,0,0,0,0,0,0,0,0,0,0,0,0,0,0,0,0,0,0,5140,233,125,5,3,219,229,78,86,83,103,0,17,148,175,0,17,7.9,4.2,0.1,0.1,2.7,2.9,1.0,1.1,1.0,1.3,0.0,0.4,1.8,2.2,0.0,0.4
39,Ohio,OH,39103,Medina County,39103402000,Census Tract 4020; Medina County; Ohio,25.707815180226,5733,18,2372,202,2160,145,423,191,52,43,415,154,233,140,138,110,1307,158,1148,185,580,184,20,36,0,68,134,146,41,45,13,21,0,24,22,36,192,11,7.6,3.4,1.7,1.4,19.2,7.0,5.5,3.3,2.5,2.0,22.8,2.8,20.0,3.2,10.4,3.3,0.9,1.7,0.0,1.3,2.3,2.5,1.7,1.9,0.5,0.9,0.0,1.1,1.0,1.6,3.3,0.2,0.1384,0.1492,0.3641,0.3405,0.1692,1.1614,0.139,0.7857,0.3836,0.2396,0.0705,0.0,1.4794,0.0851,0.0438,0.0438,0.0438,0.387,0.5717,0.0,0.1067,0.8456,1.911,0.38,4.5956,0.1025,0,0,0,0,0,0,0,0,0,0,0,0,0,0,0,0,0,0,0,0,0,6376,152,81,10,16,0,17,0,17,0,17,0,17,124,145,0,17,7.0,3.6,0.2,0.3,0.0,0.6,0.0,0.6,0.0,0.6,0.0,0.6,2.2,2.5,0.0,0.6
39,Ohio,OH,39103,Medina County,39103403001,Census Tract 4030.01; Medina County; Ohio,22.629006557964,3243,32,1218,85,1194,82,483,234,32,29,208,101,132,68,110,116,679,164,555,113,342,147,14,26,0,48,45,58,0,16,0,12,0,16,6,9,5,5,14.9,7.2,1.8,1.6,17.4,8.4,5.2,2.7,3.4,3.6,20.9,5.1,17.1,3.5,10.5,4.6,1.2,2.2,0.0,1.5,1.4,1.8,0.0,1.3,0.0,2.8,0.0,1.3,0.5,0.8,0.2,0.2,0.3618,0.1654,0.2854,0.3148,0.2745,1.4019,0.2003,0.7093,0.2096,0.2453,0.0937,0.0,1.2579,0.047,0.0159,0.0159,0.0159,0.0,0.0,0.0,0.0524,0.4356,0.488,0.034,3.1637,0.0152,0,0,0,0,0,0,0,0,0,0,0,0,0,0,0,0,0,0,0,0,0,1170,113,49,0,12,30,30,0,12,0,12,0,12,15,18,0,12,9.5,4.2,0.0,1.1,0.9,0.9,0.0,1.1,0.0,1.1,0.0,1.1,0.5,0.6,0.0,1.1
39,Ohio,OH,39103,Medina County,39103403002,Census Tract 4030.02; Medina County; Ohio,16.86502802448,3525,267,1407,172,1342,170,264,141,49,52,209,87,111,110,119,82,938,271,632,140,290,93,42,38,25,57,254,385,0,16,0,12,0,16,22,28,9,3,7.5,4.0,2.7,2.8,15.6,6.2,4.1,3.9,3.4,2.3,26.6,7.3,17.9,3.6,8.2,2.6,3.2,2.8,0.7,1.7,7.2,10.9,0.0,1.1,0.0,2.5,0.0,1.2,1.6,2.0,0.3,0.1,0.1358,0.2968,0.213,0.2359,0.2745,1.156,0.1371,0.9128,0.2495,0.1215,0.2841,0.6367,2.2046,0.3784,0.2435,0.2435,0.2435,0.0,0.0,0.0,0.1724,0.4924,0.6648,0.054,4.2689,0.0768,0,0,0,0,0,0,1,0,0,0,0,1,0,0,0,0,0,0,0,0,1,3925,153,75,33,45,82,67,42,42,0,12,0,12,97,56,0,12,11.4,5.7,0.9,1.3,2.3,1.9,1.2,1.2,0.0,1.0,0.0,1.0,2.8,1.6,0.0,1.0
39,Ohio,OH,39103,Medina County,39103404000,Census Tract 4040; Medina County; Ohio,13.23895881352,4522,343,1911,128,1843,122,182,95,60,52,179,75,73,54,88,78,1198,190,849,167,554,170,47,41,19,54,334,508,0,16,0,12,0,16,17,21,0,12,4.1,2.1,2.6,2.2,9.7,4.0,2.1,1.5,1.9,1.7,26.5,4.1,18.8,3.0,12.3,3.7,2.6,2.2,0.4,1.2,7.4,11.2,0.0,0.8,0.0,1.8,0.0,0.9,0.9,1.1,0.0,0.3,0.0463,0.2822,0.0435,0.0938,0.1104,0.5762,0.0305,0.9109,0.3015,0.3745,0.2187,0.5412,2.3468,0.4613,0.2521,0.2521,0.2521,0.0,0.0,0.0,0.0975,0.0,0.0975,0.013,3.2726,0.0184,0,0,0,0,0,0,1,0,0,0,0,1,0,0,0,0,0,0,0,0,1,2366,51,36,60,62,67,55,116,119,22,23,0,12,69,53,0,12,2.8,2.0,1.3,1.4,1.5,1.2,2.6,2.6,0.5,0.5,0.0,0.8,1.5,1.2,0.0,0.8
39,Ohio,OH,39103,Medina County,39103405000,Census Tract 4050; Medina County; Ohio,23.247568989104,4559,26,1915,123,1849,120,350,261,68,66,198,71,100,60,118,76,871,134,842,136,270,97,9,13,2,47,350,227,0,16,7,12,0,16,7,11,0,12,7.7,5.7,2.5,2.5,10.7,3.8,2.9,1.8,2.6,1.7,19.1,2.9,18.5,3.0,5.9,2.1,0.5,0.7,0.0,1.1,7.7,5.0,0.0,0.8,0.4,0.6,0.0,0.9,0.4,0.6,0.0,0.3,0.1412,0.2657,0.0619,0.1433,0.1812,0.7933,0.0629,0.6062,0.2828,0.0422,0.0473,0.0,0.9785,0.0213,0.2666,0.2666,0.2666,0.0,0.5625,0.0,0.0476,0.0,0.6101,0.0495,2.6485,0.0057,0,0,0,0,0,0,0,0,0,0,0,0,0,0,0,0,0,0,0,0,0,6132,35,34,0,12,27,32,6,11,0,12,0,12,317,222,0,12,1.9,1.9,0.0,0.8,0.6,0.7,0.1,0.2,0.0,0.8,0.0,0.8,7.0,4.9,0.0,0.8
39,Ohio,OH,39103,Medina County,39103406000,Census Tract 4060; Medina County; Ohio,25.989748791136,6776,269,2343,287,2222,234,62,61,113,112,220,129,116,79,376,257,894,268,1999,295,539,196,65,50,0,68,204,387,0,24,0,17,15,29,35,41,6,3,0.9,0.9,3.4,3.4,9.9,5.7,2.7,1.8,5.5,3.8,13.2,3.9,29.5,4.4,8.0,2.8,2.9,2.2,0.0,1.1,3.0,5.7,0.0,1.0,0.0,1.5,0.7,1.3,1.6,1.8,0.1,0.0,0.0029,0.3975,0.0476,0.1325,0.5005,1.081,0.1181,0.2457,0.8998,0.1104,0.2473,0.0,1.5032,0.0917,0.0656,0.0656,0.0656,0.0,0.0,0.4873,0.1724,0.3694,1.0291,0.1095,3.6789,0.0368,0,0,0,0,0,0,0,0,0,0,0,0,0,0,0,0,0,0,0,0,0,6016,123,126,0,17,0,17,153,136,0,17,0,17,51,51,0,17,5.5,5.5,0.0,0.5,0.0,0.5,2.3,2.0,0.0,0.5,0.0,0.5,0.8,0.7,0.0,0.5
39,Ohio,OH,39103,Medina County,39103407000,Census Tract 4070; Medina County; Ohio,16.694877120202,7909,385,2766,203,2710,205,221,171,116,67,208,105,91,60,209,112,894,180,2077,313,625,200,32,49,0,68,517,611,14,27,0,17,0,24,0,17,0,17,2.8,2.2,2.8,1.6,7.7,3.8,1.7,1.1,2.6,1.4,11.3,2.2,26.3,3.6,7.9,2.5,1.2,1.8,0.0,0.9,6.5,7.7,0.5,1.0,0.0,1.3,0.0,0.9,0.0,1.3,0.0,0.2,0.0219,0.3133,0.0184,0.0694,0.1812,0.6042,0.034,0.1699,0.7828,0.106,0.0937,0.0,1.1524,0.0333,0.215,0.215,0.215,0.2819,0.0,0.0,0.0,0.0,0.2819,0.0222,2.2535,0.001,0,0,0,0,0,0,0,0,0,0,0,0,0,0,0,0,0,0,0,0,0,3754,135,99,0,17,264,245,85,141,0,17,0,17,147,128,21,24,5.0,3.7,0.0,0.4,3.3,3.1,1.1,1.8,0.0,0.4,0.0,0.4,1.9,1.6,0.3,0.3
39,Ohio,OH,39103,Medina County,39103408001,Census Tract 4080.01; Medina County; Ohio,1.14265728594,3114,465,1195,180,1171,178,292,139,167,131,294,178,41,31,166,110,560,250,678,166,553,267,87,72,0,48,457,648,27,30,0,12,9,18,77,68,3,2,9.5,4.3,9.1,6.4,25.1,14.7,2.2,1.8,5.3,3.5,18.0,6.9,21.8,5.0,17.8,7.3,7.5,6.0,0.0,1.7,14.7,20.7,2.3,2.5,0.0,2.9,0.8,1.5,6.6,5.5,0.1,0.1,0.192,0.8178,0.5841,0.1021,0.4808,2.1768,0.4187,0.5317,0.5025,0.703,0.6546,0.0,2.3918,0.4911,0.4857,0.4857,0.4857,0.426,0.0,0.5117,0.5765,0.3694,1.8836,0.3695,6.9379,0.4149,0,0,0,0,0,0,0,0,0,0,0,0,0,0,0,0,0,0,0,0,0,6732,150,139,67,82,97,88,15,23,0,12,0,12,278,158,0,12,12.8,10.7,2.2,2.6,3.1,2.9,0.5,0.7,0.0,1.1,0.0,1.1,8.9,4.8,0.0,1.1
39,Ohio,OH,39103,Medina County,39103408002,Census Tract 4080.02; Medina County; Ohio,2.708110547654,1956,170,975,88,933,88,55,34,33,24,197,76,27,15,13,14,836,100,270,61,413,107,20,20,8,47,80,244,187,49,0,12,0,16,84,39,48,3,2.9,1.8,3.9,2.9,21.1,7.9,1.6,0.9,0.7,0.8,42.7,4.7,13.8,2.7,21.6,5.5,2.1,2.1,0.4,2.4,4.1,12.5,19.2,4.7,0.0,3.5,0.0,1.7,9.0,4.4,2.5,0.3,0.0232,0.4644,0.4403,0.0647,0.0235,1.0161,0.1022,0.9971,0.0964,0.8566,0.1673,0.5412,2.6586,0.6584,0.1097,0.1097,0.1097,0.834,0.0,0.0,0.6873,0.7949,2.3162,0.5556,6.1006,0.274,0,0,0,0,0,0,1,0,0,0,0,1,0,0,0,0,0,0,0,0,1,2751,168,81,0,12,8,11,72,75,0,12,0,12,0,12,0,12,18.0,8.1,0.0,1.8,0.4,0.6,3.7,3.8,0.0,1.8,0.0,1.8,0.0,1.8,0.0,1.8
39,Ohio,OH,39103,Medina County,39103408003,Census Tract 4080.03; Medina County; Ohio,2.203363650176,3158,336,1573,157,1488,165,428,192,44,34,410,116,144,96,104,95,1003,119,476,107,394,110,64,42,8,49,446,449,254,95,0,12,0,16,101,58,43,4,13.7,6.0,2.8,2.2,27.6,7.2,5.9,3.5,3.3,2.9,31.8,4.5,15.1,2.7,12.6,3.5,4.3,2.8,0.3,1.6,14.1,14.1,16.1,5.8,0.0,2.2,0.0,1.1,6.8,3.8,1.4,0.2,0.3247,0.3133,0.6689,0.3741,0.2634,1.9444,0.347,0.9737,0.1316,0.3897,0.407,0.4968,2.3988,0.4978,0.4727,0.4727,0.4727,0.799,0.0,0.0,0.5879,0.7029,2.0898,0.454,6.9057,0.4133,0,0,0,0,0,0,1,0,0,0,0,1,0,0,0,0,0,0,0,0,1,3830,120,61,52,72,242,159,64,63,0,12,0,12,88,74,0,12,8.1,4.0,1.6,2.3,7.7,4.7,2.0,2.0,0.0,1.1,0.0,1.1,2.8,2.4,0.0,1.1
39,Ohio,OH,39103,Medina County,39103408101,Census Tract 4081.01; Medina County; Ohio,0.907363252222,3794,502,1975,198,1849,181,983,306,173,105,781,197,198,120,55,60,851,156,706,176,823,255,173,110,42,72,536,731,547,153,0,12,0,16,208,116,56,4,26.3,7.4,9.0,5.4,42.2,9.8,7.5,4.6,1.5,1.7,22.4,4.3,18.6,4.1,22.0,5.7,9.4,5.9,1.2,2.0,14.1,19.2,27.7,7.2,0.0,1.8,0.0,0.9,11.2,6.2,1.5,0.2,0.6477,0.8149,0.9206,0.4829,0.072,2.9381,0.6397,0.7663,0.2892,0.8696,0.754,0.7403,3.4194,0.9324,0.4727,0.4727,0.4727,0.9051,0.0,0.0,0.7594,0.7146,2.3791,0.5822,9.2093,0.753,0,0,1,0,0,1,0,0,0,0,0,0,0,0,1,0,0,0,0,1,2,3076,386,143,256,173,39,53,20,36,9,14,0,12,212,165,0,12,20.9,7.4,6.7,4.6,1.0,1.4,0.5,1.0,0.2,0.4,0.0,0.9,5.6,4.2,0.0,0.9
39,Ohio,OH,39103,Medina County,39103408102,Census Tract 4081.02; Medina County; Ohio,3.799038659838,3896,357,1545,95,1505,113,598,327,64,53,347,122,100,73,153,124,658,70,910,226,423,192,128,79,0,48,358,441,0,16,0,12,20,36,88,54,12,3,15.3,8.3,3.0,2.4,23.1,7.9,3.9,2.8,3.9,3.2,16.9,2.5,23.4,4.3,10.9,4.9,8.5,5.2,0.0,1.3,9.2,11.3,0.0,1.0,0.0,2.2,1.3,2.4,5.8,3.6,0.3,0.1,0.3723,0.3403,0.5111,0.2191,0.3224,1.7652,0.3003,0.4575,0.6138,0.2752,0.7102,0.0,2.0567,0.2997,0.3269,0.3269,0.3269,0.0,0.0,0.6181,0.5292,0.4924,1.6397,0.2714,5.7885,0.2295,0,0,0,0,0,0,0,0,0,0,0,0,0,0,0,0,0,0,0,0,0,4124,103,71,0,12,221,137,0,12,0,12,0,12,137,180,0,12,6.8,4.7,0.0,0.9,5.7,3.4,0.0,0.9,0.0,0.9,0.0,0.9,3.5,4.4,0.0,0.9
39,Ohio,OH,39103,Medina County,39103408201,Census Tract 4082.01; Medina County; Ohio,7.203986483194,4494,516,1772,158,1664,166,675,234,126,91,344,116,163,78,173,79,613,244,1090,242,456,135,88,47,0,48,454,714,102,53,328,117,21,28,106,72,204,18,15.8,5.1,5.4,3.9,20.7,6.7,5.2,2.6,4.0,1.9,13.6,4.9,24.3,3.7,10.6,3.4,5.3,2.8,0.0,1.1,10.1,15.8,5.7,2.9,18.5,5.9,1.3,1.7,6.4,4.2,4.5,0.7,0.385,0.6143,0.4244,0.3148,0.3377,2.0762,0.3908,0.2695,0.6734,0.2542,0.5022,0.0,1.6993,0.1419,0.3592,0.3592,0.3592,0.5781,0.9498,0.6181,0.5641,0.8922,3.6023,0.9537,7.737,0.5397,0,0,0,0,0,0,0,0,0,0,0,0,0,0,0,1,0,0,0,1,1,7644,131,68,158,100,150,114,27,39,0,12,0,12,119,107,0,12,7.9,3.9,3.5,2.2,3.3,2.5,0.6,0.9,0.0,0.8,0.0,0.8,2.6,2.3,0.0,0.8
39,Ohio,OH,39103,Medina County,39103408202,Census Tract 4082.02; Medina County; Ohio,2.265421052432,5144,581,2209,212,2079,222,509,233,76,75,331,136,58,71,161,153,929,217,1164,197,508,244,159,106,0,68,373,876,95,78,0,17,0,24,72,74,57,16,10.1,4.5,2.7,2.7,15.9,6.3,1.6,1.9,3.2,3.0,18.1,4.6,22.6,2.6,10.0,4.4,7.6,5.0,0.0,1.4,7.3,17.0,4.3,3.5,0.0,1.6,0.0,1.2,3.5,3.5,1.1,0.3,0.2091,0.2968,0.2254,0.0647,0.2491,1.0451,0.1095,0.539,0.5609,0.2174,0.661,0.0,1.9783,0.2625,0.2489,0.2489,0.2489,0.5314,0.0,0.0,0.3537,0.6703,1.5554,0.2489,4.8277,0.1257,0,0,0,0,0,0,0,0,0,0,0,0,0,0,0,0,0,0,0,0,0,3296,152,85,175,194,173,105,23,36,0,17,0,17,2,2,0,17,7.3,4.2,3.4,3.9,3.4,2.1,0.4,0.7,0.0,0.7,0.0,0.7,0.0,0.1,0.0,0.7
39,Ohio,OH,39103,Medina County,39103408301,Census Tract 4083.01; Medina County; Ohio,2.930751246628,3716,390,1496,150,1419,153,296,150,64,61,153,69,85,55,122,125,665,250,875,248,289,117,125,99,19,52,235,559,61,57,0,12,15,26,18,22,59,1,8.1,4.0,2.9,2.8,10.8,4.7,3.3,2.1,3.3,3.4,17.9,6.2,23.5,5.6,7.9,3.1,8.8,6.9,0.6,1.5,6.3,15.0,4.0,3.8,0.0,2.3,1.1,1.8,1.3,1.6,1.6,0.2,0.1495,0.327,0.0641,0.176,0.2634,0.98,0.0937,0.5231,0.6224,0.106,0.7254,0.6088,2.5857,0.6133,0.208,0.208,0.208,0.5184,0.0,0.587,0.1349,0.727,1.9673,0.4048,5.741,0.221,0,0,0,0,0,0,0,0,0,0,0,0,0,0,0,0,0,0,0,0,0,5333,75,48,9,14,41,41,103,94,0,12,0,12,82,46,0,12,5.3,3.4,0.2,0.4,1.1,1.1,2.8,2.5,0.0,0.9,0.0,0.9,2.2,1.3,0.0,0.9
39,Ohio,OH,39103,Medina County,39103408303,Census Tract 4083.03; Medina County; Ohio,0.821444360264,3451,471,1362,145,1329,155,409,217,59,51,299,114,105,77,169,97,424,98,805,169,289,196,111,87,0,48,418,654,224,105,0,12,0,16,40,44,73,3,12.2,6.2,3.1,2.7,22.5,8.2,4.2,3.1,5.0,2.8,12.3,3.1,23.3,3.6,8.6,5.1,8.4,6.5,0.0,1.4,12.1,18.9,16.4,7.5,0.0,2.5,0.0,1.2,3.0,3.3,2.1,0.3,0.2764,0.3537,0.4902,0.2441,0.4487,1.8131,0.3114,0.2074,0.6068,0.1415,0.7051,0.0,1.6608,0.1308,0.4204,0.4204,0.4204,0.8022,0.0,0.0,0.3051,0.7644,1.8717,0.3654,5.766,0.226,0,0,0,0,0,0,0,0,0,0,0,0,0,0,0,0,0,0,0,0,0,1656,176,114,285,221,133,123,0,12,0,12,0,12,0,12,0,12,13.2,8.0,8.3,6.0,3.9,3.6,0.0,1.0,0.0,1.0,0.0,1.0,0.0,1.0,0.0,1.0
39,Ohio,OH,39103,Medina County,39103408304,Census Tract 4083.04; Medina County; Ohio,1.438967018718,3069,262,1219,86,1219,86,381,242,42,41,166,94,72,56,34,31,555,67,766,119,289,146,124,91,0,48,270,353,3,13,10,16,41,54,0,12,0,12,12.4,7.8,2.5,2.4,13.6,7.7,3.3,2.5,1.1,1.0,18.1,2.2,25.0,2.7,9.4,4.7,10.2,7.4,0.0,1.7,8.8,11.5,0.2,1.1,0.8,1.3,3.4,4.4,0.0,2.8,0.0,0.4,0.2818,0.2657,0.1441,0.176,0.0451,0.9127,0.0841,0.539,0.7131,0.1787,0.7835,0.0,2.2143,0.3838,0.312,0.312,0.312,0.261,0.6095,0.8708,0.0,0.0,1.7413,0.313,5.1803,0.1587,0,0,0,0,0,0,0,0,0,0,0,0,0,0,0,0,0,0,0,0,0,2203,64,52,47,54,65,71,28,47,0,12,0,12,130,87,0,12,5.3,4.3,1.5,1.8,2.1,2.2,0.9,1.5,0.0,1.1,0.0,1.1,4.2,2.7,0.0,1.1
39,Ohio,OH,39103,Medina County,39103408305,Census Tract 4083.05; Medina County; Ohio,1.401262227908,2695,306,950,99,907,114,0,12,68,63,47,53,24,30,50,77,306,111,716,96,224,116,9,14,0,48,406,414,0,16,0,12,20,29,10,17,0,12,0.0,0.5,4.4,3.7,5.2,5.8,1.3,1.6,1.9,2.8,11.4,4.0,26.6,2.6,8.3,4.1,1.0,1.5,0.0,1.9,15.1,15.3,0.0,1.7,0.0,3.6,2.2,3.2,1.1,1.9,0.0,0.4,0.0,0.5244,0.0051,0.0488,0.1104,0.6887,0.0457,0.1718,0.7984,0.1257,0.0759,0.0,1.1718,0.0368,0.4965,0.4965,0.4965,0.0,0.0,0.7575,0.1194,0.0,0.8769,0.0857,3.2339,0.0168,0,0,0,0,0,0,0,0,0,0,0,0,0,0,0,0,0,0,0,0,0,776,20,28,58,80,175,107,1,3,0,12,0,12,172,138,0,12,2.2,3.0,2.2,2.9,6.5,4.0,0.0,0.1,0.0,1.3,0.0,1.3,6.4,4.8,0.0,1.3
39,Ohio,OH,39103,Medina County,39103409001,Census Tract 4090.01; Medina County; Ohio,26.335311625544,2453,456,1013,159,972,158,551,483,17,13,174,95,98,44,114,60,624,205,413,232,306,91,15,22,14,47,105,642,0,16,0,12,9,15,6,9,0,12,22.6,19.3,1.5,1.1,17.9,9.3,5.4,2.4,4.6,2.6,25.4,8.0,16.8,7.0,12.5,4.3,1.5,2.3,0.6,2.0,4.3,26.2,0.0,1.6,0.0,3.4,0.9,1.5,0.6,0.9,0.0,0.5,0.5712,0.1251,0.3073,0.3339,0.3996,1.7371,0.2911,0.8811,0.1972,0.3846,0.1156,0.6088,2.1873,0.373,0.1189,0.1189,0.1189,0.0,0.0,0.5384,0.0616,0.0,0.6,0.0483,4.6433,0.1073,0,0,0,0,0,0,0,0,0,0,0,0,0,0,0,0,0,0,0,0,0,614,75,49,1,2,22,36,2,3,3,5,0,12,63,47,14,14,7.7,5.1,0.0,0.1,0.9,1.5,0.1,0.1,0.1,0.2,0.0,1.4,2.6,1.9,0.6,0.6
39,Ohio,OH,39103,Medina County,39103409002,Census Tract 4090.02; Medina County; Ohio,19.919038473588,4877,383,2137,169,1869,151,523,207,62,48,243,71,213,76,296,217,879,141,1021,195,804,150,86,38,13,49,240,532,0,16,5,9,22,24,18,20,56,7,10.7,4.2,2.2,1.7,13.0,3.7,6.2,2.1,6.1,4.4,18.0,2.8,20.9,3.2,16.5,2.7,4.6,2.0,0.3,1.0,4.9,10.9,0.0,0.7,0.2,0.4,1.2,1.3,1.0,1.0,1.1,0.1,0.2307,0.2238,0.1248,0.3966,0.5547,1.5306,0.2321,0.5317,0.4426,0.6334,0.4381,0.4968,2.5426,0.586,0.1474,0.1474,0.1474,0.0,0.5527,0.6038,0.1067,0.6703,1.9335,0.3908,6.1541,0.2825,0,0,0,0,0,0,0,0,0,0,0,0,0,0,0,0,0,0,0,0,0,1786,249,86,0,12,192,162,17,22,0,12,0,12,31,30,0,12,13.3,4.6,0.0,0.7,3.9,3.2,0.3,0.5,0.0,0.7,0.0,0.7,0.6,0.6,0.0,0.7
39,Ohio,OH,39103,Medina County,39103410000,Census Tract 4100; Medina County; Ohio,49.529102011476,3864,483,1457,153,1425,153,205,95,22,20,324,165,314,135,294,164,595,162,843,237,380,129,12,13,11,49,178,690,16,16,8,13,44,31,95,61,0,12,5.3,2.4,1.0,1.0,22.7,11.3,11.8,5.1,7.6,4.2,15.4,4.6,21.8,4.2,9.8,3.4,0.9,0.9,0.3,1.3,4.6,17.8,1.1,1.1,0.5,0.9,3.1,2.1,6.7,4.4,0.0,0.3,0.0705,0.0714,0.4962,0.7131,0.6855,2.0367,0.3781,0.3643,0.5025,0.2056,0.0705,0.4968,1.6397,0.1225,0.1335,0.1335,0.1335,0.3378,0.5717,0.8502,0.5816,0.0,2.3413,0.5676,6.1512,0.2819,0,0,0,0,0,0,0,0,0,0,0,0,0,0,0,0,0,0,0,0,0,1376,239,87,66,61,2,5,0,12,0,12,0,12,110,77,0,12,16.8,6.5,1.7,1.6,0.1,0.1,0.0,0.9,0.0,0.9,0.0,0.9,2.8,2.0,0.0,0.9
39,Ohio,OH,39103,Medina County,39103411001,Census Tract 4110.01; Medina County; Ohio,21.848675883068,1620,239,705,94,653,104,400,153,37,25,133,64,143,82,173,142,303,65,286,72,168,68,0,16,77,83,123,351,0,16,0,12,18,17,24,19,0,12,24.7,8.7,4.6,3.1,20.4,9.2,11.8,6.1,10.8,8.9,18.7,3.3,17.7,4.2,10.5,4.3,0.0,2.5,4.9,5.2,7.6,21.6,0.0,2.3,0.0,4.8,2.7,2.6,3.7,3.0,0.0,0.7,0.6169,0.5451,0.413,0.7131,0.8502,3.1383,0.6984,0.5821,0.2419,0.2453,0.0,0.9493,2.0186,0.2803,0.2609,0.2609,0.2609,0.0,0.0,0.814,0.3727,0.0,1.1867,0.1432,6.6045,0.3613,0,0,0,0,0,0,0,0,0,0,1,1,0,0,0,0,0,0,0,0,1,1236,168,67,0,12,115,128,0,12,0,12,0,12,8,11,0,12,25.7,9.9,0.0,2.1,7.1,7.9,0.0,2.1,0.0,2.1,0.0,2.1,0.5,0.7,0.0,2.1
39,Ohio,OH,39103,Medina County,39103411002,Census Tract 4110.02; Medina County; Ohio,4.465177737724,2991,273,1355,134,1264,125,745,330,57,49,280,102,250,120,146,100,441,115,633,143,510,156,59,41,26,54,155,379,80,49,132,82,13,22,69,45,32,5,24.9,10.8,3.4,2.9,22.2,7.8,12.0,5.6,4.9,3.3,14.7,4.1,21.2,4.8,17.1,5.4,4.7,3.2,0.9,1.9,5.2,12.7,5.9,3.6,9.7,6.0,1.0,1.7,5.5,3.6,1.1,0.1,0.6217,0.3975,0.4803,0.7207,0.4376,2.6578,0.5575,0.3282,0.4654,0.6674,0.4476,0.6855,2.5941,0.6178,0.1585,0.1585,0.1585,0.5848,0.8724,0.5676,0.5098,0.6703,3.2049,0.8803,8.6153,0.6765,0,0,0,0,0,0,0,0,0,0,0,0,0,0,0,0,0,0,0,0,0,1972,258,101,12,14,57,64,51,77,5,10,0,12,30,29,0,12,20.4,7.6,0.4,0.5,1.9,2.2,1.7,2.5,0.2,0.3,0.0,1.2,1.0,0.9,0.0,1.2
39,Ohio,OH,39103,Medina County,39103412000,Census Tract 4120; Medina County; Ohio,25.37504236067,4418,340,1910,202,1805,176,283,134,55,38,291,93,275,215,110,60,1091,274,887,219,639,178,81,54,0,48,332,441,0,16,0,12,1,12,27,14,17,3,6.4,3.0,2.2,1.4,16.1,4.9,8.4,6.2,2.5,1.3,24.7,5.5,20.1,4.6,14.5,3.9,4.5,3.0,0.0,1.1,7.5,10.0,0.0,0.8,0.0,1.8,0.1,0.7,1.5,0.8,0.4,0.1,0.0984,0.2238,0.2321,0.5428,0.1692,1.2663,0.161,0.8532,0.3906,0.5198,0.4286,0.0,2.1922,0.3752,0.2562,0.2562,0.2562,0.0,0.0,0.3819,0.1597,0.5374,1.079,0.1203,4.7937,0.1229,0,0,0,0,0,0,0,0,0,0,0,0,0,0,0,0,0,0,0,0,0,6347,181,68,0,12,43,33,0,12,0,12,0,12,151,98,138,181,10.0,3.5,0.0,0.8,1.0,0.7,0.0,0.8,0.0,0.8,0.0,0.8,3.4,2.1,3.1,4.0
39,Ohio,OH,39103,Medina County,39103413000,Census Tract 4130; Medina County; Ohio,25.126191127426,5259,342,2294,211,2086,206,309,118,50,37,252,76,260,144,178,114,1302,298,1049,215,710,217,81,47,0,68,144,475,49,33,5,8,22,28,30,27,81,4,6.0,2.2,1.8,1.4,12.1,3.4,6.7,4.0,3.4,2.1,24.8,5.0,19.9,3.9,13.7,3.8,3.9,2.2,0.0,1.3,2.7,9.0,2.1,1.4,0.2,0.3,1.1,1.3,1.4,1.3,1.5,0.1,0.0844,0.1654,0.1006,0.4293,0.2745,1.0542,0.1117,0.858,0.3751,0.4589,0.3638,0.0,2.0558,0.2987,0.0558,0.0558,0.0558,0.4111,0.5527,0.587,0.1476,0.7146,2.413,0.5968,5.5788,0.1984,0,0,0,0,0,0,0,0,0,0,0,0,0,0,0,0,0,0,0,0,0,3568,206,73,17,32,59,52,4,8,0,17,0,17,59,59,5,8,9.9,3.5,0.3,0.6,1.1,1.0,0.1,0.1,0.0,0.7,0.0,0.7,1.1,1.1,0.1,0.2
39,Ohio,OH,39103,Medina County,39103415100,Census Tract 4151; Medina County; Ohio,2.46962229209,4729,610,1638,147,1575,164,110,75,32,28,73,54,79,60,27,25,356,83,1402,373,261,82,22,24,0,48,102,871,0,16,0,12,6,16,21,22,11,2,2.3,1.6,1.2,1.0,4.6,3.4,2.6,2.0,0.6,0.5,7.5,1.8,29.6,4.5,5.5,1.8,1.4,1.5,0.0,1.1,2.2,18.4,0.0,1.0,0.0,2.1,0.4,1.0,1.3,1.4,0.2,0.0,0.0152,0.0898,0.0029,0.1243,0.0187,0.2509,0.0048,0.0545,0.9033,0.0352,0.1086,0.0,1.1016,0.0298,0.0412,0.0412,0.0412,0.0,0.0,0.4206,0.1349,0.4356,0.9911,0.1041,2.3848,0.0022,0,0,0,0,0,0,0,1,0,0,0,1,0,0,0,0,0,0,0,0,1,4825,57,51,3,6,29,31,7,9,0,12,0,12,63,68,0,12,3.6,3.3,0.1,0.1,0.6,0.7,0.1,0.2,0.0,0.7,0.0,0.7,1.3,1.5,0.0,0.7
39,Ohio,OH,39103,Medina County,39103415200,Census Tract 4152; Medina County; Ohio,1.804533797746,4479,495,1664,166,1631,178,575,281,37,32,270,100,241,114,66,38,805,104,1062,224,599,185,68,46,31,57,410,695,24,28,25,35,17,22,67,51,18,4,12.9,6.1,1.6,1.3,16.6,5.9,8.3,4.0,1.5,0.9,18.0,2.9,23.7,3.9,13.4,4.3,4.2,2.8,0.7,1.4,9.2,15.5,1.4,1.7,1.5,2.1,1.0,1.3,4.1,3.2,0.4,0.1,0.3005,0.1346,0.2546,0.5365,0.072,1.2982,0.1686,0.5317,0.6354,0.4418,0.394,0.6367,2.6396,0.6473,0.3269,0.3269,0.3269,0.3663,0.6667,0.5676,0.4063,0.5374,2.5443,0.6543,6.809,0.3965,0,0,0,0,0,0,0,0,0,0,0,0,0,0,0,0,0,0,0,0,0,6205,69,44,27,29,215,153,9,14,0,12,0,12,159,144,0,12,4.2,2.7,0.6,0.7,4.8,3.5,0.2,0.3,0.0,0.8,0.0,0.8,3.5,3.1,0.0,0.8
39,Ohio,OH,39103,Medina County,39103415300,Census Tract 4153; Medina County; Ohio,1.429638794398,4501,586,2222,245,2177,249,450,265,91,79,620,212,110,86,129,152,936,149,863,267,510,183,134,115,31,60,215,840,539,226,0,12,12,28,86,78,137,12,10.3,5.9,3.6,3.1,28.5,9.2,3.3,2.5,2.9,3.4,20.8,4.0,19.2,4.1,11.6,4.1,6.2,5.2,0.7,1.4,4.8,18.7,24.3,9.8,0.0,1.6,0.6,1.3,4.0,3.7,3.0,0.5,0.2161,0.4308,0.6914,0.176,0.2142,1.7285,0.287,0.7051,0.3313,0.3234,0.5657,0.6367,2.5622,0.5971,0.1439,0.1439,0.1439,0.8822,0.0,0.4632,0.3981,0.8291,2.5726,0.666,7.0072,0.4248,0,0,0,0,0,0,0,0,0,0,0,0,0,0,0,0,0,0,0,0,0,3286,234,140,12,35,83,92,22,32,21,29,0,12,77,85,0,12,10.7,6.3,0.3,0.8,1.8,2.0,0.5,0.7,0.5,0.7,0.0,0.8,1.7,1.9,0.0,0.8
39,Ohio,OH,39103,Medina County,39103415400,Census Tract 4154; Medina County; Ohio,1.58448345709,4194,437,1767,162,1739,157,470,178,36,30,286,96,98,46,74,51,901,165,808,172,443,119,147,87,0,48,316,635,109,88,0,12,38,60,92,55,57,2,11.4,4.1,1.7,1.4,16.4,5.3,3.1,1.5,1.8,1.2,21.5,3.8,19.3,3.8,10.7,2.8,8.5,4.9,0.0,1.2,7.5,15.1,6.1,4.9,0.0,2.0,2.2,3.4,5.3,3.3,1.4,0.2,0.2542,0.1492,0.2451,0.1579,0.1022,0.9086,0.0835,0.7343,0.3377,0.2615,0.7102,0.0,2.0437,0.2937,0.2562,0.2562,0.2562,0.5905,0.0,0.7575,0.4917,0.7029,2.5426,0.653,5.7511,0.2225,0,0,0,0,0,0,0,0,0,0,0,0,0,0,0,0,0,0,0,0,0,2099,153,75,66,67,60,49,12,17,0,12,0,12,176,131,2,4,8.8,4.4,1.6,1.6,1.4,1.2,0.3,0.4,0.0,0.8,0.0,0.8,4.2,3.1,0.0,0.1
39,Ohio,OH,39103,Medina County,39103415801,Census Tract 4158.01; Medina County; Ohio,1.427256158956,5567,595,1959,138,1935,136,405,246,62,47,487,204,195,104,214,130,445,175,1669,417,409,164,50,53,16,70,438,860,221,122,0,17,9,24,122,99,19,3,7.3,4.4,1.9,1.5,25.2,10.4,6.0,3.2,3.9,2.3,8.0,3.5,30.0,4.8,7.4,3.3,2.6,2.7,0.3,1.4,7.9,15.4,11.3,6.2,0.0,1.8,0.5,1.2,6.3,4.9,0.3,0.0,0.1276,0.1787,0.5889,0.3811,0.3224,1.5987,0.2533,0.0682,0.9138,0.0847,0.2187,0.4968,1.7822,0.1727,0.2771,0.2771,0.2771,0.7159,0.0,0.4413,0.5603,0.4924,2.2099,0.5044,5.8679,0.2416,0,0,0,0,0,0,0,1,0,0,0,1,0,0,0,0,0,0,0,0,1,2071,99,83,63,82,104,92,174,156,0,17,0,17,97,86,0,17,5.1,4.1,1.1,1.5,1.9,1.7,3.1,2.8,0.0,0.6,0.0,0.6,1.7,1.5,0.0,0.6
39,Ohio,OH,39103,Medina County,39103415802,Census Tract 4158.02; Medina County; Ohio,2.014548575218,1870,283,852,117,846,117,128,102,17,26,106,64,230,132,247,175,568,152,361,102,193,94,14,22,78,67,494,386,0,16,45,63,0,16,0,12,0,12,6.8,5.4,1.8,2.7,12.5,7.4,15.3,8.2,13.2,8.6,30.4,8.2,19.3,4.2,10.3,4.8,1.6,2.6,4.5,3.8,26.4,20.3,0.0,1.9,5.3,7.4,0.0,1.9,0.0,4.0,0.0,0.6,0.113,0.1654,0.1124,0.8269,0.9143,2.132,0.406,0.9616,0.3377,0.2329,0.1238,0.9413,2.5973,0.619,0.6703,0.6703,0.6703,0.0,0.7908,0.0,0.0,0.0,0.7908,0.0752,6.1904,0.2892,0,0,0,0,1,1,1,0,0,0,1,2,0,0,0,0,0,0,0,0,3,961,131,66,0,12,168,168,301,225,0,12,0,12,25,32,0,12,15.5,7.6,0.0,1.9,9.0,8.3,16.1,11.8,0.0,1.9,0.0,1.9,1.3,1.7,0.0,1.9
39,Ohio,OH,39103,Medina County,39103416000,Census Tract 4160; Medina County; Ohio,2.31268148164,5676,600,2418,202,2386,215,1257,445,37,45,594,193,164,96,316,151,837,208,1118,180,901,233,195,99,0,68,436,856,566,175,0,17,4,18,25,29,5,3,22.1,7.5,1.0,1.2,24.9,7.8,4.2,2.4,5.6,2.7,14.7,3.7,19.7,2.6,15.9,4.5,8.2,4.1,0.0,1.3,7.7,15.1,23.4,7.0,0.0,1.4,0.2,0.8,1.0,1.2,0.1,0.1,0.5611,0.0714,0.5752,0.2441,0.5075,1.9593,0.3533,0.3282,0.3653,0.5985,0.6946,0.0,1.9866,0.266,0.2666,0.2666,0.2666,0.8762,0.0,0.3905,0.1067,0.3694,1.7428,0.3133,5.9553,0.253,0,0,0,0,0,0,0,0,0,0,0,0,0,0,0,0,0,0,0,0,0,5629,386,147,0,17,278,209,58,83,0,17,0,17,100,113,0,17,16.2,6.5,0.0,0.6,4.9,3.6,1.0,1.5,0.0,0.6,0.0,0.6,1.8,2.0,0.0,0.6
39,Ohio,OH,39103,Medina County,39103416100,Census Tract 4161; Medina County; Ohio,5.191158378488,4721,511,1912,126,1824,118,310,126,148,86,240,103,174,80,241,145,880,116,915,167,876,316,75,65,162,236,586,731,12,23,0,12,0,16,37,33,40,6,6.6,2.6,5.4,2.9,13.2,5.6,4.9,2.2,5.1,3.0,18.6,2.7,19.4,2.9,18.6,5.7,4.1,3.6,3.6,5.2,12.4,15.4,0.6,1.2,0.0,1.8,0.0,0.9,2.0,1.9,0.8,0.1,0.1066,0.6143,0.1298,0.2955,0.4611,1.6073,0.2552,0.5767,0.3453,0.7407,0.3844,0.9182,2.9653,0.8076,0.4277,0.4277,0.4277,0.2886,0.0,0.0,0.2127,0.6344,1.1357,0.133,6.136,0.28,0,0,0,0,0,0,0,0,0,0,1,1,0,0,0,0,0,0,0,0,1,2763,179,84,53,48,259,157,11,19,0,12,0,12,251,123,12,20,9.8,4.6,1.1,1.0,5.5,3.4,0.2,0.4,0.0,0.7,0.0,0.7,5.3,2.5,0.3,0.4
39,Ohio,OH,39103,Medina County,39103416200,Census Tract 4162; Medina County; Ohio,4.947874736084,4503,460,2205,324,2126,328,833,325,45,40,612,210,347,172,110,70,906,153,1049,218,714,215,203,96,0,48,770,690,652,182,26,39,0,16,194,76,16,2,18.6,7.0,1.9,1.6,28.8,8.8,11.0,5.5,2.5,1.5,20.1,3.4,23.3,4.1,15.9,4.4,9.5,4.3,0.0,1.1,17.1,15.2,29.6,7.0,1.2,1.8,0.0,0.8,9.1,4.0,0.4,0.0,0.4729,0.1787,0.6997,0.6855,0.1692,2.206,0.4289,0.6687,0.6068,0.5985,0.76,0.0,2.634,0.6441,0.5387,0.5387,0.5387,0.9156,0.6451,0.0,0.6905,0.5374,2.7886,0.7556,8.1673,0.6124,0,0,0,0,0,0,0,0,0,0,0,0,0,0,1,0,0,0,0,1,1,2401,298,172,171,125,143,105,49,41,0,12,0,12,398,304,9,13,14.0,7.4,3.8,2.8,3.2,2.3,1.1,0.9,0.0,0.8,0.0,0.8,8.8,6.7,0.2,0.3
39,Ohio,OH,39103,Medina County,39103416300,Census Tract 4163; Medina County; Ohio,0.745955627734,2735,255,1222,129,1136,143,294,164,77,76,241,124,142,101,22,21,506,107,506,114,253,115,110,73,21,58,607,405,242,104,48,80,10,22,48,80,0,12,10.8,6.0,4.7,4.6,21.2,10.6,7.7,5.0,0.8,0.7,18.5,4.0,18.5,3.7,9.3,3.9,9.7,6.3,0.8,2.2,22.2,14.7,19.8,8.2,3.9,6.3,0.9,1.9,4.2,6.7,0.0,0.4,0.2342,0.553,0.4451,0.4933,0.0279,1.7535,0.2971,0.5698,0.2828,0.1755,0.7679,0.6636,2.4596,0.5346,0.6202,0.6202,0.6202,0.8432,0.7594,0.5384,0.4114,0.0,2.5524,0.6581,7.3857,0.486,0,0,0,0,0,0,0,0,0,0,0,0,0,0,0,0,0,0,0,0,0,1317,77,84,354,312,191,150,11,31,0,12,0,12,51,54,0,12,6.8,7.0,12.9,11.0,7.0,5.6,0.4,1.1,0.0,1.3,0.0,1.3,1.9,2.0,0.0,1.3
39,Ohio,OH,39103,Medina County,39103416400,Census Tract 4164; Medina County; Ohio,1.061584360184,3498,356,1338,106,1326,109,454,248,30,34,228,104,125,83,134,79,643,135,808,177,325,86,96,65,18,52,371,476,198,73,0,12,19,21,13,19,10,3,13.0,7.0,1.7,1.9,17.2,7.7,5.2,3.3,3.8,2.2,18.4,3.7,23.1,3.7,9.3,2.6,7.2,4.9,0.5,1.5,10.6,13.6,14.8,5.3,0.0,2.6,1.5,1.6,1.0,1.4,0.3,0.1,0.3043,0.1492,0.2784,0.3148,0.3113,1.358,0.1854,0.5621,0.5948,0.1755,0.6337,0.5796,2.5457,0.5876,0.3748,0.3748,0.3748,0.7775,0.0,0.6606,0.1067,0.4924,2.0372,0.4346,6.3157,0.3083,0,0,0,0,0,0,0,0,0,0,0,0,0,0,0,0,0,0,0,0,0,1039,92,63,17,36,82,68,2,11,0,12,0,12,262,166,8,21,6.9,4.6,0.5,1.0,2.3,2.0,0.1,0.3,0.0,1.0,0.0,1.0,7.5,4.5,0.2,0.6
39,Ohio,OH,39103,Medina County,39103417001,Census Tract 4170.01; Medina County; Ohio,2.123121615924,4524,433,1763,164,1722,170,828,337,98,114,314,110,29,33,273,175,722,123,1122,203,411,148,72,52,0,48,151,615,0,16,0,12,45,48,12,18,2,1,18.3,7.2,3.8,4.2,18.2,6.1,0.9,1.0,6.0,3.6,16.0,3.1,24.8,3.5,9.1,3.3,4.2,3.0,0.0,1.1,3.3,13.6,0.0,0.9,0.0,2.0,2.6,2.8,0.7,1.1,0.0,0.0,0.4637,0.4524,0.3213,0.0289,0.5459,1.8122,0.3108,0.3989,0.7004,0.1644,0.394,0.0,1.6577,0.1292,0.0793,0.0793,0.0793,0.0,0.0,0.8029,0.0762,0.0,0.8791,0.0867,4.4283,0.0905,0,0,0,0,0,0,0,0,0,0,0,0,0,0,0,0,0,0,0,0,0,3325,178,82,0,12,0,12,0,12,0,12,0,12,151,91,0,12,10.3,4.7,0.0,0.8,0.0,0.8,0.0,0.8,0.0,0.8,0.0,0.8,3.3,2.0,0.0,0.8
39,Ohio,OH,39103,Medina County,39103417002,Census Tract 4170.02; Medina County; Ohio,5.397978934114,4779,683,2165,338,2146,336,267,209,31,42,465,235,169,105,99,76,1304,320,749,146,667,322,18,25,32,69,289,971,337,146,0,12,16,28,239,112,68,1,5.7,4.4,1.2,1.6,21.7,10.4,4.7,3.0,2.1,1.7,27.3,7.0,15.7,3.3,14.2,6.7,0.8,1.2,0.7,1.5,6.0,20.3,15.6,6.3,0.0,1.6,0.7,1.3,11.1,5.4,1.4,0.2,0.0781,0.0898,0.4616,0.2815,0.1301,1.0411,0.1079,0.9242,0.1525,0.4919,0.0625,0.6367,2.2678,0.4159,0.1928,0.1928,0.1928,0.7889,0.0,0.4873,0.7552,0.7029,2.7343,0.7337,6.236,0.2968,0,0,0,0,0,0,1,0,0,0,0,1,0,0,0,0,0,0,0,0,1,3584,436,190,116,167,104,99,32,52,0,12,0,12,37,42,0,12,20.3,8.4,2.4,3.5,2.2,2.1,0.7,1.1,0.0,0.7,0.0,0.7,0.8,0.9,0.0,0.7
39,Ohio,OH,39103,Medina County,39103417100,Census Tract 4171; Medina County; Ohio,5.423604909956,7175,681,3151,258,3039,234,826,310,44,53,542,192,178,130,197,122,1504,238,1535,227,1048,330,218,137,0,68,413,965,415,190,68,63,19,35,175,107,22,3,11.6,4.2,1.2,1.4,17.8,6.2,3.5,2.5,2.8,1.7,21.0,3.4,21.4,2.8,14.6,4.6,7.2,4.5,0.0,1.0,5.8,13.4,13.2,5.9,2.2,2.0,0.6,1.2,5.8,3.4,0.3,0.0,0.2609,0.0898,0.3038,0.1912,0.1996,1.0453,0.1098,0.7121,0.4803,0.5236,0.6337,0.0,2.3497,0.4632,0.1855,0.1855,0.1855,0.7514,0.707,0.4632,0.5292,0.4924,2.9432,0.8102,6.5237,0.346,0,0,0,0,0,0,0,0,0,0,0,0,0,0,0,0,0,0,0,0,0,6098,221,120,126,157,110,88,143,108,0,17,0,17,34,34,0,17,7.3,3.9,1.8,2.2,1.5,1.2,2.0,1.5,0.0,0.5,0.0,0.5,0.5,0.5,0.0,0.5
39,Ohio,OH,39103,Medina County,39103417200,Census Tract 4172; Medina County; Ohio,5.559647563554,6761,862,2763,272,2687,283,846,513,201,152,452,189,273,138,372,202,929,230,1251,221,724,233,239,115,0,68,364,1202,51,61,0,17,39,61,91,81,79,4,12.6,7.5,4.9,3.7,16.8,6.8,5.8,2.9,5.6,2.8,13.7,3.6,18.5,2.8,10.8,3.6,8.9,4.2,0.0,1.1,5.4,17.8,1.9,2.2,0.0,1.3,1.5,2.3,3.4,2.9,1.2,0.2,0.2897,0.5711,0.2635,0.3662,0.5075,1.998,0.3654,0.2752,0.2828,0.2691,0.7311,0.0,1.5582,0.1035,0.1687,0.1687,0.1687,0.3975,0.0,0.6606,0.3438,0.6814,2.0833,0.4502,5.8082,0.2324,0,0,0,0,0,0,0,0,0,0,0,0,0,0,0,0,0,0,0,0,0,7085,232,121,78,119,124,75,62,89,0,17,0,17,100,80,0,17,8.6,4.4,1.2,1.8,1.8,1.1,0.9,1.3,0.0,0.5,0.0,0.5,1.5,1.2,0.0,0.5
39,Ohio,OH,39103,Medina County,39103417300,Census Tract 4173; Medina County; Ohio,7.466311517932,4371,544,1997,280,1912,283,694,262,137,161,469,141,150,105,294,186,849,161,818,180,671,232,67,40,0,48,249,761,272,88,8,13,17,32,114,56,88,2,16.2,5.8,5.5,6.2,24.5,6.4,5.2,3.5,6.9,4.1,19.4,4.1,18.7,2.9,15.7,5.6,3.5,2.0,0.0,1.1,5.7,17.4,13.6,4.0,0.4,0.6,0.9,1.7,6.0,3.0,2.0,0.3,0.3951,0.621,0.5597,0.3148,0.6274,2.518,0.5146,0.6287,0.2964,0.5874,0.3187,0.0,1.8312,0.1946,0.1829,0.1829,0.1829,0.7568,0.5625,0.5384,0.5413,0.7584,3.1574,0.8702,7.6895,0.5314,0,0,0,0,0,0,0,0,0,0,0,0,0,0,0,0,0,0,0,0,0,4345,143,77,110,126,72,77,0,12,0,12,0,12,67,59,0,12,7.5,4.1,2.5,2.8,1.6,1.8,0.0,0.8,0.0,0.8,0.0,0.8,1.5,1.4,0.0,0.8
39,Ohio,OH,39105,Meigs County,39105964100,Census Tract 9641; Meigs County; Ohio,97.727469889078,4137,484,1927,210,1576,187,1194,405,225,149,292,127,295,116,444,223,712,119,930,155,553,139,84,68,0,48,69,684,8,20,509,154,0,16,74,65,0,12,29.1,9.3,12.2,7.4,18.5,7.8,9.9,4.1,10.7,4.9,17.2,3.4,22.5,3.4,13.4,3.7,5.3,4.3,0.0,1.2,1.7,16.5,0.4,1.0,26.4,7.3,0.0,1.0,4.7,4.1,0.0,0.3,0.6966,0.8876,0.3324,0.6319,0.8458,3.3943,0.7556,0.4765,0.5526,0.4418,0.5022,0.0,1.9731,0.2597,0.0254,0.0254,0.0254,0.2743,0.9784,0.0,0.4479,0.0,1.7006,0.2952,7.0934,0.4375,0,0,0,0,0,0,0,0,0,0,0,0,0,0,0,1,0,0,0,1,1,2798,362,111,0,12,20,27,0,12,0,12,0,12,49,47,0,12,23.0,6.7,0.0,0.8,0.5,0.7,0.0,0.8,0.0,0.8,0.0,0.8,1.2,1.1,0.0,0.8
39,Ohio,OH,39105,Meigs County,39105964200,Census Tract 9642; Meigs County; Ohio,110.640841627364,4415,453,2084,197,1588,179,954,291,120,74,214,83,384,141,382,186,1209,159,677,149,1021,243,32,32,0,48,321,640,0,16,456,121,31,38,25,22,91,2,22.1,6.3,6.7,3.9,13.5,5.0,11.7,4.4,8.8,4.2,27.4,3.5,15.3,3.0,23.6,5.3,2.0,2.0,0.0,1.1,7.3,14.5,0.0,0.8,21.9,6.1,1.9,2.4,1.6,1.4,2.1,0.2,0.5611,0.7032,0.1397,0.7093,0.7623,2.8756,0.6235,0.9255,0.1392,0.9067,0.159,0.0,2.1304,0.3413,0.2489,0.2489,0.2489,0.0,0.9676,0.7219,0.1724,0.7644,2.6263,0.6898,7.8812,0.5632,0,0,0,0,0,0,1,0,1,0,0,2,0,0,0,1,0,0,0,1,3,1918,509,167,44,44,64,54,0,12,0,12,0,12,213,72,0,12,32.1,9.1,1.0,1.0,1.4,1.2,0.0,0.8,0.0,0.8,0.0,0.8,4.8,1.6,0.0,0.8
39,Ohio,OH,39105,Meigs County,39105964300,Census Tract 9643; Meigs County; Ohio,129.24446340562199,4561,540,2074,215,1793,206,1782,412,122,72,472,188,582,246,517,279,722,106,1203,229,1060,246,172,93,0,48,98,758,0,16,746,222,0,16,100,71,0,12,39.3,7.8,7.1,4.2,26.3,10.0,19.5,7.6,11.3,6.0,15.8,3.1,26.4,3.2,23.2,4.9,9.5,5.1,0.0,1.1,2.1,16.6,0.0,0.8,36.0,8.9,0.0,0.9,5.6,3.8,0.0,0.3,0.8289,0.7283,0.6283,0.9033,0.8686,3.9574,0.8794,0.3865,0.7882,0.8994,0.76,0.0,2.8341,0.747,0.0374,0.0374,0.0374,0.0,0.9946,0.0,0.5175,0.0,1.5121,0.234,8.341,0.6375,0,0,0,1,0,1,0,0,0,0,0,0,0,0,0,1,0,0,0,1,2,2887,419,133,0,12,15,19,0,12,0,12,0,12,83,76,0,12,23.4,7.4,0.0,0.8,0.3,0.4,0.0,0.8,0.0,0.8,0.0,0.8,1.8,1.7,0.0,0.8
39,Ohio,OH,39105,Meigs County,39105964400,Census Tract 9644; Meigs County; Ohio,4.711359847842,2920,330,1482,161,1282,151,1248,302,35,32,290,88,319,126,140,57,563,101,628,154,781,186,95,53,0,48,228,465,171,61,187,63,5,14,197,78,105,3,44.6,9.4,2.8,2.6,22.6,6.3,14.9,5.5,5.0,2.0,19.3,3.6,21.5,4.2,27.7,5.1,7.4,4.0,0.0,1.7,7.8,15.9,11.5,3.9,12.6,3.9,0.4,1.1,15.4,5.7,3.6,0.4,0.8753,0.3133,0.494,0.8161,0.4487,2.9474,0.6429,0.6208,0.4848,0.9645,0.647,0.0,2.7171,0.6908,0.272,0.272,0.272,0.7197,0.9057,0.4206,0.8438,0.8545,3.7443,0.9708,9.6808,0.8133,0,0,0,0,0,0,0,0,1,0,0,1,0,0,0,1,0,0,0,1,2,2444,295,83,45,45,6,12,0,12,0,12,0,12,177,94,0,12,23.0,5.6,1.5,1.6,0.2,0.4,0.0,1.2,0.0,1.2,0.0,1.2,6.1,3.2,0.0,1.2
39,Ohio,OH,39105,Meigs County,39105964500,Census Tract 9645; Meigs County; Ohio,17.388245269433998,2709,333,1477,132,1099,130,1057,302,25,21,287,105,323,92,124,78,436,87,771,214,621,139,36,27,0,48,63,464,149,64,351,100,0,16,107,63,21,15,39.9,10.4,2.6,2.2,26.1,9.0,17.8,4.4,4.6,2.9,16.1,3.5,28.5,5.6,23.0,4.8,3.3,2.4,0.0,1.9,2.3,17.1,10.1,4.2,23.8,6.2,0.0,1.5,9.7,5.4,0.8,0.5,0.8366,0.2822,0.6203,0.877,0.3996,3.0157,0.6654,0.4071,0.8719,0.8959,0.2943,0.0,2.4692,0.5394,0.0438,0.0438,0.0438,0.6933,0.9727,0.0,0.7102,0.6344,3.0106,0.833,8.5393,0.667,0,0,0,0,0,0,0,0,0,0,0,0,0,0,0,1,0,0,0,1,1,3712,234,66,3,8,29,44,0,12,4,8,0,12,27,42,0,12,21.3,5.4,0.1,0.3,1.1,1.6,0.0,1.3,0.1,0.3,0.0,1.3,1.0,1.5,0.0,1.3
39,Ohio,OH,39105,Meigs County,39105964600,Census Tract 9646; Meigs County; Ohio,70.388983027808,3500,367,1635,163,1495,162,1038,352,40,61,331,135,347,144,211,103,846,181,663,179,942,219,131,74,40,71,58,524,3,12,459,153,0,16,83,57,0,12,29.9,9.6,3.1,4.5,22.1,8.7,13.3,5.1,6.0,2.9,24.2,5.4,18.9,4.4,26.9,6.0,8.7,4.9,1.2,2.2,1.7,15.0,0.2,0.7,28.1,8.5,0.0,1.1,5.6,3.7,0.0,0.3,0.7093,0.3537,0.4768,0.7689,0.5459,2.8546,0.6181,0.8399,0.3107,0.9584,0.7194,0.7403,3.5687,0.9594,0.0254,0.0254,0.0254,0.261,0.9819,0.0,0.5175,0.0,1.7604,0.3225,8.2091,0.619,0,0,0,0,0,0,0,0,1,0,0,1,0,0,0,1,0,0,0,1,2,2450,500,149,4,6,54,57,0,12,0,12,0,12,0,12,0,12,33.4,8.6,0.1,0.2,1.5,1.7,0.0,1.0,0.0,1.0,0.0,1.0,0.0,1.0,0.0,1.0
39,Ohio,OH,39107,Mercer County,39107967200,Census Tract 9672; Mercer County; Ohio,92.401012875546,3416,277,1507,146,1433,136,609,179,50,34,246,65,225,82,155,68,942,167,613,116,558,115,54,32,0,48,282,390,56,29,102,67,5,13,64,29,119,4,18.6,5.2,3.0,2.0,17.2,4.2,8.7,3.0,4.7,2.0,27.6,4.8,17.9,3.2,16.9,3.2,3.8,2.2,0.0,1.5,8.3,11.4,3.7,1.9,6.8,4.3,0.3,0.9,4.5,2.1,3.5,0.3,0.4729,0.3403,0.2784,0.5574,0.4135,2.0625,0.3848,0.9299,0.2495,0.6598,0.3502,0.0,2.1894,0.374,0.2933,0.2933,0.2933,0.5048,0.8232,0.4041,0.4365,0.8516,3.0202,0.8375,7.5654,0.5117,0,0,0,0,0,0,1,0,0,0,0,1,0,0,0,0,0,0,0,0,1,2580,327,115,22,37,114,92,0,12,8,10,15,33,123,71,0,12,22.8,6.9,0.6,1.1,3.3,2.6,0.0,1.0,0.2,0.3,0.4,1.0,3.6,2.1,0.0,1.0
39,Ohio,OH,39107,Mercer County,39107967300,Census Tract 9673; Mercer County; Ohio,137.91747417603,4159,443,1750,146,1587,151,536,207,57,60,227,105,178,64,314,163,835,158,1073,275,493,132,17,22,0,48,31,625,0,16,63,44,19,25,23,22,0,12,13.1,4.8,2.6,2.7,14.3,6.5,6.4,2.2,7.5,3.8,20.1,3.7,25.8,4.6,11.9,3.1,1.1,1.4,0.0,1.2,0.7,15.0,0.0,0.9,3.6,2.5,1.2,1.6,1.4,1.4,0.0,0.3,0.3078,0.2822,0.1641,0.4112,0.6798,1.8451,0.3203,0.6687,0.7562,0.345,0.0829,0.0,1.8528,0.2029,0.0044,0.0044,0.0044,0.0,0.7502,0.6038,0.1476,0.0,1.5016,0.2308,5.2039,0.161,0,0,0,0,0,0,0,0,0,0,0,0,0,0,0,0,0,0,0,0,0,1489,182,65,0,12,25,20,0,12,6,11,0,12,0,12,0,12,11.5,4.0,0.0,0.8,0.6,0.5,0.0,0.8,0.1,0.3,0.0,0.8,0.0,0.8,0.0,0.8
39,Ohio,OH,39107,Mercer County,39107967400,Census Tract 9674; Mercer County; Ohio,9.093668513306,5102,394,2042,194,1866,172,1361,314,59,56,392,132,317,126,266,127,711,130,1212,217,749,198,78,43,6,67,633,577,54,46,227,106,7,20,72,42,121,7,27.8,6.0,2.1,2.0,21.0,6.8,9.7,3.9,5.3,2.5,13.9,2.6,23.8,3.7,14.9,3.6,4.2,2.3,0.1,1.5,12.4,11.3,2.6,2.2,11.1,4.8,0.4,1.1,3.9,2.3,2.4,0.2,0.6753,0.2086,0.4365,0.6192,0.4808,2.4204,0.4851,0.2841,0.6439,0.5408,0.394,0.4245,2.2873,0.4283,0.4277,0.4277,0.4277,0.446,0.8892,0.4206,0.3892,0.7885,2.9335,0.806,8.0689,0.5962,0,0,0,0,0,0,0,0,0,0,0,0,0,0,0,0,0,0,0,0,0,4363,164,67,92,72,272,139,37,58,0,17,0,17,232,194,0,17,8.8,3.5,1.8,1.4,5.3,2.8,0.7,1.1,0.0,0.7,0.0,0.7,4.5,3.7,0.0,0.7
39,Ohio,OH,39107,Mercer County,39107967500,Census Tract 9675; Mercer County; Ohio,10.257292682254,5656,407,2580,204,2442,221,1049,334,59,65,560,180,224,122,235,149,1271,314,1360,253,597,175,223,117,0,68,487,576,179,104,0,17,60,52,144,114,92,2,18.9,5.9,2.0,2.2,22.9,7.1,5.7,3.0,4.2,2.7,22.5,5.5,24.0,3.9,10.7,3.1,9.1,4.7,0.0,1.3,8.6,10.2,7.0,4.0,0.0,1.3,2.5,2.1,5.9,4.7,1.6,0.1,0.4805,0.194,0.5041,0.357,0.3561,1.8917,0.3321,0.7717,0.6582,0.2615,0.7403,0.0,2.4317,0.5146,0.3047,0.3047,0.3047,0.6171,0.0,0.7902,0.5349,0.727,2.6692,0.707,7.2973,0.4702,0,0,0,0,0,0,0,0,0,0,0,0,0,0,0,0,0,0,0,0,0,8627,174,99,0,17,85,84,20,37,0,17,195,246,187,117,0,17,7.1,4.0,0.0,0.6,1.5,1.5,0.4,0.6,0.0,0.6,3.4,4.3,3.3,2.1,0.0,0.6
39,Ohio,OH,39107,Mercer County,39107967600,Census Tract 9676; Mercer County; Ohio,8.132222023434,2756,285,1566,140,1182,142,492,199,59,43,136,85,227,94,114,74,598,151,475,141,496,204,0,16,0,48,259,420,79,46,119,51,11,20,123,76,7,15,17.9,7.0,3.9,2.8,11.5,7.1,10.8,4.5,4.2,2.6,21.7,4.7,17.2,4.7,18.1,7.0,0.0,1.4,0.0,1.9,9.4,15.2,5.0,2.9,7.6,3.2,0.9,1.7,10.4,6.3,0.3,0.5,0.451,0.4644,0.0844,0.6782,0.3561,2.0341,0.3768,0.7413,0.2153,0.7166,0.0,0.0,1.6732,0.1337,0.3345,0.3345,0.3345,0.5578,0.8406,0.5384,0.7311,0.4924,3.1603,0.8711,7.2021,0.4508,0,0,0,0,0,0,0,0,0,0,0,0,0,0,0,0,0,0,0,0,0,4188,121,66,73,96,0,12,78,90,0,12,0,12,108,92,0,12,10.2,5.6,2.6,3.4,0.0,1.3,2.8,3.3,0.0,1.3,0.0,1.3,3.9,3.4,0.0,1.3
39,Ohio,OH,39107,Mercer County,39107967700,Census Tract 9677; Mercer County; Ohio,30.173702959528,6523,70,2429,160,2429,160,873,410,53,55,311,144,193,114,86,60,1089,194,2004,312,536,166,54,57,0,68,188,173,15,31,18,21,0,24,125,84,113,15,13.9,6.5,1.6,1.7,12.8,5.9,4.7,2.7,1.3,0.9,16.7,3.0,30.7,4.7,8.4,2.6,2.2,2.3,0.0,1.1,2.9,2.7,0.6,1.3,0.7,0.9,0.0,1.0,5.1,3.4,1.7,0.2,0.3304,0.1346,0.1197,0.2815,0.0593,0.9255,0.086,0.4439,0.9321,0.1311,0.1762,0.0,1.6833,0.1378,0.0618,0.0618,0.0618,0.2886,0.6003,0.0,0.4787,0.7381,2.1057,0.4638,4.7763,0.121,0,0,0,0,0,0,0,1,0,0,0,1,0,0,0,0,0,0,0,0,1,7263,319,127,29,40,95,116,33,53,0,17,3,11,28,52,0,17,13.1,5.0,0.4,0.6,1.5,1.8,0.5,0.8,0.0,0.5,0.0,0.2,0.4,0.8,0.0,0.5
39,Ohio,OH,39107,Mercer County,39107967800,Census Tract 9678; Mercer County; Ohio,14.761498382342,2248,292,1867,180,1066,156,309,153,78,89,162,65,113,57,144,103,637,153,366,105,416,125,21,36,0,48,7,412,0,16,427,140,0,16,14,18,0,12,13.8,6.6,7.0,7.5,15.2,5.7,6.3,3.1,6.4,4.4,28.3,6.1,16.3,3.7,18.5,4.9,2.0,3.4,0.0,2.3,0.3,18.3,0.0,0.9,22.9,7.0,0.0,1.5,1.3,1.6,0.0,0.5,0.3281,0.7222,0.1971,0.4042,0.5849,2.2365,0.4359,0.941,0.1734,0.7369,0.159,0.0,2.0103,0.2762,0.0013,0.0013,0.0013,0.0,0.9702,0.0,0.1349,0.0,1.1051,0.1257,5.3532,0.1743,0,0,0,0,0,0,1,0,0,0,0,1,0,0,0,1,0,0,0,1,2,661,62,35,0,12,0,12,0,12,0,12,0,12,7,11,0,12,5.8,3.4,0.0,1.5,0.0,1.5,0.0,1.5,0.0,1.5,0.0,1.5,0.3,0.5,0.0,1.5
39,Ohio,OH,39107,Mercer County,39107967900,Census Tract 9679; Mercer County; Ohio,76.95614986069,7331,354,2367,146,2295,150,727,476,4,7,185,73,224,85,284,146,945,102,2244,313,478,196,31,34,107,107,308,544,63,48,11,17,99,65,39,37,96,3,10.1,6.6,0.1,0.2,8.1,3.1,5.1,2.0,3.9,2.0,12.9,1.4,30.6,3.3,6.6,2.6,1.3,1.5,1.6,1.6,4.2,7.4,2.7,2.0,0.5,0.7,4.3,2.8,1.7,1.6,1.3,0.1,0.2091,0.0232,0.0216,0.3098,0.3224,0.8861,0.079,0.2302,0.9287,0.0584,0.1022,0.7971,2.1166,0.3337,0.1141,0.1141,0.1141,0.4533,0.5717,0.9111,0.1848,0.6934,2.8143,0.7641,5.9311,0.2505,0,0,0,0,0,0,0,1,0,0,0,1,0,0,0,0,1,0,0,1,2,7617,237,97,0,17,184,131,91,94,0,17,0,17,33,39,0,17,10.3,4.0,0.0,0.5,2.5,1.8,1.2,1.3,0.0,0.5,0.0,0.5,0.5,0.5,0.0,0.5
39,Ohio,OH,39107,Mercer County,39107968000,Census Tract 9680; Mercer County; Ohio,82.753781044494,5130,377,1790,165,1722,162,274,118,27,23,112,40,257,80,181,119,805,210,1513,205,268,86,49,33,0,68,69,541,0,24,57,24,17,17,93,64,0,17,5.3,2.3,1.0,0.9,6.5,2.2,8.4,2.7,3.5,2.3,15.7,3.9,29.5,3.1,5.2,1.7,2.8,1.9,0.0,1.4,1.3,10.5,0.0,1.3,3.2,1.4,1.0,1.0,5.4,3.6,0.0,0.3,0.0705,0.0714,0.0108,0.5428,0.2856,0.9811,0.0946,0.3814,0.8998,0.0305,0.2403,0.0,1.552,0.1016,0.0143,0.0143,0.0143,0.0,0.7413,0.5676,0.4994,0.0,1.8083,0.3403,4.3557,0.0844,0,0,0,0,0,0,0,0,0,0,0,0,0,0,0,0,0,0,0,0,0,5090,206,78,0,17,59,46,0,17,0,17,0,17,10,14,0,17,12.0,4.4,0.0,0.7,1.2,0.9,0.0,0.7,0.0,0.7,0.0,0.7,0.2,0.3,0.0,0.7
39,Ohio,OH,39109,Miami County,39109300100,Census Tract 3001; Miami County; Ohio,26.714147572006,4410,542,2095,211,1913,217,848,334,60,45,549,181,273,94,278,136,952,304,791,196,602,166,142,98,11,50,137,776,160,73,32,41,15,28,124,88,100,5,19.8,7.4,2.6,1.9,28.7,8.9,8.3,3.0,6.4,2.9,21.6,6.0,17.9,3.5,13.9,3.8,7.4,5.1,0.3,1.2,3.1,17.6,7.7,3.4,1.5,2.0,0.8,1.5,6.5,4.4,2.3,0.3,0.5014,0.2822,0.6987,0.5365,0.5849,2.6037,0.5387,0.7384,0.2495,0.4754,0.647,0.4968,2.6071,0.6244,0.0685,0.0685,0.0685,0.6406,0.6667,0.5117,0.5695,0.7815,3.17,0.8721,8.4493,0.6552,0,0,0,0,0,0,0,0,0,0,0,0,0,0,0,0,0,0,0,0,0,10097,235,100,60,65,47,52,0,12,0,12,0,12,30,31,0,12,12.3,4.9,1.4,1.5,1.1,1.2,0.0,0.8,0.0,0.8,0.0,0.8,0.7,0.7,0.0,0.8
39,Ohio,OH,39109,Miami County,39109315001,Census Tract 3150.01; Miami County; Ohio,9.852267823234,4483,506,1903,246,1838,247,533,236,86,56,332,112,189,73,292,253,1120,136,819,172,537,128,97,85,0,48,385,698,9,19,0,12,9,18,31,30,140,4,12.3,5.2,4.1,2.6,18.1,5.6,5.6,2.2,6.7,5.8,25.0,3.7,18.3,3.1,12.4,3.1,5.2,4.6,0.0,1.1,8.6,15.5,0.5,1.0,0.0,1.8,0.5,1.0,1.7,1.6,3.1,0.4,0.2786,0.4867,0.3175,0.3497,0.6109,2.0434,0.38,0.8678,0.272,0.3802,0.4921,0.0,2.0121,0.2775,0.3047,0.3047,0.3047,0.2819,0.0,0.4413,0.1848,0.8358,1.7438,0.3146,6.104,0.2749,0,0,0,0,0,0,0,0,0,0,0,0,0,0,0,0,0,0,0,0,0,1652,156,73,106,100,94,105,0,12,0,12,0,12,185,143,0,12,8.5,3.8,2.4,2.2,2.1,2.3,0.0,0.8,0.0,0.8,0.0,0.8,4.1,3.1,0.0,0.8
39,Ohio,OH,39109,Miami County,39109315002,Census Tract 3150.02; Miami County; Ohio,10.947807151604,4028,325,1873,153,1794,131,758,267,7,12,327,122,323,135,328,142,664,66,999,161,487,161,91,62,0,48,485,496,159,75,0,12,7,16,113,83,10,2,19.1,6.5,0.4,0.6,18.2,6.7,11.4,5.0,8.1,3.6,16.5,1.5,24.8,2.9,12.1,4.0,5.1,3.4,0.0,1.3,12.0,12.3,8.5,3.9,0.0,1.8,0.4,0.9,6.3,4.5,0.2,0.0,0.4859,0.0289,0.3213,0.7004,0.7226,2.2591,0.4429,0.4306,0.7004,0.3586,0.4841,0.0,1.9737,0.26,0.4169,0.4169,0.4169,0.661,0.0,0.4206,0.5603,0.4356,2.0775,0.4486,6.7272,0.3829,0,0,0,0,0,0,0,0,0,0,0,0,0,0,0,0,0,0,0,0,0,4408,258,106,30,38,97,132,144,163,0,12,0,12,204,136,10,17,14.4,5.8,0.7,1.0,2.4,3.3,3.6,4.0,0.0,0.9,0.0,0.9,5.1,3.3,0.2,0.4
39,Ohio,OH,39109,Miami County,39109315100,Census Tract 3151; Miami County; Ohio,4.172357980924,5631,549,2571,240,2331,258,1350,508,108,101,691,243,408,228,365,238,627,135,1339,189,697,168,76,75,0,68,399,780,107,60,0,17,37,46,156,84,13,4,24.1,8.7,3.4,3.1,29.6,9.9,11.2,6.2,6.5,4.3,11.1,2.4,23.8,2.6,12.4,3.1,3.3,3.2,0.0,1.3,7.1,13.8,4.2,2.3,0.0,1.3,1.6,2.0,6.7,3.6,0.2,0.1,0.602,0.3975,0.7146,0.694,0.5947,3.0028,0.661,0.1617,0.6439,0.3802,0.2943,0.0,1.4801,0.0857,0.2397,0.2397,0.2397,0.5257,0.0,0.6794,0.5816,0.4356,2.2223,0.5117,6.9449,0.4159,0,0,0,0,0,0,0,0,0,0,0,0,0,0,0,0,0,0,0,0,0,4577,269,138,116,98,35,40,20,30,0,17,0,17,197,158,31,59,11.5,5.9,2.1,1.7,0.6,0.7,0.4,0.6,0.0,0.6,0.0,0.6,3.5,2.8,0.6,1.0
39,Ohio,OH,39109,Miami County,39109315300,Census Tract 3153; Miami County; Ohio,4.54346686806,5433,635,2401,300,2234,333,2250,854,180,145,635,240,423,200,295,137,827,261,1659,494,837,343,167,109,0,68,306,938,48,50,16,27,158,130,101,69,23,3,41.6,15.0,6.6,5.0,28.4,9.9,12.7,5.8,5.4,2.6,15.2,5.1,30.5,7.5,15.4,6.3,7.5,4.7,0.0,1.3,5.6,17.3,2.0,2.1,0.7,1.1,7.1,5.7,4.5,3.3,0.4,0.0,0.8502,0.6965,0.6898,0.7454,0.4916,3.4735,0.774,0.3523,0.9264,0.5712,0.6546,0.0,2.5045,0.5594,0.1776,0.1776,0.1776,0.4051,0.6003,0.9708,0.4365,0.5374,2.9501,0.8127,9.1057,0.7384,0,0,0,0,0,0,0,1,0,0,0,1,0,0,0,0,1,0,0,1,2,3416,300,147,47,66,60,100,0,17,0,17,0,17,199,151,0,17,13.4,6.6,0.9,1.2,1.1,1.8,0.0,0.6,0.0,0.6,0.0,0.6,3.7,2.9,0.0,0.6
39,Ohio,OH,39109,Miami County,39109320100,Census Tract 3201; Miami County; Ohio,37.830047318126,3774,72,1659,109,1483,98,318,146,61,36,156,60,142,62,402,213,926,193,772,129,509,165,40,26,0,48,81,122,0,16,17,23,0,16,51,35,0,12,8.5,3.9,3.3,1.9,10.5,4.0,5.1,2.3,10.7,5.6,24.5,5.1,20.5,3.5,13.5,4.4,2.7,1.7,0.0,1.4,2.1,3.2,0.0,1.0,1.0,1.4,0.0,1.1,3.4,2.4,0.0,0.3,0.1622,0.386,0.059,0.3098,0.8458,1.7628,0.2997,0.8481,0.4214,0.4478,0.2298,0.0,1.9471,0.246,0.0374,0.0374,0.0374,0.0,0.6295,0.0,0.3438,0.0,0.9733,0.1025,4.7206,0.1149,0,0,0,0,0,0,0,0,0,0,0,0,0,0,0,0,0,0,0,0,0,1491,195,66,29,28,0,12,0,12,0,12,0,12,52,49,0,12,13.1,4.4,0.8,0.7,0.0,0.9,0.0,0.9,0.0,0.9,0.0,0.9,1.4,1.3,0.0,0.9
39,Ohio,OH,39109,Miami County,39109325000,Census Tract 3250; Miami County; Ohio,4.537352170686,2654,70,1229,141,1151,125,462,173,39,27,192,60,205,102,54,35,502,90,595,81,382,112,36,29,15,51,64,109,28,41,72,66,31,35,62,45,73,2,18.0,6.7,3.1,2.1,16.7,4.9,10.7,5.3,2.1,1.3,18.9,3.4,22.4,3.1,14.8,4.3,3.2,2.5,0.6,2.1,2.4,4.1,2.3,3.3,5.9,5.0,2.7,3.0,5.4,4.2,2.8,0.0,0.4545,0.3537,0.2581,0.6741,0.1301,1.8705,0.3267,0.5973,0.5466,0.536,0.2841,0.6088,2.5728,0.606,0.0479,0.0479,0.0479,0.426,0.8051,0.814,0.4994,0.8161,3.3606,0.9111,7.8518,0.5584,0,0,0,0,0,0,0,0,0,0,0,0,0,0,0,0,0,0,0,0,0,2715,173,81,28,33,5,9,0,12,0,12,0,12,31,32,0,12,15.0,7.3,1.1,1.2,0.2,0.3,0.0,1.3,0.0,1.3,0.0,1.3,1.2,1.2,0.0,1.3
39,Ohio,OH,39109,Miami County,39109330100,Census Tract 3301; Miami County; Ohio,41.700636470094,3527,49,1244,116,1176,113,574,314,28,27,189,67,168,98,329,157,608,104,904,220,350,86,5,5,0,48,168,129,0,16,2,5,34,37,41,28,4,7,16.5,9.0,1.7,1.8,16.1,5.5,7.2,3.9,9.3,4.5,17.2,2.9,25.6,6.2,9.9,2.5,0.5,0.4,0.0,1.4,4.8,3.7,0.0,1.3,0.2,0.4,2.9,3.1,3.5,2.3,0.1,0.2,0.4078,0.1492,0.2321,0.4629,0.7871,2.0391,0.3784,0.4765,0.7429,0.2104,0.0473,0.0,1.4771,0.0844,0.1439,0.1439,0.1439,0.0,0.5527,0.8349,0.3537,0.3694,2.1107,0.4654,5.7708,0.2273,0,0,0,0,0,0,0,0,0,0,0,0,0,0,0,0,0,0,0,0,0,1912,92,38,4,6,11,12,0,12,0,12,0,12,122,106,31,46,7.8,3.0,0.1,0.2,0.3,0.3,0.0,1.0,0.0,1.0,0.0,1.0,3.5,3.0,0.9,1.3
39,Ohio,OH,39109,Miami County,39109340100,Census Tract 3401; Miami County; Ohio,43.578267870684,4912,171,2191,189,2020,178,650,235,105,85,314,187,177,58,324,232,1107,305,1038,222,461,115,70,53,0,48,202,264,0,16,67,40,10,19,8,7,0,12,13.3,4.8,4.2,3.3,15.5,9.2,4.8,1.6,6.6,4.7,22.5,6.3,21.1,4.3,9.4,2.3,3.5,2.6,0.0,1.0,4.1,5.4,0.0,0.7,3.1,1.8,0.5,0.9,0.4,0.4,0.0,0.2,0.3142,0.4975,0.2083,0.2888,0.6001,1.9089,0.3378,0.7717,0.4569,0.1787,0.3187,0.0,1.726,0.1533,0.1097,0.1097,0.1097,0.0,0.7371,0.4413,0.0476,0.0,1.226,0.1549,4.9706,0.1371,0,0,0,0,0,0,0,0,0,0,0,0,0,0,0,0,0,0,0,0,0,1729,201,80,26,46,48,55,0,12,0,12,0,12,128,92,0,12,10.0,3.8,0.5,0.9,1.0,1.1,0.0,0.7,0.0,0.7,0.0,0.7,2.6,1.9,0.0,0.7
39,Ohio,OH,39109,Miami County,39109345000,Census Tract 3450; Miami County; Ohio,4.977806135328,4806,88,2164,181,2090,181,1103,500,94,84,387,149,314,144,336,166,923,174,1027,156,631,184,70,56,10,49,223,203,24,29,239,203,0,16,151,113,0,12,23.0,10.4,3.7,3.2,18.5,6.9,9.6,4.4,7.0,3.5,19.2,3.6,21.4,3.3,13.2,3.8,3.4,2.7,0.2,1.1,4.6,4.2,1.1,1.3,11.0,8.9,0.0,0.8,7.2,5.4,0.0,0.2,0.5824,0.4429,0.3324,0.6148,0.636,2.6085,0.5394,0.6129,0.4803,0.4307,0.3089,0.4556,2.2884,0.4289,0.1335,0.1335,0.1335,0.3378,0.887,0.0,0.6111,0.0,1.8359,0.3508,6.8663,0.4079,0,0,0,0,0,0,0,0,0,0,0,0,0,0,0,0,0,0,0,0,0,3748,218,114,0,12,29,47,23,30,0,12,10,17,78,68,83,128,10.4,5.5,0.0,0.7,0.6,1.0,0.5,0.6,0.0,0.7,0.2,0.4,1.6,1.4,1.7,2.7
39,Ohio,OH,39109,Miami County,39109350101,Census Tract 3501.01; Miami County; Ohio,14.031835872905999,5234,388,2308,204,2292,208,653,496,103,92,514,251,192,158,86,62,1416,273,919,202,529,180,330,236,0,68,492,550,0,24,34,39,3,18,22,35,22,10,12.5,9.5,3.5,3.2,22.4,10.8,5.2,4.2,1.6,1.2,27.1,5.5,17.6,3.6,10.1,3.7,14.4,10.2,0.0,1.3,9.4,10.5,0.0,1.0,1.5,1.7,0.1,0.8,1.0,1.5,0.4,0.2,0.2847,0.4156,0.486,0.3148,0.0825,1.5836,0.2473,0.9198,0.2372,0.2222,0.8911,0.0,2.2703,0.4181,0.3345,0.3345,0.3345,0.0,0.6667,0.3819,0.1067,0.5374,1.6927,0.2914,5.8811,0.2451,0,0,0,0,0,0,1,0,0,0,0,1,0,0,0,0,0,0,0,0,1,2810,366,214,1,2,42,65,0,17,23,26,0,17,426,333,0,17,16.0,8.7,0.0,0.1,0.8,1.2,0.0,0.7,0.4,0.5,0.0,0.7,8.1,6.2,0.0,0.7
39,Ohio,OH,39109,Miami County,39109350102,Census Tract 3501.02; Miami County; Ohio,9.032247021044,3243,413,1293,155,1242,172,174,122,27,32,176,82,10,15,64,66,521,140,666,181,277,143,96,116,8,48,178,589,41,54,0,12,0,16,62,61,5,2,5.4,3.7,1.4,1.7,14.2,6.3,0.4,0.6,2.0,2.1,16.1,4.2,20.5,4.4,8.5,4.4,7.7,9.3,0.3,1.6,5.5,18.1,3.2,4.2,0.0,2.7,0.0,1.3,5.0,4.8,0.2,0.1,0.073,0.1117,0.161,0.0149,0.1209,0.4815,0.02,0.4071,0.4214,0.1371,0.667,0.4968,2.1294,0.3406,0.1737,0.1737,0.1737,0.4797,0.0,0.0,0.4702,0.4356,1.3855,0.1978,4.1701,0.0679,0,0,0,0,0,0,0,0,0,0,0,0,0,0,0,0,0,0,0,0,0,4321,91,64,41,53,19,31,0,12,0,12,0,12,118,83,0,12,7.3,5.0,1.3,1.6,0.6,0.9,0.0,1.1,0.0,1.1,0.0,1.1,3.6,2.6,0.0,1.1
39,Ohio,OH,39109,Miami County,39109355001,Census Tract 3550.01; Miami County; Ohio,3.100730721618,6281,364,2798,215,2798,215,808,369,0,17,687,225,273,171,177,137,1384,350,1427,253,955,396,135,87,0,68,652,525,176,123,0,17,0,24,45,45,92,2,13.1,5.9,0.0,1.1,24.6,7.8,6.3,3.7,2.9,2.2,22.0,5.2,22.7,3.5,15.4,6.1,4.8,3.1,0.0,1.1,10.4,8.3,6.3,4.4,0.0,1.2,0.0,0.9,1.6,1.6,1.5,0.1,0.3078,0.0,0.5635,0.4042,0.2142,1.4897,0.2238,0.7505,0.5669,0.5712,0.4565,0.0,2.3451,0.4594,0.3694,0.3694,0.3694,0.5952,0.0,0.0,0.1724,0.7146,1.4822,0.2251,5.6864,0.2137,0,0,0,0,0,0,0,0,0,0,0,0,0,0,0,0,0,0,0,0,0,6097,237,100,57,76,87,71,157,147,0,17,0,17,339,164,12,20,8.5,3.5,0.9,1.2,1.4,1.1,2.5,2.3,0.0,0.6,0.0,0.6,5.4,2.6,0.2,0.3
39,Ohio,OH,39109,Miami County,39109355002,Census Tract 3550.02; Miami County; Ohio,4.213142321286,1383,155,662,65,631,68,87,78,21,19,72,34,30,23,26,26,241,31,297,70,80,35,61,37,0,48,70,219,0,16,0,12,0,16,22,20,0,12,6.3,5.6,2.6,2.3,11.4,5.2,3.0,2.3,1.9,1.9,17.4,2.0,21.5,3.9,5.8,2.4,9.7,5.8,0.0,3.5,5.1,15.8,0.0,2.4,0.0,5.1,0.0,2.5,3.5,3.2,0.0,0.9,0.0952,0.2822,0.0803,0.1512,0.1104,0.7193,0.0492,0.4908,0.4848,0.0397,0.7679,0.0,1.7832,0.1733,0.1544,0.1544,0.1544,0.0,0.0,0.0,0.3537,0.0,0.3537,0.0244,3.0106,0.0117,0,0,0,0,0,0,0,0,0,0,0,0,0,0,0,0,0,0,0,0,0,2620,59,33,0,12,25,27,7,12,0,12,0,12,33,33,5,8,9.4,5.2,0.0,2.5,1.8,1.9,0.5,0.9,0.0,2.5,0.0,2.5,2.4,2.4,0.4,0.6
39,Ohio,OH,39109,Miami County,39109365001,Census Tract 3650.01; Miami County; Ohio,6.506968511756,3476,387,1464,185,1330,196,657,417,176,115,334,178,161,103,72,82,559,108,864,231,318,103,104,81,265,174,859,584,97,92,0,12,37,47,14,22,35,1,19.1,11.9,10.1,6.1,25.1,12.9,6.6,4.2,2.1,2.4,16.1,3.2,24.9,4.9,9.3,3.0,7.9,6.0,8.4,5.5,24.7,16.6,6.6,6.2,0.0,2.4,2.8,3.5,1.1,1.7,1.0,0.1,0.4859,0.8448,0.5841,0.4236,0.1301,2.4685,0.4981,0.4071,0.7061,0.1755,0.6813,0.9829,2.9529,0.8019,0.6525,0.6525,0.6525,0.6063,0.0,0.826,0.1194,0.6595,2.2112,0.5054,8.2851,0.6289,0,0,0,0,0,0,0,0,0,0,1,1,0,0,0,0,0,0,0,0,1,4879,70,43,0,12,0,12,604,365,0,12,0,12,255,211,0,12,5.3,3.1,0.0,1.0,0.0,1.0,17.4,10.5,0.0,1.0,0.0,1.0,7.3,5.9,0.0,1.0
39,Ohio,OH,39109,Miami County,39109365002,Census Tract 3650.02; Miami County; Ohio,10.308199844852,5020,682,2423,225,2289,265,448,205,37,45,466,201,420,230,233,265,1429,372,884,303,734,244,104,83,0,68,481,1014,400,160,0,17,8,24,283,136,209,10,9.3,4.1,1.4,1.7,20.4,8.5,11.4,5.7,4.9,5.2,28.5,6.2,17.6,4.5,15.3,4.6,4.5,3.6,0.0,1.4,9.6,20.2,16.5,6.4,0.0,1.4,0.3,1.0,12.4,5.9,4.2,0.6,0.1876,0.1117,0.413,0.7004,0.4376,1.8503,0.3216,0.9432,0.2372,0.5646,0.4286,0.0,2.1736,0.3648,0.3424,0.3424,0.3424,0.8054,0.0,0.4041,0.7883,0.8824,2.8802,0.7886,7.2465,0.461,0,0,0,0,0,0,1,0,0,0,0,1,0,0,0,0,0,0,0,0,1,10566,275,146,211,145,143,154,39,48,0,17,0,17,88,87,0,17,12.0,6.5,4.2,2.9,2.8,3.1,0.8,1.0,0.0,0.7,0.0,0.7,1.8,1.7,0.0,0.7
39,Ohio,OH,39109,Miami County,39109365101,Census Tract 3651.01; Miami County; Ohio,17.618318431908,3889,397,1735,170,1611,153,566,258,49,52,269,100,163,74,248,118,604,97,900,168,375,137,124,76,0,48,461,569,86,48,26,28,13,25,99,56,0,12,14.6,6.5,2.2,2.4,16.7,6.0,6.0,2.7,6.4,3.0,15.5,2.8,23.1,2.7,9.6,3.7,7.7,4.7,0.0,1.3,11.9,14.6,4.9,2.7,1.5,1.7,0.8,1.5,6.1,3.4,0.0,0.3,0.3494,0.2238,0.2581,0.3811,0.5849,1.7973,0.3067,0.371,0.5948,0.1933,0.667,0.0,1.8261,0.1927,0.4144,0.4144,0.4144,0.5546,0.6667,0.5117,0.5479,0.0,2.2809,0.5403,6.3187,0.3086,0,0,0,0,0,0,0,0,0,0,0,0,0,0,0,0,0,0,0,0,0,4149,108,51,118,71,125,118,14,24,0,12,0,12,204,120,0,12,6.7,3.1,3.0,1.8,3.2,3.0,0.4,0.6,0.0,0.9,0.0,0.9,5.2,3.0,0.0,0.9
39,Ohio,OH,39109,Miami County,39109365102,Census Tract 3651.02; Miami County; Ohio,11.01922173583,5234,907,2117,209,2040,228,512,224,121,97,319,136,192,113,123,96,836,91,1361,518,619,242,183,112,0,68,410,1309,18,33,0,17,22,36,121,85,2,2,9.8,3.9,4.2,3.7,15.6,6.4,5.3,3.0,2.4,1.9,16.0,2.9,26.0,6.3,11.8,3.4,9.0,5.4,0.0,1.4,7.8,25.0,0.9,1.6,0.0,1.6,1.1,1.8,5.9,4.3,0.0,0.0,0.2012,0.4975,0.213,0.3253,0.1568,1.3938,0.1971,0.3989,0.7689,0.3351,0.7349,0.0,2.2378,0.3971,0.272,0.272,0.272,0.3181,0.0,0.587,0.5349,0.0,1.44,0.2124,5.3436,0.1733,0,0,0,0,0,0,0,0,0,0,0,0,0,0,0,0,0,0,0,0,0,2060,149,77,150,138,49,57,54,80,0,17,0,17,157,147,0,17,7.3,3.8,2.9,2.7,0.9,1.1,1.0,1.6,0.0,0.7,0.0,0.7,3.0,2.9,0.0,0.7
39,Ohio,OH,39109,Miami County,39109365200,Census Tract 3652; Miami County; Ohio,2.34859089815,3582,515,1640,169,1503,177,1128,304,53,64,396,129,265,117,229,100,371,51,896,215,430,140,225,127,0,48,344,706,0,16,0,12,0,16,87,55,35,4,31.5,7.2,2.7,3.1,26.3,8.0,11.0,4.9,6.4,2.7,10.4,2.1,25.0,3.8,12.0,4.0,14.9,8.3,0.0,1.4,9.6,19.7,0.0,1.0,0.0,2.1,0.0,1.1,5.8,3.4,1.0,0.2,0.7344,0.2968,0.6283,0.6855,0.5849,2.9299,0.6362,0.1373,0.7131,0.3523,0.899,0.0,2.1017,0.3213,0.3424,0.3424,0.3424,0.0,0.0,0.0,0.5292,0.6595,1.1887,0.1441,6.5627,0.3546,0,0,0,0,0,0,0,0,0,0,0,0,0,0,0,0,0,0,0,0,0,4388,115,60,80,79,2,4,11,18,0,12,0,12,251,173,0,12,7.7,4.0,2.2,2.2,0.1,0.1,0.3,0.5,0.0,1.0,0.0,1.0,7.0,4.4,0.0,1.0
39,Ohio,OH,39109,Miami County,39109365301,Census Tract 3653.01; Miami County; Ohio,7.247336471346,6347,757,2807,273,2562,271,1052,348,176,118,564,190,304,142,452,246,1075,156,1550,259,784,310,117,86,75,113,1157,1110,130,98,0,17,23,40,340,133,188,11,17.2,5.3,5.7,3.7,22.0,7.0,7.6,3.7,7.3,4.0,16.9,3.0,24.4,2.5,12.7,4.8,4.6,3.3,1.2,1.9,18.2,17.4,4.6,3.5,0.0,1.2,0.9,1.6,13.3,5.3,3.0,0.4,0.4307,0.6356,0.4743,0.4876,0.6661,2.6943,0.5711,0.4575,0.6782,0.3951,0.4381,0.7403,2.7092,0.6876,0.5615,0.5615,0.5615,0.5441,0.0,0.5384,0.8063,0.8291,2.7179,0.726,8.6829,0.6867,0,0,0,0,0,0,0,0,0,0,0,0,0,0,0,0,0,0,0,0,0,7004,437,153,303,172,402,273,369,292,0,17,0,17,77,90,6,9,17.1,6.2,4.8,2.6,6.3,4.4,5.8,4.5,0.0,0.5,0.0,0.5,1.2,1.4,0.1,0.1
39,Ohio,OH,39109,Miami County,39109365302,Census Tract 3653.02; Miami County; Ohio,7.018316595128,6573,610,2241,235,2216,234,254,184,151,102,125,76,206,123,118,96,1099,224,1693,314,505,152,71,87,47,76,882,892,0,24,0,17,0,24,6,11,0,17,3.9,2.8,4.4,2.9,5.6,3.4,4.7,2.7,1.8,1.5,16.7,3.3,25.8,3.7,7.8,2.2,3.2,3.9,0.7,1.2,13.4,13.5,0.0,1.1,0.0,1.5,0.0,1.1,0.3,0.5,0.0,0.3,0.0419,0.5244,0.0067,0.2815,0.1022,0.9567,0.0905,0.4439,0.7562,0.1012,0.2841,0.6367,2.2221,0.3873,0.4569,0.4569,0.4569,0.0,0.0,0.0,0.0438,0.0,0.0438,0.0073,3.6795,0.0371,0,0,0,0,0,0,0,0,0,0,0,0,0,0,0,0,0,0,0,0,0,5362,96,75,116,105,446,248,156,159,42,44,0,17,122,102,0,17,4.3,3.4,1.8,1.6,6.8,3.8,2.4,2.4,0.6,0.7,0.0,0.5,1.9,1.6,0.0,0.5
39,Ohio,OH,39109,Miami County,39109380100,Census Tract 3801; Miami County; Ohio,35.089458642436,10181,33,4138,240,3965,245,911,447,137,86,861,266,350,157,470,355,1858,342,2533,288,1149,264,0,26,60,95,1144,439,208,110,169,134,59,93,88,76,18,2,9.0,4.4,2.7,1.7,21.7,6.6,4.9,2.2,4.7,3.5,18.2,3.4,24.9,2.8,11.4,2.6,0.0,0.7,0.6,1.0,11.2,4.3,5.0,2.6,4.1,3.2,1.5,2.3,2.2,1.9,0.2,0.0,0.1796,0.2968,0.4616,0.2955,0.4135,1.647,0.2657,0.5466,0.7061,0.3088,0.0,0.6088,2.1703,0.3619,0.3944,0.3944,0.3944,0.5578,0.7641,0.6606,0.2324,0.4356,2.6505,0.6987,6.8622,0.4073,0,0,0,0,0,0,0,0,0,0,0,0,0,0,0,0,0,0,0,0,0,6297,285,137,584,365,286,163,192,185,0,19,0,19,82,75,0,19,7.2,3.3,5.7,3.6,2.8,1.6,1.9,1.8,0.0,0.3,0.0,0.3,0.8,0.7,0.0,0.3
39,Ohio,OH,39109,Miami County,39109390100,Census Tract 3901; Miami County; Ohio,90.192492447058,4717,451,1814,158,1643,140,510,258,87,56,259,82,218,96,128,68,998,145,998,149,616,126,39,26,0,48,138,635,0,16,39,49,22,31,38,32,5,3,10.8,5.4,3.3,2.1,15.8,4.8,6.8,2.8,2.7,1.4,21.2,3.4,21.2,3.0,13.1,2.6,2.3,1.6,0.0,1.1,2.9,13.5,0.0,0.9,2.1,2.7,1.3,1.9,2.3,1.9,0.1,0.1,0.2342,0.386,0.2206,0.4344,0.1888,1.464,0.2149,0.7213,0.4654,0.4199,0.1902,0.0,1.7968,0.1803,0.0618,0.0618,0.0618,0.0,0.7019,0.6181,0.2429,0.3694,1.9323,0.3898,5.2549,0.1651,0,0,0,0,0,0,0,0,0,0,0,0,0,0,0,0,0,0,0,0,0,3088,225,73,2,2,49,75,0,12,0,12,0,12,87,74,0,12,13.7,4.4,0.0,0.1,1.0,1.6,0.0,0.7,0.0,0.7,0.0,0.7,1.8,1.5,0.0,0.7
39,Ohio,OH,39111,Monroe County,39111966600,Census Tract 9666; Monroe County; Ohio,102.453976132278,2782,267,1622,115,1276,119,527,179,35,39,232,86,116,48,123,81,732,164,468,104,655,207,31,28,0,48,27,382,0,16,377,100,1,12,28,30,0,12,18.9,6.2,3.2,3.4,18.2,6.5,5.3,2.0,4.4,2.9,26.3,5.3,16.8,3.5,23.5,6.6,2.5,2.2,0.0,1.8,1.0,13.7,0.0,1.0,23.2,5.9,0.1,0.9,2.2,2.4,0.0,0.4,0.4805,0.3711,0.3213,0.3253,0.3758,1.874,0.3283,0.9055,0.1972,0.9061,0.2114,0.0,2.2202,0.3863,0.0092,0.0092,0.0092,0.0,0.9711,0.3819,0.2324,0.0,1.5854,0.2556,5.6888,0.2143,0,0,0,0,0,0,1,0,1,0,0,2,0,0,0,1,0,0,0,1,3,2962,200,65,0,12,2,4,0,12,0,12,0,12,25,23,0,12,15.7,5.1,0.0,1.2,0.1,0.1,0.0,1.2,0.0,1.2,0.0,1.2,0.9,0.9,0.0,1.2
39,Ohio,OH,39111,Monroe County,39111966700,Census Tract 9667; Monroe County; Ohio,127.974325664036,3694,360,1751,141,1475,150,1006,337,96,59,171,62,445,172,250,178,869,176,944,173,761,152,80,47,23,59,103,527,1,12,257,102,20,26,129,73,0,12,27.3,8.7,6.5,4.0,11.6,4.0,17.4,6.5,6.8,4.6,23.5,4.1,25.6,3.6,20.6,3.6,5.4,3.1,0.7,1.7,2.8,14.3,0.1,0.7,14.7,5.6,1.4,1.8,8.7,4.9,0.0,0.3,0.6668,0.6917,0.0863,0.8687,0.6211,2.9346,0.6378,0.8171,0.7429,0.8258,0.5108,0.6367,3.5333,0.9549,0.0587,0.0587,0.0587,0.2556,0.9254,0.6384,0.6775,0.0,2.4969,0.6346,9.0235,0.7321,0,0,0,0,0,0,0,0,0,0,0,0,0,0,0,1,0,0,0,1,1,2116,464,109,0,12,0,12,0,12,0,12,0,12,103,119,0,12,31.5,6.6,0.0,0.9,0.0,0.9,0.0,0.9,0.0,0.9,0.0,0.9,2.8,3.3,0.0,0.9
39,Ohio,OH,39111,Monroe County,39111966800,Census Tract 9668; Monroe County; Ohio,48.344336441416,3728,242,1853,164,1549,135,1361,241,142,76,411,97,297,103,188,94,969,139,753,131,793,142,117,50,0,48,232,342,130,48,238,106,40,31,259,91,138,8,37.8,6.2,10.4,5.5,26.5,5.8,11.1,3.5,5.2,2.6,26.0,3.5,20.2,3.3,22.0,3.9,7.5,3.2,0.0,1.3,6.2,9.2,7.0,2.5,12.8,5.2,2.5,2.0,16.7,5.5,3.7,0.3,0.8099,0.8511,0.6356,0.6906,0.4706,3.4578,0.7702,0.8976,0.397,0.8696,0.6546,0.0,2.8188,0.74,0.201,0.201,0.201,0.6171,0.9105,0.7902,0.8635,0.8599,4.0412,0.9914,10.5188,0.8965,0,0,0,0,0,0,0,0,0,0,0,0,0,0,0,1,0,0,0,1,1,4539,296,86,40,47,34,41,0,12,4,7,0,12,154,65,0,12,19.1,5.0,1.1,1.3,0.9,1.1,0.0,0.9,0.1,0.2,0.0,0.9,4.1,1.7,0.0,0.9
39,Ohio,OH,39111,Monroe County,39111966900,Census Tract 9669; Monroe County; Ohio,176.950402970056,3197,326,1934,118,1274,124,648,285,40,30,181,80,223,93,381,195,542,117,584,118,363,121,26,19,0,48,226,481,24,32,483,133,30,31,87,60,0,12,20.4,8.7,2.3,1.8,14.2,6.1,9.9,3.8,11.9,5.6,17.0,3.9,18.3,3.3,11.4,4.0,2.0,1.5,0.0,1.5,7.1,15.0,1.2,1.7,25.0,6.6,2.4,2.4,6.8,4.5,0.0,0.4,0.516,0.2384,0.161,0.6319,0.8842,2.4315,0.4883,0.4632,0.272,0.3088,0.159,0.0,1.203,0.0403,0.2397,0.2397,0.2397,0.3483,0.9759,0.7787,0.5879,0.0,2.6908,0.7162,6.565,0.3552,0,0,0,0,0,0,0,0,0,0,0,0,0,0,0,1,0,0,0,1,1,1605,274,78,79,100,4,7,13,19,0,12,0,12,79,87,51,73,21.5,6.0,2.5,3.1,0.1,0.2,0.4,0.6,0.0,1.1,0.0,1.1,2.5,2.8,1.6,2.3
39,Ohio,OH,39113,Montgomery County,39113000100,Census Tract 1; Montgomery County; Ohio,0.793504861238,2335,543,1339,140,1100,191,584,222,199,162,441,174,271,158,115,94,681,247,352,190,590,209,176,125,0,48,2123,561,100,68,0,12,0,16,120,90,0,12,25.0,7.5,15.3,11.3,40.1,14.2,15.2,7.8,4.9,3.6,29.2,10.6,15.1,5.9,25.3,7.5,16.0,11.0,0.0,2.1,90.9,11.4,7.5,5.0,0.0,2.6,0.0,1.5,10.9,7.7,0.0,0.5,0.6246,0.9371,0.8956,0.8228,0.4376,3.7177,0.8283,0.9505,0.1316,0.9359,0.9168,0.0,2.9348,0.794,0.9623,0.9623,0.9623,0.6343,0.0,0.0,0.7495,0.0,1.3838,0.1968,8.9986,0.7283,0,1,0,0,0,1,1,0,1,1,0,3,1,1,0,0,0,0,0,0,5,1478,273,152,2003,485,27,44,0,12,0,12,0,12,93,110,0,12,24.8,12.4,85.8,8.1,1.2,1.8,0.0,1.5,0.0,1.5,0.0,1.5,4.0,4.5,0.0,1.5
39,Ohio,OH,39113,Montgomery County,39113000200,Census Tract 2; Montgomery County; Ohio,0.68647198141,1790,415,1171,145,786,171,800,243,70,63,379,162,233,138,204,131,254,104,419,156,328,128,196,76,0,48,1224,535,0,16,0,12,25,37,174,75,0,12,44.7,8.8,9.4,8.1,48.2,17.7,18.0,7.3,11.4,6.9,14.2,4.0,23.4,7.5,18.3,6.8,24.9,8.0,0.0,2.9,68.4,25.3,0.0,1.4,0.0,2.9,3.2,4.7,22.1,8.8,0.0,0.7,0.8765,0.8286,0.961,0.8798,0.8721,4.418,0.9619,0.2993,0.6138,0.7271,0.9768,0.0,2.617,0.6327,0.8973,0.8973,0.8973,0.0,0.0,0.8571,0.919,0.0,1.7761,0.3276,9.7084,0.8175,0,0,1,0,0,1,0,0,0,1,0,1,0,0,0,0,0,1,0,1,3,803,159,71,1194,320,4,7,0,12,8,14,0,12,3,6,15,23,20.2,8.3,66.7,14.8,0.2,0.4,0.0,1.9,0.4,0.8,0.0,1.9,0.2,0.3,0.8,1.3
39,Ohio,OH,39113,Montgomery County,39113000300,Census Tract 3; Montgomery County; Ohio,0.529827311194,2159,430,1282,149,938,160,956,246,120,97,435,146,183,104,341,237,242,72,630,178,408,146,315,117,0,48,1954,446,213,98,0,12,10,19,244,132,42,5,44.3,7.2,11.3,8.1,46.4,13.4,13.9,7.7,15.8,10.8,11.2,3.9,29.2,5.3,18.9,7.5,33.6,11.1,0.0,2.5,90.5,10.1,16.6,7.4,0.0,2.7,1.1,2.0,26.0,12.2,1.9,0.4,0.8737,0.8695,0.9492,0.7863,0.9492,4.4279,0.9632,0.1658,0.8928,0.7566,0.9956,0.0,2.8108,0.7365,0.9607,0.9607,0.9607,0.8073,0.0,0.587,0.9425,0.7524,3.0892,0.8552,11.2886,0.9495,0,0,1,0,1,2,0,0,0,1,0,1,1,1,0,0,0,1,0,1,5,1186,114,62,1829,440,45,48,0,12,0,12,0,12,80,105,0,12,12.2,7.0,84.7,8.2,2.1,2.3,0.0,1.6,0.0,1.6,0.0,1.6,3.7,4.8,0.0,1.6
39,Ohio,OH,39113,Montgomery County,39113000400,Census Tract 4; Montgomery County; Ohio,0.83297452429,4452,617,1853,176,1731,202,1658,595,330,205,482,147,268,124,407,395,777,145,1209,401,815,201,213,116,51,74,4135,629,13,23,0,12,31,49,257,135,103,5,38.0,12.5,15.5,8.0,27.8,7.8,9.4,4.2,9.3,8.7,17.5,4.3,27.2,7.0,18.7,4.4,12.3,6.5,1.2,1.7,92.9,5.8,0.7,1.2,0.0,1.9,1.8,2.8,14.8,7.6,2.3,0.3,0.8131,0.9419,0.6733,0.5999,0.7871,3.8153,0.8476,0.4959,0.824,0.7477,0.8454,0.7403,3.6533,0.9724,0.9702,0.9702,0.9702,0.2994,0.0,0.7079,0.8333,0.7815,2.6221,0.6863,11.0609,0.934,0,1,0,0,0,1,0,0,0,0,0,0,1,1,0,0,0,0,0,0,2,1306,226,95,3666,543,207,319,48,57,0,12,0,12,214,140,0,12,13.1,5.5,82.3,6.9,4.6,7.0,1.1,1.3,0.0,0.8,0.0,0.8,4.8,3.0,0.0,0.8
39,Ohio,OH,39113,Montgomery County,39113000500,Census Tract 5; Montgomery County; Ohio,1.120959511846,3724,613,2078,271,1722,238,1358,582,313,190,700,232,249,139,257,163,616,122,935,343,663,200,154,97,0,48,3049,636,37,34,0,12,10,19,276,136,3,2,36.6,14.5,17.2,10.1,40.7,12.2,9.7,5.4,6.9,4.3,16.5,3.9,25.1,6.4,17.8,4.9,8.9,5.5,0.0,1.4,81.9,10.5,1.7,1.6,0.0,1.7,0.6,1.1,16.0,7.6,0.1,0.1,0.7966,0.9575,0.9044,0.6192,0.6274,3.9051,0.8686,0.4306,0.7188,0.703,0.7311,0.0,2.5835,0.6121,0.9401,0.9401,0.9401,0.387,0.0,0.4632,0.8533,0.3694,2.0729,0.4467,9.5016,0.794,0,1,1,0,0,2,0,0,0,0,0,0,1,1,0,0,0,0,0,0,3,2231,169,76,2955,641,0,12,0,12,1,2,0,12,93,74,0,12,9.8,4.3,79.4,5.5,0.0,0.9,0.0,0.9,0.0,0.1,0.0,0.9,2.5,2.0,0.0,0.9
39,Ohio,OH,39113,Montgomery County,39113000600,Census Tract 6; Montgomery County; Ohio,0.389797768344,1683,352,967,200,736,149,399,209,164,126,222,93,89,72,163,107,494,222,187,105,299,126,12,23,1,46,1416,406,26,36,0,12,0,16,35,36,6,2,23.7,11.4,16.4,11.3,30.2,11.1,6.7,5.1,9.7,5.9,29.4,10.7,11.1,5.3,17.8,6.4,1.6,3.1,0.1,2.8,84.1,16.5,2.7,3.7,0.0,3.6,0.0,2.2,4.8,4.9,0.4,0.1,0.5944,0.9524,0.7327,0.4293,0.8067,3.5155,0.7838,0.9528,0.0523,0.703,0.1238,0.4245,2.2564,0.4086,0.9448,0.9448,0.9448,0.4533,0.0,0.0,0.4568,0.5374,1.4475,0.2146,8.1642,0.6117,0,1,0,0,0,1,1,0,0,0,0,1,1,1,0,0,0,0,0,0,3,1187,52,31,1330,234,29,51,0,12,0,12,0,12,57,48,0,12,7.1,4.7,79.0,11.1,1.7,2.8,0.0,2.1,0.0,2.1,0.0,2.1,3.4,2.9,0.0,2.1
39,Ohio,OH,39113,Montgomery County,39113000700,Census Tract 7; Montgomery County; Ohio,0.687495537812,1740,510,1518,162,697,148,645,292,139,112,203,118,163,147,194,176,169,79,337,208,456,162,84,76,0,48,1587,523,36,59,0,12,0,16,155,101,18,3,37.1,12.8,18.0,10.6,29.1,15.8,14.4,11.3,11.1,8.9,9.7,5.7,19.4,9.6,26.2,9.4,12.1,10.6,0.0,3.0,91.2,13.7,2.4,3.9,0.0,2.3,0.0,2.3,22.2,12.1,1.0,0.3,0.8007,0.9622,0.7054,0.8006,0.8607,4.1296,0.9171,0.1138,0.3453,0.9495,0.8397,0.0,2.2483,0.4035,0.9639,0.9639,0.9639,0.4352,0.0,0.0,0.9197,0.6595,2.0144,0.4225,9.3562,0.7756,0,1,0,0,0,1,0,0,1,0,0,1,1,1,0,0,0,1,0,1,4,1373,149,87,1551,498,0,12,0,12,0,12,0,12,36,58,0,12,21.4,10.9,89.1,7.5,0.0,2.0,0.0,2.0,0.0,2.0,0.0,2.0,2.1,3.6,0.0,2.0
39,Ohio,OH,39113,Montgomery County,39113000801,Census Tract 8.01; Montgomery County; Ohio,0.612949280264,3819,741,2004,260,1589,261,1574,505,219,165,603,201,172,102,293,163,377,100,1004,276,800,300,391,218,29,66,3190,758,48,55,7,13,42,44,181,84,20,4,41.6,10.4,11.1,7.7,37.9,11.0,7.4,4.0,7.7,4.1,9.9,3.2,26.3,4.2,21.0,5.0,24.6,13.1,0.8,1.8,83.5,11.5,2.4,2.7,0.3,0.6,2.6,2.7,11.4,5.5,0.5,0.0,0.8502,0.8663,0.8676,0.4775,0.6915,3.7531,0.8346,0.1214,0.7828,0.8366,0.9759,0.6636,3.3803,0.926,0.9436,0.9436,0.9436,0.4352,0.5565,0.8029,0.7651,0.5742,3.1339,0.8657,11.2109,0.9441,0,0,0,0,0,0,0,0,0,1,0,1,1,1,0,0,0,0,0,0,2,1820,162,104,2679,778,152,131,0,12,0,12,0,12,350,194,9,15,10.2,6.5,70.1,8.7,4.0,3.4,0.0,0.9,0.0,0.9,0.0,0.9,9.2,6.1,0.2,0.4
39,Ohio,OH,39113,Montgomery County,39113000802,Census Tract 8.02; Montgomery County; Ohio,0.375440565474,1832,322,1286,134,681,90,832,194,166,81,277,90,130,58,115,77,141,50,517,190,310,97,137,55,24,53,1566,330,25,28,0,12,0,16,157,68,17,3,45.8,7.0,17.1,7.4,40.7,12.1,10.8,4.8,6.3,4.2,7.7,3.0,28.2,6.3,16.9,5.5,20.1,7.6,1.4,3.2,85.5,9.9,2.0,2.2,0.0,2.7,0.0,2.3,23.1,9.0,0.9,0.0,0.8816,0.9562,0.9044,0.6782,0.5763,3.9967,0.8876,0.0609,0.8608,0.6598,0.9559,0.7717,3.3091,0.9114,0.9496,0.9496,0.9496,0.4051,0.0,0.0,0.9276,0.6458,1.9785,0.4092,10.2339,0.8686,0,1,1,0,0,2,0,0,0,1,0,1,1,1,0,0,0,1,0,1,5,975,48,40,1351,306,117,100,0,12,0,12,0,12,98,58,0,12,7.0,5.7,73.7,6.4,6.4,5.3,0.0,1.9,0.0,1.9,0.0,1.9,5.3,3.2,0.0,1.9
39,Ohio,OH,39113,Montgomery County,39113000900,Census Tract 9; Montgomery County; Ohio,0.429405655912,2744,477,1600,128,1218,143,1134,385,153,113,448,127,370,137,549,226,526,88,547,231,589,175,213,112,44,65,2055,525,343,111,0,12,0,16,313,103,177,12,43.9,12.5,11.2,6.6,36.8,9.5,17.8,7.5,21.3,7.8,19.2,4.6,19.9,6.1,22.8,5.7,17.4,9.0,1.6,2.4,74.9,14.0,21.5,6.7,0.0,2.2,0.0,1.3,25.7,7.7,6.5,1.2,0.8721,0.8679,0.8514,0.877,0.9835,4.4519,0.9667,0.6129,0.3751,0.8902,0.9311,0.7971,3.6064,0.9676,0.9172,0.9172,0.9172,0.8619,0.0,0.0,0.9394,0.9299,2.7312,0.7327,11.7067,0.9705,0,0,0,0,1,1,0,0,0,1,0,1,1,1,0,0,0,1,1,2,5,3970,315,113,1821,418,214,127,0,12,0,12,0,12,20,34,0,12,25.9,8.8,66.4,6.6,7.8,4.8,0.0,1.3,0.0,1.3,0.0,1.3,0.7,1.2,0.0,1.3
39,Ohio,OH,39113,Montgomery County,39113001000,Census Tract 10; Montgomery County; Ohio,0.298222095984,1720,290,777,159,649,152,506,227,50,46,242,158,96,55,112,91,165,61,440,165,280,160,35,35,4,45,1194,408,60,36,0,12,0,16,165,156,64,13,32.8,13.5,6.3,5.6,37.3,22.7,9.2,5.2,6.5,5.0,9.6,3.9,25.6,7.2,16.3,8.4,5.4,5.2,0.2,2.7,69.4,20.6,7.7,4.4,0.0,4.4,0.0,2.5,25.4,18.4,3.7,0.4,0.7518,0.6781,0.8578,0.5875,0.5947,3.4699,0.7737,0.1103,0.7429,0.6223,0.5108,0.4556,2.4419,0.5232,0.9014,0.9014,0.9014,0.6406,0.0,0.0,0.9387,0.8599,2.4392,0.6095,9.2524,0.7578,0,0,0,0,0,0,0,0,0,0,0,0,1,1,0,0,0,1,0,1,2,746,185,157,859,248,63,44,0,12,0,12,0,12,33,38,239,264,28.5,18.0,49.9,13.9,3.7,2.5,0.0,2.0,0.0,2.0,0.0,2.0,1.9,2.1,13.9,15.1
39,Ohio,OH,39113,Montgomery County,39113001100,Census Tract 11; Montgomery County; Ohio,0.621582520984,3958,537,2352,231,1830,225,1872,508,243,192,870,248,315,210,304,171,385,111,855,279,897,417,240,110,85,102,3135,678,110,92,0,12,13,25,441,167,10,4,47.3,11.1,12.7,9.3,47.5,12.2,12.2,8.4,7.7,4.5,9.7,3.1,21.6,6.8,22.7,8.6,13.1,5.8,2.2,2.6,79.2,13.3,4.7,3.9,0.0,1.5,0.7,1.4,24.1,8.9,0.3,0.1,0.8915,0.901,0.9578,0.7273,0.6915,4.1691,0.9222,0.1138,0.4918,0.8877,0.8638,0.8491,3.2062,0.8876,0.9312,0.9312,0.9312,0.5476,0.0,0.4873,0.9324,0.4924,2.4597,0.6197,10.7662,0.9143,0,1,1,0,0,2,0,0,0,0,0,0,1,1,0,0,0,1,0,1,4,1455,315,186,2514,355,86,87,0,12,24,30,0,12,473,378,38,64,17.2,8.8,63.5,10.0,2.2,2.2,0.0,0.9,0.6,0.8,0.0,0.9,12.0,9.2,1.0,1.6
39,Ohio,OH,39113,Montgomery County,39113001200,Census Tract 12; Montgomery County; Ohio,0.278136683842,1188,252,953,216,671,210,470,183,144,110,192,109,79,55,57,79,121,72,146,83,288,157,28,21,55,90,826,297,68,64,0,12,3,12,156,103,0,12,39.6,12.9,19.3,15.8,28.6,13.6,8.3,5.8,4.8,6.5,10.2,6.1,12.3,6.4,24.2,11.6,4.1,2.9,4.7,7.7,69.5,20.2,7.1,6.5,0.0,3.6,0.4,1.8,23.2,14.5,0.0,1.0,0.8324,0.9708,0.6956,0.5365,0.4243,3.4596,0.7705,0.1297,0.0659,0.9191,0.3844,0.9458,2.4449,0.526,0.902,0.902,0.902,0.6213,0.0,0.4206,0.9279,0.0,1.9698,0.407,8.7763,0.6981,0,1,0,0,0,1,0,0,1,0,1,2,1,1,0,0,0,1,0,1,5,591,82,76,691,215,48,50,8,12,0,12,0,12,60,52,19,22,12.2,11.2,58.2,11.9,4.0,4.1,0.7,1.0,0.0,2.9,0.0,2.9,5.1,4.3,1.6,1.9
39,Ohio,OH,39113,Montgomery County,39113001501,Census Tract 15.01; Montgomery County; Ohio,1.106256747686,4073,493,2636,243,2454,251,933,209,124,95,619,210,348,86,52,62,422,122,226,171,537,173,26,54,11,47,1604,535,1840,246,0,12,0,16,679,166,821,52,28.1,4.7,6.0,4.7,25.2,8.2,9.9,2.7,1.6,2.0,10.4,3.3,5.5,3.8,16.8,5.6,1.1,2.2,0.3,1.2,39.4,12.2,69.8,6.8,0.0,1.3,0.0,0.7,27.7,6.7,20.2,2.8,0.6814,0.6559,0.5889,0.6319,0.0825,2.6406,0.5527,0.1373,0.02,0.656,0.0829,0.4968,1.393,0.0657,0.7765,0.7765,0.7765,0.9902,0.0,0.0,0.9502,0.9756,2.916,0.801,7.7261,0.5368,0,0,0,0,0,0,0,0,0,0,0,0,0,0,1,0,0,1,1,3,3,32597,450,159,870,276,451,302,23,28,0,12,0,12,237,168,23,32,18.3,6.3,21.4,6.3,11.1,6.4,0.6,0.7,0.0,0.9,0.0,0.9,5.8,3.8,0.6,0.8
39,Ohio,OH,39113,Montgomery County,39113001600,Census Tract 16; Montgomery County; Ohio,1.410863426342,1851,309,1031,121,911,138,684,272,37,38,321,122,116,79,141,86,340,76,373,164,463,154,67,60,10,51,731,414,0,16,0,12,18,25,102,78,0,12,37.0,13.3,6.2,6.2,35.2,12.3,8.0,5.3,7.7,4.7,18.4,5.3,20.2,6.5,25.3,7.4,7.4,6.5,0.6,3.0,39.5,21.4,0.0,1.6,0.0,3.3,2.0,2.7,11.2,7.9,0.0,0.6,0.7997,0.6698,0.8257,0.5133,0.6915,3.5,0.781,0.5621,0.397,0.9359,0.647,0.6088,3.1508,0.873,0.7774,0.7774,0.7774,0.0,0.0,0.7346,0.7594,0.0,1.494,0.2295,8.9222,0.7171,0,0,0,0,0,0,0,0,1,0,0,1,0,0,0,0,0,0,0,0,1,1619,103,59,489,123,112,105,0,12,41,44,0,12,89,62,0,12,11.3,6.3,26.4,6.3,6.1,5.4,0.0,1.9,2.2,2.4,0.0,1.9,4.8,3.4,0.0,1.9
39,Ohio,OH,39113,Montgomery County,39113001700,Census Tract 17; Montgomery County; Ohio,1.410668444832,656,125,432,74,379,76,386,94,64,52,177,79,134,45,56,37,51,35,121,30,153,60,40,31,0,48,148,195,74,50,0,12,0,16,173,76,0,12,58.8,8.9,19.6,16.3,46.7,18.6,27.1,9.3,8.5,5.4,7.8,5.1,18.4,5.0,23.3,8.9,10.5,7.9,0.0,8.0,22.6,29.4,17.1,11.2,0.0,7.8,0.0,4.2,45.6,16.6,0.0,1.8,0.9556,0.9724,0.9517,0.9699,0.7471,4.5967,0.9857,0.0637,0.279,0.9023,0.7933,0.0,2.0383,0.2914,0.6237,0.6237,0.6237,0.8124,0.0,0.0,0.9895,0.0,1.8019,0.3371,9.0606,0.7352,1,1,1,1,0,4,0,0,1,0,0,1,0,0,0,0,0,1,0,1,6,5525,143,64,126,88,0,12,3,5,0,12,0,12,19,19,0,12,37.7,12.7,19.2,13.6,0.0,5.2,0.5,0.9,0.0,5.2,0.0,5.2,2.9,3.1,0.0,5.2
39,Ohio,OH,39113,Montgomery County,39113001801,Census Tract 18.01; Montgomery County; Ohio,1.151632613032,2178,371,1136,180,913,137,1477,330,67,74,465,156,138,98,458,282,446,163,670,178,539,191,240,78,40,68,917,474,303,150,0,12,14,25,160,88,0,12,67.8,9.8,10.0,10.6,50.9,15.3,9.8,6.7,21.0,11.8,20.5,6.7,30.8,5.9,24.7,7.4,26.3,7.6,1.9,3.3,42.1,20.5,26.7,12.5,0.0,3.0,1.5,2.7,17.5,9.2,0.0,0.6,0.9787,0.8435,0.973,0.6252,0.9825,4.4029,0.9597,0.6909,0.9347,0.9267,0.9829,0.8275,4.3627,0.9997,0.7901,0.7901,0.7901,0.8981,0.0,0.6606,0.8727,0.0,2.4314,0.6067,11.9871,0.981,1,0,1,0,1,3,0,1,1,1,0,3,0,0,0,0,0,0,0,0,6,3307,174,97,827,285,90,114,0,12,0,12,0,12,0,12,0,12,19.1,9.8,38.0,10.7,4.1,5.3,0.0,1.6,0.0,1.6,0.0,1.6,0.0,1.6,0.0,1.6
39,Ohio,OH,39113,Montgomery County,39113001802,Census Tract 18.02; Montgomery County; Ohio,1.336657710758,4386,961,1687,162,1459,205,2314,855,179,104,465,198,400,192,306,150,299,68,1646,701,808,260,52,59,238,225,853,1265,77,89,27,43,121,110,241,122,0,12,53.0,15.7,11.1,6.7,31.9,12.8,17.2,8.1,7.0,4.0,6.8,2.1,37.5,9.4,18.4,5.8,3.6,4.0,5.8,5.4,19.4,28.5,4.6,5.3,1.6,2.6,8.3,7.4,16.5,8.0,0.0,0.3,0.9238,0.8663,0.7705,0.8643,0.636,4.0609,0.9006,0.0447,0.9857,0.7318,0.3292,0.9629,3.0543,0.8397,0.5815,0.5815,0.5815,0.5441,0.6749,0.9813,0.86,0.0,3.0603,0.8473,10.757,0.9137,1,0,0,0,0,1,0,1,0,0,1,2,0,0,0,0,1,0,0,1,4,9059,279,123,565,707,213,244,48,69,0,12,0,12,27,41,0,12,19.1,8.4,12.9,14.7,4.9,5.8,1.1,1.7,0.0,0.8,0.0,0.8,0.6,1.0,0.0,0.8
39,Ohio,OH,39113,Montgomery County,39113001900,Census Tract 19; Montgomery County; Ohio,1.287097658038,3568,575,2270,355,1769,358,1663,450,149,95,699,310,326,178,541,229,413,129,708,234,757,317,218,173,99,99,1290,700,93,73,15,25,32,40,400,293,11,3,46.6,10.1,8.8,5.1,39.5,15.6,12.6,6.7,15.2,5.6,11.6,3.9,19.8,5.5,21.3,7.8,12.4,9.5,3.1,3.0,36.2,18.7,4.1,3.2,0.7,1.1,1.8,2.2,22.6,14.0,0.3,0.1,0.8867,0.8073,0.8895,0.7406,0.9432,4.2673,0.9371,0.1776,0.3713,0.8448,0.8473,0.9014,3.1424,0.8695,0.7511,0.7511,0.7511,0.5219,0.6003,0.7079,0.9238,0.4924,3.2463,0.8879,11.4071,0.9546,0,0,0,0,1,1,0,0,0,0,1,1,0,0,0,0,0,1,0,1,3,5634,434,292,654,391,293,218,46,48,5,7,0,12,292,169,0,12,24.5,13.7,18.3,9.9,8.2,5.8,1.3,1.3,0.1,0.2,0.0,1.0,8.2,4.8,0.0,1.0
39,Ohio,OH,39113,Montgomery County,39113002000,Census Tract 20; Montgomery County; Ohio,0.724394147646,2487,558,1659,368,1421,378,1397,378,263,158,842,364,371,192,55,43,199,77,471,98,560,184,277,149,30,59,907,798,65,67,0,12,0,16,503,335,0,12,56.2,8.5,19.4,10.6,59.3,20.2,22.1,8.4,2.2,1.7,8.0,3.4,18.9,5.1,22.5,5.7,19.5,9.1,1.3,2.4,36.5,31.0,3.9,3.9,0.0,2.1,0.0,1.1,35.4,16.7,0.0,0.5,0.9441,0.9714,0.9917,0.9331,0.1396,3.9799,0.8838,0.0682,0.3107,0.8835,0.9498,0.7565,2.9687,0.8083,0.753,0.753,0.753,0.5133,0.0,0.0,0.9749,0.0,1.4882,0.2263,9.1898,0.7495,1,1,1,1,0,4,0,0,0,1,0,1,0,0,0,0,0,1,0,1,6,1837,186,76,519,201,243,150,0,12,8,14,0,12,123,92,14,21,13.1,6.4,20.9,8.1,9.8,6.7,0.0,1.4,0.3,0.6,0.0,1.4,4.9,4.0,0.6,0.8
39,Ohio,OH,39113,Montgomery County,39113002200,Census Tract 22; Montgomery County; Ohio,0.455031245652,2971,492,1389,246,1132,214,1626,461,79,59,537,213,524,219,361,289,276,114,860,267,951,236,205,171,117,133,1250,641,161,80,0,12,11,20,320,117,59,5,55.0,12.6,6.0,5.0,47.4,16.5,27.2,10.3,12.2,9.7,9.3,3.8,28.9,6.0,32.1,7.6,18.1,14.7,4.3,4.9,42.1,20.4,11.5,5.4,0.0,2.5,1.0,1.8,28.3,10.3,2.0,0.4,0.9346,0.6559,0.9575,0.9708,0.8908,4.4096,0.9606,0.1024,0.884,0.987,0.9368,0.9353,3.8455,0.9895,0.7901,0.7901,0.7901,0.7197,0.0,0.5676,0.9527,0.7584,2.9984,0.8279,12.0436,0.9838,1,0,1,1,0,3,0,0,1,1,1,3,0,0,0,0,0,1,0,1,7,2204,202,93,667,404,255,296,0,12,0,12,0,12,328,160,0,12,17.8,7.9,22.5,12.4,8.6,9.9,0.0,1.2,0.0,1.2,0.0,1.2,11.0,5.7,0.0,1.2
39,Ohio,OH,39113,Montgomery County,39113002300,Census Tract 23; Montgomery County; Ohio,0.401432952114,2576,433,1315,169,963,156,1266,459,82,78,433,178,597,259,326,230,351,63,631,284,761,294,180,110,87,81,808,606,33,52,0,12,36,45,324,150,136,3,51.7,16.4,7.8,7.0,45.0,17.0,35.2,11.0,13.3,8.3,13.6,2.9,24.5,9.1,31.1,11.9,18.7,11.0,3.6,3.3,31.4,22.9,2.5,3.9,0.0,2.6,3.7,4.6,33.6,12.3,5.3,0.9,0.9191,0.7616,0.9422,0.9911,0.9169,4.5309,0.9787,0.2695,0.6826,0.9832,0.9432,0.9182,3.7967,0.9867,0.7181,0.7181,0.7181,0.4413,0.0,0.8841,0.9695,0.9138,3.2087,0.8813,12.2544,0.9905,1,0,1,1,1,4,0,0,1,1,1,3,0,0,0,0,0,1,1,2,9,1571,141,76,457,224,223,216,0,12,0,12,0,12,128,118,0,12,14.6,7.5,17.7,9.1,8.7,8.3,0.0,1.3,0.0,1.3,0.0,1.3,5.0,4.1,0.0,1.3
39,Ohio,OH,39113,Montgomery County,39113002400,Census Tract 24; Montgomery County; Ohio,0.466037469264,2566,347,1237,220,1168,231,1012,369,198,100,313,198,430,264,327,171,350,194,535,174,489,220,62,56,122,100,926,494,30,48,0,12,34,39,55,51,0,12,39.7,13.4,15.3,6.9,26.8,16.1,22.3,11.9,12.7,6.4,13.6,7.2,20.8,5.7,19.1,8.0,5.3,4.7,5.3,4.3,36.1,18.6,2.4,3.9,0.0,2.8,2.9,3.3,4.7,4.4,0.0,0.5,0.8334,0.9371,0.6463,0.9347,0.9038,4.2553,0.9359,0.2695,0.4369,0.768,0.5022,0.9569,2.9335,0.793,0.7505,0.7505,0.7505,0.4352,0.0,0.8349,0.4479,0.0,1.718,0.3032,9.6573,0.8114,0,1,0,1,1,3,0,0,0,0,1,1,0,0,0,0,0,0,0,0,4,1482,202,194,175,144,559,264,48,63,9,12,0,12,135,69,0,12,17.3,14.5,6.8,5.6,21.8,9.5,1.9,2.4,0.4,0.5,0.0,1.4,5.3,2.7,0.0,1.4
39,Ohio,OH,39113,Montgomery County,39113002500,Census Tract 25; Montgomery County; Ohio,1.161677828766,4920,886,2607,307,2340,313,1842,833,51,52,588,220,767,362,380,187,573,105,1087,281,999,343,254,268,91,102,685,1262,413,202,158,75,63,57,320,282,0,12,37.4,15.5,2.3,2.4,25.1,8.8,23.6,9.6,7.7,3.8,11.6,3.0,22.1,2.6,20.3,5.4,10.9,11.4,1.9,2.2,13.9,25.5,15.9,7.5,6.1,2.9,2.7,2.4,13.7,11.0,0.0,0.2,0.8045,0.2384,0.5841,0.9451,0.6915,3.2636,0.727,0.1776,0.5247,0.8156,0.8057,0.8275,3.1511,0.8733,0.468,0.468,0.468,0.7952,0.8092,0.814,0.814,0.0,3.2324,0.8857,10.1151,0.8575,0,0,0,1,0,1,0,0,0,0,0,0,0,0,0,0,0,0,0,0,1,2191,417,163,133,89,293,233,13,21,29,37,0,12,104,92,113,144,17.8,7.0,2.7,1.9,6.0,4.9,0.3,0.4,0.6,0.8,0.0,0.7,2.1,1.9,2.3,2.9
39,Ohio,OH,39113,Montgomery County,39113002600,Census Tract 26; Montgomery County; Ohio,0.781072376838,5675,641,2627,267,2347,280,2587,979,96,104,610,247,409,209,570,365,609,254,1815,541,939,277,248,135,168,238,1723,767,99,88,15,40,58,86,214,112,0,17,45.7,16.5,4.3,4.3,26.0,10.1,12.4,6.4,10.0,6.4,10.7,4.5,32.0,7.1,16.5,5.6,10.6,5.6,3.5,5.0,30.4,13.1,3.8,3.3,0.6,1.5,2.5,3.7,9.1,4.6,0.0,0.3,0.8804,0.5117,0.6156,0.7337,0.8197,3.5611,0.794,0.1503,0.949,0.6334,0.7975,0.916,3.4462,0.9387,0.7093,0.7093,0.7093,0.5067,0.5876,0.7902,0.6905,0.0,2.575,0.667,10.2916,0.8759,0,0,0,0,0,0,0,1,0,0,1,2,0,0,0,0,0,0,0,0,2,2770,326,148,778,267,476,492,13,21,0,17,0,17,456,490,0,17,13.9,6.5,13.7,4.7,8.4,8.5,0.2,0.4,0.0,0.6,0.0,0.6,8.0,8.2,0.0,0.6
39,Ohio,OH,39113,Montgomery County,39113002700,Census Tract 27; Montgomery County; Ohio,0.373658318642,1913,227,1070,131,1034,130,545,158,75,52,295,96,153,63,217,120,400,99,321,90,267,67,97,49,26,53,203,332,0,16,0,12,6,15,12,12,17,4,28.5,7.5,7.0,4.8,28.5,8.6,10.9,4.3,11.3,6.3,20.9,4.7,16.8,3.5,14.0,4.0,9.4,4.6,1.5,3.0,10.6,17.3,0.0,1.5,0.0,3.2,0.6,1.4,1.2,1.2,0.9,0.2,0.6855,0.7222,0.6914,0.6823,0.8686,3.65,0.8121,0.7093,0.1972,0.4811,0.754,0.7854,2.927,0.7883,0.3748,0.3748,0.3748,0.0,0.0,0.4632,0.1276,0.6458,1.2366,0.1584,8.1884,0.6165,0,0,0,0,0,0,0,0,0,0,0,0,0,0,0,0,0,0,0,0,0,1431,70,50,27,17,111,105,0,12,0,12,0,12,65,58,0,12,6.8,4.8,1.4,0.9,5.8,5.4,0.0,1.8,0.0,1.8,0.0,1.8,3.4,3.1,0.0,1.8
39,Ohio,OH,39113,Montgomery County,39113002800,Census Tract 28; Montgomery County; Ohio,0.453381817908,1929,302,1105,145,1015,158,431,219,24,35,264,101,227,102,206,115,450,88,357,110,258,99,35,40,0,48,72,435,82,67,0,12,0,16,75,63,0,12,22.3,10.8,2.3,3.5,26.0,9.1,15.1,7.2,10.7,5.8,23.3,5.1,18.5,5.1,13.4,5.4,3.4,3.9,0.0,2.8,3.7,22.5,7.4,6.0,0.0,3.1,0.0,1.6,7.4,6.2,0.0,0.6,0.5659,0.2384,0.6156,0.8196,0.8458,3.0853,0.6854,0.806,0.2828,0.4418,0.3089,0.0,1.8395,0.1981,0.0932,0.0932,0.0932,0.6311,0.0,0.0,0.6203,0.0,1.2514,0.1629,6.2694,0.3019,0,0,0,0,0,0,0,0,0,0,0,0,0,0,0,0,0,0,0,0,0,1087,111,71,0,12,9,16,15,24,0,12,20,37,28,44,0,12,10.9,6.9,0.0,1.8,0.5,0.9,0.8,1.3,0.0,1.8,1.0,1.9,1.5,2.3,0.0,1.8
39,Ohio,OH,39113,Montgomery County,39113002900,Census Tract 29; Montgomery County; Ohio,0.840875715618,3502,533,2229,300,2007,336,812,403,79,68,620,290,322,245,182,120,766,226,437,225,892,289,77,66,5,48,310,719,87,97,16,26,13,34,65,70,0,12,23.2,11.0,4.2,3.5,30.9,13.5,11.0,8.0,5.2,3.4,21.9,6.0,12.5,5.5,25.6,8.2,3.8,3.2,0.1,1.4,8.9,20.5,3.9,4.3,0.7,1.2,0.6,1.7,3.2,3.4,0.0,0.3,0.5862,0.4975,0.7486,0.6855,0.4706,2.9884,0.6568,0.7483,0.0704,0.9422,0.3502,0.4245,2.5356,0.5819,0.3145,0.3145,0.3145,0.5133,0.6003,0.4632,0.3248,0.0,1.9016,0.3759,7.7401,0.5406,0,0,0,0,0,0,0,0,1,0,0,1,0,0,0,0,0,0,0,0,1,1838,478,317,19,32,60,97,0,12,0,12,0,12,231,220,0,12,23.8,13.2,0.5,0.9,1.7,2.8,0.0,1.0,0.0,1.0,0.0,1.0,6.6,5.9,0.0,1.0
39,Ohio,OH,39113,Montgomery County,39113003000,Census Tract 30; Montgomery County; Ohio,0.645869108988,2612,544,1633,326,1486,324,545,152,53,53,286,105,85,55,173,111,446,218,354,40,277,95,66,60,13,52,491,789,105,75,0,12,0,16,86,59,45,16,21.2,3.9,3.1,3.1,19.2,5.7,3.9,2.9,6.7,4.7,17.1,8.3,13.6,3.0,10.8,4.3,4.5,3.9,0.5,2.1,18.8,30.0,6.5,4.4,0.0,2.1,0.0,1.1,5.8,4.3,1.7,0.5,0.5351,0.3537,0.3641,0.2191,0.6109,2.0829,0.3927,0.4677,0.0904,0.2691,0.4286,0.5796,1.8354,0.1965,0.5726,0.5726,0.5726,0.6013,0.0,0.0,0.5292,0.7381,1.8686,0.3641,6.3595,0.3162,0,0,0,0,0,0,0,0,0,0,0,0,0,0,0,0,0,0,0,0,0,3873,247,208,233,141,31,44,93,100,5,8,0,12,129,119,0,12,16.6,12.8,8.9,5.5,1.2,1.7,3.6,4.0,0.2,0.3,0.0,1.3,4.9,4.7,0.0,1.3
39,Ohio,OH,39113,Montgomery County,39113003100,Census Tract 31; Montgomery County; Ohio,0.392005113478,3087,485,1571,154,1459,151,1029,438,109,65,398,135,159,129,351,190,495,70,580,252,593,147,116,107,42,56,467,704,500,106,0,12,10,20,328,76,0,12,33.3,13.2,6.2,3.6,27.3,8.8,6.7,4.6,11.5,6.5,16.0,3.2,18.8,6.8,19.4,4.5,8.0,7.3,1.4,1.9,15.1,22.7,31.8,6.0,0.0,2.2,0.7,1.4,22.5,5.9,0.0,0.4,0.7601,0.6698,0.6606,0.4293,0.8734,3.3932,0.7552,0.3989,0.3015,0.782,0.6851,0.7717,2.9392,0.7962,0.4965,0.4965,0.4965,0.9273,0.0,0.4873,0.9222,0.0,2.3368,0.566,9.1657,0.7454,0,0,0,0,0,0,0,0,0,0,0,0,0,0,1,0,0,1,0,2,2,1482,243,121,166,78,140,118,35,62,0,12,0,12,56,47,70,88,16.7,7.9,5.4,2.8,4.5,3.8,1.1,2.0,0.0,1.1,0.0,1.1,1.8,1.5,2.3,3.0
39,Ohio,OH,39113,Montgomery County,39113003201,Census Tract 32.01; Montgomery County; Ohio,0.538732753824,3996,462,1979,158,1910,148,1637,405,139,97,794,207,66,49,205,101,344,55,729,244,286,101,170,95,13,50,1062,642,536,164,0,12,0,16,206,86,88,27,42.0,9.1,5.8,3.7,41.6,10.3,2.7,2.0,5.1,2.6,8.6,1.6,18.2,4.7,7.2,2.4,8.9,4.9,0.4,1.4,26.6,15.8,27.1,8.0,0.0,1.8,0.0,0.8,10.8,4.5,2.2,0.6,0.8534,0.6432,0.9152,0.1325,0.4611,3.0054,0.6625,0.0812,0.267,0.0774,0.7311,0.5412,1.6979,0.1413,0.6722,0.6722,0.6722,0.9006,0.0,0.0,0.7473,0.773,2.4209,0.6019,7.7964,0.5492,0,0,1,0,0,1,0,0,0,0,0,0,0,0,1,0,0,0,0,1,2,2506,270,115,254,146,216,155,336,202,0,12,0,12,239,190,17,27,14.1,5.8,6.4,3.7,5.4,3.9,8.4,4.9,0.0,0.9,0.0,0.9,6.0,4.4,0.4,0.7
39,Ohio,OH,39113,Montgomery County,39113003300,Census Tract 33; Montgomery County; Ohio,0.530451252026,5940,719,2212,265,2106,275,2125,639,271,132,661,265,536,217,814,402,453,266,1676,413,749,307,183,99,153,129,1765,954,97,88,0,17,42,54,172,156,5,4,35.8,9.8,8.7,4.1,31.4,11.9,15.3,6.1,13.7,6.7,7.6,4.3,28.2,5.1,12.6,5.3,8.6,4.6,2.8,2.4,29.7,15.7,4.4,3.9,0.0,1.6,2.0,2.6,8.2,6.8,0.1,0.1,0.7871,0.8032,0.7575,0.8269,0.9235,4.0982,0.9098,0.0571,0.8608,0.3897,0.7156,0.8884,2.9116,0.7806,0.7048,0.7048,0.7048,0.5359,0.0,0.7346,0.6552,0.3694,2.2951,0.546,10.0097,0.8486,0,0,0,0,1,1,0,0,0,0,0,0,0,0,0,0,0,0,0,0,1,2461,242,130,765,410,618,368,188,145,63,84,0,17,128,69,3,6,11.5,6.1,12.9,6.2,10.4,5.9,3.2,2.5,1.1,1.4,0.0,0.6,2.2,1.2,0.1,0.1
39,Ohio,OH,39113,Montgomery County,39113003402,Census Tract 34.02; Montgomery County; Ohio,0.582101274872,7277,1188,810,120,676,120,1074,314,552,219,322,107,18,18,221,96,83,32,146,83,385,149,9,21,52,84,1400,1478,166,68,0,17,48,47,59,42,5529,1234,60.8,9.0,16.7,5.5,47.6,13.4,3.2,3.1,3.0,1.4,1.1,0.5,2.0,1.2,5.3,1.7,1.3,3.1,0.7,1.1,19.2,20.1,20.5,7.8,0.0,4.2,7.1,6.8,8.7,6.2,76.0,11.6,0.9629,0.9543,0.9587,0.1671,0.2291,3.2721,0.7295,0.0063,0.0105,0.0321,0.1022,0.6367,0.7878,0.0133,0.5777,0.5777,0.5777,0.8524,0.0,0.9708,0.6775,0.9943,3.495,0.9371,8.1326,0.6044,1,1,1,0,0,3,0,0,0,0,0,0,0,0,0,0,1,0,1,2,5,6379,139,66,546,241,427,173,293,148,0,17,0,17,129,95,5,9,20.6,9.8,7.5,2.8,5.9,2.0,4.0,1.7,0.0,0.5,0.0,0.5,1.8,1.3,0.1,0.1
39,Ohio,OH,39113,Montgomery County,39113003403,Census Tract 34.03; Montgomery County; Ohio,0.336880172632,3558,152,69,30,49,23,103,69,365,193,18,23,5,5,55,75,22,16,7,7,117,76,0,16,0,48,606,273,2,12,0,12,2,12,0,12,3431,130,59.5,31.5,24.6,11.6,36.7,43.7,3.6,4.1,1.5,2.1,0.6,0.4,0.2,0.2,3.3,2.1,0.0,32.7,0.0,1.4,17.0,7.6,2.9,17.3,0.0,37.0,4.1,24.4,0.0,44.0,96.4,5.5,0.9575,0.9844,0.8489,0.1966,0.072,3.0594,0.6787,0.0029,0.0038,0.0038,0.0,0.0,0.0105,0.0,0.5349,0.5349,0.5349,0.4695,0.0,0.9006,0.0,0.9968,2.3669,0.5771,5.9717,0.2546,1,1,0,0,0,2,0,0,0,0,0,0,0,0,0,0,1,0,1,2,4,12134,2,3,177,134,244,113,90,102,0,12,0,12,95,94,0,12,4.1,5.9,5.0,3.8,6.9,3.2,2.5,2.8,0.0,1.0,0.0,1.0,2.7,2.6,0.0,1.0
39,Ohio,OH,39113,Montgomery County,39113003404,Census Tract 34.04; Montgomery County; Ohio,1.25143187189,2218,248,1131,86,899,100,739,164,182,120,202,70,161,76,284,108,242,97,346,106,392,106,26,24,30,74,379,351,77,43,0,12,0,16,79,50,325,30,33.9,6.4,13.5,7.7,22.5,7.4,9.8,4.3,12.8,4.5,10.9,4.5,15.6,4.7,17.7,4.7,2.9,2.7,1.5,3.6,17.1,15.7,6.8,3.8,0.0,3.0,0.0,1.8,8.8,5.4,14.7,2.1,0.7683,0.9133,0.4902,0.6252,0.9073,3.7043,0.8248,0.1554,0.1481,0.6995,0.2473,0.7854,2.0357,0.2895,0.5387,0.5387,0.5387,0.613,0.0,0.0,0.6813,0.9673,2.2616,0.5333,8.5403,0.6673,0,1,0,0,1,2,0,0,0,0,0,0,0,0,0,0,0,0,1,1,3,8365,56,32,195,107,106,71,7,12,0,12,0,12,52,48,19,25,6.2,3.5,8.8,4.8,4.8,3.1,0.3,0.5,0.0,1.6,0.0,1.6,2.3,2.2,0.9,1.1
39,Ohio,OH,39113,Montgomery County,39113003500,Census Tract 35; Montgomery County; Ohio,1.601884688128,2036,610,1234,164,839,168,1287,618,99,85,353,152,293,139,114,82,410,115,599,381,423,205,96,83,11,49,1717,649,42,65,0,12,23,32,216,115,87,3,66.0,24.1,16.8,12.9,42.1,16.0,20.7,8.9,5.8,4.6,20.1,7.5,29.4,11.7,21.7,11.4,11.5,9.6,0.6,2.7,84.3,19.4,3.4,5.2,0.0,2.8,2.7,3.8,25.7,12.5,4.3,1.3,0.9765,0.9546,0.9197,0.9201,0.5294,4.3003,0.9435,0.6687,0.8963,0.8613,0.8248,0.6088,3.8599,0.9917,0.9451,0.9451,0.9451,0.4895,0.0,0.814,0.9394,0.8849,3.1278,0.8648,12.2331,0.9892,1,1,1,1,0,4,0,0,0,0,0,0,1,1,0,0,0,1,0,1,6,5525,317,128,1638,600,0,12,0,12,5,11,0,12,63,84,11,20,37.8,12.9,80.5,10.8,0.0,1.7,0.0,1.7,0.2,0.5,0.0,1.7,3.1,4.2,0.5,1.0
39,Ohio,OH,39113,Montgomery County,39113003800,Census Tract 38; Montgomery County; Ohio,0.916618889366,2070,420,1567,187,1065,167,987,451,55,77,420,186,216,97,220,168,405,109,588,293,550,180,156,87,0,48,2050,420,85,81,0,12,32,38,256,107,8,2,47.7,19.5,6.7,8.3,39.4,16.3,15.8,7.7,10.6,7.8,19.6,6.0,28.4,9.9,26.6,7.8,14.6,7.8,0.0,2.5,99.0,2.9,5.4,5.1,0.0,2.2,3.0,3.5,24.0,9.8,0.4,0.1,0.8937,0.7032,0.8876,0.8361,0.8423,4.1629,0.9206,0.6411,0.8678,0.9543,0.893,0.0,3.3562,0.9203,0.9937,0.9937,0.9937,0.5686,0.0,0.8429,0.9314,0.5374,2.8803,0.7889,11.3931,0.9533,0,0,0,0,0,0,0,0,1,0,0,1,1,1,0,0,0,1,0,1,3,1132,252,115,1913,443,73,113,0,12,27,41,0,12,13,21,24,36,23.7,11.1,92.4,6.6,3.5,5.6,0.0,1.7,1.3,1.9,0.0,1.7,0.6,1.0,1.2,1.7
39,Ohio,OH,39113,Montgomery County,39113003900,Census Tract 39; Montgomery County; Ohio,0.539239319648,2139,615,1254,219,842,186,1363,612,167,126,308,144,255,171,96,103,420,119,630,221,326,137,124,77,0,48,2093,617,11,26,15,27,38,35,68,49,0,12,63.7,22.0,19.7,11.4,36.6,15.1,18.9,12.1,4.5,5.1,19.6,7.4,29.5,7.7,15.2,7.3,14.7,8.5,0.0,2.4,97.8,6.4,0.9,2.1,1.2,2.2,4.5,4.0,8.1,5.8,0.0,0.6,0.9727,0.973,0.8463,0.8944,0.3875,4.0739,0.9038,0.6411,0.8998,0.5592,0.8952,0.0,2.9953,0.8203,0.9886,0.9886,0.9886,0.3181,0.6451,0.9213,0.6505,0.0,2.535,0.6495,10.5928,0.9022,1,1,0,0,0,2,0,0,0,0,0,0,1,1,0,0,1,0,0,1,4,755,341,135,2065,612,0,12,0,12,27,26,0,12,1,3,0,12,40.5,13.1,96.5,2.9,0.0,1.6,0.0,1.6,1.3,1.2,0.0,1.6,0.0,0.1,0.0,1.6
39,Ohio,OH,39113,Montgomery County,39113004100,Census Tract 41; Montgomery County; Ohio,0.825985691988,1822,563,1255,182,833,153,989,579,38,57,269,114,263,144,295,180,278,96,543,376,261,120,82,72,58,99,1729,567,240,156,0,12,0,16,217,96,7,2,54.3,27.0,4.8,6.9,32.3,12.3,21.6,10.0,16.2,9.5,15.3,4.4,29.8,12.7,14.3,5.0,9.8,8.5,3.4,5.7,94.9,10.4,19.1,12.1,0.0,2.7,0.0,1.9,26.1,10.6,0.4,0.2,0.9302,0.5603,0.7787,0.9302,0.953,4.1524,0.9194,0.3576,0.9081,0.5033,0.7705,0.9119,3.4514,0.9394,0.9756,0.9756,0.9756,0.8333,0.0,0.0,0.9432,0.5374,2.3139,0.5549,10.8933,0.9244,1,0,0,1,1,3,0,1,0,0,1,2,1,1,0,0,0,1,0,1,7,1786,203,92,1478,551,133,147,0,12,0,12,0,12,118,107,0,12,24.4,9.8,81.1,12.0,7.3,7.9,0.0,1.9,0.0,1.9,0.0,1.9,6.5,6.4,0.0,1.9
39,Ohio,OH,39113,Montgomery County,39113004200,Census Tract 42; Montgomery County; Ohio,0.612340011308,1785,405,1439,283,942,259,895,253,38,42,214,101,125,72,115,111,357,154,398,131,416,232,102,43,0,48,1768,405,46,39,0,12,19,28,264,218,5,4,50.1,8.5,4.9,6.1,22.7,8.7,9.5,5.4,6.4,5.6,20.0,8.7,22.3,6.7,23.3,11.6,10.8,3.5,0.0,2.9,99.0,3.2,3.2,2.6,0.0,2.4,2.0,2.9,28.0,18.9,0.3,0.2,0.908,0.5711,0.4962,0.6068,0.5849,3.167,0.7063,0.663,0.539,0.9023,0.8032,0.0,2.9075,0.7787,0.9937,0.9937,0.9937,0.4797,0.0,0.7346,0.9511,0.4924,2.6578,0.701,9.726,0.8184,1,0,0,0,0,1,0,0,1,0,0,1,1,1,0,0,0,1,0,1,4,679,312,200,1470,382,91,107,0,12,0,12,0,12,207,197,0,12,33.1,19.0,82.4,13.0,5.1,5.8,0.0,1.9,0.0,1.9,0.0,1.9,11.6,10.5,0.0,1.9
39,Ohio,OH,39113,Montgomery County,39113004300,Census Tract 43; Montgomery County; Ohio,2.771438997694,2180,428,978,144,791,150,1450,377,75,71,304,110,295,110,311,245,136,56,948,295,391,195,206,99,26,65,2102,440,28,36,30,35,0,16,159,70,0,12,67.8,12.3,11.1,10.7,38.4,11.8,25.2,8.5,14.3,10.1,6.2,3.0,43.5,8.9,17.9,8.9,26.1,11.5,1.4,3.5,96.4,7.0,2.9,3.7,3.1,3.5,0.0,2.0,20.1,8.8,0.0,0.6,0.9787,0.8663,0.874,0.9566,0.9318,4.6074,0.9873,0.0374,0.9962,0.708,0.9819,0.7717,3.4952,0.9483,0.9822,0.9822,0.9822,0.4695,0.7371,0.0,0.9054,0.0,2.112,0.4667,11.1968,0.9429,1,0,0,1,1,3,0,1,0,1,0,2,1,1,0,0,0,1,0,1,7,1254,153,70,1837,450,39,68,0,12,0,12,0,12,226,211,0,12,19.3,9.1,84.3,11.4,1.8,3.1,0.0,1.6,0.0,1.6,0.0,1.6,10.4,9.3,0.0,1.6
39,Ohio,OH,39113,Montgomery County,39113004400,Census Tract 44; Montgomery County; Ohio,0.517468186174,1435,230,1108,114,787,108,482,201,82,75,245,98,207,106,165,120,334,118,193,130,435,104,80,66,0,48,1401,232,0,16,0,12,0,16,187,84,0,12,33.6,12.9,12.9,10.2,31.1,11.7,19.6,8.7,11.5,7.6,23.3,8.8,13.4,7.7,30.3,8.2,10.2,8.3,0.0,3.4,97.6,4.1,0.0,1.4,0.0,3.1,0.0,2.0,23.8,10.2,0.0,0.8,0.7636,0.9051,0.7537,0.9058,0.8734,4.2016,0.927,0.806,0.0853,0.9803,0.7835,0.0,2.6551,0.6565,0.9883,0.9883,0.9883,0.0,0.0,0.0,0.9302,0.0,0.9302,0.0981,8.7752,0.6978,0,1,0,1,0,2,0,0,1,0,0,1,1,1,0,0,0,1,0,1,5,791,127,71,1319,240,0,12,0,12,0,12,0,12,13,19,69,86,16.1,8.9,91.9,7.0,0.0,2.4,0.0,2.4,0.0,2.4,0.0,2.4,0.9,1.3,4.8,5.9
39,Ohio,OH,39113,Montgomery County,39113004600,Census Tract 46; Montgomery County; Ohio,1.30629310507,1481,302,593,114,441,122,816,232,38,27,193,95,184,75,136,63,422,122,219,123,335,111,51,42,0,48,1003,367,47,36,0,12,5,14,48,38,558,32,66.0,11.4,9.0,7.1,43.8,17.8,17.1,7.4,10.8,5.7,28.5,10.3,14.8,7.1,26.6,10.3,11.6,9.0,0.0,3.3,67.7,20.6,7.9,5.9,0.0,5.7,1.1,3.2,10.9,8.2,37.7,8.0,0.9765,0.8149,0.9333,0.8627,0.8502,4.4376,0.9654,0.9432,0.123,0.9543,0.8289,0.0,2.8494,0.7527,0.8947,0.8947,0.8947,0.6473,0.0,0.587,0.7495,0.987,2.9708,0.82,11.1525,0.9403,1,0,1,0,0,2,1,0,1,0,0,2,0,0,0,0,0,0,1,1,5,1337,118,44,870,230,9,15,0,12,0,12,0,12,115,106,9,25,26.8,11.3,58.7,14.0,0.6,1.1,0.0,2.3,0.0,2.3,0.0,2.3,7.8,6.5,0.6,1.7
39,Ohio,OH,39113,Montgomery County,39113010100,Census Tract 101; Montgomery County; Ohio,0.96756002894,2344,399,887,146,882,148,115,69,11,13,127,51,32,28,20,24,378,72,658,113,210,69,57,29,0,48,211,568,37,25,0,12,0,16,5,7,0,12,4.9,2.8,0.9,1.1,14.4,5.3,2.1,1.8,0.9,1.1,16.1,3.5,28.1,5.1,9.0,2.9,6.5,3.1,0.0,2.1,9.0,24.2,4.2,2.7,0.0,3.9,0.0,1.8,0.6,0.8,0.0,0.5,0.0609,0.0654,0.1679,0.0938,0.0349,0.4229,0.013,0.4071,0.857,0.1593,0.5844,0.0,2.0078,0.2749,0.3177,0.3177,0.3177,0.5257,0.0,0.0,0.0616,0.0,0.5873,0.0467,3.3357,0.0222,0,0,0,0,0,0,0,0,0,0,0,0,0,0,0,0,0,0,0,0,0,1905,52,35,9,14,18,21,114,68,0,12,0,12,70,47,0,12,5.9,4.0,0.4,0.6,0.8,0.9,4.9,3.0,0.0,1.5,0.0,1.5,3.0,2.1,0.0,1.5
39,Ohio,OH,39113,Montgomery County,39113010200,Census Tract 102; Montgomery County; Ohio,1.227019414634,7152,398,2977,201,2728,132,472,196,101,90,307,120,44,50,251,215,749,145,2187,314,588,179,202,114,63,89,593,674,52,40,0,17,0,24,91,105,0,17,6.7,2.8,2.6,2.3,11.3,4.4,0.9,1.1,3.5,3.0,10.5,2.2,30.6,3.2,8.3,2.4,7.4,4.2,0.9,1.3,8.3,9.4,1.7,1.3,0.0,1.2,0.0,0.9,3.3,3.8,0.0,0.2,0.1092,0.2822,0.0771,0.0289,0.2856,0.783,0.061,0.1424,0.9287,0.1257,0.647,0.6855,2.5293,0.5759,0.2933,0.2933,0.2933,0.387,0.0,0.0,0.3346,0.0,0.7216,0.061,4.3272,0.081,0,0,0,0,0,0,0,1,0,0,0,1,0,0,0,0,0,0,0,0,1,5055,44,41,29,43,142,109,177,202,0,17,0,17,245,190,0,17,1.6,1.5,0.4,0.6,2.0,1.5,2.5,2.9,0.0,0.5,0.0,0.5,3.4,2.7,0.0,0.5
39,Ohio,OH,39113,Montgomery County,39113020100,Census Tract 201; Montgomery County; Ohio,1.400781144816,2680,366,1377,86,1203,118,441,145,28,26,249,84,68,53,17,18,476,137,639,133,380,129,41,54,0,48,297,519,98,49,0,12,0,16,112,62,17,3,16.5,4.9,2.0,1.9,20.7,6.7,3.5,2.7,0.6,0.7,17.8,5.1,23.8,3.5,14.2,4.6,3.4,4.5,0.0,1.9,11.1,19.3,7.2,3.5,0.0,2.5,0.0,1.3,9.3,5.1,0.6,0.1,0.4078,0.194,0.4244,0.1912,0.0187,1.2361,0.154,0.5178,0.6439,0.4919,0.3089,0.0,1.9625,0.2546,0.3909,0.3909,0.3909,0.6241,0.0,0.0,0.6968,0.6059,1.9268,0.3883,5.5163,0.1905,0,0,0,0,0,0,0,0,0,0,0,0,0,0,0,0,0,0,0,0,0,1741,126,75,84,59,40,34,56,73,0,12,0,12,117,113,0,12,10.5,6.0,3.1,2.2,1.5,1.3,2.1,2.8,0.0,1.3,0.0,1.3,4.4,4.1,0.0,1.3
39,Ohio,OH,39113,Montgomery County,39113020200,Census Tract 202; Montgomery County; Ohio,0.918583762444,2869,476,1345,155,1203,175,337,172,86,51,254,106,165,83,156,124,514,58,453,134,174,83,26,30,13,53,379,624,77,63,0,12,0,16,72,54,190,6,12.6,6.0,5.3,3.4,21.1,8.3,7.7,4.1,5.7,4.6,17.9,3.7,15.8,3.8,6.3,3.0,2.2,2.5,0.5,2.0,13.2,21.6,5.7,4.6,0.0,2.6,0.0,1.3,6.0,4.6,6.6,1.1,0.2897,0.6057,0.4403,0.4933,0.5176,2.3466,0.4673,0.5231,0.156,0.0508,0.1762,0.5796,1.4857,0.0879,0.4509,0.4509,0.4509,0.5781,0.0,0.0,0.5413,0.9309,2.0503,0.4378,6.3335,0.3111,0,0,0,0,0,0,0,0,0,0,0,0,0,0,0,0,0,0,1,1,1,8505,40,34,83,78,213,149,0,12,0,12,0,12,70,52,13,27,3.3,3.0,2.9,2.9,7.4,4.6,0.0,1.2,0.0,1.2,0.0,1.2,2.4,1.7,0.5,1.0
39,Ohio,OH,39113,Montgomery County,39113020300,Census Tract 203; Montgomery County; Ohio,1.166030356612,2390,241,1161,99,1089,108,168,76,52,34,108,48,89,62,43,41,756,139,340,83,278,97,9,18,0,48,177,349,116,58,0,12,0,16,58,35,1,1,7.0,3.1,4.0,2.6,9.9,4.3,4.7,3.2,1.8,1.7,31.6,5.1,14.2,3.2,11.6,4.1,0.8,1.7,0.0,2.1,7.4,14.6,10.0,4.9,0.0,3.0,0.0,1.5,5.3,3.1,0.0,0.0,0.1181,0.4756,0.0476,0.2815,0.1022,1.025,0.106,0.9715,0.1091,0.3234,0.0625,0.0,1.4665,0.0806,0.2521,0.2521,0.2521,0.6905,0.0,0.0,0.4917,0.0,1.1822,0.1416,3.9258,0.0483,0,0,0,0,0,0,1,0,0,0,0,1,0,0,0,0,0,0,0,0,1,1535,79,54,34,31,19,19,24,30,0,12,0,12,100,98,0,12,7.3,5.0,1.4,1.3,0.8,0.8,1.0,1.3,0.0,1.5,0.0,1.5,4.2,4.1,0.0,1.5
39,Ohio,OH,39113,Montgomery County,39113020400,Census Tract 204; Montgomery County; Ohio,2.868954463222,6819,1138,2933,198,2749,200,1283,1063,70,56,498,209,509,298,589,339,1664,217,1563,746,1068,346,37,46,72,83,864,1546,285,150,0,17,163,158,153,107,194,5,19.4,15.7,2.1,1.6,18.1,7.5,10.1,5.5,8.9,5.0,24.4,5.0,22.9,7.5,16.1,5.4,1.3,1.7,1.1,1.3,12.7,22.6,9.7,5.1,0.0,1.2,5.9,5.7,5.6,3.9,2.8,0.5,0.4922,0.2086,0.3175,0.6443,0.7661,2.4287,0.4873,0.8446,0.5808,0.6087,0.1022,0.7254,2.8617,0.7594,0.4369,0.4369,0.4369,0.6844,0.0,0.959,0.5175,0.8161,2.977,0.8219,8.7043,0.6898,0,0,0,0,0,0,0,0,0,0,0,0,0,0,0,0,1,0,0,1,1,3894,296,114,189,174,165,119,195,222,0,17,3,9,92,67,220,293,10.8,4.2,2.8,2.3,2.4,1.8,2.9,3.3,0.0,0.5,0.0,0.1,1.3,1.0,3.2,4.3
39,Ohio,OH,39113,Montgomery County,39113020500,Census Tract 205; Montgomery County; Ohio,0.310395892044,1491,221,939,91,909,97,293,137,4,7,456,131,31,19,104,69,429,65,303,106,300,95,149,54,0,48,276,306,0,16,1,8,0,16,80,45,0,12,19.7,8.7,0.5,1.0,50.2,13.4,2.8,1.8,7.0,4.9,28.8,5.7,20.3,5.5,20.1,4.7,16.4,5.7,0.0,3.3,18.5,20.3,0.0,1.7,0.1,0.9,0.0,1.8,8.8,4.9,0.0,0.8,0.4998,0.033,0.9708,0.1386,0.636,2.2782,0.4489,0.9467,0.4065,0.8105,0.921,0.0,3.0847,0.8486,0.5666,0.5666,0.5666,0.0,0.5502,0.0,0.6813,0.0,1.2315,0.1562,7.161,0.4476,0,0,1,0,0,1,1,0,0,1,0,2,0,0,0,0,0,0,0,0,3,1487,109,44,129,97,19,22,68,87,0,12,0,12,37,32,23,32,12.0,4.7,8.7,6.6,1.3,1.6,4.6,5.5,0.0,2.3,0.0,2.3,2.5,2.1,1.5,2.1
39,Ohio,OH,39113,Montgomery County,39113020601,Census Tract 206.01; Montgomery County; Ohio,0.450767907368,1672,158,844,77,805,73,190,91,42,31,188,60,51,41,102,81,343,58,343,75,238,63,39,30,0,48,183,216,4,13,0,12,0,16,14,12,0,12,11.6,5.4,5.4,3.9,23.4,7.1,4.2,3.4,6.1,4.6,20.5,3.4,20.5,3.4,14.2,3.8,4.9,3.7,0.0,3.0,10.9,12.9,0.5,1.5,0.0,4.1,0.0,2.0,1.7,1.6,0.0,0.7,0.2609,0.6143,0.52,0.2441,0.5547,2.194,0.4251,0.6909,0.4214,0.4919,0.4644,0.0,2.0686,0.3083,0.3855,0.3855,0.3855,0.2819,0.0,0.0,0.1848,0.0,0.4667,0.0308,5.1148,0.1524,0,0,0,0,0,0,0,0,0,0,0,0,0,0,0,0,0,0,0,0,0,1575,46,25,39,44,10,11,4,7,0,12,0,12,52,44,78,90,5.7,3.2,2.3,2.5,0.6,0.7,0.2,0.4,0.0,2.1,0.0,2.1,3.1,2.6,4.7,5.3
39,Ohio,OH,39113,Montgomery County,39113020602,Census Tract 206.02; Montgomery County; Ohio,0.625568638032,1824,244,761,115,727,118,73,35,7,12,81,35,38,41,59,49,343,60,458,106,189,52,48,31,0,48,103,329,22,16,5,7,0,16,16,14,0,12,4.0,1.8,0.8,1.4,11.1,4.5,3.0,3.2,3.2,2.7,18.8,3.7,25.1,3.9,10.4,2.6,6.6,4.1,0.0,2.9,5.6,18.0,2.9,2.1,0.7,0.9,0.0,2.2,2.2,2.0,0.0,0.7,0.0444,0.0578,0.0705,0.1512,0.2491,0.573,0.0295,0.5888,0.7188,0.2396,0.5902,0.0,2.1374,0.3444,0.1776,0.1776,0.1776,0.4695,0.6003,0.0,0.2324,0.0,1.3022,0.1752,4.1902,0.0702,0,0,0,0,0,0,0,0,0,0,0,0,0,0,0,0,0,0,0,0,0,2373,67,34,13,18,41,41,24,23,0,12,0,12,25,29,0,12,9.2,4.8,0.7,1.0,2.2,2.1,1.3,1.3,0.0,1.9,0.0,1.9,1.4,1.5,0.0,1.9
39,Ohio,OH,39113,Montgomery County,39113020700,Census Tract 207; Montgomery County; Ohio,0.667363407328,3208,423,1645,176,1580,180,278,97,39,37,379,129,17,19,163,83,538,87,557,124,329,105,65,60,0,48,345,609,160,82,10,17,0,16,42,37,2,4,8.7,2.8,1.9,1.8,24.0,7.7,0.7,0.8,5.1,2.7,16.8,3.6,17.4,3.6,10.3,3.4,4.2,3.8,0.0,1.5,10.8,18.9,9.7,4.9,0.6,1.0,0.0,1.0,2.7,2.4,0.1,0.1,0.1695,0.1787,0.5422,0.0216,0.4611,1.3731,0.1898,0.4486,0.2248,0.2329,0.394,0.0,1.3003,0.0533,0.3824,0.3824,0.3824,0.6844,0.5876,0.0,0.2752,0.3694,1.9166,0.3838,4.9724,0.1378,0,0,0,0,0,0,0,0,0,0,0,0,0,0,0,0,0,0,0,0,0,2712,82,52,139,75,94,76,14,21,0,12,0,12,98,57,0,12,5.2,3.4,4.3,2.4,2.9,2.4,0.4,0.7,0.0,1.1,0.0,1.1,3.1,1.8,0.0,1.1
39,Ohio,OH,39113,Montgomery County,39113020800,Census Tract 208; Montgomery County; Ohio,0.607283619516,2544,406,1499,210,1368,224,258,147,37,34,323,163,72,64,65,54,797,170,539,193,331,90,84,120,41,64,309,539,410,160,0,12,18,21,277,153,34,1,10.3,5.6,3.1,2.9,23.6,11.3,3.8,3.3,2.6,2.1,31.3,7.1,21.2,5.0,13.2,4.0,6.1,8.7,1.7,2.6,12.1,21.1,27.3,10.0,0.0,2.3,1.3,1.5,20.2,9.9,1.3,0.2,0.2161,0.3537,0.5295,0.2102,0.1812,1.4907,0.2241,0.9705,0.4654,0.4307,0.5584,0.8094,3.2344,0.8952,0.4204,0.4204,0.4204,0.9032,0.0,0.6181,0.9057,0.6934,3.1204,0.8629,8.2659,0.626,0,0,0,0,0,0,1,0,0,0,0,1,0,0,1,0,0,1,0,2,3,4890,126,55,52,75,12,28,106,86,0,12,0,12,139,136,0,12,9.2,4.2,2.0,3.0,0.5,1.1,4.2,3.2,0.0,1.4,0.0,1.4,5.5,4.9,0.0,1.4
39,Ohio,OH,39113,Montgomery County,39113020900,Census Tract 209; Montgomery County; Ohio,0.414200186948,2932,283,1638,190,1599,194,328,138,88,73,305,104,122,105,202,133,502,173,522,131,273,137,88,77,36,72,282,385,17,32,53,83,0,16,39,38,0,12,11.2,4.6,4.8,3.9,19.1,6.1,5.6,4.6,6.9,4.5,17.1,5.2,17.8,3.9,9.4,4.3,5.5,4.8,1.3,2.5,9.6,13.1,1.0,2.0,3.2,5.0,0.0,1.0,2.4,2.4,0.0,0.4,0.2475,0.5603,0.359,0.3497,0.6274,2.1439,0.4089,0.4677,0.247,0.1787,0.5171,0.7565,2.167,0.359,0.3424,0.3424,0.3424,0.3292,0.7413,0.0,0.2514,0.0,1.3219,0.1803,5.9752,0.2552,0,0,0,0,0,0,0,0,0,0,0,0,0,0,0,0,0,0,0,0,0,884,128,60,68,45,89,69,125,95,0,12,0,12,0,12,0,12,8.0,4.0,2.3,1.6,3.0,2.3,4.3,3.1,0.0,1.2,0.0,1.2,0.0,1.2,0.0,1.2
39,Ohio,OH,39113,Montgomery County,39113021000,Census Tract 210; Montgomery County; Ohio,0.65966105853,1856,262,789,79,770,83,385,161,36,23,202,65,48,30,151,84,218,42,480,111,305,84,23,30,5,47,310,329,14,13,0,12,21,24,51,28,0,12,21.0,8.3,3.8,2.5,26.2,8.0,3.6,2.3,8.1,4.7,11.7,2.7,25.9,3.3,16.5,4.9,3.0,3.9,0.3,2.7,16.7,17.6,1.7,1.6,0.0,4.3,2.7,3.1,6.6,3.6,0.0,0.6,0.5297,0.4524,0.6241,0.1966,0.7226,2.5254,0.5175,0.1836,0.7625,0.6334,0.2619,0.4968,2.3382,0.4559,0.5285,0.5285,0.5285,0.387,0.0,0.814,0.5765,0.0,1.7775,0.3279,7.1696,0.4489,0,0,0,0,0,0,0,0,0,0,0,0,0,0,0,0,0,0,0,0,0,4865,41,26,73,85,45,37,15,15,0,12,0,12,162,120,15,23,5.3,3.3,3.9,4.5,2.4,2.0,0.8,0.8,0.0,1.9,0.0,1.9,8.7,5.8,0.8,1.2
39,Ohio,OH,39113,Montgomery County,39113021100,Census Tract 211; Montgomery County; Ohio,0.602138424264,3561,428,1767,229,1687,216,714,308,125,67,389,136,256,142,350,174,444,80,675,280,483,204,212,212,43,60,1102,532,112,92,0,12,0,16,88,52,0,12,20.1,8.3,6.3,3.5,23.1,7.5,10.1,5.4,10.0,4.8,12.5,2.7,19.0,6.6,13.8,6.0,12.5,12.5,1.3,1.8,30.9,14.5,6.3,5.1,0.0,2.0,0.0,0.9,5.2,3.1,0.0,0.3,0.5087,0.6781,0.5111,0.6443,0.8197,3.1619,0.7041,0.2166,0.3183,0.4675,0.8492,0.7565,2.6081,0.626,0.7134,0.7134,0.7134,0.5952,0.0,0.0,0.4844,0.0,1.0796,0.1206,7.563,0.5102,0,0,0,0,0,0,0,0,0,0,0,0,0,0,0,0,0,0,0,0,0,2345,82,44,670,424,24,27,242,187,0,12,0,12,166,97,0,12,4.9,2.7,18.8,10.4,0.7,0.8,6.8,5.2,0.0,1.0,0.0,1.0,4.7,2.8,0.0,1.0
39,Ohio,OH,39113,Montgomery County,39113021200,Census Tract 212; Montgomery County; Ohio,0.862919823206,1894,215,805,63,766,53,381,178,35,33,166,58,59,37,65,47,264,41,510,127,214,80,34,24,0,48,417,347,105,42,0,12,10,19,51,37,0,12,20.3,9.2,3.7,3.3,21.7,7.4,4.6,2.8,3.4,2.4,13.9,2.7,26.9,4.2,11.3,4.0,4.4,3.1,0.0,2.7,22.0,18.2,13.0,5.1,0.0,4.3,1.3,2.5,6.7,4.9,0.0,0.6,0.5129,0.4429,0.4616,0.2724,0.2745,1.9643,0.3546,0.2841,0.8107,0.3028,0.4184,0.0,1.816,0.1873,0.617,0.617,0.617,0.7476,0.0,0.6181,0.5816,0.0,1.9473,0.3975,6.3446,0.314,0,0,0,0,0,0,0,0,0,0,0,0,0,0,0,0,0,0,0,0,0,3560,54,36,150,148,55,50,85,69,0,12,0,12,123,70,4,8,7.0,4.8,7.9,7.9,2.9,2.7,4.5,3.6,0.0,1.8,0.0,1.8,6.5,3.7,0.2,0.4
39,Ohio,OH,39113,Montgomery County,39113021301,Census Tract 213.01; Montgomery County; Ohio,1.733947788412,2890,574,1156,162,1141,163,792,439,32,26,318,170,139,78,298,217,353,29,699,169,402,128,144,154,0,48,78,813,30,25,0,12,37,48,80,55,13,3,27.4,14.2,2.1,1.9,27.9,14.4,7.3,4.1,10.3,6.4,12.2,2.7,24.2,5.7,13.9,4.5,12.6,13.4,0.0,1.8,2.7,28.1,2.6,2.1,0.0,3.0,3.2,4.2,7.0,4.8,0.4,0.1,0.6684,0.2086,0.6794,0.4715,0.8305,2.8584,0.6197,0.2032,0.669,0.4754,0.8511,0.0,2.1987,0.3771,0.0558,0.0558,0.0558,0.446,0.0,0.8571,0.5994,0.5374,2.4399,0.6102,7.5528,0.5083,0,0,0,0,0,0,0,0,0,0,0,0,0,0,0,0,0,0,0,0,0,6336,177,155,16,18,17,30,0,12,0,12,0,12,45,39,0,12,15.5,12.0,0.6,0.6,0.6,1.0,0.0,1.2,0.0,1.2,0.0,1.2,1.6,1.4,0.0,1.2
39,Ohio,OH,39113,Montgomery County,39113021302,Census Tract 213.02; Montgomery County; Ohio,0.45194281575399997,2015,199,970,92,946,100,289,119,51,27,278,106,167,91,123,69,401,97,467,120,266,75,61,38,29,61,316,269,79,41,0,12,14,22,42,41,0,12,14.3,5.7,5.0,2.6,29.4,10.8,11.8,6.0,6.1,3.5,19.9,4.8,23.2,4.4,13.3,3.9,6.5,4.0,1.5,3.2,15.7,13.3,8.2,4.2,0.0,3.5,1.5,2.3,4.4,4.4,0.0,0.6,0.3393,0.58,0.7105,0.7131,0.5547,2.8976,0.6289,0.6569,0.6005,0.4361,0.5844,0.7854,3.0633,0.8413,0.5101,0.5101,0.5101,0.6552,0.0,0.6606,0.4289,0.0,1.7447,0.3152,8.2157,0.621,0,0,0,0,0,0,0,0,0,0,0,0,0,0,0,0,0,0,0,0,0,852,152,82,116,100,80,74,22,18,0,12,0,12,98,62,0,12,16.1,8.1,5.8,4.7,4.0,3.7,1.1,0.9,0.0,1.7,0.0,1.7,4.9,2.9,0.0,1.7
39,Ohio,OH,39113,Montgomery County,39113021400,Census Tract 214; Montgomery County; Ohio,0.853113990712,2625,308,1233,132,1179,128,387,167,54,67,297,113,97,56,9,16,422,98,558,94,425,104,87,74,1,46,483,449,109,92,0,12,10,19,63,53,0,12,14.8,6.1,3.7,4.3,25.2,9.2,5.2,3.0,0.3,0.6,16.1,4.3,21.3,3.0,16.2,4.2,7.4,6.2,0.0,1.9,18.4,17.0,8.9,7.4,0.0,2.8,0.8,1.6,5.3,4.4,0.0,0.5,0.358,0.4429,0.5889,0.3148,0.0092,1.7138,0.2822,0.4071,0.4743,0.6144,0.647,0.0,2.1428,0.347,0.565,0.565,0.565,0.6714,0.0,0.5117,0.4917,0.0,1.6748,0.2825,6.0964,0.273,0,0,0,0,0,0,0,0,0,0,0,0,0,0,0,0,0,0,0,0,0,3575,37,27,138,91,59,60,43,45,0,12,0,12,243,124,0,12,3.1,2.3,5.3,3.4,2.2,2.2,1.6,1.7,0.0,1.3,0.0,1.3,9.3,4.8,0.0,1.3
39,Ohio,OH,39113,Montgomery County,39113021501,Census Tract 215.01; Montgomery County; Ohio,0.691510226408,2670,325,1217,88,1126,111,566,185,58,42,278,95,61,45,234,104,178,71,662,157,296,104,146,72,27,54,517,445,89,55,0,12,17,28,74,62,13,3,21.2,6.4,3.8,2.7,24.7,8.1,3.7,2.8,8.8,4.0,6.7,2.6,24.8,3.8,11.1,3.8,13.0,6.3,1.1,2.2,19.4,16.5,7.3,4.5,0.0,2.8,1.5,2.5,6.6,5.4,0.5,0.1,0.5351,0.4524,0.567,0.2039,0.7623,2.5207,0.5156,0.0428,0.7004,0.2882,0.8619,0.7254,2.6187,0.6333,0.5815,0.5815,0.5815,0.6283,0.0,0.6606,0.5765,0.5742,2.4396,0.6098,8.1605,0.6108,0,0,0,0,0,0,0,0,0,0,0,0,0,0,0,0,0,0,0,0,0,2228,77,61,201,195,120,118,26,31,0,12,0,12,158,107,12,19,6.8,5.4,7.5,7.2,4.5,4.2,1.0,1.2,0.0,1.3,0.0,1.3,5.9,3.7,0.4,0.7
39,Ohio,OH,39113,Montgomery County,39113021502,Census Tract 215.02; Montgomery County; Ohio,0.433910694048,2481,654,985,194,906,197,404,175,25,22,320,136,242,165,212,75,301,33,535,230,340,162,118,118,102,157,595,819,180,84,0,12,45,54,85,75,128,3,17.6,6.0,2.1,2.0,35.3,12.9,14.7,9.4,8.9,4.2,12.1,3.7,21.6,6.0,14.3,7.3,13.1,12.7,4.6,6.9,24.0,32.4,18.3,7.7,0.0,3.5,5.0,5.9,9.4,7.8,5.2,1.4,0.4424,0.2086,0.8273,0.8107,0.7661,3.0551,0.6781,0.1988,0.4918,0.5033,0.8638,0.9429,3.0006,0.8244,0.6452,0.6452,0.6452,0.8241,0.0,0.9381,0.6997,0.9109,3.3728,0.914,10.0737,0.8552,0,0,0,0,0,0,0,0,0,0,1,1,0,0,0,0,1,0,1,2,3,1448,98,75,366,305,28,30,134,151,0,12,0,12,67,43,0,12,10.8,7.7,14.8,10.6,1.1,1.3,5.4,6.0,0.0,1.4,0.0,1.4,2.7,1.8,0.0,1.4
39,Ohio,OH,39113,Montgomery County,39113021601,Census Tract 216.01; Montgomery County; Ohio,0.814840085554,2061,211,924,100,924,100,235,107,83,67,191,67,19,17,66,44,458,99,366,56,318,100,36,27,7,48,221,296,34,31,0,12,0,16,60,37,1,1,11.5,5.1,7.6,5.8,20.7,6.9,1.2,1.1,3.2,2.1,22.2,4.5,17.8,2.5,15.4,4.7,3.9,2.9,0.4,2.5,10.7,14.3,3.7,3.3,0.0,3.7,0.0,1.7,6.5,4.0,0.0,0.0,0.2561,0.7527,0.4244,0.0425,0.2491,1.7248,0.2863,0.7575,0.247,0.5712,0.3638,0.5412,2.4807,0.5454,0.3786,0.3786,0.3786,0.5048,0.0,0.0,0.5695,0.0,1.0743,0.1187,5.6584,0.2086,0,0,0,0,0,0,0,0,0,0,0,0,0,0,0,0,0,0,0,0,0,2583,69,40,111,86,43,46,22,22,0,12,0,12,37,30,8,11,7.5,4.2,5.4,4.1,2.1,2.2,1.1,1.1,0.0,1.7,0.0,1.7,1.8,1.4,0.4,0.5
39,Ohio,OH,39113,Montgomery County,39113021602,Census Tract 216.02; Montgomery County; Ohio,0.944551052454,3650,395,1523,114,1523,114,489,239,70,50,298,93,37,26,0,12,929,166,870,190,482,129,76,44,5,47,310,562,120,63,0,12,9,18,26,29,1,1,13.4,6.4,4.4,3.0,19.6,5.9,1.5,1.1,0.0,1.0,25.5,4.2,23.8,3.5,13.3,3.4,5.0,2.9,0.2,1.4,8.5,15.4,7.9,4.1,0.0,2.3,0.6,1.2,1.7,1.9,0.0,0.0,0.3164,0.5244,0.3781,0.058,0.0,1.2769,0.1641,0.8843,0.6439,0.4361,0.4762,0.4556,2.8961,0.7746,0.3009,0.3009,0.3009,0.6473,0.0,0.4632,0.1848,0.0,1.2953,0.1733,5.7692,0.227,0,0,0,0,0,0,0,0,0,0,0,0,0,0,0,0,0,0,0,0,0,1916,138,77,43,49,72,65,108,94,0,12,0,12,87,62,0,12,9.1,5.0,1.2,1.3,2.0,1.8,3.0,2.6,0.0,1.0,0.0,1.0,2.4,1.7,0.0,1.0
39,Ohio,OH,39113,Montgomery County,39113021700,Census Tract 217; Montgomery County; Ohio,0.756071500134,2448,375,1279,132,1270,132,487,211,59,51,456,152,50,46,197,137,619,182,463,161,371,146,56,58,5,47,314,486,73,45,36,44,0,16,111,73,0,12,20.0,8.1,4.1,3.5,35.9,11.4,2.9,2.7,8.0,5.4,25.3,7.4,18.9,4.6,15.2,5.9,4.4,4.5,0.2,2.0,12.8,19.8,5.8,3.5,2.8,3.5,0.0,1.3,8.7,5.8,0.0,0.5,0.5065,0.4867,0.8349,0.1433,0.7166,2.688,0.5686,0.8773,0.3107,0.5592,0.4184,0.4556,2.6212,0.6346,0.4401,0.4401,0.4401,0.5806,0.7263,0.0,0.6775,0.0,1.9844,0.4105,7.7337,0.539,0,0,0,0,0,0,0,0,0,0,0,0,0,0,0,0,0,0,0,0,0,2947,99,46,154,169,30,37,14,23,0,12,0,12,73,106,43,60,7.8,3.8,6.3,6.7,1.2,1.5,0.6,0.9,0.0,1.4,0.0,1.4,3.0,4.2,1.8,2.5
39,Ohio,OH,39113,Montgomery County,39113021800,Census Tract 218; Montgomery County; Ohio,0.352697613266,2236,242,1092,102,1033,104,517,166,73,48,268,90,51,32,167,88,180,56,540,89,221,84,105,52,53,65,529,353,237,87,0,12,6,16,87,46,0,12,23.1,7.0,5.6,3.6,25.9,8.3,3.8,2.5,7.6,4.0,8.1,2.6,24.2,3.4,10.1,3.7,10.2,4.9,2.6,3.1,23.7,15.6,21.7,7.7,0.0,3.2,0.6,1.5,8.4,4.3,0.0,0.5,0.5843,0.6276,0.6111,0.2102,0.6855,2.7187,0.5784,0.0704,0.669,0.2222,0.7835,0.877,2.6221,0.6356,0.6386,0.6386,0.6386,0.8635,0.0,0.4632,0.6635,0.0,1.9902,0.4121,7.9696,0.58,0,0,0,0,0,0,0,0,0,0,0,0,0,0,0,0,0,0,0,0,0,3007,99,55,340,168,53,46,102,90,7,11,0,12,27,20,0,12,9.6,5.3,15.2,7.3,2.4,2.0,4.6,3.9,0.3,0.5,0.0,1.6,1.2,0.9,0.0,1.6
39,Ohio,OH,39113,Montgomery County,39113021900,Census Tract 219; Montgomery County; Ohio,0.566949474086,2178,261,1041,139,999,136,140,65,12,14,180,58,34,26,53,43,603,79,466,89,209,62,22,19,19,50,239,313,169,127,0,12,0,16,27,17,70,3,6.6,3.0,1.1,1.4,18.0,5.3,2.1,1.6,2.5,2.1,27.7,4.2,21.4,3.8,10.0,3.2,2.2,1.9,0.9,2.4,11.0,14.3,16.3,12.0,0.0,3.3,0.0,1.6,2.7,1.7,3.2,0.4,0.1066,0.0803,0.3114,0.0938,0.1692,0.7613,0.0565,0.9315,0.4803,0.2174,0.1762,0.6855,2.4909,0.5521,0.3893,0.3893,0.3893,0.8013,0.0,0.0,0.2752,0.8405,1.917,0.3848,5.5585,0.1975,0,0,0,0,0,0,1,0,0,0,0,1,0,0,0,0,0,0,0,0,1,916,52,32,144,210,56,63,5,8,0,12,0,12,34,26,0,12,5.2,3.3,6.6,9.1,2.6,2.8,0.2,0.4,0.0,1.6,0.0,1.6,1.6,1.2,0.0,1.6
39,Ohio,OH,39113,Montgomery County,39113030100,Census Tract 301; Montgomery County; Ohio,4.553674246634,4554,530,2348,209,1991,189,1922,530,79,61,899,244,505,170,318,174,679,189,1439,330,886,244,180,94,78,88,1734,854,433,190,172,106,124,64,191,106,3,3,42.6,10.6,4.4,3.4,45.2,11.5,18.1,5.5,7.0,3.8,14.9,4.4,31.6,5.0,19.5,4.9,9.0,4.6,1.8,2.0,38.1,18.2,18.4,7.9,7.3,4.3,6.2,3.2,9.6,5.1,0.1,0.1,0.8588,0.5244,0.9441,0.8814,0.636,3.8447,0.8549,0.3377,0.9448,0.7855,0.7349,0.8183,3.6212,0.9695,0.7663,0.7663,0.7663,0.8254,0.834,0.9629,0.706,0.3694,3.6977,0.9663,11.9299,0.9794,0,0,1,0,0,1,0,1,0,0,0,1,0,0,0,0,1,0,0,1,3,16891,372,146,776,366,631,408,177,151,0,12,0,12,150,132,0,12,18.7,7.1,17.0,7.5,13.9,9.1,3.9,3.4,0.0,0.8,0.0,0.8,3.3,2.9,0.0,0.8
39,Ohio,OH,39113,Montgomery County,39113030200,Census Tract 302; Montgomery County; Ohio,2.955371812862,2799,385,1066,130,1022,134,678,275,74,56,305,104,158,68,132,81,337,80,798,204,188,67,124,66,6,47,597,511,0,16,25,40,8,16,79,53,109,2,25.2,9.6,5.4,3.7,29.8,9.4,8.7,3.6,4.9,2.8,12.0,2.8,28.5,5.0,7.0,2.4,12.2,6.3,0.2,1.8,21.3,18.0,0.0,1.5,2.3,3.7,0.8,1.6,7.7,5.0,3.9,0.5,0.6281,0.6143,0.7206,0.5574,0.4376,2.958,0.6476,0.1963,0.8719,0.0724,0.8432,0.4556,2.4394,0.52,0.6081,0.6081,0.6081,0.0,0.7114,0.5117,0.634,0.87,2.7271,0.7308,8.7326,0.6927,0,0,0,0,0,0,0,0,0,0,0,0,0,0,0,0,0,0,0,0,0,1188,94,53,276,187,194,192,25,36,0,12,0,12,102,76,0,12,9.2,5.1,9.9,6.3,6.9,6.7,0.9,1.3,0.0,1.2,0.0,1.2,3.6,2.7,0.0,1.2
39,Ohio,OH,39113,Montgomery County,39113040101,Census Tract 401.01; Montgomery County; Ohio,0.96215073992,1772,152,846,99,846,99,138,67,10,11,213,62,47,29,21,24,554,101,322,45,187,70,40,31,4,46,188,219,0,16,0,12,0,16,60,65,3,1,7.8,3.7,1.1,1.2,25.2,6.7,3.3,1.9,1.2,1.4,31.3,4.7,18.2,2.2,10.7,4.0,4.7,3.6,0.2,2.7,10.6,12.3,0.0,1.9,0.0,4.0,0.0,1.9,7.1,7.1,0.2,0.1,0.1444,0.0803,0.5889,0.176,0.0511,1.0407,0.1076,0.9705,0.267,0.2615,0.4476,0.4556,2.4022,0.5003,0.3748,0.3748,0.3748,0.0,0.0,0.0,0.6048,0.4356,1.0404,0.1111,4.8581,0.1276,0,0,0,0,0,0,1,0,0,0,0,1,0,0,0,0,0,0,0,0,1,1782,25,19,22,34,89,64,57,52,0,12,0,12,20,21,0,12,3.0,2.1,1.2,1.9,5.0,3.5,3.2,2.9,0.0,2.0,0.0,2.0,1.1,1.2,0.0,2.0
39,Ohio,OH,39113,Montgomery County,39113040102,Census Tract 401.02; Montgomery County; Ohio,1.80465426157,2251,304,898,119,863,120,139,84,7,7,101,50,32,24,58,48,788,202,471,117,281,118,31,25,37,55,361,441,0,16,12,18,0,16,0,12,0,12,6.2,3.7,0.8,0.8,11.7,5.6,1.9,1.4,2.6,2.1,35.0,7.2,20.9,3.8,12.5,4.7,3.6,2.9,1.7,2.5,16.0,19.5,0.0,1.8,1.3,2.0,0.0,1.9,0.0,4.0,0.0,0.5,0.092,0.0578,0.0895,0.0808,0.1812,0.5013,0.0219,0.9873,0.4426,0.3846,0.3292,0.8094,2.9531,0.8025,0.5155,0.5155,0.5155,0.0,0.6505,0.0,0.0,0.0,0.6505,0.0524,4.6204,0.1051,0,0,0,0,0,0,1,0,0,0,0,1,0,0,0,0,0,0,0,0,1,938,19,17,118,103,71,57,124,119,0,12,0,12,48,36,0,12,2.2,1.9,5.2,4.5,3.2,2.5,5.5,5.3,0.0,1.5,0.0,1.5,2.1,1.6,0.0,1.5
39,Ohio,OH,39113,Montgomery County,39113040103,Census Tract 401.03; Montgomery County; Ohio,1.304993485738,3356,365,1433,197,1310,181,297,205,18,21,323,158,118,90,47,34,1436,213,734,169,549,151,15,18,0,48,180,519,256,115,24,38,0,16,163,93,393,7,10.0,6.8,1.6,1.8,24.7,11.6,4.6,3.5,1.6,1.2,42.8,5.7,21.9,3.5,18.5,4.5,1.1,1.4,0.0,1.5,5.4,15.5,17.9,7.6,1.7,2.7,0.0,1.2,12.4,6.9,11.7,1.3,0.205,0.1346,0.567,0.2724,0.0825,1.2615,0.1606,0.9975,0.5098,0.7369,0.0829,0.0,2.3271,0.4502,0.1687,0.1687,0.1687,0.8206,0.6816,0.0,0.7883,0.9594,3.2499,0.8889,7.0072,0.4248,0,0,0,0,0,0,1,0,0,0,0,1,0,0,0,0,0,0,1,1,2,3059,213,99,20,40,70,85,24,28,0,12,0,12,27,26,39,43,16.3,7.0,0.6,1.2,2.1,2.5,0.7,0.8,0.0,1.0,0.0,1.0,0.8,0.8,1.2,1.3
39,Ohio,OH,39113,Montgomery County,39113040201,Census Tract 402.01; Montgomery County; Ohio,1.241341482222,2908,337,1273,171,1244,170,77,55,8,14,97,47,38,29,138,94,733,167,488,130,370,110,22,25,0,48,143,494,0,16,0,12,0,16,0,12,2,3,2.7,1.9,0.5,0.9,7.8,3.6,1.7,1.3,4.8,3.2,25.2,5.7,16.8,4.0,12.8,3.6,1.8,2.0,0.0,1.8,4.9,17.0,0.0,1.3,0.0,2.7,0.0,1.3,0.0,2.8,0.1,0.1,0.0206,0.033,0.02,0.0694,0.4243,0.5673,0.0289,0.8744,0.1972,0.4002,0.1419,0.0,1.6137,0.1168,0.1474,0.1474,0.1474,0.0,0.0,0.0,0.0,0.3694,0.3694,0.0254,2.6978,0.0067,0,0,0,0,0,0,0,0,0,0,0,0,0,0,0,0,0,0,0,0,0,1691,119,128,70,92,9,14,50,47,0,12,0,12,14,18,0,12,9.6,9.3,2.4,3.2,0.3,0.5,1.7,1.6,0.0,1.2,0.0,1.2,0.5,0.6,0.0,1.2
39,Ohio,OH,39113,Montgomery County,39113040203,Census Tract 402.03; Montgomery County; Ohio,1.336088982512,2693,393,1388,127,1303,138,31,31,30,36,237,105,46,42,27,23,667,90,552,207,283,94,34,40,27,61,628,537,22,21,0,12,0,16,10,15,0,12,1.2,1.1,2.0,2.4,18.2,7.8,2.3,2.1,1.0,0.9,24.8,4.1,20.5,5.6,10.8,3.5,2.6,3.1,1.0,2.3,23.3,19.6,1.6,1.5,0.0,2.5,0.0,1.2,0.8,1.1,0.0,0.4,0.0044,0.194,0.3213,0.1068,0.0394,0.6659,0.0432,0.858,0.4214,0.2691,0.2187,0.707,2.4742,0.5419,0.6309,0.6309,0.6309,0.3787,0.0,0.0,0.0873,0.0,0.466,0.0305,4.237,0.0724,0,0,0,0,0,0,0,0,0,0,0,0,0,0,0,0,0,0,0,0,0,1959,28,26,85,71,221,218,214,177,0,12,0,12,108,98,0,12,2.1,2.0,3.2,2.7,8.2,7.5,7.9,6.7,0.0,1.3,0.0,1.3,4.0,3.5,0.0,1.3
39,Ohio,OH,39113,Montgomery County,39113040204,Census Tract 402.04; Montgomery County; Ohio,1.63423656081,5534,551,2721,209,2641,212,692,256,38,42,494,190,93,76,257,141,1348,247,877,213,891,258,171,144,65,96,977,796,564,166,0,17,47,54,187,126,129,4,12.8,4.5,1.2,1.3,18.7,7.0,2.2,1.8,4.8,2.6,24.4,4.5,15.8,3.0,16.7,4.7,6.5,5.4,1.3,1.9,17.7,14.3,20.7,5.9,0.0,1.3,1.8,2.0,7.1,4.7,2.3,0.2,0.297,0.0898,0.339,0.1021,0.4243,1.2522,0.1571,0.8446,0.156,0.6493,0.5844,0.7565,2.9908,0.8162,0.5514,0.5514,0.5514,0.854,0.0,0.7079,0.6048,0.7815,2.9482,0.8114,7.7426,0.541,0,0,0,0,0,0,0,0,0,0,0,0,0,0,0,0,0,0,0,0,0,5093,97,90,633,486,92,76,213,161,12,21,0,17,27,34,0,17,3.7,3.5,11.4,8.6,1.7,1.4,3.8,2.8,0.2,0.4,0.0,0.6,0.5,0.6,0.0,0.6
39,Ohio,OH,39113,Montgomery County,39113040302,Census Tract 403.02; Montgomery County; Ohio,2.221868746832,5689,651,2823,257,2783,274,1047,460,246,212,788,289,139,89,88,80,1256,217,1353,318,493,206,408,200,0,68,1109,859,463,264,0,17,29,55,419,269,0,17,18.4,7.8,7.5,6.3,28.3,10.0,3.4,2.2,1.5,1.4,22.1,4.4,23.8,4.2,8.7,3.8,14.6,7.0,0.0,1.3,19.5,14.9,16.4,9.2,0.0,1.2,1.0,2.0,15.1,8.9,0.0,0.3,0.4656,0.7479,0.6857,0.1836,0.072,2.1548,0.4117,0.7546,0.6439,0.1476,0.893,0.0,2.4391,0.519,0.5834,0.5834,0.5834,0.8022,0.0,0.5676,0.8387,0.0,2.2085,0.5038,7.3858,0.4863,0,0,0,0,0,0,0,0,0,0,0,0,0,0,0,0,0,0,0,0,0,10352,228,178,421,371,653,373,35,43,0,17,0,17,0,17,0,17,8.2,6.1,7.4,6.4,11.5,6.2,0.6,0.7,0.0,0.6,0.0,0.6,0.0,0.6,0.0,0.6
39,Ohio,OH,39113,Montgomery County,39113040303,Census Tract 403.03; Montgomery County; Ohio,2.91445426731,5554,459,2353,218,2339,217,555,243,0,17,446,151,177,96,66,55,1822,386,996,112,456,164,62,53,0,68,680,660,207,100,0,17,0,24,80,76,240,6,10.4,4.5,0.0,1.3,19.1,6.2,4.1,2.4,1.2,1.0,32.8,6.1,17.9,1.9,8.6,3.1,2.7,2.3,0.0,1.3,12.2,11.8,8.8,4.2,0.0,1.5,0.0,1.0,3.4,3.2,4.3,0.4,0.2199,0.0,0.359,0.2359,0.0511,0.8659,0.0752,0.9794,0.2495,0.1415,0.2298,0.0,1.6002,0.1137,0.4226,0.4226,0.4226,0.6676,0.0,0.0,0.3438,0.8849,1.8963,0.3737,4.785,0.1222,0,0,0,0,0,0,1,0,0,0,0,1,0,0,0,0,0,0,0,0,1,2601,238,119,49,47,214,203,235,140,5,9,0,17,144,130,33,38,10.2,5.0,0.9,0.9,3.9,3.6,4.2,2.5,0.1,0.2,0.0,0.6,2.6,2.3,0.6,0.7
39,Ohio,OH,39113,Montgomery County,39113040305,Census Tract 403.05; Montgomery County; Ohio,3.15142823083,3148,299,1149,79,1149,79,66,66,64,58,79,49,48,43,38,51,592,127,751,184,207,81,25,30,15,50,668,395,0,16,0,12,0,16,0,12,0,12,2.1,2.1,4.0,3.7,6.9,4.2,2.0,1.8,1.2,1.7,18.8,4.3,23.9,4.5,6.6,2.6,2.2,2.6,0.5,1.7,21.2,12.4,0.0,1.4,0.0,3.0,0.0,1.4,0.0,3.0,0.0,0.4,0.014,0.4756,0.0143,0.0881,0.0511,0.6431,0.04,0.5888,0.6516,0.0584,0.1762,0.5796,2.0546,0.2978,0.6059,0.6059,0.6059,0.0,0.0,0.0,0.0,0.0,0.0,0.0,3.3036,0.021,0,0,0,0,0,0,0,0,0,0,0,0,0,0,0,0,0,0,0,0,0,1375,28,30,17,26,23,39,390,191,0,12,0,12,203,112,35,56,2.4,2.6,0.5,0.8,0.7,1.2,12.4,5.6,0.0,1.1,0.0,1.1,6.4,3.4,1.1,1.8
39,Ohio,OH,39113,Montgomery County,39113040306,Census Tract 403.06; Montgomery County; Ohio,2.848271751286,5773,756,2454,215,2215,210,282,182,113,78,233,102,18,30,208,146,1175,255,1281,349,766,350,76,55,50,94,922,1024,59,73,0,17,19,36,27,30,0,17,4.9,3.1,3.9,2.6,10.5,4.5,0.4,0.7,3.6,2.5,20.4,4.7,22.2,3.8,13.3,5.5,3.4,2.5,0.9,1.7,16.0,17.6,2.4,3.0,0.0,1.4,0.9,1.6,1.2,1.4,0.0,0.3,0.0609,0.4644,0.059,0.0149,0.2945,0.8937,0.08,0.6855,0.5336,0.4361,0.3089,0.6855,2.6496,0.653,0.5155,0.5155,0.5155,0.4352,0.0,0.5384,0.1276,0.0,1.1012,0.1244,5.16,0.1575,0,0,0,0,0,0,0,0,0,0,0,0,0,0,0,0,0,0,0,0,0,2866,87,61,298,230,168,185,135,113,0,17,0,17,321,274,0,17,3.9,2.7,5.2,4.0,2.9,3.2,2.3,2.0,0.0,0.6,0.0,0.6,5.6,4.5,0.0,0.6
39,Ohio,OH,39113,Montgomery County,39113040401,Census Tract 404.01; Montgomery County; Ohio,3.56541837829,4497,448,2303,218,2018,184,318,182,24,28,522,181,119,88,232,136,1116,91,717,229,268,102,59,62,25,53,593,600,360,173,0,12,0,16,9,14,220,8,7.4,4.2,0.9,1.1,25.9,8.7,3.5,2.4,5.4,3.1,24.8,2.7,15.9,4.0,6.2,2.4,2.9,3.1,0.6,1.2,13.2,13.3,15.6,7.4,0.0,1.5,0.0,0.8,0.4,0.7,4.9,0.5,0.1317,0.0654,0.6111,0.1912,0.4916,1.491,0.2244,0.858,0.1588,0.0476,0.2473,0.6088,1.9205,0.2321,0.4509,0.4509,0.4509,0.7889,0.0,0.0,0.0476,0.9036,1.7401,0.3117,5.6025,0.2003,0,0,0,0,0,0,0,0,0,0,0,0,0,0,0,0,0,0,1,1,1,11873,128,88,270,204,108,110,140,118,0,12,10,23,65,39,0,12,6.3,4.3,6.0,4.4,2.4,2.4,3.1,2.5,0.0,0.8,0.2,0.5,1.4,0.9,0.0,0.8
39,Ohio,OH,39113,Montgomery County,39113040403,Census Tract 404.03; Montgomery County; Ohio,1.151732227348,3927,586,2054,211,1957,236,873,387,174,96,589,149,139,97,299,138,794,100,663,255,538,157,71,50,60,90,415,826,360,137,0,12,7,15,100,61,2,2,22.4,9.3,8.0,4.3,30.1,6.7,4.6,2.9,7.6,3.3,20.2,3.8,16.9,4.8,13.7,4.3,3.6,2.5,1.7,2.5,10.6,21.0,17.5,6.4,0.0,1.7,0.4,0.8,5.1,3.0,0.1,0.0,0.5674,0.773,0.7295,0.2724,0.6855,3.0278,0.6711,0.6734,0.2026,0.4589,0.3292,0.8094,2.4735,0.5416,0.3748,0.3748,0.3748,0.8149,0.0,0.4206,0.4787,0.3694,2.0836,0.4508,7.9597,0.579,0,0,0,0,0,0,0,0,0,0,0,0,0,0,0,0,0,0,0,0,0,4271,165,79,166,129,39,49,88,80,11,17,0,12,111,76,0,12,8.4,4.1,4.2,3.2,1.0,1.3,2.2,2.0,0.3,0.4,0.0,0.9,2.8,1.9,0.0,0.9
39,Ohio,OH,39113,Montgomery County,39113040405,Census Tract 404.05; Montgomery County; Ohio,1.61896622671,6927,816,3308,229,3125,253,1502,572,8,14,724,252,492,364,1091,731,959,227,1525,400,606,246,131,83,168,174,2809,1009,625,220,0,17,356,182,127,89,17,2,21.7,7.9,0.2,0.4,23.2,7.8,10.6,7.5,15.8,9.6,13.8,3.4,22.0,4.0,8.8,3.2,4.2,2.6,2.6,2.7,40.6,13.8,18.9,6.5,0.0,1.1,11.4,5.8,4.1,2.8,0.2,0.0,0.5497,0.0244,0.5143,0.6671,0.9492,2.7047,0.5743,0.2809,0.5171,0.1526,0.394,0.877,2.2216,0.387,0.7838,0.7838,0.7838,0.8295,0.0,0.994,0.4063,0.4356,2.6654,0.7048,8.3755,0.6444,0,0,0,0,1,1,0,0,0,0,0,0,0,0,0,0,1,0,0,1,2,6794,90,68,556,196,1073,731,1047,395,0,17,0,17,133,146,0,17,2.9,2.1,8.0,3.1,15.5,9.5,15.1,6.0,0.0,0.5,0.0,0.5,1.9,2.1,0.0,0.5
39,Ohio,OH,39113,Montgomery County,39113040406,Census Tract 404.06; Montgomery County; Ohio,5.372540989946,7569,960,3214,255,3015,257,134,125,102,76,363,132,84,78,171,141,2088,279,1741,507,664,186,100,80,8,70,2116,1105,30,30,0,17,19,26,22,31,9,2,1.8,1.6,3.0,2.3,12.0,4.3,1.5,1.4,2.3,1.9,27.6,4.1,23.0,4.2,8.8,2.2,3.3,2.6,0.1,1.0,28.0,14.2,0.9,0.9,0.0,1.1,0.6,0.9,0.7,1.0,0.1,0.0,0.0098,0.3403,0.0965,0.058,0.1492,0.6538,0.0416,0.9299,0.5862,0.1526,0.2943,0.4245,2.3875,0.4886,0.6883,0.6883,0.6883,0.3181,0.0,0.4632,0.0762,0.3694,1.2269,0.1552,4.9565,0.1359,0,0,0,0,0,0,1,0,0,0,0,1,0,0,0,0,0,0,0,0,1,5081,106,76,826,950,150,160,909,248,1,2,0,17,192,106,38,42,3.5,2.6,10.9,11.6,2.0,2.1,12.0,3.5,0.0,0.1,0.0,0.5,2.5,1.4,0.5,0.6
39,Ohio,OH,39113,Montgomery County,39113050101,Census Tract 501.01; Montgomery County; Ohio,1.312327107126,3884,473,2061,191,1773,226,673,248,59,47,422,194,261,93,259,137,917,103,743,223,461,132,77,60,116,98,1019,616,404,187,0,12,0,16,76,74,259,5,18.6,6.4,3.3,2.4,23.8,10.5,9.1,3.3,7.2,3.8,23.6,3.9,19.1,4.1,12.8,4.0,4.3,3.3,3.1,2.6,26.2,15.5,19.6,8.9,0.0,1.7,0.0,0.9,4.3,4.1,6.7,0.8,0.4729,0.386,0.5368,0.5821,0.6557,2.6335,0.5508,0.8209,0.3256,0.4002,0.407,0.9014,2.8551,0.7556,0.6687,0.6687,0.6687,0.8397,0.0,0.0,0.4184,0.9328,2.1909,0.4978,8.3482,0.639,0,0,0,0,0,0,0,0,0,0,1,1,0,0,0,0,0,0,1,1,2,4398,200,165,577,204,131,99,136,99,0,12,0,12,153,118,22,29,11.3,8.6,14.9,4.8,3.4,2.4,3.5,2.5,0.0,0.9,0.0,0.9,3.9,3.0,0.6,0.7
39,Ohio,OH,39113,Montgomery County,39113050104,Census Tract 501.04; Montgomery County; Ohio,1.092038155434,2718,498,1426,204,1367,211,489,337,61,53,411,136,87,52,130,72,766,176,608,216,595,216,216,173,94,102,640,648,300,171,23,32,17,25,119,55,0,12,18.1,12.0,5.5,4.6,30.1,8.8,4.5,2.8,4.8,2.8,28.2,6.8,22.4,5.5,21.9,6.6,15.8,12.4,3.7,3.9,23.5,23.4,21.0,11.6,1.6,2.2,1.2,1.8,8.7,4.2,0.0,0.4,0.4573,0.621,0.7295,0.267,0.4243,2.4991,0.5092,0.9394,0.5466,0.8673,0.9149,0.922,4.1902,0.9987,0.6351,0.6351,0.6351,0.8575,0.6749,0.6038,0.6775,0.0,2.8137,0.7635,10.1381,0.8597,0,0,0,0,0,0,1,0,0,1,1,3,0,0,0,0,0,0,0,0,3,2167,76,41,284,205,102,85,76,59,0,12,0,12,178,222,0,12,5.6,3.2,10.4,7.2,3.8,3.1,2.8,2.2,0.0,1.3,0.0,1.3,6.5,7.7,0.0,1.3
39,Ohio,OH,39113,Montgomery County,39113050105,Census Tract 501.05; Montgomery County; Ohio,1.51080554294,5207,1061,2223,266,2086,278,661,314,25,23,465,145,47,51,619,320,1078,171,1176,577,622,194,80,61,359,302,1257,1494,305,96,0,17,75,53,159,86,25,2,12.8,5.5,1.0,0.9,22.3,6.3,1.2,1.3,12.0,4.5,20.7,5.3,22.6,7.1,12.0,4.3,3.8,2.9,7.8,6.5,24.1,28.3,13.7,4.0,0.0,1.6,3.6,2.5,7.6,4.2,0.5,0.1,0.297,0.0714,0.4813,0.0425,0.8873,1.7795,0.3035,0.7013,0.5609,0.3523,0.3502,0.9791,2.9438,0.7994,0.6458,0.6458,0.6458,0.76,0.0,0.8822,0.6279,0.5742,2.8443,0.7759,8.2134,0.6206,0,0,0,0,0,0,0,0,0,0,1,1,0,0,0,0,0,0,0,0,1,2402,234,126,463,182,210,185,366,206,0,17,0,17,211,112,7,12,11.2,5.8,8.9,4.0,4.0,3.6,7.0,4.1,0.0,0.7,0.0,0.7,4.1,2.4,0.1,0.2
39,Ohio,OH,39113,Montgomery County,39113050106,Census Tract 501.06; Montgomery County; Ohio,2.862559455796,5835,591,2478,259,2241,239,449,365,176,150,279,145,166,124,137,137,438,129,1685,272,561,206,163,121,27,79,956,842,697,268,0,17,21,44,50,61,0,17,7.7,6.2,5.3,4.1,12.4,6.3,4.4,3.2,2.4,2.3,7.5,2.3,28.9,4.1,9.7,3.5,7.3,5.3,0.5,1.5,16.4,14.3,28.2,10.4,0.0,1.4,0.9,2.0,2.2,2.7,0.0,0.3,0.1412,0.6057,0.1098,0.2581,0.1568,1.2716,0.1622,0.0545,0.884,0.2003,0.6416,0.5796,2.36,0.4717,0.5225,0.5225,0.5225,0.9089,0.0,0.5384,0.2324,0.0,1.6797,0.2844,5.8338,0.2362,0,0,0,0,0,0,0,0,0,0,0,0,0,0,1,0,0,0,0,1,1,8330,190,104,483,363,101,132,252,200,0,17,0,17,76,116,44,68,8.5,4.7,8.3,5.9,1.7,2.2,4.3,3.4,0.0,0.6,0.0,0.6,1.3,2.0,0.8,1.2
39,Ohio,OH,39113,Montgomery County,39113050107,Census Tract 501.07; Montgomery County; Ohio,1.895646147706,3431,747,1836,229,1758,234,431,455,45,51,465,179,87,79,234,176,293,173,639,403,203,107,26,29,62,90,1094,1112,546,212,0,12,30,36,52,44,0,12,12.6,13.0,2.0,2.3,26.5,9.6,4.1,3.8,6.8,4.7,8.5,5.7,18.6,8.1,5.9,3.5,1.5,1.6,1.9,2.8,31.9,31.7,29.7,10.9,0.0,1.9,1.7,2.0,3.0,2.5,0.0,0.3,0.2897,0.194,0.6356,0.2359,0.6211,1.9763,0.3587,0.0793,0.2892,0.0422,0.1156,0.8275,1.3538,0.06,0.7216,0.7216,0.7216,0.9175,0.0,0.6917,0.3051,0.0,1.9143,0.3819,5.966,0.2543,0,0,0,0,0,0,0,0,0,0,0,0,0,0,1,0,0,0,0,1,1,14819,40,34,222,175,189,175,437,228,0,12,0,12,246,155,0,12,2.3,2.0,6.5,5.6,5.5,5.2,12.7,7.2,0.0,1.0,0.0,1.0,7.2,4.8,0.0,1.0
39,Ohio,OH,39113,Montgomery County,39113050301,Census Tract 503.01; Montgomery County; Ohio,3.407478721966,3081,396,1640,204,1530,187,874,227,111,68,416,175,365,167,171,90,678,127,644,156,725,190,72,57,0,48,390,537,128,59,172,67,12,24,123,79,7,3,28.9,6.4,6.9,4.2,27.2,10.9,16.7,7.0,5.6,2.8,22.0,4.3,20.9,3.4,23.5,6.0,4.7,3.7,0.0,1.7,12.7,17.4,7.8,3.5,10.5,4.1,0.8,1.6,8.0,5.1,0.2,0.1,0.6925,0.7143,0.6575,0.8554,0.5075,3.4272,0.7638,0.7505,0.4426,0.9061,0.4476,0.0,2.5468,0.5879,0.4369,0.4369,0.4369,0.6444,0.8813,0.5117,0.6479,0.4356,3.1209,0.8632,9.5318,0.7978,0,0,0,0,0,0,0,0,1,0,0,1,0,0,0,0,0,0,0,0,1,6344,254,99,86,94,141,87,0,12,0,12,0,12,163,157,0,12,16.6,6.1,2.8,3.0,4.6,2.7,0.0,1.1,0.0,1.1,0.0,1.1,5.3,4.8,0.0,1.1
39,Ohio,OH,39113,Montgomery County,39113050302,Census Tract 503.02; Montgomery County; Ohio,2.23577189375,5683,635,2182,202,2109,183,1657,606,115,99,460,181,469,297,293,174,1002,206,1413,363,791,247,111,101,117,136,844,856,45,68,0,17,88,95,78,75,0,17,29.4,10.2,4.2,3.6,21.8,8.4,11.9,7.1,5.2,2.8,17.6,4.0,24.9,4.8,13.9,4.8,5.3,4.8,2.3,2.6,14.9,15.0,2.1,3.1,0.0,1.6,4.2,4.5,3.7,3.5,0.0,0.3,0.7017,0.4975,0.4657,0.7178,0.4706,2.8533,0.6171,0.5044,0.7061,0.4754,0.5022,0.8548,3.0429,0.8368,0.4911,0.4911,0.4911,0.4111,0.0,0.907,0.3727,0.0,1.6908,0.2905,8.0781,0.5975,0,0,0,0,0,0,0,0,0,0,0,0,0,0,0,0,1,0,0,1,1,3393,278,135,457,447,37,44,251,210,6,11,0,17,93,107,0,17,13.2,6.3,8.0,7.6,0.7,0.8,4.4,3.6,0.1,0.2,0.0,0.6,1.6,1.9,0.0,0.6
39,Ohio,OH,39113,Montgomery County,39113050303,Census Tract 503.03; Montgomery County; Ohio,0.845458360256,4427,719,2423,269,2314,275,1138,472,120,60,734,239,120,70,360,191,680,143,774,293,1032,416,117,84,68,83,1713,851,426,205,0,12,21,38,150,77,88,2,26.2,10.0,4.6,2.4,31.7,9.6,4.1,2.6,8.3,4.9,15.4,4.0,17.5,4.3,23.8,8.2,5.1,3.6,1.6,1.9,38.7,18.2,17.6,8.2,0.0,1.4,0.9,1.6,6.5,3.4,2.0,0.3,0.6455,0.5451,0.766,0.2359,0.7363,2.9288,0.6356,0.3643,0.2305,0.9099,0.4841,0.7971,2.7859,0.7254,0.7714,0.7714,0.7714,0.8159,0.0,0.5384,0.5695,0.7584,2.6822,0.714,9.1683,0.7457,0,0,0,0,0,0,0,0,1,0,0,1,0,0,0,0,0,0,0,0,1,3982,174,96,918,259,337,190,82,85,0,12,0,12,376,293,0,12,7.5,4.2,20.7,5.4,7.6,4.5,1.9,2.0,0.0,0.8,0.0,0.8,8.5,5.6,0.0,0.8
39,Ohio,OH,39113,Montgomery County,39113050401,Census Tract 504.01; Montgomery County; Ohio,1.55110493919,5000,879,1965,248,1965,248,830,528,84,99,375,139,250,208,678,386,776,143,1299,351,644,229,151,83,0,68,254,1244,42,71,0,17,0,24,63,78,0,17,16.6,10.1,3.2,3.6,19.1,6.7,7.3,5.6,13.6,6.7,15.5,3.6,26.0,3.4,12.9,4.0,7.7,4.1,0.0,1.5,5.1,24.9,2.1,3.6,0.0,1.8,0.0,1.2,3.2,3.9,0.0,0.3,0.4116,0.3711,0.359,0.4715,0.9219,2.5351,0.5203,0.371,0.7689,0.4059,0.667,0.0,2.2128,0.3822,0.1544,0.1544,0.1544,0.4111,0.0,0.0,0.3248,0.0,0.7359,0.0632,5.6382,0.2048,0,0,0,0,1,1,0,0,0,0,0,0,0,0,0,0,0,0,0,0,1,2262,117,73,107,121,38,51,46,80,0,17,0,17,42,48,21,32,6.0,3.7,2.1,2.4,0.8,1.0,0.9,1.6,0.0,0.7,0.0,0.7,0.8,1.0,0.4,0.6
39,Ohio,OH,39113,Montgomery County,39113050402,Census Tract 504.02; Montgomery County; Ohio,0.560993078532,2006,368,899,118,840,117,672,305,91,54,266,80,80,44,214,143,192,55,525,233,306,78,22,19,44,60,175,519,72,56,0,12,25,39,100,58,0,12,33.7,14.0,8.0,4.7,31.7,8.4,6.0,3.4,10.7,7.6,9.6,2.9,26.2,8.3,15.3,4.4,2.6,2.2,2.3,3.1,8.7,25.8,8.0,6.1,0.0,3.8,3.0,4.6,11.9,6.5,0.0,0.6,0.7639,0.773,0.766,0.3811,0.8458,3.5298,0.7867,0.1103,0.779,0.5646,0.2187,0.8548,2.5274,0.5743,0.3085,0.3085,0.3085,0.6502,0.0,0.8429,0.7778,0.0,2.2709,0.5378,8.6366,0.6794,0,0,0,0,0,0,0,0,0,0,0,0,0,0,0,0,0,0,0,0,0,1713,167,64,21,20,85,78,0,12,0,12,0,12,57,55,12,17,19.9,6.8,1.0,1.0,4.2,3.9,0.0,1.7,0.0,1.7,0.0,1.7,2.8,2.8,0.6,0.8
39,Ohio,OH,39113,Montgomery County,39113050502,Census Tract 505.02; Montgomery County; Ohio,4.932474671712,2706,218,1185,85,1032,90,329,179,28,39,163,77,57,39,144,104,338,36,759,156,373,109,88,56,0,48,408,348,0,16,205,113,6,16,91,47,28,3,12.2,6.5,2.1,2.9,15.8,7.3,3.1,2.1,5.3,3.8,12.5,1.6,28.0,4.5,13.8,4.0,8.5,5.4,0.0,1.9,15.1,12.8,0.0,1.4,17.3,9.1,0.6,1.5,8.8,4.9,1.0,0.1,0.2764,0.2086,0.2206,0.1579,0.4808,1.3443,0.1819,0.2166,0.8535,0.4675,0.7102,0.0,2.2478,0.4029,0.4965,0.4965,0.4965,0.0,0.9429,0.4632,0.6813,0.6595,2.7469,0.7384,6.8355,0.4032,0,0,0,0,0,0,0,0,0,0,0,0,0,0,0,1,0,0,0,1,1,3174,111,57,168,125,16,21,69,59,71,89,0,12,84,76,0,12,10.8,5.4,6.2,4.5,0.6,0.8,2.5,2.2,2.6,3.3,0.0,1.3,3.1,2.8,0.0,1.3
39,Ohio,OH,39113,Montgomery County,39113050503,Census Tract 505.03; Montgomery County; Ohio,2.89280359766,7375,1404,2813,269,2629,269,1306,473,490,535,699,202,205,121,356,272,1670,377,1635,499,1447,483,123,115,0,68,557,2019,326,116,0,17,57,55,112,85,283,5,18.4,5.6,13.9,12.9,26.6,7.2,4.1,2.5,5.0,3.1,22.6,7.6,22.2,3.4,20.4,3.9,4.7,4.3,0.0,1.0,7.6,27.3,11.6,4.0,0.0,1.2,2.2,2.1,4.3,3.1,3.8,0.7,0.4656,0.9194,0.6397,0.2359,0.4487,2.7093,0.5752,0.7771,0.5336,0.8194,0.4476,0.0,2.5777,0.6086,0.2609,0.2609,0.2609,0.7216,0.0,0.7575,0.4184,0.8656,2.7631,0.7441,8.311,0.6321,0,1,0,0,0,1,0,0,0,0,0,0,0,0,0,0,0,0,0,0,1,11491,379,147,155,94,78,69,0,17,0,17,0,17,324,209,0,17,14.4,5.0,2.1,1.4,1.1,1.0,0.0,0.5,0.0,0.5,0.0,0.5,4.4,3.1,0.0,0.5
39,Ohio,OH,39113,Montgomery County,39113050504,Census Tract 505.04; Montgomery County; Ohio,3.421672989792,5203,537,2438,147,2367,162,375,217,119,104,616,213,255,176,616,452,715,129,1036,297,568,204,167,140,51,98,1276,757,471,189,363,156,87,72,81,92,0,17,7.2,4.1,3.7,3.3,26.0,8.8,6.5,4.5,11.8,8.5,13.7,2.5,19.9,4.2,10.9,3.6,7.1,5.9,1.0,1.9,24.5,14.3,19.3,7.7,14.9,6.4,3.7,3.0,3.4,3.9,0.0,0.3,0.125,0.4429,0.6156,0.4157,0.881,2.4802,0.5035,0.2752,0.3751,0.2752,0.626,0.707,2.2585,0.4098,0.6493,0.6493,0.6493,0.8362,0.9279,0.8841,0.3438,0.0,2.992,0.8263,8.38,0.646,0,0,0,0,0,0,0,0,0,0,0,0,0,0,0,1,0,0,0,1,1,4813,143,95,535,235,489,386,74,83,0,17,0,17,178,141,0,17,6.0,4.1,10.3,4.2,9.4,7.2,1.4,1.6,0.0,0.7,0.0,0.7,3.4,2.7,0.0,0.7
39,Ohio,OH,39113,Montgomery County,39113050600,Census Tract 506; Montgomery County; Ohio,29.39752635605,4711,490,2207,254,1854,195,763,244,169,94,296,104,401,157,416,210,863,109,952,197,624,168,59,41,5,48,420,641,11,21,356,208,16,20,32,30,4,1,16.2,4.9,6.4,3.6,16.0,5.4,11.1,4.4,8.8,4.1,18.3,2.1,20.2,3.3,13.2,3.2,3.2,2.2,0.1,1.1,8.9,13.6,0.5,0.9,16.1,8.5,0.9,1.1,1.7,1.7,0.1,0.0,0.3951,0.6835,0.2279,0.6906,0.7623,2.7594,0.5914,0.5549,0.397,0.4307,0.2841,0.4245,2.0912,0.3178,0.3145,0.3145,0.3145,0.2819,0.9365,0.5384,0.1848,0.3694,2.311,0.5533,7.4761,0.4975,0,0,0,0,0,0,0,0,0,0,0,0,0,0,0,1,0,0,0,1,1,2776,173,71,177,127,91,98,32,49,0,12,0,12,97,68,23,32,9.3,3.6,3.8,2.5,1.9,2.0,0.7,1.0,0.0,0.7,0.0,0.7,2.1,1.4,0.5,0.7
39,Ohio,OH,39113,Montgomery County,39113060100,Census Tract 601; Montgomery County; Ohio,6.211317855092,1058,190,523,81,498,80,128,72,13,20,121,66,172,99,12,17,342,113,66,69,194,159,0,16,0,48,589,224,0,16,10,19,0,16,27,32,5,2,12.1,6.4,2.1,3.2,24.3,12.7,17.6,9.4,1.1,1.6,32.3,9.3,6.2,6.2,18.3,13.7,0.0,3.2,0.0,4.5,55.7,18.7,0.0,3.1,1.9,3.7,0.0,3.2,5.4,6.4,0.5,0.2,0.2742,0.2086,0.5524,0.8735,0.0451,1.9538,0.3502,0.9762,0.0228,0.7271,0.0,0.0,1.7261,0.1537,0.8478,0.8478,0.8478,0.0,0.693,0.0,0.4994,0.5742,1.7666,0.3248,6.2943,0.3051,0,0,0,0,0,0,1,0,0,0,0,1,0,0,0,0,0,0,0,0,1,472,95,59,533,161,7,15,1,3,0,12,0,12,48,66,0,12,19.1,11.5,50.4,11.0,0.7,1.4,0.1,0.3,0.0,3.3,0.0,3.3,4.5,5.9,0.0,3.3
39,Ohio,OH,39113,Montgomery County,39113060200,Census Tract 602; Montgomery County; Ohio,2.574964045158,1576,403,741,117,670,111,500,162,105,69,207,154,432,150,191,131,453,133,463,375,421,162,71,55,0,48,934,442,0,16,0,12,5,15,89,81,15,6,32.0,6.3,27.6,15.7,30.9,22.4,41.3,13.7,12.2,8.2,28.7,12.0,29.4,17.5,27.0,13.3,10.6,8.0,0.0,3.2,59.3,23.6,0.0,2.2,0.0,4.6,0.7,2.2,13.3,11.3,1.0,0.3,0.7414,0.9898,0.7486,0.9962,0.8908,4.3668,0.9546,0.9458,0.8963,0.9597,0.7975,0.0,3.5993,0.9654,0.8599,0.8599,0.8599,0.0,0.0,0.4873,0.8063,0.6595,1.9531,0.3987,10.7791,0.9152,0,1,0,1,0,2,1,0,1,0,0,2,0,0,0,0,0,0,0,0,4,777,165,127,889,454,11,15,0,12,0,12,0,12,34,34,0,12,24.6,17.8,56.4,17.0,0.7,1.0,0.0,2.2,0.0,2.2,0.0,2.2,2.2,2.3,0.0,2.2
39,Ohio,OH,39113,Montgomery County,39113060300,Census Tract 603; Montgomery County; Ohio,2.07804922675,4014,495,1433,168,1157,171,1195,299,314,139,269,124,525,197,204,120,637,207,557,229,739,163,130,113,28,56,3103,547,56,60,0,12,0,16,152,90,1397,79,39.3,7.7,24.7,9.2,23.2,10.2,16.8,5.7,6.7,3.5,15.9,5.2,13.9,4.6,24.3,6.4,11.2,9.6,0.7,1.5,77.3,9.7,3.9,4.2,0.0,2.4,0.0,1.4,13.1,8.0,34.8,4.7,0.8289,0.9851,0.5143,0.8576,0.6109,3.7968,0.8435,0.3922,0.0992,0.9207,0.8162,0.6367,2.865,0.7606,0.9255,0.9255,0.9255,0.5133,0.0,0.0,0.8013,0.9854,2.3,0.5483,9.8873,0.8352,0,1,0,0,0,1,0,0,1,0,0,1,1,1,0,0,0,0,1,1,4,2919,235,128,2522,379,303,256,0,12,0,12,0,12,274,166,4,9,20.3,10.6,62.8,8.3,7.5,6.0,0.0,0.9,0.0,0.9,0.0,0.9,6.8,4.1,0.1,0.2
39,Ohio,OH,39113,Montgomery County,39113070101,Census Tract 701.01; Montgomery County; Ohio,16.937469253924,4195,496,2214,201,1731,199,1149,363,73,57,409,129,216,87,279,109,946,177,987,257,720,149,134,90,0,48,2182,648,541,171,204,97,72,54,195,86,19,4,27.5,8.1,3.8,2.9,23.6,6.9,7.3,2.9,6.7,2.7,22.6,3.6,23.5,4.6,17.2,3.6,7.7,5.1,0.0,1.2,52.0,14.2,24.4,7.4,9.2,4.1,4.1,3.1,11.3,4.7,0.5,0.1,0.6699,0.4524,0.5295,0.4715,0.6109,2.7342,0.5822,0.7771,0.6224,0.6728,0.667,0.0,2.7393,0.7029,0.8332,0.8332,0.8332,0.8825,0.8654,0.9006,0.7622,0.5742,3.9849,0.9889,10.2916,0.8759,0,0,0,0,0,0,0,0,0,0,0,0,0,0,0,0,1,0,0,1,1,2209,196,71,1964,329,24,34,29,37,0,12,0,12,153,144,12,19,11.3,4.2,46.8,7.0,0.6,0.8,0.7,0.9,0.0,0.8,0.0,0.8,3.6,3.5,0.3,0.4
39,Ohio,OH,39113,Montgomery County,39113070102,Census Tract 701.02; Montgomery County; Ohio,1.996655836334,3441,457,2104,300,1837,319,991,434,206,96,889,339,160,80,224,202,904,173,595,182,584,184,159,95,6,47,2539,575,725,239,0,12,0,16,535,304,130,4,30.0,12.5,13.3,5.7,48.4,16.4,6.2,3.4,6.8,6.0,26.3,4.3,17.3,4.7,17.6,5.2,8.7,4.9,0.2,1.4,73.8,13.5,34.5,10.2,0.0,1.6,0.0,0.9,29.1,13.5,3.8,0.5,0.7112,0.9114,0.9616,0.3966,0.6211,3.6019,0.8022,0.9055,0.2194,0.6947,0.7194,0.4556,2.9946,0.8197,0.9128,0.9128,0.9128,0.9381,0.0,0.0,0.9559,0.8656,2.7596,0.7425,10.2689,0.8724,0,1,1,0,0,2,1,0,0,0,0,1,1,1,1,0,0,1,0,2,6,2372,310,147,2222,456,22,31,6,11,4,8,0,12,271,211,14,19,16.9,7.5,64.6,10.8,0.6,0.9,0.2,0.3,0.1,0.3,0.0,1.0,7.9,6.0,0.4,0.6
39,Ohio,OH,39113,Montgomery County,39113070201,Census Tract 702.01; Montgomery County; Ohio,1.47261619412,1105,207,603,108,535,112,597,180,36,45,175,76,216,82,102,22,203,58,302,104,277,111,83,47,0,48,494,236,27,27,13,16,1,16,100,90,0,12,54.0,12.8,8.3,8.6,32.7,12.4,29.5,12.4,9.2,2.6,18.4,5.2,27.3,6.8,25.1,9.2,15.5,8.2,0.0,5.1,44.7,19.6,4.5,4.4,2.2,2.7,0.2,3.0,18.7,14.0,0.0,1.1,0.9289,0.7835,0.7886,0.98,0.7813,4.2623,0.9365,0.5621,0.8282,0.9327,0.9105,0.0,3.2335,0.8949,0.8047,0.8047,0.8047,0.5397,0.707,0.3905,0.887,0.0,2.5242,0.6448,10.8247,0.9184,1,0,0,1,0,2,0,0,1,1,0,2,0,0,0,0,0,0,0,0,4,477,182,94,375,192,7,11,0,12,0,12,0,12,112,79,0,12,34.0,13.6,33.9,12.0,0.6,1.0,0.0,3.1,0.0,3.1,0.0,3.1,10.1,6.6,0.0,3.1
39,Ohio,OH,39113,Montgomery County,39113070202,Census Tract 702.02; Montgomery County; Ohio,0.970214094088,2133,406,1087,209,993,201,792,174,92,65,253,92,186,128,213,197,535,220,530,140,419,112,232,108,0,48,1981,413,48,46,0,12,0,16,95,57,3,2,37.1,4.1,10.1,7.8,25.5,7.7,13.2,9.0,10.0,8.3,25.1,8.9,24.8,5.6,19.6,5.8,23.3,9.8,0.0,2.3,92.9,7.9,4.4,4.1,0.0,3.2,0.0,1.6,9.6,5.9,0.1,0.1,0.8007,0.8448,0.5994,0.7644,0.8197,3.829,0.8524,0.8716,0.7004,0.7893,0.9714,0.0,3.3327,0.9159,0.9702,0.9702,0.9702,0.5359,0.0,0.0,0.706,0.3694,1.6113,0.2622,9.7432,0.82,0,0,0,0,0,0,0,0,0,1,0,1,1,1,0,0,0,0,0,0,2,1024,226,77,1698,435,0,12,0,12,0,12,6,11,277,263,0,12,22.8,8.6,79.6,12.6,0.0,1.6,0.0,1.6,0.0,1.6,0.3,0.5,13.0,12.0,0.0,1.6
39,Ohio,OH,39113,Montgomery County,39113070300,Census Tract 703; Montgomery County; Ohio,3.786463317698,2705,604,1403,162,1167,147,1543,610,44,33,459,161,473,193,65,69,596,171,651,359,792,192,214,137,179,202,2100,679,263,104,7,13,37,44,211,98,11,3,57.0,18.6,4.5,3.4,39.3,12.9,26.4,9.2,2.4,2.5,22.0,9.2,24.1,10.5,29.3,10.2,18.3,11.5,7.2,8.0,77.6,18.2,18.7,7.1,0.5,0.9,3.2,3.7,18.1,8.2,0.4,0.1,0.9486,0.534,0.8873,0.9648,0.1568,3.4915,0.7787,0.7505,0.6655,0.9772,0.9384,0.9762,4.3078,0.999,0.9271,0.9271,0.9271,0.8276,0.5717,0.8571,0.88,0.5374,3.6738,0.9638,12.4002,0.993,1,0,0,1,0,2,0,0,1,1,1,3,1,1,0,0,0,0,0,0,6,3299,294,120,1973,520,1,5,0,12,0,12,0,12,126,113,0,12,25.2,9.9,72.9,11.1,0.0,0.2,0.0,1.3,0.0,1.3,0.0,1.3,4.7,3.8,0.0,1.3
39,Ohio,OH,39113,Montgomery County,39113070400,Census Tract 704; Montgomery County; Ohio,2.972359528658,2800,441,1202,169,1102,184,868,405,157,82,211,115,82,67,236,188,320,57,707,215,690,346,78,65,0,48,2161,541,0,16,0,12,0,16,36,51,1,2,31.0,13.6,10.7,5.6,19.1,9.9,4.2,3.4,8.4,6.3,11.4,2.9,25.3,6.7,24.6,10.4,7.1,5.8,0.0,1.8,77.2,15.0,0.0,1.3,0.0,2.9,0.0,1.5,3.3,4.5,0.0,0.1,0.7258,0.8587,0.359,0.2441,0.7417,2.9293,0.6359,0.1718,0.7276,0.9248,0.626,0.0,2.4502,0.5286,0.9249,0.9249,0.9249,0.0,0.0,0.0,0.3346,0.0,0.3346,0.0241,6.639,0.3663,0,0,0,0,0,0,0,0,1,0,0,1,1,1,0,0,0,0,0,0,2,1513,95,63,1978,326,90,134,0,12,0,12,0,12,93,118,0,12,8.6,5.9,70.6,10.9,3.2,4.6,0.0,1.2,0.0,1.2,0.0,1.2,3.3,4.1,0.0,1.2
39,Ohio,OH,39113,Montgomery County,39113070500,Census Tract 705; Montgomery County; Ohio,2.740826514522,3957,456,2140,245,1943,234,1481,391,243,219,615,168,157,116,413,228,921,148,865,254,631,255,189,86,0,48,3197,534,66,60,0,12,28,46,250,118,58,9,38.3,9.1,13.4,11.5,31.7,7.8,5.7,4.1,10.6,5.5,23.3,4.3,21.9,5.0,16.2,6.1,9.8,4.3,0.0,1.3,80.8,9.8,3.1,2.8,0.0,1.6,1.4,2.4,12.9,5.6,1.5,0.1,0.8194,0.9124,0.766,0.357,0.8423,3.6971,0.8229,0.806,0.5098,0.6144,0.7705,0.0,2.7007,0.6803,0.9369,0.9369,0.9369,0.4765,0.0,0.6384,0.7975,0.7146,2.627,0.6902,9.9617,0.8416,0,1,0,0,0,1,0,0,0,0,0,0,1,1,0,0,0,0,0,0,2,3146,312,128,2957,449,8,42,0,12,0,12,0,12,232,112,0,12,16.1,6.5,74.7,7.0,0.2,1.0,0.0,0.9,0.0,0.9,0.0,0.9,5.9,2.8,0.0,0.9
39,Ohio,OH,39113,Montgomery County,39113070600,Census Tract 706; Montgomery County; Ohio,1.680490036002,977,190,479,63,465,67,121,88,26,35,97,79,66,71,23,23,269,109,120,103,172,99,19,37,0,48,886,198,50,32,0,12,3,13,50,30,48,5,13.2,9.2,5.0,6.2,20.9,16.7,8.3,8.6,2.5,2.2,27.5,12.1,12.3,9.2,18.4,11.6,4.1,7.9,0.0,5.0,90.7,10.0,10.4,6.5,0.0,7.0,0.6,2.8,10.8,6.4,4.9,1.1,0.3113,0.58,0.4314,0.5365,0.1692,2.0284,0.3752,0.9271,0.0659,0.7318,0.3844,0.0,2.1092,0.3273,0.9613,0.9613,0.9613,0.6997,0.0,0.4632,0.7473,0.9036,2.8138,0.7638,7.9127,0.5717,0,0,0,0,0,0,1,0,0,0,0,1,1,1,0,0,0,0,1,1,3,1155,57,53,671,178,167,222,0,12,0,12,24,32,4,6,20,29,12.3,10.5,68.7,21.2,17.1,21.0,0.0,3.5,0.0,3.5,2.5,3.2,0.4,0.6,2.0,2.9
39,Ohio,OH,39113,Montgomery County,39113070700,Census Tract 707; Montgomery County; Ohio,1.270035038454,3548,529,1513,210,1448,218,763,265,83,72,323,133,279,117,113,93,994,151,461,154,714,262,44,64,0,48,2949,559,20,25,0,12,0,16,84,46,336,8,23.3,7.2,4.7,3.9,22.3,8.5,10.1,4.6,3.4,2.7,28.0,6.1,13.0,3.7,21.8,6.8,3.0,4.4,0.0,1.4,83.1,9.7,1.3,1.6,0.0,2.3,0.0,1.1,5.8,3.2,9.5,1.4,0.5877,0.553,0.4813,0.6443,0.2745,2.5408,0.5222,0.9366,0.078,0.8645,0.2619,0.0,2.141,0.3463,0.9429,0.9429,0.9429,0.359,0.0,0.0,0.5292,0.9528,1.841,0.3533,7.4657,0.4971,0,0,0,0,0,0,1,0,0,0,0,1,1,1,0,0,0,0,1,1,3,2528,224,116,2864,526,70,60,0,12,0,12,0,12,15,20,0,12,15.5,8.1,80.7,5.2,2.0,1.7,0.0,1.0,0.0,1.0,0.0,1.0,0.4,0.6,0.0,1.0
39,Ohio,OH,39113,Montgomery County,39113080100,Census Tract 801; Montgomery County; Ohio,2.358811790294,6659,1021,2991,355,2774,382,2408,920,298,187,1218,387,237,193,851,518,1092,280,1493,579,964,266,154,121,0,68,5438,1049,866,342,17,27,241,195,233,124,192,3,37.2,12.9,7.8,4.6,43.9,12.6,5.6,4.4,13.1,7.8,16.4,4.9,22.4,6.8,14.9,5.0,5.6,4.3,0.0,1.1,81.7,9.6,29.0,10.9,0.6,0.9,8.7,6.9,8.4,4.7,2.9,0.4,0.8026,0.7616,0.9337,0.3497,0.913,3.7606,0.8368,0.4255,0.5466,0.5408,0.5241,0.0,2.037,0.2905,0.9398,0.9398,0.9398,0.9121,0.5876,0.9854,0.6635,0.8224,3.971,0.9879,10.7084,0.9095,0,0,1,0,1,2,0,0,0,0,0,0,1,1,1,0,1,0,0,2,5,7231,460,209,4690,1032,26,43,0,17,0,17,5,13,717,666,0,17,16.6,7.0,70.4,9.6,0.4,0.7,0.0,0.5,0.0,0.5,0.1,0.2,10.8,9.5,0.0,0.5
39,Ohio,OH,39113,Montgomery County,39113080200,Census Tract 802; Montgomery County; Ohio,1.357219572768,2305,297,1207,190,1159,186,604,234,40,35,335,123,63,58,238,124,669,188,339,86,457,125,105,58,18,51,1216,364,64,49,0,12,0,16,17,18,13,2,26.2,9.6,3.2,2.8,28.9,9.5,3.5,3.0,10.3,5.2,29.0,6.2,14.7,4.0,19.8,5.4,9.1,4.8,0.8,2.3,52.8,14.3,5.3,4.0,0.0,2.9,0.0,1.4,1.5,1.6,0.6,0.0,0.6455,0.3711,0.7016,0.1912,0.8305,2.7399,0.5838,0.9486,0.1195,0.7978,0.7403,0.6636,3.2698,0.9044,0.8383,0.8383,0.8383,0.566,0.0,0.0,0.1597,0.6059,1.3316,0.1841,8.1796,0.6149,0,0,0,0,0,0,1,0,0,0,0,1,0,0,0,0,0,0,0,0,1,1491,134,72,1109,249,0,12,0,12,0,12,0,12,97,110,10,16,11.6,5.9,48.1,7.6,0.0,1.5,0.0,1.5,0.0,1.5,0.0,1.5,4.2,4.8,0.4,0.7
39,Ohio,OH,39113,Montgomery County,39113080300,Census Tract 803; Montgomery County; Ohio,0.677891636664,2218,409,1291,336,1179,330,697,333,32,41,544,332,97,64,457,193,540,172,400,141,296,116,124,67,0,48,1718,433,116,76,0,12,0,16,409,325,19,12,31.4,13.9,3.1,4.0,46.1,25.0,5.8,3.9,20.6,9.1,24.3,7.7,18.0,5.8,13.3,5.7,10.5,4.9,0.0,2.2,77.5,13.3,8.9,5.4,0.0,2.7,0.0,1.4,34.7,20.9,0.9,0.5,0.7325,0.3537,0.9483,0.3662,0.9806,3.3813,0.7524,0.8421,0.2565,0.4361,0.7933,0.0,2.328,0.4514,0.9264,0.9264,0.9264,0.6714,0.0,0.0,0.973,0.6458,2.2902,0.5429,8.9259,0.7184,0,0,1,0,1,2,0,0,0,0,0,0,1,1,0,0,0,1,0,1,4,1082,451,323,1639,401,8,14,0,12,0,12,0,12,71,65,0,12,38.3,19.0,73.9,7.9,0.4,0.7,0.0,1.6,0.0,1.6,0.0,1.6,3.2,3.0,0.0,1.6
39,Ohio,OH,39113,Montgomery County,39113080400,Census Tract 804; Montgomery County; Ohio,0.723227347402,3102,569,1843,244,1499,256,737,258,151,106,410,138,252,122,456,251,507,138,734,185,511,201,190,93,52,70,2278,611,376,121,82,66,0,16,289,123,205,4,25.4,7.4,9.4,6.5,27.4,7.9,12.1,5.7,15.7,6.7,16.3,5.3,23.7,3.6,17.6,7.6,12.7,5.8,1.9,2.6,73.4,14.4,20.4,6.0,4.4,3.5,0.0,1.1,19.3,8.2,6.6,1.2,0.6322,0.8286,0.6635,0.7242,0.9476,3.7961,0.8429,0.4195,0.6354,0.6947,0.8559,0.8275,3.433,0.9365,0.9122,0.9122,0.9122,0.8514,0.7721,0.0,0.8937,0.9309,3.4481,0.9283,11.5894,0.9635,0,0,0,0,1,1,0,0,0,0,0,0,1,1,0,0,0,0,1,1,3,1999,265,110,2031,583,38,39,0,12,6,21,0,12,203,130,0,12,17.7,7.5,65.5,9.4,1.2,1.3,0.0,1.1,0.2,0.7,0.0,1.1,6.5,4.2,0.0,1.1
39,Ohio,OH,39113,Montgomery County,39113080500,Census Tract 805; Montgomery County; Ohio,2.690076495438,5507,662,2966,431,2890,456,2320,633,330,162,923,466,540,268,489,372,712,182,1111,230,1008,341,387,134,0,68,2083,840,190,104,69,56,27,50,748,428,23,5,42.5,10.4,10.9,4.9,31.9,15.3,14.8,6.9,8.9,6.7,12.9,3.2,20.2,4.0,18.3,6.0,13.4,4.1,0.0,1.3,37.8,14.6,6.4,3.4,2.3,2.0,1.0,1.7,25.9,12.2,0.4,0.1,0.8578,0.8619,0.7705,0.8139,0.7661,4.0702,0.9032,0.2302,0.397,0.7271,0.8695,0.0,2.2238,0.3886,0.7641,0.7641,0.7641,0.5978,0.7114,0.5676,0.9419,0.5374,3.3561,0.9098,10.4142,0.8851,0,0,0,0,0,0,0,0,0,0,0,0,0,0,0,0,0,1,0,1,1,5643,322,146,1354,458,166,158,38,100,0,17,0,17,525,321,0,17,11.1,4.9,24.6,6.6,3.0,2.8,0.7,1.8,0.0,0.6,0.0,0.6,9.5,5.9,0.0,0.6
39,Ohio,OH,39113,Montgomery County,39113080600,Census Tract 806; Montgomery County; Ohio,0.691355785608,1309,300,618,105,521,93,404,263,90,71,202,83,140,69,65,41,198,76,326,157,309,89,54,56,0,48,185,389,0,16,85,56,13,24,31,28,0,12,31.2,19.0,13.7,10.6,38.8,14.3,16.6,8.6,5.0,3.5,15.1,6.8,24.9,10.2,23.6,7.6,10.3,10.6,0.0,3.8,14.1,29.5,0.0,2.6,13.8,9.0,2.5,4.6,6.0,5.3,0.0,0.9,0.729,0.9152,0.8797,0.8513,0.4487,3.8239,0.8505,0.3472,0.7061,0.9067,0.7873,0.0,2.7473,0.706,0.4727,0.4727,0.4727,0.0,0.9197,0.7902,0.5413,0.0,2.2512,0.5267,9.2951,0.7657,0,1,0,0,0,1,0,0,1,0,0,1,0,0,0,1,0,0,0,1,3,986,72,41,79,108,0,12,0,12,0,12,0,12,106,115,0,12,13.8,8.0,6.0,7.8,0.0,2.6,0.0,2.6,0.0,2.6,0.0,2.6,8.1,8.1,0.0,2.6
39,Ohio,OH,39113,Montgomery County,39113080700,Census Tract 807; Montgomery County; Ohio,3.820128709384,2042,333,1261,276,1216,282,791,289,55,44,177,84,643,263,186,109,840,305,232,90,683,279,44,54,105,105,271,507,9,18,343,90,22,28,327,272,0,12,38.7,12.7,6.8,5.6,14.6,6.0,37.1,10.4,9.1,5.2,41.1,10.9,11.4,4.2,33.4,10.3,3.6,4.4,5.4,5.3,13.3,24.7,0.7,1.4,27.2,9.2,1.8,2.3,26.9,17.6,0.0,0.6,0.8235,0.7079,0.1762,0.9921,0.7782,3.4779,0.7752,0.9959,0.0552,0.9889,0.3292,0.9591,3.3283,0.9149,0.4547,0.4547,0.4547,0.2994,0.9806,0.7079,0.947,0.0,2.9349,0.8063,10.1958,0.8648,0,0,0,1,0,1,1,0,1,0,1,3,0,0,0,1,0,1,0,2,6,6374,464,271,46,59,143,181,0,12,0,12,0,12,82,72,0,12,38.2,15.3,2.3,2.9,7.0,8.9,0.0,1.7,0.0,1.7,0.0,1.7,4.0,3.5,0.0,1.7
39,Ohio,OH,39113,Montgomery County,39113090302,Census Tract 903.02; Montgomery County; Ohio,6.05723188283,6034,795,2917,438,2596,436,1799,470,126,107,689,235,453,141,304,131,863,138,1301,336,1086,310,127,83,107,102,1363,1216,98,70,358,122,54,67,211,108,25,3,30.2,6.8,4.2,3.1,26.5,7.9,11.1,3.5,5.2,2.2,14.3,2.6,21.6,6.0,18.6,5.9,4.9,3.1,1.9,1.8,22.6,19.9,3.4,2.3,12.3,4.7,2.1,2.6,8.1,4.6,0.4,0.1,0.715,0.4975,0.6356,0.6906,0.4706,3.0093,0.6638,0.3047,0.4918,0.7407,0.4644,0.8275,2.8291,0.7438,0.6237,0.6237,0.6237,0.4895,0.9025,0.7448,0.6505,0.5374,3.3247,0.9044,9.7868,0.8251,0,0,0,0,0,0,0,0,0,0,0,0,0,0,0,1,0,0,0,1,1,6903,111,66,493,191,226,238,154,158,0,17,0,17,490,382,0,17,4.3,2.7,8.2,3.4,3.7,4.0,2.6,2.6,0.0,0.6,0.0,0.6,8.1,6.4,0.0,0.6
39,Ohio,OH,39113,Montgomery County,39113090303,Census Tract 903.03; Montgomery County; Ohio,1.087606476678,3037,373,1169,93,1117,89,335,274,62,42,130,69,118,63,157,78,420,58,749,222,196,71,54,46,60,77,1246,492,0,16,0,12,0,16,12,14,0,12,11.1,9.0,3.9,2.7,11.6,6.1,5.7,3.0,5.2,2.6,13.8,2.3,24.7,4.8,6.5,2.4,4.9,4.1,2.1,2.7,41.0,15.4,0.0,1.4,0.0,2.9,0.0,1.4,1.1,1.2,0.0,0.4,0.2437,0.4644,0.0863,0.357,0.4706,1.622,0.2606,0.2809,0.6956,0.0549,0.4644,0.8427,2.3385,0.4565,0.7876,0.7876,0.7876,0.0,0.0,0.0,0.1194,0.0,0.1194,0.0149,4.8675,0.1279,0,0,0,0,0,0,0,0,0,0,0,0,0,0,0,0,0,0,0,0,0,1192,34,33,533,112,248,176,76,61,0,12,0,12,357,183,32,57,3.0,2.9,17.6,4.1,8.2,5.3,2.5,2.0,0.0,1.1,0.0,1.1,11.8,5.8,1.1,1.8
39,Ohio,OH,39113,Montgomery County,39113090304,Census Tract 903.04; Montgomery County; Ohio,2.123243624156,6313,625,2675,324,2638,327,507,316,102,161,440,178,354,204,434,272,1225,335,1280,279,499,124,170,108,132,107,1755,818,297,164,36,54,22,39,49,57,2,2,8.2,5.0,2.9,4.5,16.7,6.4,7.5,4.3,7.0,4.3,19.4,4.6,20.3,3.7,8.0,2.0,6.5,4.0,2.2,1.8,27.8,12.7,11.1,6.0,1.3,2.0,0.8,1.5,1.9,2.2,0.0,0.0,0.1514,0.327,0.2581,0.4829,0.636,1.8554,0.3229,0.6287,0.4065,0.1104,0.5844,0.8491,2.5791,0.6095,0.6848,0.6848,0.6848,0.7108,0.6505,0.5117,0.2029,0.0,2.0759,0.4479,7.1952,0.4505,0,0,0,0,0,0,0,0,0,0,0,0,0,0,0,0,0,0,0,0,0,2716,124,76,801,255,148,149,472,164,0,17,0,17,312,137,22,35,4.7,2.9,12.7,3.8,2.3,2.3,7.5,2.4,0.0,0.6,0.0,0.6,4.9,2.2,0.3,0.6
39,Ohio,OH,39113,Montgomery County,39113090600,Census Tract 906; Montgomery County; Ohio,0.929591144362,3081,501,1939,327,1623,365,1231,411,29,31,532,315,286,138,234,136,340,89,583,175,629,323,152,79,86,90,544,739,362,185,15,23,18,23,106,75,0,12,40.8,11.9,1.6,1.8,32.8,18.0,14.0,7.1,7.6,4.3,11.0,3.5,18.9,5.2,20.4,8.6,9.4,4.4,3.0,3.1,17.7,23.8,18.7,9.0,0.8,1.2,1.1,1.4,6.5,4.7,0.0,0.4,0.8435,0.1346,0.7905,0.7888,0.6855,3.2429,0.7238,0.1588,0.3107,0.8194,0.754,0.8976,2.9405,0.7975,0.5514,0.5514,0.5514,0.8276,0.6095,0.587,0.5695,0.0,2.5936,0.6733,9.3284,0.7714,0,0,0,0,0,0,0,0,0,0,0,0,0,0,0,0,0,0,0,0,0,2451,162,91,149,130,185,154,24,41,5,7,15,21,166,106,0,12,10.0,5.9,4.8,4.4,6.0,5.1,0.8,1.3,0.2,0.2,0.5,0.7,5.4,3.6,0.0,1.1
39,Ohio,OH,39113,Montgomery County,39113090700,Census Tract 907; Montgomery County; Ohio,0.387629805614,1448,239,618,107,606,110,361,147,24,20,121,54,102,56,251,192,238,46,314,90,238,113,14,21,36,66,330,340,0,16,0,12,17,27,11,9,0,12,24.9,9.3,3.6,2.9,20.0,8.1,9.6,5.4,17.3,11.7,16.4,3.2,21.7,5.4,16.4,6.4,2.3,3.4,2.7,4.9,22.8,23.2,0.0,2.6,0.0,5.5,2.8,4.4,1.8,1.5,0.0,0.8,0.6217,0.4308,0.3937,0.6148,0.9622,3.0232,0.6695,0.4255,0.4965,0.6296,0.1902,0.8827,2.6245,0.6375,0.6252,0.6252,0.6252,0.0,0.0,0.826,0.1933,0.0,1.0193,0.1079,7.2922,0.4695,0,0,0,0,1,1,0,0,0,0,0,0,0,0,0,0,0,0,0,0,1,1462,119,94,48,62,167,138,32,35,0,12,0,12,83,69,0,12,19.6,13.0,3.3,4.3,11.5,9.0,2.2,2.4,0.0,2.4,0.0,2.4,5.7,4.9,0.0,2.4
39,Ohio,OH,39113,Montgomery County,39113090800,Census Tract 908; Montgomery County; Ohio,0.278028961384,1423,210,644,101,587,89,536,124,115,98,86,48,66,55,39,50,260,82,334,100,141,59,65,42,19,48,67,292,0,16,10,13,5,14,27,18,0,12,37.7,6.7,17.5,12.3,14.7,7.9,6.9,5.4,2.8,3.5,18.3,5.2,23.5,5.7,10.0,4.2,11.0,7.0,1.4,3.6,4.7,20.5,0.0,2.5,1.6,2.1,0.9,2.4,4.6,3.2,0.0,0.8,0.8086,0.9597,0.18,0.4423,0.1996,2.5902,0.5352,0.5549,0.6224,0.2174,0.8086,0.7717,2.975,0.8102,0.1395,0.1395,0.1395,0.0,0.6749,0.5384,0.4419,0.0,1.6552,0.2762,7.3599,0.4781,0,1,0,0,0,1,0,0,0,0,0,0,0,0,0,0,0,0,0,0,1,699,134,56,15,25,0,12,2,6,0,12,2,4,48,38,0,12,22.8,8.0,1.1,1.8,0.0,2.4,0.1,0.4,0.0,2.4,0.1,0.3,3.4,2.6,0.0,2.4
39,Ohio,OH,39113,Montgomery County,39113090900,Census Tract 909; Montgomery County; Ohio,0.903014971498,3959,555,1640,211,1616,210,678,369,34,25,260,187,227,102,262,142,710,129,952,258,664,225,79,72,54,90,438,799,183,177,0,12,37,34,120,163,0,12,17.3,9.1,1.7,1.2,16.1,11.4,8.2,3.6,6.6,3.7,17.9,4.3,24.0,4.1,16.8,5.7,4.9,4.4,1.4,2.3,11.1,20.1,11.1,10.7,0.0,2.1,2.3,2.1,7.4,9.4,0.0,0.3,0.4338,0.1492,0.2321,0.526,0.6001,1.9412,0.346,0.5231,0.6582,0.656,0.4644,0.7717,3.0734,0.8441,0.3909,0.3909,0.3909,0.7108,0.0,0.7698,0.6203,0.0,2.1009,0.4613,7.5064,0.501,0,0,0,0,0,0,0,0,0,0,0,0,0,0,0,0,0,0,0,0,0,3374,173,165,167,179,37,52,172,157,0,12,0,12,55,38,7,10,10.7,9.2,4.2,4.4,0.9,1.4,4.3,4.0,0.0,0.9,0.0,0.9,1.4,1.0,0.2,0.2
39,Ohio,OH,39113,Montgomery County,39113091000,Census Tract 910; Montgomery County; Ohio,0.987582892558,2623,310,1260,104,1201,116,552,239,43,35,276,109,334,152,166,102,408,51,478,119,328,128,52,54,81,90,529,442,36,45,17,27,67,67,40,32,0,12,21.2,8.8,2.8,2.3,23.0,8.8,17.4,7.1,6.3,4.0,15.6,2.3,18.2,3.3,12.5,4.8,4.3,4.5,3.3,3.7,20.2,16.7,2.9,3.6,1.3,2.2,5.6,5.6,3.3,2.8,0.0,0.5,0.5351,0.3133,0.5079,0.8687,0.5763,2.8013,0.6016,0.3763,0.267,0.3846,0.407,0.9071,2.342,0.4587,0.5923,0.5923,0.5923,0.4695,0.6505,0.953,0.3346,0.0,2.4076,0.5949,8.1432,0.6067,0,0,0,0,0,0,0,0,0,0,1,1,0,0,0,0,1,0,0,1,2,3329,138,56,241,193,131,150,8,17,0,12,0,12,139,139,10,17,11.5,4.7,9.2,7.5,5.0,5.5,0.3,0.7,0.0,1.3,0.0,1.3,5.3,5.1,0.4,0.6
39,Ohio,OH,39113,Montgomery County,39113091100,Census Tract 911; Montgomery County; Ohio,0.45722971044,2816,607,1178,140,1055,137,920,696,23,28,401,148,4,10,61,60,43,11,958,428,177,58,36,36,10,48,674,859,0,16,0,12,0,16,11,17,0,12,32.7,23.7,3.2,3.8,38.0,13.1,0.3,0.7,2.9,2.8,1.5,0.5,34.0,8.8,8.3,3.5,3.4,3.4,0.4,2.0,23.9,30.1,0.0,1.4,0.0,2.9,0.0,1.5,1.0,1.6,0.0,0.4,0.7509,0.3711,0.8689,0.0114,0.2142,2.2165,0.4314,0.007,0.9673,0.1257,0.3089,0.5412,1.9501,0.2476,0.6427,0.6427,0.6427,0.0,0.0,0.0,0.1067,0.0,0.1067,0.0137,4.916,0.1317,0,0,0,0,0,0,0,1,0,0,0,1,0,0,0,0,0,0,0,0,1,1319,41,37,155,147,301,180,116,85,0,12,0,12,102,80,0,12,3.9,3.5,5.5,5.3,10.7,6.6,4.1,3.2,0.0,1.2,0.0,1.2,3.6,2.9,0.0,1.2
39,Ohio,OH,39113,Montgomery County,39113100101,Census Tract 1001.01; Montgomery County; Ohio,6.183502294808,6079,608,2757,280,2644,275,1456,554,157,115,668,242,455,263,493,277,1189,170,1227,304,949,247,241,88,72,94,1874,905,62,69,0,17,66,66,74,68,164,15,24.2,8.9,5.2,3.7,25.3,8.8,10.6,6.0,8.2,4.4,19.6,3.1,20.2,4.2,15.8,4.3,9.1,3.2,1.3,1.6,30.8,14.6,2.2,2.5,0.0,1.3,2.5,2.5,2.8,2.5,2.7,0.4,0.6062,0.5971,0.593,0.6671,0.7306,3.194,0.7124,0.6411,0.397,0.5941,0.7403,0.7565,3.129,0.8632,0.7115,0.7115,0.7115,0.4216,0.0,0.7902,0.2848,0.8085,2.3051,0.5508,9.3396,0.7733,0,0,0,0,0,0,0,0,0,0,0,0,0,0,0,0,0,0,0,0,0,7776,150,81,1195,283,130,106,97,113,13,32,0,17,439,277,0,17,5.7,3.1,19.7,4.5,2.1,1.8,1.6,1.9,0.2,0.5,0.0,0.6,7.2,4.7,0.0,0.6
39,Ohio,OH,39113,Montgomery County,39113100102,Census Tract 1001.02; Montgomery County; Ohio,2.092738863442,6016,654,2523,311,2465,300,714,422,248,184,395,176,198,103,351,229,1290,282,1316,289,722,210,87,73,10,67,1656,907,0,24,21,35,18,26,106,82,3,2,12.0,7.0,8.4,5.6,16.0,6.9,4.5,2.3,5.9,3.9,21.4,4.8,21.9,3.9,12.2,3.5,3.5,2.9,0.2,1.2,27.5,14.8,0.0,1.0,0.8,1.4,0.7,1.1,4.3,3.3,0.0,0.0,0.2707,0.7876,0.2279,0.267,0.537,2.0902,0.3956,0.7299,0.5098,0.3659,0.3187,0.4556,2.3799,0.4851,0.6826,0.6826,0.6826,0.0,0.6095,0.4873,0.4184,0.0,1.5152,0.2349,6.6679,0.374,0,0,0,0,0,0,0,0,0,0,0,0,0,0,0,0,0,0,0,0,0,6629,175,107,1260,310,101,90,21,31,3,5,0,17,271,199,0,17,7.1,4.3,20.9,4.5,1.7,1.5,0.3,0.5,0.0,0.1,0.0,0.6,4.5,3.4,0.0,0.6
39,Ohio,OH,39113,Montgomery County,39113100201,Census Tract 1002.01; Montgomery County; Ohio,0.904603009024,5168,1193,1965,240,1850,246,1093,343,193,110,595,206,284,131,299,151,442,112,1779,755,460,164,265,148,48,84,1796,1715,17,27,0,17,58,60,147,101,0,17,21.1,4.5,8.0,4.3,32.2,10.3,9.4,4.5,5.8,3.2,8.6,2.9,34.4,7.8,8.9,3.8,14.3,7.8,1.0,1.7,34.8,32.2,0.9,1.4,0.0,1.8,3.1,3.2,7.9,5.4,0.0,0.3,0.5325,0.773,0.7752,0.5999,0.5294,3.21,0.7149,0.0812,0.9718,0.1552,0.8892,0.707,2.8044,0.7333,0.7435,0.7435,0.7435,0.3181,0.0,0.8502,0.6444,0.0,1.8127,0.3419,8.5706,0.6721,0,0,0,0,0,0,0,1,0,0,0,1,0,0,0,0,0,0,0,0,1,3201,81,47,1381,533,176,142,116,110,0,17,0,17,123,118,0,17,4.4,2.6,26.7,11.2,3.4,3.0,2.2,2.3,0.0,0.7,0.0,0.7,2.4,2.4,0.0,0.7
39,Ohio,OH,39113,Montgomery County,39113100202,Census Tract 1002.02; Montgomery County; Ohio,0.637533939012,2293,303,1058,117,981,148,326,137,14,17,233,103,76,55,185,100,458,117,434,113,293,94,58,57,0,48,598,395,23,34,0,12,0,16,43,38,0,12,14.3,5.7,1.1,1.3,23.8,9.9,4.5,3.2,8.1,4.0,20.0,4.2,18.9,4.1,12.8,3.9,5.9,5.7,0.0,2.2,26.1,16.9,2.2,3.2,0.0,3.3,0.0,1.6,4.4,3.8,0.0,0.5,0.3393,0.0803,0.5368,0.267,0.7226,1.946,0.3476,0.663,0.3107,0.4002,0.5463,0.0,1.9202,0.2314,0.6677,0.6677,0.6677,0.4216,0.0,0.0,0.4289,0.0,0.8505,0.0806,5.3844,0.1771,0,0,0,0,0,0,0,0,0,0,0,0,0,0,0,0,0,0,0,0,0,1719,131,87,317,143,13,23,127,113,0,12,0,12,123,124,18,30,13.4,8.1,13.8,5.9,0.6,1.0,5.5,4.9,0.0,1.5,0.0,1.5,5.4,5.3,0.8,1.3
39,Ohio,OH,39113,Montgomery County,39113100203,Census Tract 1002.03; Montgomery County; Ohio,0.946912066184,4401,461,1769,124,1712,126,509,301,36,33,282,103,159,84,437,252,727,210,1006,255,707,230,115,66,77,95,1098,688,76,45,35,52,37,57,41,27,0,12,11.9,6.9,1.7,1.6,16.5,5.9,5.2,2.6,9.9,5.5,16.5,4.8,22.9,4.9,16.1,5.1,6.7,3.8,1.9,2.3,24.9,15.4,4.3,2.5,2.0,3.0,2.2,3.3,2.4,1.6,0.0,0.3,0.2682,0.1492,0.2505,0.3148,0.8169,1.7996,0.3073,0.4306,0.5808,0.6087,0.5975,0.8275,3.0451,0.8381,0.655,0.655,0.655,0.5314,0.6978,0.7575,0.2514,0.0,2.2381,0.519,7.7378,0.54,0,0,0,0,0,0,0,0,0,0,0,0,0,0,0,0,0,0,0,0,0,3350,123,54,570,212,164,127,58,40,27,26,0,12,196,132,83,110,7.2,3.2,13.0,4.6,3.7,2.9,1.3,0.9,0.6,0.6,0.0,0.8,4.5,3.0,1.9,2.6
39,Ohio,OH,39113,Montgomery County,39113100301,Census Tract 1003.01; Montgomery County; Ohio,1.126485789772,4829,559,1903,221,1877,219,1108,426,65,53,354,139,205,87,274,190,839,233,1211,245,986,365,199,86,17,52,1112,832,0,16,0,12,0,16,115,77,4,8,23.0,8.4,2.6,2.2,18.9,7.1,6.4,2.9,5.7,3.7,17.4,4.0,25.1,4.2,20.5,6.6,10.6,4.4,0.4,1.2,23.0,17.0,0.0,0.8,0.0,1.8,0.0,0.9,6.1,4.2,0.1,0.2,0.5824,0.2822,0.3483,0.4112,0.5176,2.1417,0.4086,0.4908,0.7188,0.821,0.7975,0.5412,3.3693,0.9232,0.6275,0.6275,0.6275,0.0,0.0,0.0,0.5479,0.3694,0.9173,0.094,7.0558,0.4321,0,0,0,0,0,0,0,0,0,0,0,0,0,0,0,0,0,0,0,0,0,4810,234,129,451,141,221,147,212,137,0,12,0,12,228,114,0,12,12.5,6.6,9.3,3.3,4.6,3.1,4.4,3.0,0.0,0.7,0.0,0.7,4.7,2.4,0.0,0.7
39,Ohio,OH,39113,Montgomery County,39113100302,Census Tract 1003.02; Montgomery County; Ohio,0.796723793612,3422,533,1441,293,1398,295,726,293,58,55,278,106,160,77,380,258,400,54,880,236,498,197,224,239,0,48,704,735,0,16,18,28,0,16,18,21,0,12,21.4,7.9,3.2,3.0,19.9,6.3,7.5,3.6,11.2,7.8,11.7,1.9,25.7,4.1,14.6,5.5,16.0,16.8,0.0,1.5,20.6,21.2,0.0,1.1,1.2,1.9,0.0,1.1,1.3,1.5,0.0,0.4,0.5401,0.3711,0.3898,0.4829,0.8664,2.6503,0.5552,0.1836,0.7511,0.5236,0.9168,0.0,2.3751,0.4825,0.5989,0.5989,0.5989,0.0,0.6451,0.0,0.1349,0.0,0.78,0.0717,6.4043,0.3244,0,0,0,0,0,0,0,0,0,1,0,1,0,0,0,0,0,0,0,0,1,1152,137,69,329,175,93,91,102,98,5,8,0,12,175,139,0,12,9.8,5.2,9.6,4.9,2.7,2.7,3.0,2.8,0.1,0.2,0.0,1.0,5.1,4.0,0.0,1.0
39,Ohio,OH,39113,Montgomery County,39113100400,Census Tract 1004; Montgomery County; Ohio,8.750746616578,5024,444,2091,163,2058,165,446,221,35,32,371,120,202,102,67,52,867,109,1139,210,625,173,127,80,82,85,1118,609,40,48,0,17,0,24,124,72,20,7,8.9,4.3,1.4,1.3,18.0,5.6,6.0,2.9,1.3,1.0,17.3,2.3,22.7,3.2,12.5,3.5,6.2,3.9,1.7,1.8,22.3,12.0,1.9,2.3,0.0,1.7,0.0,1.2,6.0,3.5,0.4,0.1,0.1765,0.1117,0.3114,0.3811,0.0593,1.04,0.1073,0.4845,0.5669,0.3846,0.5657,0.8094,2.8111,0.7368,0.6205,0.6205,0.6205,0.3975,0.0,0.0,0.5413,0.5374,1.4762,0.2235,5.9478,0.2524,0,0,0,0,0,0,0,0,0,0,0,0,0,0,0,0,0,0,0,0,0,7407,88,66,672,253,86,71,169,129,0,17,0,17,166,115,25,41,4.3,3.1,13.4,4.7,1.7,1.5,3.4,2.5,0.0,0.7,0.0,0.7,3.3,2.3,0.5,0.8
39,Ohio,OH,39113,Montgomery County,39113110100,Census Tract 1101; Montgomery County; Ohio,16.316970521254,1533,236,602,62,556,74,50,65,3,5,90,50,22,17,0,12,283,57,368,99,113,39,0,16,0,48,91,320,0,16,0,12,0,16,33,24,0,12,3.3,4.3,0.4,0.6,16.2,8.7,2.0,1.5,0.0,2.3,18.5,4.3,24.0,4.6,7.4,2.6,0.0,2.9,0.0,3.4,5.9,20.9,0.0,2.7,0.0,5.6,0.0,2.9,5.9,4.3,0.0,0.8,0.0301,0.0289,0.2371,0.0881,0.0,0.3842,0.0105,0.5698,0.6582,0.0847,0.0,0.0,1.3127,0.0552,0.1883,0.1883,0.1883,0.0,0.0,0.0,0.5349,0.0,0.5349,0.0406,2.4201,0.0025,0,0,0,0,0,0,0,0,0,0,0,0,0,0,0,0,0,0,0,0,0,4200,33,20,18,19,0,12,51,77,0,12,0,12,22,23,0,12,5.9,3.7,1.2,1.3,0.0,2.3,3.3,4.7,0.0,2.3,0.0,2.3,1.4,1.5,0.0,2.3
39,Ohio,OH,39113,Montgomery County,39113110201,Census Tract 1102.01; Montgomery County; Ohio,5.091103134004,4744,431,2062,243,2031,254,514,255,48,36,465,236,99,52,42,46,1350,257,925,181,711,272,33,32,9,48,985,599,0,16,0,12,29,50,105,130,0,12,10.8,5.3,2.2,1.7,22.9,11.3,2.7,1.4,0.9,1.0,28.5,4.9,19.5,3.0,15.0,5.2,1.6,1.6,0.2,1.1,20.8,12.5,0.0,0.8,0.0,1.7,1.4,2.5,5.2,6.2,0.0,0.3,0.2342,0.2238,0.5041,0.1325,0.0349,1.1295,0.1292,0.9432,0.3535,0.5462,0.1238,0.4556,2.4223,0.5108,0.6005,0.6005,0.6005,0.0,0.0,0.6384,0.4844,0.0,1.1228,0.1286,5.2751,0.1667,0,0,0,0,0,0,1,0,0,0,0,1,0,0,0,0,0,0,0,0,1,2323,303,226,432,230,47,58,36,44,0,12,0,12,470,267,0,12,14.9,9.8,9.1,4.7,1.0,1.2,0.8,1.0,0.0,0.7,0.0,0.7,9.9,5.4,0.0,0.7
39,Ohio,OH,39113,Montgomery County,39113110202,Census Tract 1102.02; Montgomery County; Ohio,4.24133626153,3136,425,1498,163,1396,160,635,344,155,94,367,150,223,112,88,73,869,197,541,170,665,215,102,78,62,79,512,610,183,104,0,12,53,75,52,44,64,7,20.4,10.7,9.9,5.9,26.3,10.3,9.2,4.4,2.8,2.3,27.7,6.1,17.3,4.5,21.3,6.3,7.3,5.5,2.1,2.6,16.3,19.3,12.2,6.8,0.0,2.3,3.8,5.4,3.7,3.1,2.0,0.4,0.516,0.8387,0.6283,0.5875,0.1996,2.7701,0.5933,0.9315,0.2194,0.8448,0.6416,0.8427,3.48,0.9448,0.5209,0.5209,0.5209,0.7333,0.0,0.8898,0.3727,0.7584,2.7542,0.7406,9.5252,0.7968,0,0,0,0,0,0,1,0,0,0,0,1,0,0,0,0,0,0,0,0,1,9521,129,105,341,124,28,43,86,76,0,12,0,12,57,45,0,12,9.2,7.1,10.9,4.3,0.9,1.4,2.7,2.4,0.0,1.1,0.0,1.1,1.8,1.4,0.0,1.1
39,Ohio,OH,39113,Montgomery County,39113115002,Census Tract 1150.02; Montgomery County; Ohio,5.22966278654,4304,505,1750,157,1750,157,525,292,58,54,266,103,144,73,218,108,843,83,1086,298,353,102,148,104,17,48,522,656,60,38,0,12,0,16,27,23,133,2,12.7,6.9,2.5,2.3,15.2,5.7,4.8,2.4,5.2,2.6,19.6,2.8,25.2,4.7,8.5,2.4,8.5,5.9,0.4,1.2,12.1,15.2,3.4,2.1,0.0,2.0,0.0,0.9,1.5,1.3,3.1,0.4,0.2955,0.2657,0.1971,0.2888,0.4706,1.5177,0.2295,0.6411,0.7248,0.1371,0.7102,0.5412,2.7544,0.7095,0.4204,0.4204,0.4204,0.4895,0.0,0.0,0.1597,0.8358,1.485,0.2257,6.1775,0.287,0,0,0,0,0,0,0,0,0,0,0,0,0,0,0,0,0,0,0,0,0,6304,74,39,214,169,87,63,0,12,3,7,0,12,197,201,21,32,4.2,2.2,5.0,3.8,2.0,1.5,0.0,0.8,0.1,0.2,0.0,0.8,4.6,4.3,0.5,0.7
39,Ohio,OH,39113,Montgomery County,39113115011,Census Tract 1150.11; Montgomery County; Ohio,1.785389316178,5185,501,2574,214,2400,216,784,355,100,58,565,191,320,158,392,237,854,137,997,291,705,199,116,99,0,68,335,676,54,50,0,17,11,25,91,66,24,3,15.1,6.7,3.4,2.1,23.5,7.7,9.0,4.6,7.6,4.6,16.5,3.1,19.2,4.8,13.6,4.2,4.8,4.1,0.0,1.4,6.5,13.0,2.1,1.9,0.0,1.3,0.5,1.0,3.8,2.7,0.5,0.0,0.3669,0.3975,0.5254,0.5755,0.6855,2.5508,0.5244,0.4306,0.3313,0.4532,0.4565,0.0,1.6716,0.1327,0.215,0.215,0.215,0.4111,0.0,0.4413,0.38,0.5742,1.8066,0.34,6.244,0.299,0,0,0,0,0,0,0,0,0,0,0,0,0,0,0,0,0,0,0,0,0,7060,200,95,42,54,54,76,32,37,7,13,0,17,174,189,26,47,8.3,4.0,0.8,1.0,1.0,1.5,0.6,0.7,0.1,0.3,0.0,0.7,3.4,3.5,0.5,0.9
39,Ohio,OH,39113,Montgomery County,39113115012,Census Tract 1150.12; Montgomery County; Ohio,3.91590246879,5158,537,2153,206,2153,206,397,241,68,67,228,138,136,124,100,104,790,195,1204,320,619,240,97,79,0,68,838,737,95,98,0,17,10,23,125,101,0,17,7.7,4.6,2.2,2.2,10.6,6.3,3.9,3.5,2.0,2.0,15.3,4.3,23.3,4.6,12.1,4.9,4.5,3.6,0.0,1.4,16.2,14.2,4.5,4.5,0.0,1.6,0.5,1.1,5.8,4.7,0.0,0.3,0.1412,0.2238,0.06,0.2191,0.1209,0.765,0.0575,0.3576,0.6068,0.3586,0.4286,0.0,1.7516,0.1606,0.5193,0.5193,0.5193,0.5397,0.0,0.4413,0.5292,0.0,1.5102,0.2333,4.5461,0.0994,0,0,0,0,0,0,0,0,0,0,0,0,0,0,0,0,0,0,0,0,0,2995,266,133,458,170,58,81,143,116,0,17,0,17,179,175,0,17,12.4,6.2,8.9,3.3,1.1,1.5,2.8,2.2,0.0,0.7,0.0,0.7,3.5,3.3,0.0,0.7
39,Ohio,OH,39113,Montgomery County,39113120101,Census Tract 1201.01; Montgomery County; Ohio,12.527070509654,4878,422,2170,257,2145,259,365,237,22,35,500,210,2,5,91,78,1519,329,934,208,745,340,168,108,0,48,1468,617,0,16,0,12,0,16,0,12,10,3,7.6,4.9,0.9,1.5,23.3,9.4,0.1,0.1,1.9,1.6,31.1,5.9,19.1,3.9,15.3,6.6,7.9,4.9,0.0,1.0,30.1,12.4,0.0,0.7,0.0,1.6,0.0,0.7,0.0,1.6,0.2,0.1,0.1384,0.0654,0.5171,0.0082,0.1104,0.8395,0.0708,0.9689,0.3256,0.5646,0.6813,0.0,2.5404,0.5838,0.7077,0.7077,0.7077,0.0,0.0,0.0,0.0,0.4356,0.4356,0.0292,4.5232,0.0975,0,0,0,0,0,0,1,0,0,0,0,1,0,0,0,0,0,0,0,0,1,6716,39,47,924,219,75,92,16,25,13,20,0,12,414,291,26,41,1.8,2.2,18.9,4.6,1.5,1.9,0.3,0.5,0.3,0.4,0.0,0.7,8.5,5.7,0.5,0.8
39,Ohio,OH,39113,Montgomery County,39113120102,Census Tract 1201.02; Montgomery County; Ohio,1.921478688118,4769,493,1788,138,1750,133,398,205,114,119,328,126,237,143,298,156,782,114,1242,340,499,187,132,93,34,59,1835,666,9,18,0,12,12,21,21,23,0,12,8.5,4.3,4.6,4.6,18.7,7.1,7.2,4.1,6.2,3.3,16.4,2.8,26.0,5.3,10.5,4.0,7.5,5.3,0.8,1.4,38.5,13.4,0.5,1.0,0.0,1.9,0.7,1.2,1.2,1.3,0.0,0.3,0.1622,0.5451,0.339,0.4629,0.5659,2.0751,0.3905,0.4255,0.7689,0.2453,0.6546,0.6636,2.7579,0.7121,0.7698,0.7698,0.7698,0.2819,0.0,0.4873,0.1276,0.0,0.8968,0.0889,6.4996,0.3422,0,0,0,0,0,0,0,0,0,0,0,0,0,0,0,0,0,0,0,0,0,3841,138,58,1404,532,93,92,73,92,45,46,0,12,205,134,15,23,7.9,3.4,29.4,9.5,2.0,1.9,1.5,1.9,0.9,1.0,0.0,0.7,4.3,2.8,0.3,0.5
39,Ohio,OH,39113,Montgomery County,39113120103,Census Tract 1201.03; Montgomery County; Ohio,1.551262082704,3203,505,1434,160,1299,180,395,324,60,47,263,160,202,98,171,128,573,120,681,326,398,123,170,184,51,71,1910,548,252,146,0,12,42,44,31,36,108,2,12.8,10.3,3.3,2.5,20.2,12.0,9.1,4.5,5.5,4.1,17.9,4.3,21.3,7.9,12.9,4.7,13.1,14.0,1.7,2.4,59.6,14.3,17.5,10.0,0.0,2.4,3.2,3.4,2.4,2.8,3.4,0.5,0.297,0.386,0.4029,0.5821,0.5005,2.1685,0.4162,0.5231,0.4743,0.4059,0.8638,0.8094,3.0765,0.846,0.8614,0.8614,0.8614,0.8149,0.0,0.8571,0.2514,0.8494,2.7728,0.7489,8.8792,0.7102,0,0,0,0,0,0,0,0,0,0,0,0,0,0,0,0,0,0,0,0,0,1803,87,67,1639,488,0,12,112,132,0,12,0,12,159,147,0,12,6.7,5.3,51.2,9.4,0.0,1.1,3.5,4.2,0.0,1.1,0.0,1.1,5.0,4.6,0.0,1.1
39,Ohio,OH,39113,Montgomery County,39113125000,Census Tract 1250; Montgomery County; Ohio,4.622549438006,6606,202,2905,313,2680,271,1442,557,101,78,501,186,218,110,611,475,1486,342,1589,391,727,200,116,74,0,68,601,425,0,24,44,71,37,45,0,17,2,2,21.8,8.4,3.0,2.2,18.7,6.7,4.7,2.2,9.3,7.2,22.5,5.3,24.1,5.8,11.0,3.1,4.3,2.7,0.0,1.1,9.1,6.4,0.0,0.8,1.5,2.5,1.4,1.7,0.0,1.3,0.0,0.0,0.5535,0.3403,0.339,0.2815,0.7871,2.3014,0.4556,0.7717,0.6655,0.2815,0.407,0.0,2.1257,0.3387,0.3221,0.3221,0.3221,0.0,0.6667,0.6384,0.0,0.0,1.3051,0.1762,6.0543,0.267,0,0,0,0,0,0,0,0,0,0,0,0,0,0,0,0,0,0,0,0,0,3167,299,262,205,163,54,62,0,17,0,17,0,17,342,222,0,17,11.2,9.2,3.1,2.5,0.8,0.9,0.0,0.5,0.0,0.5,0.0,0.5,5.2,3.4,0.0,0.5
39,Ohio,OH,39113,Montgomery County,39113125102,Census Tract 1251.02; Montgomery County; Ohio,3.26807157554,6005,515,3084,314,2843,329,1051,528,166,120,711,325,66,60,286,273,1390,279,1403,245,797,215,271,114,16,68,1254,771,490,320,49,79,0,24,140,95,66,2,17.9,8.9,5.8,4.1,25.0,11.1,1.6,1.4,4.8,4.5,23.1,4.4,23.4,3.4,13.4,3.4,9.5,3.9,0.3,1.2,20.9,12.7,15.9,10.2,1.6,2.6,0.0,0.8,4.9,3.4,1.1,0.1,0.451,0.6432,0.5784,0.0647,0.4243,2.1616,0.4137,0.7961,0.6138,0.4418,0.76,0.4968,3.1085,0.8568,0.6021,0.6021,0.6021,0.7952,0.6749,0.0,0.4625,0.6703,2.6029,0.6781,8.4751,0.6581,0,0,0,0,0,0,0,0,0,0,0,0,0,0,0,0,0,0,0,0,0,5571,155,103,850,504,19,31,48,44,8,13,0,17,305,273,24,38,5.5,3.7,14.2,8.2,0.3,0.5,0.8,0.7,0.1,0.2,0.0,0.6,5.1,4.6,0.4,0.6
39,Ohio,OH,39113,Montgomery County,39113125103,Census Tract 1251.03; Montgomery County; Ohio,2.065822148614,2639,293,1252,150,1200,144,167,97,18,28,194,105,41,44,75,62,678,168,520,73,423,147,22,31,0,48,509,393,53,54,0,12,0,16,100,89,0,12,6.3,3.6,1.3,2.0,16.2,8.5,2.1,2.2,2.8,2.3,25.7,5.1,19.7,2.5,16.0,5.4,1.8,2.6,0.0,1.9,19.3,14.7,4.2,4.3,0.0,2.8,0.0,1.3,8.3,7.0,0.0,0.5,0.0952,0.1013,0.2371,0.0938,0.1996,0.727,0.0508,0.8884,0.3653,0.6039,0.1419,0.0,1.9995,0.2708,0.5796,0.5796,0.5796,0.5257,0.0,0.0,0.6606,0.0,1.1863,0.1422,4.4924,0.0952,0,0,0,0,0,0,0,0,0,0,0,0,0,0,0,0,0,0,0,0,0,1301,101,77,396,49,0,12,38,80,0,12,0,12,75,71,0,12,8.4,6.3,15.0,1.8,0.0,1.3,1.4,3.0,0.0,1.3,0.0,1.3,2.8,2.6,0.0,1.3
39,Ohio,OH,39113,Montgomery County,39113125104,Census Tract 1251.04; Montgomery County; Ohio,2.513058380988,5031,531,1784,144,1775,146,436,205,109,115,408,145,96,63,75,62,1133,175,1273,366,445,151,43,41,1,65,1226,793,0,24,0,17,51,75,95,74,219,9,9.1,4.2,4.7,4.8,23.0,7.9,2.7,1.9,1.6,1.3,22.5,4.3,25.3,5.6,9.4,3.5,2.4,2.3,0.0,1.4,24.4,15.6,0.0,1.3,0.0,1.9,2.9,4.2,5.4,4.2,4.4,0.5,0.1834,0.553,0.5079,0.1325,0.0825,1.4593,0.2137,0.7717,0.7276,0.1787,0.201,0.0,1.879,0.2127,0.6481,0.6481,0.6481,0.0,0.0,0.8349,0.4994,0.8881,2.2224,0.5121,6.2088,0.2921,0,0,0,0,0,0,0,0,0,0,0,0,0,0,0,0,0,0,0,0,0,4872,135,87,756,216,161,132,41,60,0,17,5,10,263,203,0,17,7.6,4.8,15.0,4.5,3.2,2.6,0.8,1.2,0.0,0.7,0.1,0.2,5.2,4.0,0.0,0.7
39,Ohio,OH,39113,Montgomery County,39113130101,Census Tract 1301.01; Montgomery County; Ohio,22.849988176644,2390,346,1095,143,982,149,317,147,145,128,157,67,90,37,82,46,763,259,465,102,417,155,19,16,0,48,105,485,0,16,29,27,3,13,19,16,0,12,13.3,5.9,12.7,10.2,16.0,6.4,5.1,1.7,3.4,1.9,31.9,8.5,19.5,3.8,17.4,5.3,1.9,1.6,0.0,2.2,4.4,20.3,0.0,1.5,2.6,2.5,0.3,1.3,1.9,1.5,0.0,0.5,0.3142,0.901,0.2279,0.3098,0.2745,2.0274,0.3749,0.9746,0.3535,0.6836,0.1517,0.0,2.1634,0.3571,0.1249,0.1249,0.1249,0.0,0.7197,0.4041,0.2029,0.0,1.3267,0.1816,5.6424,0.2057,0,1,0,0,0,1,1,0,0,0,0,1,0,0,0,0,0,0,0,0,2,914,126,66,0,12,22,24,11,16,0,12,0,12,72,61,0,12,12.8,6.4,0.0,1.5,0.9,1.0,0.5,0.6,0.0,1.5,0.0,1.5,3.0,2.5,0.0,1.5
39,Ohio,OH,39113,Montgomery County,39113130102,Census Tract 1301.02; Montgomery County; Ohio,14.85209490003,6461,345,2780,305,2626,306,877,356,73,71,671,258,295,216,372,236,1675,284,1620,246,942,217,107,72,70,103,883,611,77,78,118,78,72,68,207,121,177,20,14.0,5.6,2.5,2.4,25.6,9.4,6.4,4.7,5.9,3.7,25.9,4.1,25.1,3.4,15.0,3.3,4.0,2.7,1.1,1.7,13.7,9.4,2.8,2.8,4.2,2.7,2.8,2.6,7.9,4.6,2.7,0.3,0.3335,0.2657,0.6032,0.4112,0.537,2.1506,0.4108,0.8938,0.7188,0.5462,0.3743,0.7254,3.2585,0.9019,0.4642,0.4642,0.4642,0.4622,0.7673,0.826,0.6444,0.8085,3.5084,0.9394,9.3817,0.78,0,0,0,0,0,0,0,0,0,0,0,0,0,0,0,0,0,0,0,0,0,5659,362,162,77,95,51,50,350,330,0,17,0,17,341,346,64,75,13.8,6.0,1.2,1.5,0.8,0.8,5.4,5.1,0.0,0.5,0.0,0.5,5.3,5.3,1.0,1.2
39,Ohio,OH,39113,Montgomery County,39113140100,Census Tract 1401; Montgomery County; Ohio,36.58003514329,5850,18,2477,213,2331,231,1141,341,101,77,531,174,286,142,262,146,1301,194,1358,284,1040,286,74,72,0,68,361,268,0,24,38,48,0,24,30,34,4,4,19.6,5.9,3.6,2.6,22.8,7.1,6.9,3.4,4.5,2.5,22.2,3.3,23.2,4.9,17.8,4.9,3.2,3.1,0.0,1.3,6.2,4.6,0.0,1.0,1.5,1.9,0.0,1.0,1.3,1.5,0.1,0.1,0.4976,0.4308,0.5,0.4423,0.3875,2.2582,0.4425,0.7575,0.6005,0.703,0.2841,0.0,2.3451,0.4594,0.201,0.201,0.201,0.0,0.6667,0.0,0.1349,0.3694,1.171,0.1387,5.9753,0.2556,0,0,0,0,0,0,0,0,0,0,0,0,0,0,0,0,0,0,0,0,0,3664,279,107,4,4,0,17,0,17,0,17,0,17,357,270,0,17,12.0,4.7,0.1,0.1,0.0,0.6,0.0,0.6,0.0,0.6,0.0,0.6,6.1,4.6,0.0,0.6
39,Ohio,OH,39113,Montgomery County,39113150100,Census Tract 1501; Montgomery County; Ohio,36.927639298972,6070,36,2374,176,2351,173,1062,621,169,126,559,207,419,155,394,192,1340,276,1416,283,826,215,175,97,0,68,255,161,0,24,10,18,2,17,105,64,91,3,17.9,10.4,6.3,4.5,23.8,8.6,10.3,3.8,6.6,3.2,22.1,4.5,23.3,4.7,13.8,3.6,7.5,4.1,0.0,1.2,4.2,2.7,0.0,1.0,0.4,0.8,0.1,0.7,4.5,2.7,1.5,0.0,0.451,0.6781,0.5368,0.6544,0.6001,2.9204,0.6327,0.7546,0.6068,0.4675,0.6546,0.0,2.4835,0.5476,0.1141,0.1141,0.1141,0.0,0.5625,0.3819,0.4365,0.7146,2.0955,0.4581,7.6135,0.5181,0,0,0,0,0,0,0,0,0,0,0,0,0,0,0,0,0,0,0,0,0,4290,176,80,50,60,0,17,93,64,0,17,0,17,109,110,3,6,7.5,3.3,0.8,1.0,0.0,0.6,1.5,1.1,0.0,0.6,0.0,0.6,1.8,1.8,0.0,0.1
39,Ohio,OH,39113,Montgomery County,39113160100,Census Tract 1601; Montgomery County; Ohio,23.602761979596,1813,301,742,123,694,115,148,107,0,12,99,52,57,34,62,80,374,108,410,117,168,69,7,8,0,48,68,427,0,16,16,26,17,21,45,40,0,12,8.2,5.7,0.0,3.9,14.3,7.1,4.2,2.5,3.4,4.3,20.6,4.9,22.6,4.9,9.3,3.4,1.0,1.1,0.0,2.8,3.8,23.5,0.0,2.2,2.2,3.4,2.4,3.0,6.5,5.6,0.0,0.7,0.1514,0.0,0.1641,0.2441,0.2745,0.8341,0.0698,0.6969,0.5609,0.1755,0.0759,0.0,1.5092,0.0927,0.0967,0.0967,0.0967,0.0,0.707,0.7787,0.5695,0.0,2.0552,0.4397,4.4952,0.0959,0,0,0,0,0,0,0,0,0,0,0,0,0,0,0,0,0,0,0,0,0,746,75,67,12,17,35,39,6,10,0,12,0,12,15,16,0,12,10.8,9.0,0.7,0.9,1.9,2.2,0.3,0.5,0.0,1.9,0.0,1.9,0.8,0.9,0.0,1.9
39,Ohio,OH,39113,Montgomery County,39113165000,Census Tract 1650; Montgomery County; Ohio,14.3898864043,6918,301,2864,304,2663,300,985,579,200,214,481,182,218,119,414,249,1218,253,1710,257,942,260,265,179,0,68,459,446,156,123,46,52,0,24,107,90,47,2,14.4,8.4,5.4,5.6,18.1,6.5,4.8,2.9,6.0,3.6,17.6,3.6,24.7,3.7,13.7,3.7,10.0,6.6,0.0,1.1,6.6,6.4,5.5,4.3,1.6,1.8,0.0,0.9,4.0,3.3,0.7,0.0,0.3437,0.6143,0.3175,0.2888,0.5459,2.1102,0.4003,0.5044,0.6956,0.4589,0.7781,0.0,2.437,0.5175,0.22,0.22,0.22,0.5733,0.6749,0.0,0.3981,0.6243,2.2706,0.5375,7.0378,0.4295,0,0,0,0,0,0,0,0,0,0,0,0,0,0,0,0,0,0,0,0,0,4887,253,150,0,17,103,116,0,17,0,17,0,17,356,286,0,17,9.5,5.4,0.0,0.5,1.5,1.7,0.0,0.5,0.0,0.5,0.0,0.5,5.1,4.0,0.0,0.5
39,Ohio,OH,39113,Montgomery County,39113165100,Census Tract 1651; Montgomery County; Ohio,1.310629416632,2456,583,1331,134,947,131,1507,453,199,137,526,156,344,100,194,102,334,99,1009,378,539,220,242,103,15,52,2145,608,163,84,0,12,48,61,399,111,10,4,62.3,11.3,23.0,12.9,55.5,14.6,27.7,7.5,7.9,4.4,13.6,4.7,41.1,7.1,21.9,10.0,25.5,10.3,0.7,2.3,87.3,13.5,12.2,6.2,0.0,2.6,5.1,6.4,42.1,12.2,0.4,0.1,0.9683,0.981,0.986,0.9727,0.709,4.617,0.9886,0.2695,0.9943,0.8673,0.9781,0.6367,3.7459,0.9806,0.9531,0.9531,0.9531,0.7333,0.0,0.9413,0.9857,0.5374,3.1977,0.8784,12.5137,0.9959,1,1,1,1,0,4,0,1,0,1,0,2,1,1,0,0,1,1,0,2,9,3840,216,85,2074,564,0,12,30,34,0,12,0,12,41,41,0,12,22.8,8.7,84.4,7.6,0.0,1.4,1.2,1.3,0.0,1.4,0.0,1.4,1.7,1.6,0.0,1.4
39,Ohio,OH,39113,Montgomery County,39113165200,Census Tract 1652; Montgomery County; Ohio,0.378558339124,1616,334,1539,271,1099,177,434,125,6,10,478,174,45,40,400,221,297,118,199,126,424,158,10,20,0,48,731,426,1232,292,0,12,0,16,416,123,20,3,26.9,5.4,0.6,1.1,43.5,14.2,3.8,3.5,24.8,10.9,18.4,6.7,12.3,6.3,26.2,8.9,0.9,1.8,0.0,3.0,45.2,24.7,80.0,12.7,0.0,2.2,0.0,1.5,37.9,9.4,1.2,0.3,0.6579,0.0422,0.9308,0.2102,0.9898,2.8309,0.6117,0.5621,0.0659,0.9495,0.0705,0.0,1.648,0.1244,0.8063,0.8063,0.8063,0.9959,0.0,0.0,0.98,0.6814,2.6573,0.7006,7.9425,0.5762,0,0,1,0,1,2,0,0,1,0,0,1,0,0,1,0,0,1,0,2,5,2766,182,116,578,177,36,49,1,6,5,11,0,12,111,132,0,12,16.6,9.2,35.8,10.3,2.2,3.0,0.1,0.4,0.3,0.7,0.0,2.1,6.9,7.5,0.0,2.1
39,Ohio,OH,39113,Montgomery County,39113980000,Census Tract 9800; Montgomery County; Ohio,1.45847134735,0,12,0,12,0,12,0,12,0,12,0,24,0,12,0,12,0,12,0,12,0,12,0,16,0,48,0,16,0,16,0,12,0,16,0,12,0,12,-999.0,-999.0,-999.0,-999.0,-999.0,-999.0,-999.0,-999.0,-999.0,-999.0,-999.0,-999.0,-999.0,-999.0,-999.0,-999.0,-999.0,-999.0,-999.0,-999.0,-999.0,-999.0,-999.0,-999.0,-999.0,-999.0,-999.0,-999.0,-999.0,-999.0,-999.0,-999.0,-999.0,-999.0,-999.0,-999.0,-999.0,-999.0,-999.0,-999.0,-999.0,-999.0,-999.0,-999.0,-999.0,-999.0,-999.0,-999.0,-999.0,-999.0,-999.0,-999.0,-999.0,-999.0,-999.0,-999.0,-999.0,-999.0,-999,-999,-999,-999,-999,-999,-999,-999,-999,-999,-999,-999,-999,-999,-999,-999,-999,-999,-999,-999,-999,485,0,12,0,12,0,12,0,12,0,12,0,12,0,12,0,12,-999.0,-999.0,-999.0,-999.0,-999.0,-999.0,-999.0,-999.0,-999.0,-999.0,-999.0,-999.0,-999.0,-999.0,-999.0,-999.0
39,Ohio,OH,39115,Morgan County,39115968800,Census Tract 9688; Morgan County; Ohio,148.726589628214,3190,380,1724,154,1394,142,1259,417,71,62,348,128,282,125,174,120,836,126,509,131,765,213,1,13,0,48,170,534,0,16,416,134,59,78,35,30,0,12,39.5,12.2,5.4,4.7,25.0,8.8,11.2,4.7,5.5,3.6,26.2,3.9,16.0,3.1,24.0,5.8,0.1,0.9,0.0,1.6,5.3,16.7,0.0,0.9,24.1,7.4,4.2,5.6,2.5,2.2,0.0,0.4,0.8312,0.6143,0.5784,0.694,0.5005,3.2184,0.7171,0.902,0.1623,0.9143,0.0381,0.0,2.0167,0.2797,0.1642,0.1642,0.1642,0.0,0.9737,0.907,0.2587,0.0,2.1394,0.4771,7.5387,0.5054,0,0,0,0,0,0,1,0,1,0,0,2,0,0,0,1,1,0,0,2,4,2505,338,108,60,60,23,41,0,12,0,12,0,12,87,134,0,12,24.2,7.5,1.9,1.8,0.7,1.3,0.0,1.1,0.0,1.1,0.0,1.1,2.7,4.3,0.0,1.1
39,Ohio,OH,39115,Morgan County,39115968900,Census Tract 9689; Morgan County; Ohio,30.367241992455998,3874,375,1816,128,1544,144,994,238,81,66,393,91,342,92,264,146,724,90,890,151,533,99,128,60,8,47,410,514,63,23,230,74,0,16,149,51,170,4,26.9,5.8,4.8,3.7,25.5,5.4,12.4,3.3,7.1,3.7,18.7,2.8,23.0,2.7,14.4,3.0,8.3,3.8,0.2,1.3,10.6,13.2,3.5,1.2,12.7,4.1,0.0,1.0,9.7,3.1,4.4,0.4,0.6579,0.5603,0.5994,0.7337,0.6452,3.1965,0.7127,0.5821,0.5862,0.5119,0.7006,0.4556,2.8364,0.7476,0.3748,0.3748,0.3748,0.4943,0.9086,0.0,0.7102,0.8881,3.0012,0.8302,9.4089,0.7835,0,0,0,0,0,0,0,0,0,0,0,0,0,0,0,1,0,0,0,1,1,4062,332,76,166,104,29,31,16,24,0,12,0,12,146,64,53,74,21.5,4.8,4.3,2.6,0.7,0.8,0.4,0.6,0.0,0.9,0.0,0.9,3.8,1.7,1.4,1.9
39,Ohio,OH,39115,Morgan County,39115969000,Census Tract 9690; Morgan County; Ohio,151.404824761414,3613,402,2144,164,1525,182,977,248,45,35,442,143,413,154,175,101,798,123,656,185,866,183,100,59,0,48,169,554,0,16,450,153,22,33,66,65,0,12,27.0,6.2,3.0,2.3,29.0,8.7,15.1,5.0,4.8,2.8,22.1,3.9,18.2,4.0,24.0,4.3,6.5,3.8,0.0,1.4,4.7,15.3,0.0,0.7,21.0,6.6,1.4,2.2,4.3,4.2,0.0,0.3,0.6601,0.3403,0.7035,0.8196,0.4243,2.9478,0.6435,0.7546,0.267,0.9143,0.5844,0.0,2.5203,0.5692,0.1395,0.1395,0.1395,0.0,0.9638,0.6384,0.4184,0.0,2.0206,0.426,7.6282,0.521,0,0,0,0,0,0,0,0,1,0,0,1,0,0,0,1,0,0,0,1,2,1348,342,101,41,51,68,56,0,12,0,12,0,12,60,49,0,12,22.4,5.8,1.1,1.4,1.9,1.5,0.0,1.0,0.0,1.0,0.0,1.0,1.7,1.3,0.0,1.0
39,Ohio,OH,39115,Morgan County,39115969100,Census Tract 9691; Morgan County; Ohio,85.92713137468,3174,374,1611,122,1194,140,954,265,87,54,173,69,304,100,374,172,665,122,826,157,730,127,35,22,17,53,492,505,0,16,331,96,55,36,75,43,0,12,30.1,7.6,6.9,4.3,14.5,5.5,15.6,4.7,11.8,5.3,21.0,4.1,26.0,3.4,23.0,4.2,3.0,1.8,0.6,1.8,15.5,15.8,0.0,1.0,20.5,5.6,4.6,3.0,6.3,3.5,0.0,0.4,0.7122,0.7143,0.1721,0.8323,0.881,3.3119,0.7406,0.7121,0.7689,0.8959,0.2619,0.6088,3.2476,0.899,0.5054,0.5054,0.5054,0.0,0.9603,0.9251,0.5603,0.0,2.4457,0.6127,9.5106,0.7946,0,0,0,0,0,0,0,0,0,0,0,0,0,0,0,1,1,0,0,2,2,1288,341,97,178,77,19,26,0,12,14,14,0,12,249,115,32,36,28.6,7.7,5.6,2.3,0.6,0.8,0.0,1.1,0.4,0.4,0.0,1.1,7.8,3.5,1.0,1.1
39,Ohio,OH,39117,Morrow County,39117965000,Census Tract 9650; Morrow County; Ohio,66.267900936892,4349,531,1940,208,1774,192,624,247,69,60,310,109,284,114,293,151,865,151,798,191,859,252,8,19,0,48,80,753,0,16,256,103,8,20,15,24,0,12,14.3,5.4,3.4,2.9,17.5,5.8,8.6,3.4,6.7,3.5,19.9,3.1,18.3,3.2,19.8,5.1,0.5,1.1,0.0,1.2,1.8,17.3,0.0,0.8,13.2,5.1,0.5,1.1,0.8,1.4,0.0,0.3,0.3393,0.3975,0.2905,0.552,0.6109,2.1902,0.4244,0.6569,0.272,0.7978,0.0473,0.0,1.774,0.1692,0.0282,0.0282,0.0282,0.0,0.9127,0.4413,0.0873,0.0,1.4413,0.213,5.4337,0.1822,0,0,0,0,0,0,0,0,0,0,0,0,0,0,0,1,0,0,0,1,1,2730,284,121,0,12,61,69,0,12,0,12,0,12,19,21,0,12,16.0,6.5,0.0,0.8,1.4,1.6,0.0,0.8,0.0,0.8,0.0,0.8,0.4,0.5,0.0,0.8
39,Ohio,OH,39117,Morrow County,39117965100,Census Tract 9651; Morrow County; Ohio,52.32991951035,6236,916,2185,231,1948,186,1139,412,12,18,211,107,653,287,1868,901,807,186,1711,488,765,263,0,24,48,96,163,1289,36,54,279,133,126,119,257,122,0,17,18.3,6.0,0.4,0.6,10.8,5.4,16.8,6.5,30.2,10.9,12.9,3.3,27.4,4.9,12.4,3.7,0.0,1.2,0.8,1.6,2.6,20.7,1.6,2.5,12.8,5.9,6.5,6.1,13.2,5.9,0.0,0.3,0.4637,0.0289,0.0641,0.8576,0.9943,2.4086,0.4816,0.2302,0.832,0.3802,0.0,0.6636,2.106,0.3244,0.0542,0.0542,0.0542,0.3787,0.9105,0.966,0.8035,0.0,3.0587,0.8457,7.6275,0.5206,0,0,0,0,1,1,0,0,0,0,0,0,0,0,0,1,1,0,0,2,3,1656,396,149,0,17,29,32,0,17,0,17,0,17,134,83,0,17,20.3,6.9,0.0,0.6,0.5,0.5,0.0,0.6,0.0,0.6,0.0,0.6,2.1,1.3,0.0,0.6
39,Ohio,OH,39117,Morrow County,39117965201,Census Tract 9652.01; Morrow County; Ohio,39.964019944658,5326,448,2211,246,1981,200,673,283,118,82,444,165,231,160,170,127,1065,258,1476,347,978,264,281,184,3,66,357,653,31,39,141,82,45,64,66,46,60,22,12.8,5.3,4.8,3.3,22.4,8.0,6.7,4.9,3.2,2.4,20.0,4.9,27.7,5.3,18.5,5.0,14.2,9.2,0.1,1.3,6.7,12.2,1.4,1.8,6.4,3.7,2.3,3.2,3.3,2.2,1.1,0.4,0.297,0.5603,0.486,0.4293,0.2491,2.0217,0.3714,0.663,0.844,0.7369,0.886,0.4245,3.5544,0.9578,0.2229,0.2229,0.2229,0.3663,0.8159,0.7698,0.3346,0.6703,2.9569,0.8146,8.7559,0.6952,0,0,0,0,0,0,0,0,0,0,0,0,0,0,0,0,0,0,0,0,0,4150,180,109,152,92,148,112,0,17,0,17,0,17,31,18,26,42,9.1,5.4,2.9,1.8,2.8,2.1,0.0,0.7,0.0,0.7,0.0,0.7,0.6,0.3,0.5,0.8
39,Ohio,OH,39117,Morrow County,39117965202,Census Tract 9652.02; Morrow County; Ohio,22.632491514616,1853,263,867,183,757,182,495,257,0,12,166,94,151,96,130,178,479,168,342,101,168,77,35,44,0,48,259,360,55,46,48,47,38,51,25,39,81,2,27.9,13.9,0.0,3.3,21.9,11.2,10.5,6.3,7.3,10.5,25.8,7.9,18.5,4.7,9.5,4.5,4.6,5.7,0.0,2.7,14.0,19.3,6.3,5.1,5.5,5.6,5.0,6.6,3.3,5.1,4.4,0.6,0.6776,0.0,0.4702,0.6627,0.6661,2.4766,0.5016,0.8906,0.2828,0.1872,0.4381,0.0,1.7987,0.181,0.4699,0.4699,0.4699,0.5952,0.794,0.9381,0.3346,0.8881,3.55,0.946,8.2952,0.6311,0,0,0,0,0,0,0,0,0,0,0,0,0,0,0,0,1,0,0,1,1,1953,132,80,21,47,192,116,0,12,39,43,0,12,7,13,0,12,17.4,10.0,1.1,2.6,10.4,6.0,0.0,1.9,2.1,2.3,0.0,1.9,0.4,0.7,0.0,1.9
39,Ohio,OH,39117,Morrow County,39117965300,Census Tract 9653; Morrow County; Ohio,72.728382381746,6015,535,2579,230,2426,249,1187,319,72,52,392,127,512,153,224,118,1082,209,1122,219,1202,254,165,99,37,87,294,749,16,15,301,113,35,27,83,58,15,6,19.8,5.0,2.2,1.5,16.2,5.0,11.3,3.8,3.7,2.0,18.0,3.4,18.7,3.1,20.0,4.1,6.8,4.0,0.6,1.5,4.9,12.4,0.6,0.6,11.7,4.5,1.5,1.1,3.4,2.4,0.2,0.1,0.5014,0.2238,0.2371,0.6969,0.3021,1.9613,0.3537,0.5317,0.2964,0.8074,0.6051,0.6088,2.8494,0.7527,0.1474,0.1474,0.1474,0.2886,0.8959,0.6606,0.3438,0.4356,2.6245,0.6889,7.5826,0.5143,0,0,0,0,0,0,0,0,0,0,0,0,0,0,0,0,0,0,0,0,0,4469,160,74,0,17,22,27,0,17,0,17,0,17,202,116,70,102,6.6,3.2,0.0,0.6,0.4,0.4,0.0,0.6,0.0,0.6,0.0,0.6,3.4,1.9,1.2,1.7
39,Ohio,OH,39117,Morrow County,39117965401,Census Tract 9654.01; Morrow County; Ohio,32.250635193192,2222,416,908,145,801,161,290,200,91,105,69,73,181,91,138,93,495,180,397,122,288,124,17,37,11,51,135,577,0,16,210,126,0,16,21,22,0,12,13.1,8.7,6.9,7.4,8.6,8.9,11.8,5.8,6.2,3.9,22.3,7.4,17.9,3.5,13.0,4.9,2.1,4.6,0.5,2.5,6.1,25.9,0.0,1.8,23.1,13.0,0.0,2.0,2.6,2.6,0.0,0.5,0.3078,0.7143,0.027,0.7131,0.5659,2.3281,0.4616,0.7613,0.2495,0.4129,0.1673,0.5796,2.1706,0.3625,0.1972,0.1972,0.1972,0.0,0.9705,0.0,0.267,0.0,1.2375,0.1594,5.9334,0.2511,0,0,0,0,0,0,0,0,0,0,0,0,0,0,0,1,0,0,0,1,1,874,83,64,4,11,8,16,120,92,2,4,0,12,1,5,0,12,10.4,7.6,0.2,0.5,0.4,0.7,5.4,4.0,0.1,0.2,0.0,1.6,0.0,0.2,0.0,1.6
39,Ohio,OH,39117,Morrow County,39117965402,Census Tract 9654.02; Morrow County; Ohio,45.486193606398,3507,438,1400,162,1271,156,810,269,74,83,302,146,325,170,357,180,679,257,735,242,518,176,11,18,23,51,192,640,18,27,99,65,21,23,81,66,60,4,23.9,7.3,4.2,4.6,23.8,11.1,13.4,6.5,10.3,4.9,19.4,6.8,21.0,5.7,14.9,5.0,0.9,1.4,0.7,1.5,5.5,18.2,1.3,1.9,7.1,4.5,1.7,1.8,6.4,5.1,1.7,0.2,0.5982,0.4975,0.5368,0.7736,0.8305,3.2366,0.7225,0.6287,0.4499,0.5408,0.0705,0.6367,2.3266,0.4495,0.1737,0.1737,0.1737,0.359,0.8298,0.6917,0.5641,0.7381,3.1827,0.8752,8.9196,0.7165,0,0,0,0,0,0,0,0,0,0,0,0,0,0,0,0,0,0,0,0,0,1353,112,69,62,65,6,11,0,12,0,12,0,12,124,77,0,12,8.8,5.3,1.8,1.9,0.2,0.3,0.0,1.0,0.0,1.0,0.0,1.0,3.5,2.3,0.0,1.0
39,Ohio,OH,39117,Morrow County,39117965501,Census Tract 9655.01; Morrow County; Ohio,35.969539927338,3338,476,1384,151,1309,152,175,87,11,17,117,69,137,82,189,121,581,110,791,268,592,151,74,69,2,46,80,673,0,16,149,80,64,72,9,13,81,3,5.5,2.6,0.6,0.9,8.9,5.2,5.7,3.5,5.8,3.3,17.4,4.3,23.7,5.6,18.2,5.1,5.7,5.2,0.1,1.4,2.4,20.2,0.0,1.2,10.8,5.7,4.9,5.5,0.7,1.0,2.4,0.4,0.0752,0.0422,0.0314,0.357,0.5294,1.0352,0.107,0.4908,0.6354,0.7204,0.5317,0.4245,2.8028,0.7321,0.0479,0.0479,0.0479,0.0,0.8841,0.9356,0.0762,0.7885,2.6844,0.7146,6.5703,0.3556,0,0,0,0,0,0,0,0,0,0,0,0,0,0,0,0,1,0,0,1,1,1738,137,80,0,12,33,42,30,37,0,12,0,12,17,30,0,12,10.5,5.8,0.0,1.0,1.0,1.3,0.9,1.1,0.0,1.0,0.0,1.0,0.5,0.9,0.0,1.0
39,Ohio,OH,39117,Morrow County,39117965502,Census Tract 9655.02; Morrow County; Ohio,38.5042922214,2203,350,1033,156,955,156,397,175,12,13,114,85,46,30,92,95,365,167,419,109,315,142,72,58,0,48,163,498,0,16,121,73,0,16,34,39,9,3,18.0,7.4,1.1,1.1,11.9,8.7,2.9,1.9,4.2,4.3,16.6,6.5,19.0,4.2,14.3,5.5,7.6,5.9,0.0,2.3,7.4,22.6,0.0,1.5,11.7,7.1,0.0,1.7,3.6,4.1,0.4,0.1,0.4545,0.0803,0.094,0.1433,0.3561,1.1282,0.1286,0.4379,0.3183,0.5033,0.661,0.0,1.9205,0.2321,0.2521,0.2521,0.2521,0.0,0.8959,0.0,0.3638,0.5374,1.7971,0.3346,5.0979,0.1508,0,0,0,0,0,0,0,0,0,0,0,0,0,0,0,0,0,0,0,0,0,3251,117,79,1,7,106,101,4,9,0,12,0,12,52,43,0,12,12.3,7.8,0.0,0.3,4.8,4.5,0.2,0.4,0.0,1.6,0.0,1.6,2.4,2.0,0.0,1.6
39,Ohio,OH,39119,Muskingum County,39119911000,Census Tract 9110; Muskingum County; Ohio,139.09642041674599,4520,550,1701,175,1522,189,799,289,42,44,287,113,461,184,694,307,609,93,1145,218,336,115,62,41,0,48,281,765,0,16,335,121,117,75,89,64,0,12,17.9,6.1,1.9,1.9,18.9,7.0,15.7,5.9,15.4,6.7,13.5,2.4,25.3,3.7,7.4,2.6,4.1,2.6,0.0,1.1,6.2,16.9,0.0,0.9,19.7,6.4,7.7,4.8,5.8,4.2,0.0,0.3,0.451,0.1787,0.3483,0.8339,0.9454,2.7573,0.5908,0.2616,0.7276,0.0847,0.3844,0.0,1.4583,0.079,0.201,0.201,0.201,0.0,0.9562,0.9749,0.5292,0.0,2.4603,0.62,6.8769,0.4092,0,0,0,0,1,1,0,0,0,0,0,0,0,0,0,1,1,0,0,2,3,5395,342,97,40,42,0,12,0,12,0,12,0,12,241,145,0,12,22.5,6.3,0.9,0.9,0.0,0.8,0.0,0.8,0.0,0.8,0.0,0.8,5.3,3.1,0.0,0.8
39,Ohio,OH,39119,Muskingum County,39119911100,Census Tract 9111; Muskingum County; Ohio,47.476841695612,6180,618,2453,188,2315,164,1365,447,72,53,507,159,247,125,311,231,918,128,1890,415,789,162,277,136,13,70,297,885,28,18,213,85,10,13,142,83,4,2,22.1,6.9,2.5,1.9,21.9,6.7,6.4,3.2,5.0,3.9,14.9,2.5,30.6,4.7,12.8,3.0,12.0,5.8,0.2,1.2,4.8,14.3,1.1,0.7,8.7,3.4,0.4,0.6,6.1,3.5,0.1,0.0,0.5611,0.2657,0.4702,0.4112,0.4487,2.1569,0.4121,0.3377,0.9287,0.4002,0.8384,0.4556,2.9606,0.8057,0.1439,0.1439,0.1439,0.3378,0.8568,0.4206,0.5479,0.3694,2.5325,0.6483,7.7939,0.5483,0,0,0,0,0,0,0,1,0,0,0,1,0,0,0,0,0,0,0,0,1,5636,247,81,72,74,0,17,18,33,0,17,0,17,199,146,8,14,10.7,3.6,1.2,1.2,0.0,0.6,0.3,0.5,0.0,0.6,0.0,0.6,3.2,2.4,0.1,0.2
39,Ohio,OH,39119,Muskingum County,39119911201,Census Tract 9112.01; Muskingum County; Ohio,29.000789562562,2856,349,1137,123,1076,115,661,241,204,108,270,89,165,69,117,65,532,123,582,123,437,111,32,24,0,48,113,507,9,14,191,67,27,24,33,27,0,12,23.6,8.1,14.5,6.2,25.1,7.8,8.5,3.7,4.1,2.4,18.6,4.2,20.4,4.0,15.3,4.0,2.9,2.2,0.0,1.8,4.0,17.7,0.8,1.2,16.8,5.9,2.5,2.2,3.1,2.5,0.0,0.4,0.5922,0.9263,0.5841,0.5482,0.3478,2.9986,0.6587,0.5767,0.4134,0.5646,0.2473,0.0,1.802,0.1829,0.1046,0.1046,0.1046,0.3111,0.9397,0.7902,0.3143,0.0,2.3553,0.5711,7.2605,0.4635,0,1,0,0,0,1,0,0,0,0,0,0,0,0,0,1,0,0,0,1,2,1635,180,74,0,12,0,12,1,3,0,12,0,12,112,104,0,12,16.7,6.5,0.0,1.2,0.0,1.2,0.0,0.1,0.0,1.2,0.0,1.2,3.9,3.7,0.0,1.2
39,Ohio,OH,39119,Muskingum County,39119911202,Census Tract 9112.02; Muskingum County; Ohio,30.017592268378,4105,461,1567,163,1454,176,746,410,36,40,217,120,204,134,223,270,457,103,1069,256,285,100,16,29,0,48,147,644,0,16,71,52,17,32,21,32,11,2,18.2,9.8,1.5,1.7,14.9,8.1,7.3,4.7,5.4,6.6,11.1,2.6,26.0,4.8,6.9,2.4,1.1,2.0,0.0,1.2,3.6,15.7,0.0,1.0,4.5,3.3,1.2,2.2,1.4,2.2,0.3,0.0,0.4611,0.1251,0.1857,0.4715,0.4916,1.735,0.2898,0.1617,0.7689,0.0689,0.0829,0.0,1.0824,0.0286,0.0885,0.0885,0.0885,0.0,0.7743,0.6038,0.1476,0.4924,2.0181,0.4251,4.924,0.1327,0,0,0,0,0,0,0,0,0,0,0,0,0,0,0,0,0,0,0,0,0,2296,104,76,62,57,0,12,0,12,0,12,0,12,85,83,0,12,7.2,5.1,1.5,1.4,0.0,0.8,0.0,0.8,0.0,0.8,0.0,0.8,2.1,2.0,0.0,0.8
39,Ohio,OH,39119,Muskingum County,39119911300,Census Tract 9113; Muskingum County; Ohio,75.001852888674,5632,550,2550,274,2398,286,572,232,73,57,417,177,366,159,440,246,881,166,1269,274,1065,258,57,54,69,133,220,757,0,24,310,120,16,20,35,37,0,17,10.2,4.0,2.5,2.0,17.4,7.1,8.9,3.9,7.8,4.2,15.6,2.4,22.5,3.5,19.0,4.1,2.3,2.2,1.4,2.6,3.9,13.4,0.0,0.9,12.2,5.1,0.7,0.8,1.5,1.6,0.0,0.3,0.2123,0.2657,0.2854,0.5704,0.701,2.0348,0.3775,0.3763,0.5526,0.7639,0.1902,0.7717,2.6547,0.6552,0.1008,0.1008,0.1008,0.0,0.9006,0.4873,0.1597,0.0,1.5476,0.2463,6.3379,0.3117,0,0,0,0,0,0,0,0,0,0,0,0,0,0,0,1,0,0,0,1,1,3854,323,131,29,40,0,17,0,17,24,40,0,17,76,93,91,121,13.5,5.9,0.5,0.7,0.0,0.6,0.0,0.6,0.4,0.7,0.0,0.6,1.3,1.7,1.6,2.1
39,Ohio,OH,39119,Muskingum County,39119911400,Census Tract 9114; Muskingum County; Ohio,4.911942925658,4064,723,1817,266,1635,271,1844,448,140,80,559,167,507,181,344,130,732,314,955,307,1008,378,191,97,21,59,964,991,8,19,19,26,17,27,166,80,0,12,45.7,7.5,7.2,4.5,34.2,8.5,18.9,5.5,8.5,3.1,18.0,7.2,23.5,6.3,24.8,6.6,11.7,5.6,0.5,1.5,23.7,24.0,0.4,1.0,1.0,1.4,1.0,1.6,10.2,5.1,0.0,0.3,0.8804,0.7337,0.8111,0.8944,0.7471,4.0667,0.9019,0.5317,0.6224,0.9276,0.8311,0.5796,3.4924,0.9476,0.6386,0.6386,0.6386,0.2743,0.6295,0.5676,0.726,0.0,2.1974,0.5006,10.3951,0.8822,0,0,0,0,0,0,0,0,1,0,0,1,0,0,0,0,0,0,0,0,1,2613,314,171,408,119,88,110,152,145,0,12,0,12,304,180,12,20,19.2,9.3,10.0,3.2,2.2,2.6,3.7,3.7,0.0,0.9,0.0,0.9,7.5,4.0,0.3,0.5
39,Ohio,OH,39119,Muskingum County,39119911500,Census Tract 9115; Muskingum County; Ohio,8.19922539231,5274,691,2556,278,2431,294,1249,421,151,183,637,258,303,132,236,165,1381,267,831,220,809,259,153,82,0,68,408,992,568,217,0,17,0,24,487,211,187,6,24.5,7.6,5.6,6.7,26.2,10.1,7.5,3.2,4.6,3.2,26.2,5.0,15.8,3.4,15.9,4.6,6.3,3.3,0.0,1.3,7.7,18.8,22.2,8.1,0.0,1.4,0.0,1.0,20.0,8.5,3.5,0.5,0.6135,0.6276,0.6241,0.4829,0.3996,2.7477,0.5867,0.902,0.156,0.5985,0.5714,0.0,2.2279,0.3924,0.2666,0.2666,0.2666,0.8686,0.0,0.0,0.9032,0.8516,2.6234,0.6879,7.8656,0.5606,0,0,0,0,0,0,1,0,0,0,0,1,0,0,0,0,0,1,0,1,2,12555,337,153,248,185,27,45,17,32,0,17,0,17,97,115,19,33,13.9,6.2,4.7,3.5,0.5,0.9,0.3,0.6,0.0,0.7,0.0,0.7,1.8,2.1,0.4,0.6
39,Ohio,OH,39119,Muskingum County,39119911601,Census Tract 9116.01; Muskingum County; Ohio,4.032738092296,2375,399,1106,164,1003,163,425,218,9,16,219,99,53,65,74,110,616,165,542,161,257,132,51,35,0,48,117,582,0,16,0,12,0,16,19,30,1,1,17.9,8.7,0.8,1.5,21.8,9.2,3.0,3.5,3.1,4.3,25.9,5.7,22.8,4.9,10.8,5.7,5.1,3.4,0.0,2.2,4.9,24.5,0.0,1.4,0.0,3.1,0.0,1.6,1.9,3.0,0.0,0.0,0.451,0.0578,0.4657,0.1512,0.2371,1.3628,0.187,0.8938,0.5761,0.2691,0.4841,0.0,2.2231,0.3883,0.1474,0.1474,0.1474,0.0,0.0,0.0,0.2029,0.0,0.2029,0.0194,3.9362,0.0486,0,0,0,0,0,0,0,0,0,0,0,0,0,0,0,0,0,0,0,0,0,1567,36,40,33,42,39,61,0,12,0,12,0,12,45,63,0,12,3.6,4.0,1.4,1.8,1.6,2.6,0.0,1.5,0.0,1.5,0.0,1.5,1.9,2.7,0.0,1.5
39,Ohio,OH,39119,Muskingum County,39119911602,Census Tract 9116.02; Muskingum County; Ohio,2.849881796626,3901,534,2215,190,2014,206,395,162,58,78,739,245,93,51,68,54,1191,195,603,231,1016,223,141,144,48,56,724,860,451,176,0,12,62,89,233,117,19,2,10.2,3.9,3.2,4.3,36.7,11.6,3.1,1.7,1.8,1.4,30.5,6.2,15.5,4.3,26.2,5.3,7.0,7.1,1.3,1.5,18.6,21.9,20.3,7.8,0.0,1.6,3.1,4.4,11.6,5.8,0.5,0.1,0.2123,0.3711,0.8489,0.1579,0.1022,1.6924,0.2781,0.9632,0.1449,0.9495,0.62,0.7565,3.4341,0.9371,0.5669,0.5669,0.5669,0.8505,0.0,0.8502,0.7705,0.5742,3.0454,0.8432,8.7388,0.6937,0,0,0,0,0,0,1,0,1,0,0,2,0,0,0,0,0,0,0,0,2,4220,344,163,14,141,322,272,180,103,0,12,0,12,208,212,0,12,17.1,7.9,0.4,3.7,8.3,7.4,4.6,2.7,0.0,0.9,0.0,0.9,5.3,5.6,0.0,0.9
39,Ohio,OH,39119,Muskingum County,39119911700,Census Tract 9117; Muskingum County; Ohio,1.011854422584,3417,342,1534,131,1465,139,1050,294,99,53,422,112,290,162,148,87,746,120,677,160,626,190,53,47,0,48,745,472,33,28,66,66,0,16,154,102,231,8,33.4,8.7,6.9,3.5,28.8,7.1,11.5,6.0,4.6,2.6,21.8,3.6,19.8,4.0,19.5,5.8,3.6,3.2,0.0,1.5,21.8,13.6,2.2,1.8,4.3,4.1,0.0,1.1,10.5,6.6,6.8,0.7,0.761,0.7143,0.6997,0.7036,0.3996,3.2782,0.7311,0.7445,0.3713,0.7855,0.3292,0.0,2.2305,0.3933,0.6141,0.6141,0.6141,0.4216,0.7695,0.0,0.7343,0.935,2.8604,0.7819,8.9832,0.7257,0,0,0,0,0,0,0,0,0,0,0,0,0,0,0,0,0,0,1,1,1,4263,179,82,220,184,155,143,46,66,31,35,0,12,293,168,0,12,12.2,5.5,6.4,5.5,4.5,4.0,1.3,1.9,0.9,1.0,0.0,1.0,8.6,4.5,0.0,1.0
39,Ohio,OH,39119,Muskingum County,39119911800,Census Tract 9118; Muskingum County; Ohio,1.022106202888,3596,530,1660,203,1398,203,1184,467,126,89,416,185,214,87,181,143,484,112,841,279,392,150,176,132,46,88,630,745,71,55,0,12,44,54,119,72,94,8,34.5,12.6,6.1,4.0,29.8,12.5,9.2,3.9,5.2,3.8,13.5,3.4,23.4,6.1,11.2,3.5,12.6,9.3,1.4,2.7,17.5,20.6,4.3,3.3,0.0,2.1,3.1,3.8,8.5,5.1,2.6,0.4,0.7753,0.6648,0.7206,0.5875,0.4706,3.2188,0.7175,0.2616,0.6138,0.2964,0.8511,0.7717,2.7946,0.7302,0.5469,0.5469,0.5469,0.5314,0.0,0.8502,0.6679,0.8012,2.8507,0.7784,9.411,0.7841,0,0,0,0,0,0,0,0,0,0,0,0,0,0,0,0,0,0,0,0,0,4011,92,63,239,166,206,235,1,2,5,23,0,12,179,133,0,12,6.6,4.6,6.6,4.6,5.7,6.5,0.0,0.1,0.1,0.6,0.0,1.0,5.0,3.7,0.0,1.0
39,Ohio,OH,39119,Muskingum County,39119911900,Census Tract 9119; Muskingum County; Ohio,5.445775659,2733,469,1236,127,1043,124,1339,495,22,27,521,153,402,144,181,83,509,145,773,350,543,145,63,51,0,48,335,668,179,87,94,65,69,67,196,87,183,17,52.5,16.9,2.7,3.0,50.0,13.4,23.2,7.6,7.1,3.7,18.6,6.1,28.3,9.3,21.3,6.3,6.0,4.8,0.0,1.9,12.3,24.4,14.5,6.9,7.6,5.1,6.6,6.4,18.8,7.7,6.7,1.3,0.9216,0.2968,0.9698,0.9413,0.6452,3.7747,0.8397,0.5767,0.8646,0.8448,0.5517,0.0,2.8378,0.7489,0.4255,0.4255,0.4255,0.7727,0.8406,0.9673,0.8886,0.9328,4.402,0.9987,11.44,0.9575,1,0,1,1,0,3,0,0,0,0,0,0,0,0,0,0,1,0,1,2,5,6050,194,92,204,95,51,63,0,12,0,12,0,12,80,59,0,12,18.6,8.4,7.5,3.6,1.9,2.4,0.0,1.3,0.0,1.3,0.0,1.3,2.9,2.2,0.0,1.3
39,Ohio,OH,39119,Muskingum County,39119912000,Census Tract 9120; Muskingum County; Ohio,5.259245149576,3002,385,1546,193,1356,210,820,311,104,99,334,145,166,82,212,111,478,90,665,181,587,203,33,35,7,48,356,526,49,56,100,79,6,15,99,73,36,11,27.6,9.8,8.4,7.9,24.6,10.0,8.0,4.0,7.1,3.6,15.9,2.8,22.2,5.0,19.8,6.0,2.4,2.6,0.2,1.7,11.9,17.5,3.2,3.6,6.5,4.9,0.4,1.1,7.3,5.3,1.2,0.3,0.6709,0.7876,0.5635,0.5133,0.6452,3.1805,0.7083,0.3922,0.5336,0.7978,0.201,0.4556,2.3802,0.4854,0.4144,0.4144,0.4144,0.4797,0.8181,0.4206,0.6159,0.6814,3.0157,0.8356,8.9908,0.727,0,0,0,0,0,0,0,0,0,0,0,0,0,0,0,0,0,0,0,0,0,2603,132,57,227,114,7,14,17,26,0,12,0,12,105,93,0,12,9.7,4.4,7.6,3.6,0.2,0.5,0.6,0.9,0.0,1.2,0.0,1.2,3.5,3.0,0.0,1.2
39,Ohio,OH,39119,Muskingum County,39119912100,Census Tract 9121; Muskingum County; Ohio,1.186963262644,3409,554,1609,189,1322,196,1620,375,249,128,428,168,404,183,169,106,359,164,748,260,645,183,188,108,0,48,744,693,93,67,0,12,32,54,148,79,21,3,47.8,7.9,17.3,8.1,32.4,11.8,18.4,7.1,5.0,3.0,10.5,4.1,21.9,6.0,18.9,4.5,14.2,7.9,0.0,1.5,21.8,20.0,5.8,4.1,0.0,2.1,2.4,4.1,11.2,5.7,0.6,0.1,0.8943,0.9581,0.78,0.8868,0.4487,3.9679,0.8819,0.1424,0.5098,0.7566,0.886,0.0,2.2948,0.4317,0.6141,0.6141,0.6141,0.5806,0.0,0.7787,0.7594,0.6059,2.7246,0.7292,9.6014,0.8038,0,1,0,0,0,1,0,0,0,0,0,0,0,0,0,0,0,0,0,0,1,3131,158,80,293,194,32,47,9,21,0,12,0,12,410,288,0,12,12.0,6.0,8.6,5.4,0.9,1.3,0.3,0.6,0.0,1.0,0.0,1.0,12.0,7.5,0.0,1.0
39,Ohio,OH,39119,Muskingum County,39119912200,Census Tract 9122; Muskingum County; Ohio,1.203272983328,3382,608,1536,198,1329,207,824,214,146,76,410,135,359,116,508,241,299,95,916,298,637,167,165,80,9,48,735,810,29,45,37,41,7,17,86,72,34,4,24.4,4.6,8.5,4.5,30.9,8.9,17.4,6.1,15.0,6.5,8.8,3.2,27.1,6.2,18.8,5.5,12.5,5.7,0.3,1.5,21.7,23.6,1.9,2.9,2.4,2.7,0.5,1.3,6.5,5.3,1.0,0.2,0.6116,0.7943,0.7486,0.8687,0.9403,3.9635,0.881,0.0881,0.8205,0.7521,0.8492,0.4968,3.0067,0.8257,0.6129,0.6129,0.6129,0.3975,0.7143,0.4413,0.5695,0.6595,2.7821,0.7537,10.3652,0.88,0,0,0,0,1,1,0,0,0,0,0,0,0,0,0,0,0,0,0,0,1,1214,134,56,402,173,123,131,0,12,5,8,0,12,205,101,0,12,10.1,4.3,11.9,5.1,3.6,3.6,0.0,1.0,0.1,0.2,0.0,1.0,6.1,3.1,0.0,1.0
39,Ohio,OH,39119,Muskingum County,39119912300,Census Tract 9123; Muskingum County; Ohio,3.127213071696,3876,320,1934,188,1802,192,975,229,96,53,529,151,328,102,260,127,825,134,835,191,817,203,158,80,0,48,312,464,35,47,309,129,25,21,135,68,8,2,25.2,5.5,5.3,3.0,29.4,7.8,11.8,3.6,6.7,3.2,21.3,3.2,21.5,4.5,21.1,4.9,8.7,4.3,0.0,1.3,8.0,12.0,1.8,2.4,16.0,6.2,1.4,1.2,7.5,3.6,0.2,0.0,0.6281,0.6057,0.7105,0.7131,0.6109,3.2683,0.7279,0.7251,0.4848,0.8391,0.7194,0.0,2.7684,0.719,0.2825,0.2825,0.2825,0.3917,0.9352,0.6384,0.6238,0.4356,3.0247,0.8397,9.3439,0.774,0,0,0,0,0,0,0,0,0,0,0,0,0,0,0,1,0,0,0,1,1,2657,255,107,102,86,27,46,0,12,0,12,0,12,170,72,13,20,14.2,5.5,2.6,2.2,0.7,1.2,0.0,0.9,0.0,0.9,0.0,0.9,4.4,1.8,0.3,0.5
39,Ohio,OH,39119,Muskingum County,39119912400,Census Tract 9124; Muskingum County; Ohio,22.241657834606,4772,512,2085,263,1903,243,1068,385,98,57,547,219,265,180,255,131,825,223,1076,255,1085,396,143,170,10,49,222,720,0,16,395,130,101,113,116,72,12,2,22.6,7.8,4.4,2.5,28.7,10.9,7.9,4.8,5.4,2.8,17.3,3.7,22.5,4.7,22.8,6.6,7.5,8.9,0.2,1.1,4.7,15.1,0.0,0.8,18.9,5.8,5.3,5.9,6.1,3.7,0.3,0.0,0.5712,0.5244,0.6987,0.5076,0.4916,2.7935,0.6006,0.4845,0.5526,0.8902,0.6546,0.4556,3.0375,0.8352,0.1395,0.1395,0.1395,0.0,0.953,0.9451,0.5479,0.4924,2.9384,0.8083,8.9089,0.7149,0,0,0,0,0,0,0,0,0,0,0,0,0,0,0,1,1,0,0,2,2,5487,261,119,57,60,5,9,0,12,0,12,0,12,160,173,0,12,13.7,6.3,1.2,1.2,0.1,0.2,0.0,0.7,0.0,0.7,0.0,0.7,3.4,3.6,0.0,0.7
39,Ohio,OH,39119,Muskingum County,39119912500,Census Tract 9125; Muskingum County; Ohio,71.29600264925,4956,649,2117,180,1889,202,1264,322,42,32,430,123,333,102,127,63,1104,209,1058,257,704,163,84,54,0,48,80,919,0,16,376,111,51,32,49,32,0,12,25.7,5.6,1.9,1.4,22.8,6.0,9.8,2.9,2.6,1.3,22.3,4.6,21.3,3.8,14.2,3.1,4.5,2.8,0.0,1.0,1.6,18.5,0.0,0.8,17.8,5.1,2.7,1.7,2.6,1.7,0.0,0.2,0.6373,0.1787,0.5,0.6252,0.1812,2.1224,0.4041,0.7613,0.4743,0.4919,0.4286,0.0,2.1561,0.3533,0.0222,0.0222,0.0222,0.0,0.9457,0.814,0.267,0.0,2.0267,0.4283,6.3274,0.3108,0,0,0,0,0,0,0,0,0,0,0,0,0,0,0,1,0,0,0,1,1,2197,393,112,0,12,4,6,2,5,0,12,0,12,57,43,17,25,20.8,5.7,0.0,0.7,0.1,0.1,0.0,0.1,0.0,0.7,0.0,0.7,1.2,0.9,0.3,0.5
39,Ohio,OH,39119,Muskingum County,39119912600,Census Tract 9126; Muskingum County; Ohio,121.19452010449,3702,545,1796,212,1392,210,656,268,35,41,210,99,170,127,283,216,913,366,801,200,625,214,34,28,0,48,35,775,0,16,225,93,27,30,0,12,0,12,18.1,6.9,2.1,2.4,15.1,6.7,6.0,4.6,7.6,5.2,24.7,7.9,21.6,5.2,16.9,5.0,2.4,2.0,0.0,1.4,0.9,20.9,0.0,0.9,12.5,4.6,1.9,2.1,0.0,2.5,0.0,0.3,0.4573,0.2086,0.1949,0.3811,0.6855,1.9274,0.3435,0.8532,0.4918,0.6598,0.201,0.0,2.2058,0.3794,0.0076,0.0076,0.0076,0.0,0.9048,0.7219,0.0,0.0,1.6267,0.2686,5.7675,0.2263,0,0,0,0,0,0,0,0,0,0,0,0,0,0,0,1,0,0,0,1,1,2700,190,110,0,12,0,12,0,12,0,12,0,12,22,35,13,20,13.6,7.5,0.0,0.9,0.0,0.9,0.0,0.9,0.0,0.9,0.0,0.9,0.6,1.0,0.4,0.5
39,Ohio,OH,39119,Muskingum County,39119912700,Census Tract 9127; Muskingum County; Ohio,25.677694977104,5049,414,2207,221,1930,179,790,283,18,29,352,144,112,85,147,153,806,137,1158,297,546,172,215,129,0,68,162,603,0,24,278,123,0,24,9,14,5,2,15.7,5.5,0.7,1.1,18.2,7.3,3.2,2.5,2.9,3.1,16.0,2.9,22.9,5.1,10.8,3.4,11.1,6.6,0.0,1.4,3.2,11.9,0.0,1.1,12.6,5.6,0.0,1.2,0.5,0.7,0.1,0.0,0.3821,0.0502,0.3213,0.1671,0.2142,1.1349,0.1311,0.3989,0.5808,0.2691,0.8137,0.0,2.0625,0.3022,0.0751,0.0751,0.0751,0.0,0.9057,0.0,0.0524,0.3694,1.3275,0.1825,4.6,0.1032,0,0,0,0,0,0,0,0,0,0,0,0,0,0,0,1,0,0,0,1,1,4319,180,114,4,2,0,17,0,17,34,50,0,17,124,142,0,17,9.3,5.7,0.1,0.1,0.0,0.7,0.0,0.7,0.7,1.0,0.0,0.7,2.5,2.8,0.0,0.7
39,Ohio,OH,39119,Muskingum County,39119912800,Census Tract 9128; Muskingum County; Ohio,65.291976394224,5592,363,1986,200,1922,196,674,161,97,58,299,88,233,81,254,101,800,129,1015,192,544,165,104,57,19,74,292,507,53,30,112,63,0,24,48,38,1032,69,14.8,3.3,3.4,2.1,15.6,4.3,7.3,2.5,4.6,1.9,14.3,2.1,18.2,2.6,9.9,2.8,5.4,2.9,0.4,1.4,5.2,9.1,2.7,1.5,5.6,3.3,0.0,1.2,2.5,1.9,18.5,0.3,0.358,0.3975,0.213,0.4715,0.3996,1.8396,0.3171,0.3047,0.267,0.2104,0.5108,0.5412,1.8341,0.1962,0.1585,0.1585,0.1585,0.4533,0.7962,0.0,0.2587,0.9727,2.4809,0.6298,6.3131,0.307,0,0,0,0,0,0,0,0,0,0,0,0,0,0,0,0,0,0,1,1,1,7693,185,91,77,62,46,34,12,19,0,17,0,17,117,76,40,61,9.6,4.8,1.4,1.1,0.8,0.6,0.2,0.3,0.0,0.6,0.0,0.6,2.1,1.4,0.7,1.1
39,Ohio,OH,39121,Noble County,39121968300,Census Tract 9683; Noble County; Ohio,144.782231442024,3820,398,2053,229,1399,228,906,366,64,78,365,168,300,162,546,329,1137,242,1009,289,611,223,24,25,23,50,30,557,0,16,359,113,8,14,151,106,0,12,23.8,9.3,4.8,6.0,26.1,11.2,11.8,6.1,14.3,8.4,29.8,6.0,26.4,6.7,16.0,5.5,1.7,1.8,0.7,1.4,0.8,14.6,0.0,0.8,17.5,5.5,0.6,1.0,10.8,7.3,0.0,0.3,0.5966,0.5603,0.6203,0.7131,0.9318,3.4221,0.7616,0.9585,0.7882,0.6039,0.1337,0.6367,3.121,0.86,0.006,0.006,0.006,0.0,0.9441,0.4632,0.7473,0.0,2.1546,0.4832,8.7037,0.6889,0,0,0,0,1,1,1,0,0,0,0,1,0,0,0,1,0,0,0,1,3,2286,275,117,0,12,8,12,0,12,0,12,0,12,22,29,0,12,19.7,7.6,0.0,0.9,0.2,0.3,0.0,0.9,0.0,0.9,0.0,0.9,0.6,0.7,0.0,0.9
39,Ohio,OH,39121,Noble County,39121968401,Census Tract 9684.01; Noble County; Ohio,36.575871419322,4972,563,2024,233,1797,232,1018,293,55,44,323,143,390,133,277,144,1712,285,997,237,1086,265,118,70,0,48,153,806,65,63,335,169,38,53,173,125,126,3,21.0,5.5,3.1,2.4,18.0,7.6,10.5,3.7,5.7,2.9,34.4,5.4,20.1,4.0,22.4,5.7,6.6,3.8,0.0,1.0,3.1,16.2,3.2,3.1,16.6,7.7,2.1,2.9,9.6,6.7,2.5,0.3,0.5297,0.3537,0.3114,0.6627,0.5176,2.3751,0.4756,0.9838,0.3906,0.8804,0.5902,0.0,2.845,0.7508,0.0685,0.0685,0.0685,0.4797,0.9387,0.7448,0.706,0.7949,3.6641,0.9625,8.9527,0.7222,0,0,0,0,0,0,1,0,0,0,0,1,0,0,0,1,0,0,0,1,2,3530,391,156,29,33,44,64,0,12,12,16,0,12,68,61,0,12,21.8,7.7,0.6,0.7,0.9,1.3,0.0,0.7,0.2,0.3,0.0,0.7,1.4,1.3,0.0,0.7
39,Ohio,OH,39121,Noble County,39121968402,Census Tract 9684.02; Noble County; Ohio,2.416484232136,2532,250,344,139,303,128,204,102,10,13,4,18,692,160,11,18,196,76,122,96,81,58,0,16,27,55,723,364,48,61,8,11,1,12,54,57,2051,137,41.7,9.3,3.9,7.1,1.3,5.9,31.0,7.3,2.2,4.0,7.7,2.9,4.8,3.5,16.6,14.4,0.0,5.3,1.1,2.2,28.6,14.1,14.0,16.8,2.3,3.9,0.3,4.0,17.8,19.8,81.0,9.7,0.8512,0.4644,0.001,0.9845,0.1396,2.4407,0.4914,0.0609,0.0178,0.6407,0.0,0.7254,1.4448,0.0765,0.6921,0.6921,0.6921,0.7654,0.7114,0.4041,0.8765,0.9952,3.7526,0.9714,8.3302,0.6346,0,0,0,1,0,1,0,0,0,0,0,0,0,0,0,0,0,0,1,1,2,4842,66,62,521,139,130,56,5,9,7,13,0,12,47,38,13,23,21.8,20.8,20.6,5.7,5.1,2.2,0.2,0.4,0.3,0.5,0.0,1.4,1.9,1.5,0.5,0.9
39,Ohio,OH,39121,Noble County,39121968500,Census Tract 9685; Noble County; Ohio,214.237281222378,2892,404,1366,176,1046,153,927,291,70,47,178,92,266,131,146,81,996,274,540,167,844,268,33,30,0,48,0,571,0,16,412,168,0,16,84,107,2,2,32.1,9.0,6.9,5.1,17.0,8.4,11.7,5.6,5.0,3.0,34.4,7.8,18.7,4.9,29.2,8.4,3.2,2.8,0.0,1.7,0.0,19.7,0.0,1.2,30.2,10.9,0.0,1.5,8.0,9.9,0.1,0.1,0.7429,0.7143,0.2714,0.7093,0.4487,2.8866,0.6263,0.9838,0.2964,0.9768,0.2841,0.0,2.5411,0.5841,0.0,0.0,0.0,0.0,0.9863,0.0,0.6479,0.3694,2.0036,0.4175,7.4313,0.4937,0,0,0,0,0,0,1,0,1,0,0,2,0,0,0,1,0,0,0,1,3,1065,336,125,0,12,0,12,0,12,0,12,0,12,0,12,0,12,32.1,11.4,0.0,1.2,0.0,1.2,0.0,1.2,0.0,1.2,0.0,1.2,0.0,1.2,0.0,1.2
39,Ohio,OH,39123,Ottawa County,39123050100,Census Tract 501; Ottawa County; Ohio,4.952045409888,608,113,1506,106,224,41,71,27,27,22,47,24,15,16,80,78,141,32,75,21,30,15,3,12,0,48,38,158,40,19,37,19,0,16,0,12,50,5,12.3,4.0,7.3,5.4,21.0,10.0,3.6,4.0,13.2,11.3,23.2,4.7,12.3,3.5,4.9,2.4,1.3,5.4,0.0,8.0,6.2,26.0,2.7,1.2,2.5,1.2,0.0,7.1,0.0,14.4,8.2,1.7,0.2786,0.7387,0.4365,0.1966,0.9143,2.5647,0.5286,0.8031,0.0659,0.0251,0.1022,0.0,0.9963,0.0232,0.201,0.201,0.201,0.4533,0.7175,0.0,0.0,0.9458,2.1166,0.4692,5.8786,0.2441,0,0,0,0,1,1,0,0,0,0,0,0,0,0,0,0,0,0,1,1,2,504,31,13,8,11,0,12,15,22,0,12,0,12,8,10,7,9,13.8,5.7,1.3,1.8,0.0,5.6,2.5,3.5,0.0,5.6,0.0,5.6,1.3,1.6,1.2,1.4
39,Ohio,OH,39123,Ottawa County,39123050201,Census Tract 502.01; Ottawa County; Ohio,2.464876326306,1828,146,1760,130,990,96,176,64,25,17,197,73,52,31,50,49,813,137,136,42,231,89,2,12,0,48,78,206,194,88,224,82,0,16,24,24,17,4,9.7,3.4,3.2,2.2,19.9,7.1,3.2,1.9,2.7,2.7,44.5,6.6,7.4,2.2,12.7,4.7,0.2,1.2,0.0,2.7,4.3,11.3,11.0,4.9,12.7,4.4,0.0,1.6,2.4,2.5,0.9,0.2,0.1974,0.3711,0.3898,0.1671,0.1888,1.3142,0.1756,0.9984,0.0279,0.3951,0.0394,0.0,1.4608,0.0797,0.1189,0.1189,0.1189,0.7089,0.9086,0.0,0.2514,0.6458,2.5147,0.6403,5.4086,0.1784,0,0,0,0,0,0,1,0,0,0,0,1,0,0,0,1,0,0,0,1,2,856,118,58,4,9,17,18,14,16,0,12,0,12,20,25,23,33,11.9,5.7,0.2,0.5,0.9,1.0,0.8,0.8,0.0,1.9,0.0,1.9,1.1,1.3,1.3,1.8
39,Ohio,OH,39123,Ottawa County,39123050202,Census Tract 502.02; Ottawa County; Ohio,3.139463315952,1875,145,2093,116,967,92,212,72,76,54,155,54,71,30,82,55,858,120,132,43,231,72,10,16,0,48,147,200,156,76,239,86,0,16,13,13,10,3,11.3,3.7,9.4,6.3,16.0,5.4,4.3,1.8,4.4,2.9,45.8,5.7,7.0,2.1,12.3,3.7,1.0,1.7,0.0,2.6,7.8,10.6,7.4,3.6,11.4,4.0,0.0,1.7,1.3,1.4,0.5,0.2,0.2513,0.8286,0.2279,0.2508,0.3758,1.9344,0.3441,0.999,0.026,0.3745,0.0759,0.0,1.4754,0.0838,0.272,0.272,0.272,0.6311,0.893,0.0,0.1349,0.5742,2.2332,0.5168,5.915,0.2483,0,0,0,0,0,0,1,0,0,0,0,1,0,0,0,0,0,0,0,0,1,855,158,57,57,44,13,24,11,16,0,12,0,12,66,52,0,12,16.3,5.5,3.0,2.3,0.7,1.3,0.6,0.9,0.0,1.8,0.0,1.8,3.5,2.7,0.0,1.8
39,Ohio,OH,39123,Ottawa County,39123050301,Census Tract 503.01; Ottawa County; Ohio,11.39228314078,2850,247,3432,204,1379,131,284,148,53,53,193,93,114,67,143,115,1157,207,370,128,464,146,9,20,42,83,72,343,26,35,1409,212,44,44,44,51,0,12,10.0,5.2,4.2,4.3,14.0,6.6,4.9,3.0,5.0,3.8,40.6,6.2,13.0,4.5,16.3,4.6,0.7,1.4,1.5,2.9,2.5,12.0,0.8,1.0,41.1,5.6,3.2,3.2,3.2,3.7,0.0,0.4,0.205,0.4975,0.154,0.2955,0.4487,1.6007,0.2546,0.9956,0.078,0.6223,0.0546,0.7854,2.5359,0.5825,0.0514,0.0514,0.0514,0.3111,0.9971,0.8571,0.3248,0.0,2.4901,0.6333,6.6781,0.3756,0,0,0,0,0,0,1,0,0,0,0,1,0,0,0,1,0,0,0,1,2,1229,182,81,0,12,62,73,7,10,3,4,0,12,0,12,0,12,13.2,5.8,0.0,1.2,2.2,2.5,0.2,0.4,0.1,0.2,0.0,1.2,0.0,1.2,0.0,1.2
39,Ohio,OH,39123,Ottawa County,39123050302,Census Tract 503.02; Ottawa County; Ohio,6.690084335092,2081,249,3341,214,1046,143,185,85,45,32,122,54,161,84,124,87,905,146,221,69,304,105,13,15,0,48,128,343,37,37,49,45,3,13,53,41,23,3,9.0,4.0,5.7,3.8,11.7,4.9,9.0,4.6,6.0,4.0,43.5,5.7,10.6,2.8,14.8,4.5,1.3,1.4,0.0,2.4,6.2,16.5,1.1,1.1,1.5,1.3,0.3,1.2,5.1,3.6,1.1,0.1,0.1796,0.6356,0.0895,0.5755,0.5459,2.0261,0.3743,0.9978,0.0466,0.536,0.1022,0.0,1.6826,0.1371,0.201,0.201,0.201,0.3378,0.6667,0.4041,0.4787,0.6703,2.5576,0.661,6.4673,0.3375,0,0,0,0,0,0,1,0,0,0,0,1,0,0,0,0,0,0,0,0,1,1863,95,52,3,6,64,73,1,1,0,12,0,12,60,44,0,12,9.1,4.5,0.1,0.3,3.1,3.4,0.0,0.1,0.0,1.7,0.0,1.7,2.9,2.0,0.0,1.7
39,Ohio,OH,39123,Ottawa County,39123050500,Census Tract 505; Ottawa County; Ohio,1.69389318083,3446,307,1952,223,1629,197,1045,272,92,92,450,142,332,128,337,179,904,253,588,140,596,262,232,149,19,54,664,459,221,127,177,66,0,16,118,112,158,8,31.6,7.7,5.4,5.4,27.6,8.1,12.6,4.8,10.2,5.3,26.2,6.6,17.1,4.0,18.0,7.5,14.3,9.0,0.6,1.6,19.3,13.2,11.4,6.4,9.1,3.4,0.0,1.0,7.2,6.7,4.6,0.5,0.7356,0.6143,0.6689,0.7406,0.8258,3.5852,0.7981,0.902,0.2096,0.7122,0.8892,0.6088,3.3218,0.914,0.5796,0.5796,0.5796,0.7178,0.8632,0.0,0.6111,0.8954,3.0875,0.8549,10.5741,0.8997,0,0,0,0,0,0,1,0,0,0,0,1,0,0,0,0,0,0,0,0,1,4781,310,105,130,109,317,200,0,12,12,22,0,12,205,155,0,12,19.0,6.4,3.8,3.2,9.2,5.8,0.0,1.0,0.3,0.6,0.0,1.0,5.9,4.5,0.0,1.0
39,Ohio,OH,39123,Ottawa County,39123050600,Census Tract 506; Ottawa County; Ohio,1.976149573012,2784,387,1668,233,1382,231,664,268,62,61,313,114,222,115,85,44,502,99,615,185,429,120,130,81,0,48,199,562,36,32,46,51,12,23,85,60,1,2,23.9,9.0,4.4,4.1,22.6,7.3,10.7,5.2,3.1,1.6,18.0,4.0,22.1,5.6,15.5,4.1,9.5,5.6,0.0,1.8,7.1,20.2,2.2,1.9,2.8,3.1,0.9,1.7,6.2,4.4,0.0,0.1,0.5982,0.5244,0.494,0.6741,0.2371,2.5278,0.5184,0.5317,0.5247,0.5773,0.76,0.0,2.3937,0.4921,0.2397,0.2397,0.2397,0.4216,0.7263,0.5384,0.5546,0.0,2.2409,0.5197,7.4021,0.4895,0,0,0,0,0,0,0,0,0,0,0,0,0,0,0,0,0,0,0,0,0,2050,296,201,70,86,129,93,0,12,0,12,0,12,0,12,0,12,21.4,12.8,2.5,3.1,4.6,3.5,0.0,1.2,0.0,1.2,0.0,1.2,0.0,1.2,0.0,1.2
39,Ohio,OH,39123,Ottawa County,39123050700,Census Tract 507; Ottawa County; Ohio,5.439338180354,3446,372,1627,183,1608,187,573,287,61,51,454,151,111,72,52,46,805,210,705,170,643,177,70,83,0,48,264,521,112,94,58,61,0,16,48,39,0,12,16.8,8.2,3.8,3.1,28.2,8.8,4.4,2.8,1.5,1.3,23.4,5.9,20.5,3.9,18.7,4.8,4.4,5.1,0.0,1.5,7.7,15.1,6.9,5.7,3.6,3.7,0.0,1.0,3.0,2.4,0.0,0.3,0.418,0.4524,0.6841,0.2581,0.072,1.8846,0.3305,0.8107,0.4214,0.7477,0.4184,0.0,2.3982,0.4975,0.2666,0.2666,0.2666,0.6146,0.7502,0.0,0.3051,0.0,1.6699,0.2806,6.2193,0.2943,0,0,0,0,0,0,0,0,0,0,0,0,0,0,0,0,0,0,0,0,0,3816,186,89,0,12,150,117,42,40,8,13,4,11,60,70,0,12,11.6,5.4,0.0,1.0,4.4,3.4,1.2,1.2,0.2,0.4,0.1,0.3,1.7,2.0,0.0,1.0
39,Ohio,OH,39123,Ottawa County,39123050800,Census Tract 508; Ottawa County; Ohio,57.272727043786,4301,400,2449,186,1758,169,512,275,30,37,360,130,220,100,207,131,1093,135,881,236,646,138,100,67,0,48,202,600,0,16,94,73,0,16,27,24,155,16,12.2,6.4,1.4,1.7,20.5,7.1,7.1,3.3,4.9,3.1,25.4,3.6,20.5,4.4,15.4,3.3,5.7,3.8,0.0,1.2,4.7,13.9,0.0,0.7,3.8,3.0,0.0,0.9,1.5,1.4,3.6,0.2,0.2764,0.1117,0.4171,0.4569,0.4376,1.6997,0.28,0.8811,0.4214,0.5712,0.5317,0.0,2.4054,0.5013,0.1395,0.1395,0.1395,0.0,0.7565,0.0,0.1597,0.8545,1.7707,0.3263,6.0153,0.2622,0,0,0,0,0,0,0,0,0,0,0,0,0,0,0,0,0,0,0,0,0,2932,213,83,0,12,102,96,0,12,0,12,0,12,81,112,19,31,12.1,4.7,0.0,0.8,2.4,2.2,0.0,0.8,0.0,0.8,0.0,0.8,1.9,2.7,0.4,0.7
39,Ohio,OH,39123,Ottawa County,39123050900,Census Tract 509; Ottawa County; Ohio,72.541624844346,5143,388,2238,159,2083,160,565,154,43,41,472,152,274,101,200,114,1045,175,1034,169,847,207,60,34,13,67,575,567,2,17,29,32,53,51,161,86,57,5,11.0,2.9,1.6,1.5,22.7,7.1,7.2,2.5,3.9,2.1,20.3,3.2,20.1,2.7,16.5,4.0,2.8,1.6,0.3,1.4,11.2,11.0,0.1,0.8,1.3,1.4,2.5,2.4,7.7,4.1,1.1,0.1,0.2415,0.1346,0.4962,0.4629,0.3224,1.6576,0.2686,0.6804,0.3906,0.6334,0.2403,0.4968,2.4415,0.5225,0.3944,0.3944,0.3944,0.2556,0.6505,0.7902,0.634,0.6703,3.0006,0.8292,7.4941,0.4997,0,0,0,0,0,0,0,0,0,0,0,0,0,0,0,0,0,0,0,0,0,3795,387,144,25,49,336,173,9,13,0,17,0,17,191,109,14,18,18.6,6.2,0.5,0.9,6.5,3.4,0.2,0.3,0.0,0.7,0.0,0.7,3.7,2.1,0.3,0.3
39,Ohio,OH,39123,Ottawa County,39123051000,Census Tract 510; Ottawa County; Ohio,26.035113459524,4817,35,1953,177,1868,175,411,130,52,32,281,89,326,155,117,84,829,132,1158,201,651,164,177,121,2,46,719,255,45,27,35,24,0,16,71,86,135,4,8.8,2.8,2.2,1.4,15.0,4.6,10.0,4.8,2.5,1.8,17.2,2.7,24.0,4.2,13.8,3.5,9.5,6.4,0.0,1.0,14.9,5.3,2.3,1.4,1.8,1.2,0.0,0.9,3.8,4.4,2.8,0.1,0.173,0.2238,0.1908,0.6389,0.1692,1.3957,0.1978,0.4765,0.6582,0.4675,0.76,0.0,2.3622,0.474,0.4911,0.4911,0.4911,0.426,0.686,0.0,0.38,0.8161,2.3081,0.5527,6.5571,0.3537,0,0,0,0,0,0,0,0,0,0,0,0,0,0,0,0,0,0,0,0,0,4169,272,121,14,22,640,243,26,25,8,13,0,12,31,38,0,12,14.6,5.8,0.3,0.5,13.3,5.0,0.5,0.5,0.2,0.3,0.0,0.7,0.6,0.8,0.0,0.7
39,Ohio,OH,39123,Ottawa County,39123051100,Census Tract 511; Ottawa County; Ohio,25.274079390384,3771,25,1415,122,1315,115,313,126,16,14,94,53,104,77,193,122,590,125,795,136,513,150,23,27,0,48,264,156,0,16,27,42,0,16,1,2,100,4,8.5,3.4,0.8,0.7,7.1,4.0,3.9,2.9,5.3,3.3,15.6,3.3,21.1,3.6,14.0,4.1,1.7,2.0,0.0,1.3,7.0,4.1,0.0,1.1,1.9,3.0,0.0,1.2,0.1,0.2,2.7,0.1,0.1622,0.0578,0.0149,0.2191,0.4808,0.9348,0.087,0.3763,0.4569,0.4811,0.1337,0.0,1.448,0.0771,0.234,0.234,0.234,0.0,0.693,0.0,0.04,0.8085,1.5415,0.2435,4.1583,0.0667,0,0,0,0,0,0,0,0,0,0,0,0,0,0,0,0,0,0,0,0,0,2721,79,52,3,4,119,87,0,12,0,12,0,12,142,130,0,12,6.0,3.9,0.1,0.1,3.2,2.3,0.0,0.9,0.0,0.9,0.0,0.9,3.8,3.4,0.0,0.9
39,Ohio,OH,39123,Ottawa County,39123051201,Census Tract 512.01; Ottawa County; Ohio,8.159825227618,1138,244,887,119,494,108,122,147,11,17,58,65,9,12,23,31,195,59,197,93,164,85,39,63,46,57,79,347,0,16,152,65,0,16,7,11,0,12,10.7,12.7,1.6,2.7,11.7,12.9,1.0,1.4,2.0,2.7,17.1,5.5,17.3,6.4,14.4,7.5,7.9,12.6,4.3,5.3,6.9,30.5,0.0,1.8,17.1,6.9,0.0,3.2,1.4,2.1,0.0,1.1,0.2307,0.1346,0.0895,0.0333,0.1209,0.609,0.0349,0.4677,0.2194,0.5119,0.6813,0.9353,2.8156,0.7394,0.2318,0.2318,0.2318,0.0,0.9416,0.0,0.1476,0.0,1.0892,0.1229,4.7456,0.1178,0,0,0,0,0,0,0,0,0,0,1,1,0,0,0,1,0,0,0,1,2,2262,63,54,0,12,79,95,0,12,0,12,0,12,0,12,0,12,12.8,10.2,0.0,3.0,6.9,8.1,0.0,3.0,0.0,3.0,0.0,3.0,0.0,3.0,0.0,3.0
39,Ohio,OH,39123,Ottawa County,39123051202,Census Tract 512.02; Ottawa County; Ohio,21.558864633052,1790,294,1357,228,950,233,357,196,71,65,99,59,74,47,69,52,494,135,243,118,306,84,40,52,0,48,131,410,0,16,440,210,0,16,37,35,0,12,19.9,10.5,7.4,6.8,10.4,5.7,5.5,3.6,3.9,3.0,27.6,6.4,13.6,6.4,17.1,4.8,4.2,5.4,0.0,2.7,7.3,22.9,0.0,1.2,32.4,11.9,0.0,1.7,3.9,3.8,0.0,0.7,0.5043,0.7438,0.0559,0.3405,0.3224,1.9669,0.3559,0.9299,0.0904,0.6674,0.394,0.0,2.0817,0.314,0.2489,0.2489,0.2489,0.0,0.9908,0.0,0.3892,0.0,1.38,0.1956,5.6775,0.2117,0,0,0,0,0,0,1,0,0,0,0,1,0,0,0,1,0,0,0,1,2,843,365,220,58,77,73,56,0,12,0,12,0,12,0,12,0,12,38.4,15.9,3.2,4.2,4.1,3.1,0.0,1.9,0.0,1.9,0.0,1.9,0.0,1.9,0.0,1.9
39,Ohio,OH,39123,Ottawa County,39123051203,Census Tract 512.03; Ottawa County; Ohio,6.11128230181,489,97,948,138,302,68,54,55,0,12,78,60,24,37,27,42,192,59,46,14,152,69,30,45,5,47,71,138,336,138,214,92,0,16,12,14,0,12,11.0,11.0,0.0,14.3,25.8,19.0,5.4,8.5,5.5,8.3,39.3,10.1,9.4,3.0,31.1,15.2,9.9,14.7,1.0,9.6,14.5,28.1,35.4,13.6,22.6,9.3,0.0,5.3,4.0,4.7,0.0,2.5,0.2415,0.0,0.6092,0.3339,0.5005,1.6851,0.2756,0.9943,0.0399,0.9832,0.7752,0.707,3.4996,0.9495,0.4816,0.4816,0.4816,0.9403,0.9692,0.0,0.3981,0.0,2.3076,0.5521,7.9739,0.5819,0,0,0,0,0,0,1,0,1,0,0,2,0,0,1,1,0,0,0,2,4,838,62,45,0,12,57,68,5,9,9,16,0,12,0,12,0,12,20.5,15.3,0.0,6.9,11.7,13.5,1.0,1.7,1.8,3.1,0.0,6.9,0.0,6.9,0.0,6.9
39,Ohio,OH,39125,Paulding County,39125960100,Census Tract 9601; Paulding County; Ohio,87.295098868822,2848,386,1405,138,1245,134,354,229,0,12,130,94,218,111,135,110,687,114,638,208,623,141,40,39,0,48,120,550,0,16,177,93,0,16,59,46,0,12,12.4,7.9,0.0,3.2,10.4,7.5,10.6,5.1,4.7,3.7,24.1,4.2,22.4,5.3,21.9,5.4,3.2,3.1,0.0,1.7,4.2,19.3,0.0,1.1,12.6,6.2,0.0,1.3,4.7,3.7,0.0,0.4,0.2818,0.0,0.0559,0.6671,0.4135,1.4183,0.2035,0.8367,0.5466,0.8673,0.2841,0.0,2.5347,0.5813,0.1141,0.1141,0.1141,0.0,0.9057,0.0,0.4479,0.0,1.3536,0.1902,5.4207,0.1803,0,0,0,0,0,0,0,0,0,0,0,0,0,0,0,1,0,0,0,1,1,1946,360,88,28,41,57,48,0,12,0,12,0,12,35,24,0,12,28.9,6.5,1.0,1.4,2.0,1.7,0.0,1.2,0.0,1.2,0.0,1.2,1.2,0.8,0.0,1.2
39,Ohio,OH,39125,Paulding County,39125960200,Census Tract 9602; Paulding County; Ohio,69.45398722765,4314,302,1925,140,1737,126,733,212,31,41,296,79,157,61,99,87,721,92,1116,159,708,136,92,50,3,46,366,434,25,20,167,60,11,20,60,34,0,12,17.0,4.8,1.5,2.0,17.0,4.4,5.4,2.1,2.3,2.0,16.7,1.9,25.9,2.8,16.4,2.8,5.3,2.9,0.1,1.1,8.5,10.0,1.3,1.0,8.7,3.1,0.6,1.2,3.5,1.9,0.0,0.3,0.4237,0.1251,0.2714,0.3339,0.1492,1.3033,0.1711,0.4439,0.7625,0.6296,0.5022,0.4245,2.7627,0.7156,0.3009,0.3009,0.3009,0.359,0.8568,0.4632,0.3537,0.0,2.0327,0.4317,6.3996,0.3235,0,0,0,0,0,0,0,0,0,0,0,0,0,0,0,0,0,0,0,0,0,3039,400,92,15,20,180,101,2,3,0,12,0,12,163,86,6,7,23.0,5.0,0.3,0.5,4.2,2.3,0.0,0.1,0.0,0.8,0.0,0.8,3.8,2.0,0.1,0.2
39,Ohio,OH,39125,Paulding County,39125960300,Census Tract 9603; Paulding County; Ohio,134.849357490352,4173,412,1669,110,1503,119,743,244,47,34,204,63,205,76,282,133,716,99,1137,244,543,130,105,61,14,44,258,584,78,40,69,39,18,16,92,44,37,2,18.1,5.7,2.3,1.7,13.6,4.1,7.4,2.6,6.8,3.3,17.2,2.0,27.2,4.0,13.1,2.8,7.0,4.0,0.4,1.1,6.2,14.0,4.7,2.4,4.1,2.3,1.2,1.1,6.1,2.9,0.9,0.1,0.4573,0.2384,0.1441,0.4775,0.6211,1.9384,0.3448,0.4765,0.824,0.4199,0.62,0.5412,2.8816,0.7689,0.201,0.201,0.201,0.5476,0.7641,0.6038,0.5479,0.6458,3.1092,0.8594,8.1302,0.6038,0,0,0,0,0,0,0,0,0,0,0,0,0,0,0,0,0,0,0,0,0,3225,240,59,25,24,125,69,16,16,10,13,0,12,82,51,0,12,16.0,3.9,0.6,0.6,3.0,1.7,0.4,0.4,0.2,0.3,0.0,0.8,2.0,1.2,0.0,0.8
39,Ohio,OH,39125,Paulding County,39125960400,Census Tract 9604; Paulding County; Ohio,16.654522125264,4112,249,1936,140,1758,132,1005,331,198,100,356,119,415,141,383,129,815,94,839,144,834,193,192,92,54,68,729,408,11,20,10,16,12,24,56,40,65,2,24.8,8.0,10.4,4.9,20.3,6.6,14.5,4.9,9.5,3.2,19.8,2.3,20.4,3.4,20.6,4.9,10.9,5.2,1.4,1.8,17.7,9.9,0.6,1.0,0.5,0.8,0.7,1.4,3.2,2.2,1.6,0.1,0.6198,0.8511,0.4086,0.805,0.7982,3.4827,0.7759,0.6512,0.4134,0.8258,0.8057,0.7717,3.4678,0.9422,0.5514,0.5514,0.5514,0.2886,0.5717,0.4873,0.3248,0.727,2.3994,0.594,9.9013,0.8368,0,0,0,0,0,0,0,0,0,0,0,0,0,0,0,0,0,0,0,0,0,4850,321,95,28,27,477,136,9,11,9,15,0,12,206,132,0,12,18.3,5.1,0.7,0.7,11.6,3.4,0.2,0.3,0.2,0.4,0.0,0.8,5.0,3.2,0.0,0.8
39,Ohio,OH,39125,Paulding County,39125960500,Census Tract 9605; Paulding County; Ohio,108.18168501608599,3380,349,1589,107,1347,117,567,190,74,54,206,70,319,93,201,105,635,80,700,151,463,105,66,36,0,48,190,486,0,16,118,52,55,50,63,46,0,12,16.9,5.4,4.3,2.8,15.3,5.0,13.3,3.4,5.9,2.9,18.8,2.6,20.7,3.2,13.7,3.2,4.9,2.6,0.0,1.5,5.6,14.4,0.0,1.0,7.4,3.1,4.0,3.7,4.7,3.3,0.0,0.4,0.4199,0.5117,0.2003,0.7689,0.537,2.4378,0.4902,0.5888,0.4315,0.4589,0.4644,0.0,1.9436,0.2441,0.1776,0.1776,0.1776,0.0,0.8375,0.8952,0.4479,0.0,2.1806,0.493,6.7396,0.3844,0,0,0,0,0,0,0,0,0,0,0,0,0,0,0,0,0,0,0,0,0,2374,256,66,9,11,116,68,19,22,0,12,2,3,44,25,0,12,19.0,4.4,0.3,0.3,3.4,2.0,0.6,0.7,0.0,1.0,0.1,0.1,1.3,0.7,0.0,1.0
39,Ohio,OH,39127,Perry County,39127965801,Census Tract 9658.01; Perry County; Ohio,59.952278012602,3115,297,1223,167,1082,157,396,273,52,46,136,74,163,106,259,149,474,154,665,155,271,132,7,8,0,48,226,444,0,16,130,63,0,16,16,24,0,12,12.8,8.7,3.0,2.7,12.6,6.6,7.6,4.9,8.3,4.7,15.2,4.6,21.3,4.0,8.7,4.2,0.7,0.7,0.0,1.7,7.3,14.2,0.0,1.3,10.6,5.2,0.0,1.5,1.5,2.2,0.0,0.4,0.297,0.3403,0.1159,0.4876,0.7363,1.9771,0.359,0.3523,0.4743,0.1476,0.0546,0.0,1.0288,0.0251,0.2489,0.2489,0.2489,0.0,0.8825,0.0,0.1597,0.0,1.0422,0.1117,4.297,0.079,0,0,0,0,0,0,0,0,0,0,0,0,0,0,0,0,0,0,0,0,0,1962,157,73,33,53,9,16,0,12,11,20,0,12,173,110,0,12,14.5,6.1,1.1,1.7,0.3,0.5,0.0,1.1,0.4,0.6,0.0,1.1,5.6,3.6,0.0,1.1
39,Ohio,OH,39127,Perry County,39127965802,Census Tract 9658.02; Perry County; Ohio,27.37989630077,4284,147,1909,188,1650,153,314,117,47,44,222,90,249,95,306,136,1045,180,896,198,708,176,28,41,0,48,230,241,11,17,170,101,29,29,20,20,51,2,7.4,2.8,2.4,2.3,13.5,5.3,7.7,2.7,7.2,3.2,24.4,4.0,20.9,4.6,16.7,4.2,1.7,2.5,0.0,1.2,5.4,5.6,0.6,0.9,8.9,5.0,1.8,1.7,1.2,1.2,1.2,0.0,0.1317,0.2514,0.1397,0.4933,0.6557,1.6718,0.2714,0.8446,0.4426,0.6493,0.1337,0.0,2.0702,0.3089,0.1687,0.1687,0.1687,0.2886,0.859,0.7079,0.1276,0.6814,2.6645,0.7041,6.5752,0.3571,0,0,0,0,0,0,0,0,0,0,0,0,0,0,0,0,0,0,0,0,0,2230,221,106,0,12,175,91,0,12,4,7,0,12,51,40,0,12,13.4,6.3,0.0,0.8,4.1,2.1,0.0,0.8,0.1,0.2,0.0,0.8,1.2,0.9,0.0,0.8
39,Ohio,OH,39127,Perry County,39127965901,Census Tract 9659.01; Perry County; Ohio,39.774227645538,3048,388,1461,209,1312,210,749,238,122,84,338,149,258,85,244,147,732,194,679,130,572,136,53,53,24,59,172,548,50,28,155,89,35,31,131,63,74,3,25.2,7.3,9.6,5.8,25.8,10.6,11.3,3.8,8.2,4.5,24.0,5.6,22.3,3.5,19.3,3.9,4.0,4.0,0.8,2.0,5.6,18.0,3.4,1.9,10.6,6.3,2.7,2.3,10.0,4.6,2.4,0.3,0.6281,0.833,0.6092,0.6969,0.7306,3.4978,0.7803,0.8329,0.539,0.7775,0.3743,0.6636,3.1873,0.8829,0.1776,0.1776,0.1776,0.4895,0.8825,0.814,0.7203,0.7885,3.6948,0.9657,10.5575,0.899,0,0,0,0,0,0,0,0,0,0,0,0,0,0,0,0,0,0,0,0,0,2858,187,87,2,11,43,50,20,23,0,12,0,12,107,62,0,12,14.3,6.0,0.1,0.4,1.4,1.6,0.7,0.7,0.0,1.1,0.0,1.1,3.5,2.0,0.0,1.1
39,Ohio,OH,39127,Perry County,39127965902,Census Tract 9659.02; Perry County; Ohio,52.01070968185,3763,529,1338,186,1303,176,875,452,17,27,176,78,350,219,565,393,770,199,991,263,738,338,47,53,0,48,112,753,0,16,476,160,4,14,21,29,0,12,23.4,11.6,1.2,1.9,13.5,5.7,14.1,8.7,15.0,9.9,20.5,5.2,26.3,4.8,19.6,8.0,3.6,4.0,0.0,1.4,3.0,20.0,0.0,1.2,35.6,9.4,0.3,1.1,1.6,2.2,0.0,0.3,0.5887,0.0898,0.1397,0.7923,0.9403,2.5508,0.5244,0.6909,0.7828,0.7893,0.3292,0.0,2.5922,0.6168,0.0656,0.0656,0.0656,0.0,0.9937,0.4041,0.1724,0.0,1.5702,0.2517,6.7788,0.3902,0,0,0,0,1,1,0,0,0,0,0,0,0,0,0,1,0,0,0,1,2,1764,206,122,22,38,15,20,0,12,0,12,0,12,75,83,0,12,15.8,8.9,0.6,1.0,0.4,0.5,0.0,0.9,0.0,0.9,0.0,0.9,2.0,2.2,0.0,0.9
39,Ohio,OH,39127,Perry County,39127966000,Census Tract 9660; Perry County; Ohio,20.290935394906,5012,168,2175,168,1934,153,1750,292,235,148,456,117,445,190,553,279,594,109,1249,189,999,203,82,42,0,68,167,259,120,74,446,165,23,24,115,48,0,17,34.9,5.7,11.5,6.9,23.6,5.8,13.2,5.5,11.0,5.5,11.9,2.1,24.9,3.8,19.9,4.1,4.2,2.1,0.0,1.5,3.3,5.2,5.6,3.4,20.5,7.1,1.2,1.2,5.9,2.5,0.0,0.3,0.7791,0.8746,0.5295,0.7644,0.8566,3.8042,0.8454,0.1925,0.7061,0.8032,0.394,0.0,2.0958,0.3197,0.0793,0.0793,0.0793,0.5762,0.9603,0.6038,0.5349,0.0,2.6752,0.7098,8.6545,0.6829,0,0,0,0,0,0,0,0,0,0,0,0,0,0,0,1,0,0,0,1,1,3893,316,107,0,17,5,9,0,17,7,10,0,17,155,84,0,17,16.3,5.1,0.0,0.7,0.1,0.2,0.0,0.7,0.1,0.2,0.0,0.7,3.1,1.7,0.0,0.7
39,Ohio,OH,39127,Perry County,39127966100,Census Tract 9661; Perry County; Ohio,86.480084651266,4754,600,1923,203,1681,193,905,287,92,64,244,100,544,173,210,78,653,133,852,191,897,233,80,60,9,48,240,857,2,12,454,128,21,21,80,51,0,12,19.2,5.6,3.6,2.7,14.5,5.7,16.2,4.1,4.4,1.7,13.7,3.0,17.9,4.1,18.9,3.7,4.7,3.5,0.2,1.0,5.0,18.0,0.1,0.6,23.6,6.5,1.3,1.2,4.8,3.0,0.0,0.3,0.4875,0.4308,0.1721,0.8437,0.3758,2.3099,0.4571,0.2752,0.2495,0.7566,0.4476,0.4556,2.1845,0.3714,0.1522,0.1522,0.1522,0.2556,0.9721,0.6181,0.4568,0.0,2.3026,0.5502,6.9492,0.4162,0,0,0,0,0,0,0,0,0,0,0,0,0,0,0,1,0,0,0,1,1,1618,367,118,11,25,54,68,0,12,0,12,0,12,175,113,0,12,21.8,6.7,0.2,0.5,1.1,1.5,0.0,0.7,0.0,0.7,0.0,0.7,3.7,2.4,0.0,0.7
39,Ohio,OH,39127,Perry County,39127966200,Census Tract 9662; Perry County; Ohio,16.68269714651,5750,319,2290,222,2211,206,2103,583,72,67,466,199,489,182,219,152,1007,179,1372,248,1285,333,256,146,0,68,162,461,281,152,210,115,68,69,262,138,202,10,37.3,10.1,3.2,3.1,21.1,8.8,12.5,4.3,3.9,2.7,17.5,3.1,23.9,3.8,22.8,5.8,11.6,6.5,0.0,1.3,2.8,8.0,12.3,6.5,9.2,5.0,3.1,3.1,11.8,6.0,3.5,0.3,0.8032,0.3711,0.4403,0.7372,0.3224,2.6742,0.5651,0.4959,0.6516,0.8902,0.8289,0.0,2.8666,0.7622,0.0587,0.0587,0.0587,0.7352,0.8654,0.8502,0.774,0.8516,4.0764,0.9937,9.6759,0.8127,0,0,0,0,0,0,0,0,0,0,0,0,0,0,0,0,0,0,0,0,0,6740,272,147,23,38,21,28,0,17,0,17,0,17,118,75,0,17,12.3,6.7,0.4,0.7,0.4,0.5,0.0,0.6,0.0,0.6,0.0,0.6,2.1,1.3,0.0,0.6
39,Ohio,OH,39127,Perry County,39127966301,Census Tract 9663.01; Perry County; Ohio,59.535703298354,3317,384,1460,194,1231,163,567,175,41,40,191,111,195,89,123,70,354,121,1072,253,478,183,24,17,0,48,140,540,16,13,234,105,11,15,207,119,0,12,17.1,4.9,2.6,2.5,15.5,8.8,9.5,4.5,3.7,2.0,10.7,4.1,32.3,5.8,14.4,5.0,2.0,1.4,0.0,1.6,4.2,16.3,1.1,0.9,16.0,6.5,0.9,1.2,16.8,9.4,0.0,0.4,0.4268,0.2822,0.2083,0.6068,0.3021,1.8262,0.3137,0.1503,0.9531,0.5119,0.159,0.0,1.7743,0.1698,0.1141,0.1141,0.1141,0.3378,0.9352,0.5384,0.8644,0.0,2.6758,0.7102,6.3904,0.3219,0,0,0,0,0,0,0,1,0,0,0,1,0,0,0,1,0,0,0,1,2,1730,199,91,0,12,0,12,4,8,12,20,0,12,61,50,63,77,16.2,7.4,0.0,1.0,0.0,1.0,0.1,0.2,0.4,0.6,0.0,1.0,1.8,1.6,1.9,2.3
39,Ohio,OH,39127,Perry County,39127966302,Census Tract 9663.02; Perry County; Ohio,45.827250244364,2408,446,1224,130,967,145,558,157,101,60,237,101,241,115,166,63,493,125,567,213,409,114,53,40,0,48,36,627,90,46,352,115,43,38,127,60,0,12,24.2,5.2,9.7,5.8,24.5,9.8,15.0,6.2,6.9,2.5,20.5,5.7,23.5,6.4,17.0,4.8,5.5,4.1,0.0,2.1,1.5,26.0,7.4,3.7,28.8,8.5,4.4,3.9,13.1,5.9,0.0,0.5,0.6062,0.8346,0.5597,0.8177,0.6274,3.4456,0.7667,0.6909,0.6224,0.6646,0.5171,0.0,2.495,0.5552,0.02,0.02,0.02,0.6311,0.9832,0.9168,0.8013,0.0,3.3324,0.9063,9.293,0.7644,0,0,0,0,0,0,0,0,0,0,0,0,0,0,0,1,1,0,0,2,2,1754,240,121,0,12,24,35,4,8,0,12,0,12,8,11,0,12,24.8,11.1,0.0,1.4,1.0,1.4,0.2,0.3,0.0,1.4,0.0,1.4,0.3,0.4,0.0,1.4
39,Ohio,OH,39129,Pickaway County,39129020100,Census Tract 201; Pickaway County; Ohio,0.647200002582,2003,375,909,99,764,97,675,168,158,135,286,85,289,121,213,109,314,75,368,108,432,159,67,61,0,48,406,434,54,35,0,12,10,11,183,77,64,3,34.7,5.5,16.5,11.7,37.4,10.1,24.0,8.6,10.9,5.0,15.7,4.7,18.4,4.2,22.2,8.9,8.8,7.9,0.0,2.6,20.3,21.3,5.9,3.8,0.0,3.8,1.3,1.4,24.0,9.2,3.2,0.6,0.7775,0.953,0.8622,0.948,0.8524,4.3931,0.9587,0.3814,0.279,0.875,0.7254,0.0,2.2608,0.4111,0.5942,0.5942,0.5942,0.5848,0.0,0.6181,0.9314,0.8405,2.9748,0.8216,10.2229,0.8676,0,1,0,1,0,2,0,0,0,0,0,0,0,0,0,0,0,1,0,1,3,2281,181,74,150,109,93,109,0,12,3,6,0,12,160,166,0,12,23.7,9.4,7.5,5.3,4.6,5.1,0.0,1.7,0.1,0.3,0.0,1.7,8.0,7.3,0.0,1.7
39,Ohio,OH,39129,Pickaway County,39129020200,Census Tract 202; Pickaway County; Ohio,0.508438032598,2815,397,1269,154,1245,156,1169,356,178,95,399,119,219,100,222,193,321,70,729,237,513,158,70,56,0,48,124,542,0,16,10,17,55,50,155,84,13,2,41.6,11.2,12.5,6.3,32.0,8.7,11.9,5.8,7.9,6.6,11.4,3.1,25.9,6.3,18.2,6.3,5.6,4.4,0.0,1.9,4.4,19.2,0.0,1.3,0.8,1.3,4.4,4.0,12.4,6.8,0.5,0.0,0.8502,0.8946,0.7724,0.7178,0.709,3.944,0.8775,0.1718,0.7625,0.7204,0.5241,0.0,2.1788,0.367,0.1249,0.1249,0.1249,0.0,0.6095,0.9168,0.7883,0.5742,2.8888,0.7917,9.1365,0.7429,0,0,0,0,0,0,0,0,0,0,0,0,0,0,0,0,1,0,0,1,1,1782,224,91,6,2,0,12,6,13,0,12,0,12,112,102,0,12,18.0,7.5,0.2,0.1,0.0,1.2,0.2,0.5,0.0,1.2,0.0,1.2,4.0,3.4,0.0,1.2
39,Ohio,OH,39129,Pickaway County,39129020310,Census Tract 203.10; Pickaway County; Ohio,1.725018407458,4863,515,2215,207,2056,237,1286,411,147,121,527,171,375,116,289,195,1413,210,848,196,1031,299,180,132,0,48,123,739,194,143,7,13,18,35,177,90,226,4,27.7,8.3,7.7,5.8,25.6,7.8,10.5,3.3,6.2,4.3,29.1,4.4,17.4,3.3,22.2,6.0,8.8,6.3,0.0,1.1,2.5,15.2,8.8,6.4,0.3,0.6,0.9,1.7,8.6,4.3,4.6,0.5,0.6728,0.7571,0.6032,0.6627,0.5659,3.2617,0.7267,0.9499,0.2248,0.875,0.7254,0.0,2.7751,0.721,0.0514,0.0514,0.0514,0.6676,0.5565,0.5384,0.6727,0.8954,3.3306,0.9057,9.4188,0.7857,0,0,0,0,0,0,1,0,0,0,0,1,0,0,0,0,0,0,0,0,1,5480,277,132,29,45,50,74,0,12,0,12,0,12,44,62,0,12,13.5,6.4,0.6,0.9,1.0,1.5,0.0,0.7,0.0,0.7,0.0,0.7,0.9,1.3,0.0,0.7
39,Ohio,OH,39129,Pickaway County,39129020320,Census Tract 203.20; Pickaway County; Ohio,7.330956125894,3632,344,1447,118,1447,118,320,122,32,35,226,95,123,73,135,95,850,147,806,192,626,132,39,37,3,46,169,490,15,26,272,98,0,16,73,54,199,18,9.4,3.4,1.8,1.9,15.6,6.4,4.9,2.9,3.9,2.8,23.4,4.0,22.2,4.1,18.2,3.8,2.7,2.5,0.1,1.3,4.7,13.5,1.0,1.8,18.8,6.3,0.0,1.1,5.0,3.7,5.5,0.7,0.1898,0.1654,0.213,0.2955,0.3224,1.1861,0.1444,0.8107,0.5336,0.7204,0.2298,0.4245,2.719,0.6924,0.1395,0.1395,0.1395,0.3292,0.9521,0.0,0.4702,0.9176,2.6691,0.7067,6.7137,0.3813,0,0,0,0,0,0,0,0,0,0,0,0,0,0,0,1,0,0,1,2,2,2588,307,83,54,20,12,17,0,12,0,12,0,12,103,97,0,12,21.2,5.3,1.5,0.5,0.3,0.5,0.0,1.0,0.0,1.0,0.0,1.0,2.8,2.7,0.0,1.0
39,Ohio,OH,39129,Pickaway County,39129020400,Census Tract 204; Pickaway County; Ohio,5.238007609066,2883,399,1302,184,1217,195,1061,387,46,73,422,153,376,173,257,125,664,149,636,195,665,185,42,42,0,48,136,568,27,31,3,6,56,82,77,76,88,15,38.3,12.8,4.2,6.2,34.7,11.3,17.5,6.8,9.2,4.5,23.0,5.0,22.1,5.2,23.8,6.3,3.5,3.4,0.0,1.8,4.7,19.7,2.1,2.4,0.2,0.5,4.6,6.7,6.3,5.8,3.1,0.3,0.8194,0.4975,0.8184,0.8713,0.7813,3.7879,0.8416,0.7945,0.5247,0.9099,0.3187,0.0,2.5478,0.5883,0.1395,0.1395,0.1395,0.4111,0.5527,0.9251,0.5603,0.8358,3.285,0.8949,9.7602,0.8222,0,0,0,0,0,0,0,0,1,0,0,1,0,0,0,0,1,0,0,1,2,3229,163,75,91,76,0,12,0,12,0,12,0,12,45,47,0,12,13.4,6.0,3.2,2.6,0.0,1.2,0.0,1.2,0.0,1.2,0.0,1.2,1.6,1.6,0.0,1.2
39,Ohio,OH,39129,Pickaway County,39129021101,Census Tract 211.01; Pickaway County; Ohio,64.98022914518,4217,403,1435,193,1405,171,906,499,99,76,305,164,301,169,185,133,623,147,869,193,445,163,29,33,0,48,85,564,0,16,123,90,0,16,8,15,6,3,21.5,11.7,4.7,3.5,21.7,11.4,9.9,4.6,4.4,3.1,14.8,3.0,20.6,4.7,10.6,3.6,2.1,2.3,0.0,1.2,2.0,13.4,0.0,1.1,8.6,5.8,0.0,1.1,0.6,1.0,0.1,0.1,0.5424,0.553,0.4616,0.6319,0.3758,2.5647,0.5286,0.3335,0.4271,0.2542,0.1673,0.0,1.1821,0.0387,0.0333,0.0333,0.0333,0.0,0.8549,0.0,0.0616,0.3694,1.2859,0.1705,5.066,0.1479,0,0,0,0,0,0,0,0,0,0,0,0,0,0,0,0,0,0,0,0,0,2138,100,70,1,2,33,37,9,19,0,12,0,12,42,52,0,12,7.1,4.9,0.0,0.1,0.8,0.9,0.2,0.5,0.0,0.8,0.0,0.8,1.0,1.2,0.0,0.8
39,Ohio,OH,39129,Pickaway County,39129021102,Census Tract 211.02; Pickaway County; Ohio,24.908365506494,3387,127,1255,158,1195,146,192,176,4,10,297,143,133,124,130,101,688,156,684,126,271,105,41,41,0,48,62,182,0,16,19,32,15,26,19,23,196,10,6.0,5.5,0.2,0.6,24.9,11.6,6.0,5.6,3.8,3.0,20.3,4.5,20.2,3.7,8.0,3.1,3.4,3.4,0.0,1.6,1.8,5.4,0.0,1.3,1.5,2.6,1.3,2.2,1.6,1.9,5.8,0.2,0.0844,0.0244,0.5752,0.3811,0.3113,1.3764,0.1914,0.6804,0.397,0.1104,0.3089,0.0,1.4967,0.0902,0.0282,0.0282,0.0282,0.0,0.6667,0.6181,0.1724,0.9217,2.3789,0.5819,5.2802,0.1679,0,0,0,0,0,0,0,0,0,0,0,0,0,0,0,0,0,0,1,1,1,2402,75,58,19,22,9,16,28,49,0,12,0,12,6,10,0,12,6.3,4.8,0.6,0.6,0.3,0.5,0.8,1.4,0.0,1.0,0.0,1.0,0.2,0.3,0.0,1.0
39,Ohio,OH,39129,Pickaway County,39129021201,Census Tract 212.01; Pickaway County; Ohio,8.766028147636,4975,213,1928,183,1898,176,973,424,107,125,493,186,238,150,273,195,524,94,1226,248,924,275,274,176,17,49,347,359,54,48,107,95,30,37,92,79,0,12,19.6,8.5,4.2,5.0,26.0,9.5,7.9,4.9,5.5,4.0,10.5,1.8,24.6,4.7,18.6,5.6,14.4,9.2,0.4,1.0,7.0,7.2,2.8,2.5,5.5,4.9,1.6,1.9,4.8,4.1,0.0,0.2,0.4976,0.4975,0.6156,0.5076,0.5005,2.6188,0.5441,0.1424,0.6877,0.7407,0.8911,0.5412,3.0031,0.8251,0.234,0.234,0.234,0.4622,0.794,0.6794,0.4568,0.0,2.3924,0.5898,8.2483,0.6235,0,0,0,0,0,0,0,0,0,0,0,0,0,0,0,0,0,0,0,0,0,4873,206,105,41,49,200,172,0,12,0,12,0,12,106,84,0,12,10.9,5.5,0.8,1.0,4.0,3.5,0.0,0.7,0.0,0.7,0.0,0.7,2.1,1.7,0.0,0.7
39,Ohio,OH,39129,Pickaway County,39129021202,Census Tract 212.02; Pickaway County; Ohio,18.757981496838,3414,210,1183,139,1127,128,855,398,87,68,269,100,524,166,309,238,377,118,918,182,484,133,73,52,86,72,341,316,0,16,466,109,73,62,61,42,8,3,25.0,11.6,5.2,3.9,23.9,8.4,23.9,7.3,9.1,6.8,11.0,3.5,26.9,4.8,14.2,3.8,6.5,4.6,2.6,2.2,10.0,9.2,0.0,1.4,39.4,7.1,6.5,5.5,5.4,3.6,0.2,0.1,0.6246,0.5971,0.54,0.9471,0.7782,3.487,0.7775,0.1588,0.8107,0.4919,0.5844,0.877,2.9228,0.7863,0.3567,0.3567,0.3567,0.0,0.9962,0.966,0.4994,0.4356,2.8972,0.7956,9.6637,0.8117,0,0,0,1,0,1,0,0,0,0,0,0,0,0,0,1,1,0,0,2,3,2324,126,61,37,48,113,87,0,12,0,12,0,12,186,134,5,8,11.2,5.1,1.1,1.4,3.3,2.6,0.0,1.0,0.0,1.0,0.0,1.0,5.4,3.8,0.1,0.2
39,Ohio,OH,39129,Pickaway County,39129021300,Census Tract 213; Pickaway County; Ohio,1.987565064744,3409,168,0,12,0,12,0,12,0,12,0,24,747,174,0,12,124,93,12,17,0,12,0,16,41,51,1798,261,0,16,0,12,0,16,0,12,3409,168,-999.0,-999.0,-999.0,-999.0,-999.0,-999.0,23.9,6.3,-999.0,-999.0,3.6,2.7,0.4,0.5,-999.0,-999.0,-999.0,-999.0,1.2,1.5,52.7,7.2,-999.0,-999.0,-999.0,-999.0,-999.0,-999.0,-999.0,-999.0,100.0,0.0,-999.0,-999.0,-999.0,0.9471,-999.0,-999.0,-999.0,0.0159,0.0051,-999.0,-999.0,0.7403,-999.0,-999.0,0.837,0.837,0.837,-999.0,-999.0,-999.0,-999.0,0.999,-999.0,-999.0,-999.0,-999.0,-999,-999,-999,1,-999,-999,0,0,-999,-999,0,-999,0,0,-999,-999,-999,-999,1,-999,-999,4924,0,12,1347,208,157,55,6,12,13,19,0,12,275,97,0,12,-999.0,-999.0,39.5,5.6,4.6,1.6,0.2,0.4,0.4,0.6,0.0,1.0,8.1,2.9,0.0,1.0
39,Ohio,OH,39129,Pickaway County,39129021401,Census Tract 214.01; Pickaway County; Ohio,34.241018030332,3250,22,1250,149,1124,112,717,366,15,19,198,100,347,123,402,225,630,140,775,214,389,135,115,96,6,48,94,93,0,16,387,117,54,40,55,54,0,12,22.2,11.3,1.0,1.2,17.6,8.7,15.2,5.4,12.4,6.9,19.4,4.3,23.8,6.6,12.0,4.2,10.2,8.5,0.2,1.6,2.9,2.9,0.0,1.3,31.0,8.8,4.8,3.5,4.9,4.8,0.0,0.4,0.5643,0.0714,0.2943,0.8228,0.8962,2.649,0.5549,0.6287,0.6439,0.3523,0.7835,0.4556,2.864,0.7603,0.0618,0.0618,0.0618,0.0,0.9879,0.9317,0.4625,0.0,2.3821,0.5848,7.9569,0.5784,0,0,0,0,0,0,0,0,0,0,0,0,0,0,0,1,1,0,0,2,2,1339,152,78,0,12,54,78,17,29,0,12,0,12,23,24,0,12,13.5,6.4,0.0,1.1,1.7,2.4,0.5,0.9,0.0,1.1,0.0,1.1,0.7,0.7,0.0,1.1
39,Ohio,OH,39129,Pickaway County,39129021403,Census Tract 214.03; Pickaway County; Ohio,17.659714357838,6442,274,2321,157,2206,150,366,233,35,30,338,149,265,141,105,73,838,276,2090,212,711,221,150,92,10,64,744,447,0,24,111,51,14,27,10,11,0,17,5.7,3.6,1.1,1.0,15.3,6.7,6.6,3.6,1.6,1.1,13.0,4.2,32.4,3.0,11.0,3.3,6.8,4.1,0.2,1.1,11.5,6.9,0.0,1.0,4.8,2.3,0.6,1.2,0.5,0.5,0.0,0.3,0.0781,0.0803,0.2003,0.4236,0.0825,0.8648,0.0749,0.2368,0.9543,0.2815,0.6051,0.4556,2.5333,0.58,0.402,0.402,0.402,0.0,0.7797,0.4632,0.0524,0.0,1.2953,0.1733,5.0954,0.1505,0,0,0,0,0,0,0,1,0,0,0,1,0,0,0,0,0,0,0,0,1,3509,108,79,265,208,166,118,5,10,5,7,0,17,303,157,0,17,4.9,3.5,4.1,3.2,2.6,1.9,0.1,0.2,0.1,0.1,0.0,0.5,4.7,2.5,0.0,0.5
39,Ohio,OH,39129,Pickaway County,39129021404,Census Tract 214.04; Pickaway County; Ohio,24.66225559745,1664,271,701,106,649,121,162,182,0,12,113,87,132,115,13,19,249,83,366,70,296,121,26,43,0,48,52,370,0,16,132,80,0,16,36,46,0,12,9.7,10.8,0.0,3.7,17.4,13.0,10.6,8.1,0.8,1.1,15.0,4.7,22.0,3.5,17.8,7.6,4.0,6.6,0.0,3.1,3.1,22.2,0.0,2.3,18.8,11.1,0.0,2.5,5.5,7.0,0.0,0.7,0.1974,0.0,0.2854,0.6671,0.0279,1.1778,0.1429,0.3431,0.5171,0.703,0.3743,0.0,1.9375,0.2394,0.0685,0.0685,0.0685,0.0,0.9521,0.0,0.5098,0.0,1.4619,0.2181,4.6457,0.1076,0,0,0,0,0,0,0,0,0,0,0,0,0,0,0,1,0,0,0,1,1,769,130,88,20,37,0,12,4,9,0,12,0,12,28,49,0,12,20.0,12.1,1.2,2.2,0.0,2.1,0.2,0.5,0.0,2.1,0.0,2.1,1.7,2.8,0.0,2.1
39,Ohio,OH,39129,Pickaway County,39129021500,Census Tract 215; Pickaway County; Ohio,105.456652776078,3506,360,1401,152,1281,159,709,384,12,17,381,196,348,234,148,116,559,205,588,97,505,145,217,191,0,48,108,514,0,16,54,40,19,26,7,11,0,12,20.2,10.8,0.7,1.0,29.7,14.8,13.9,8.2,4.2,3.4,15.9,5.6,16.8,3.0,14.4,4.3,16.9,14.8,0.0,1.4,3.1,14.7,0.0,1.1,3.9,2.9,1.5,2.0,0.5,0.9,0.0,0.3,0.5116,0.0502,0.7197,0.7863,0.3561,2.4239,0.486,0.3922,0.1972,0.5119,0.9267,0.0,2.028,0.2867,0.0685,0.0685,0.0685,0.0,0.7594,0.6606,0.0524,0.0,1.4724,0.2213,5.9928,0.2581,0,0,0,0,0,0,0,0,0,1,0,1,0,0,0,0,0,0,0,0,1,2769,376,186,0,12,34,63,0,12,0,12,0,12,74,81,0,12,29.4,12.9,0.0,1.0,1.0,1.8,0.0,1.0,0.0,1.0,0.0,1.0,2.1,2.3,0.0,1.0
39,Ohio,OH,39129,Pickaway County,39129021600,Census Tract 216; Pickaway County; Ohio,99.72703461788,3429,397,1615,189,1381,185,795,265,59,49,317,100,251,85,184,69,536,95,715,175,522,116,103,55,0,48,152,562,17,18,44,23,11,9,68,56,0,12,23.2,7.3,3.5,2.7,23.0,6.6,10.4,3.3,5.4,2.0,15.6,2.6,20.9,4.4,15.2,3.1,7.4,3.9,0.0,1.5,4.4,16.4,1.1,1.1,2.7,1.3,0.8,0.6,4.9,4.1,0.0,0.3,0.5862,0.4156,0.5079,0.6582,0.4916,2.6595,0.5587,0.3763,0.4426,0.5592,0.647,0.0,2.0251,0.2854,0.1249,0.1249,0.1249,0.3378,0.7241,0.5117,0.4625,0.0,2.0361,0.4343,6.8456,0.4051,0,0,0,0,0,0,0,0,0,0,0,0,0,0,0,0,0,0,0,0,0,1214,248,81,24,31,38,38,9,18,3,5,0,12,78,55,0,12,18.0,5.8,0.7,0.9,1.1,1.1,0.3,0.5,0.1,0.1,0.0,1.0,2.3,1.6,0.0,1.0
39,Ohio,OH,39129,Pickaway County,39129021700,Census Tract 217; Pickaway County; Ohio,84.59649839953,4920,404,2153,218,2079,216,477,290,141,106,206,87,368,253,136,91,637,131,933,158,725,303,46,59,0,48,38,564,0,16,118,82,19,32,242,267,13,3,9.7,5.8,5.1,3.8,9.9,4.1,10.1,7.1,2.8,1.8,12.9,2.8,19.0,2.6,14.7,6.3,2.2,2.8,0.0,1.0,0.8,11.5,0.0,0.7,5.5,3.7,0.9,1.5,11.6,12.5,0.3,0.1,0.1974,0.5892,0.0476,0.6443,0.1996,1.6781,0.2733,0.2302,0.3183,0.5287,0.1762,0.0,1.2534,0.0467,0.006,0.006,0.006,0.0,0.794,0.5384,0.7705,0.4924,2.5953,0.6752,5.5328,0.193,0,0,0,0,0,0,0,0,0,0,0,0,0,0,0,0,0,0,0,0,0,5124,253,117,4,4,0,12,0,12,0,12,0,12,34,39,0,12,12.2,5.5,0.1,0.1,0.0,0.7,0.0,0.7,0.0,0.7,0.0,0.7,0.7,0.8,0.0,0.7
39,Ohio,OH,39131,Pike County,39131952200,Census Tract 9522; Pike County; Ohio,119.61436292031,5078,635,2313,200,1918,208,2165,572,89,65,595,191,591,257,149,96,1026,246,1178,325,1425,353,120,74,0,68,244,899,8,8,691,188,42,39,108,83,112,17,42.6,9.9,5.3,3.7,31.0,9.4,16.2,6.7,2.9,1.9,20.2,4.4,23.2,4.5,28.1,6.8,6.2,3.8,0.0,1.4,4.8,17.7,0.3,0.3,29.9,8.1,2.2,2.0,5.6,4.2,2.2,0.2,0.8588,0.6057,0.7511,0.8437,0.2142,3.2735,0.7302,0.6734,0.6005,0.9673,0.5657,0.0,2.8069,0.7343,0.1439,0.1439,0.1439,0.2683,0.9848,0.7575,0.5175,0.773,3.3011,0.8984,9.5254,0.7971,0,0,0,0,0,0,0,0,1,0,0,1,0,0,0,1,0,0,0,1,2,6579,470,187,12,29,111,106,7,17,0,17,0,17,114,98,0,17,24.5,8.9,0.2,0.6,2.2,2.2,0.1,0.3,0.0,0.7,0.0,0.7,2.2,1.8,0.0,0.7
39,Ohio,OH,39131,Pike County,39131952300,Census Tract 9523; Pike County; Ohio,58.550178329456,5482,441,2341,257,2171,246,1841,383,186,97,582,189,487,142,220,123,1142,263,1241,208,1174,266,164,103,0,68,463,653,111,62,512,192,38,35,135,75,161,12,35.2,6.7,8.8,4.9,26.8,8.2,13.1,3.7,4.1,2.4,20.8,4.6,22.6,3.1,22.0,4.3,7.5,4.7,0.0,1.3,8.4,11.9,4.8,2.6,21.9,7.4,1.8,1.6,6.2,3.3,2.9,0.3,0.7823,0.8073,0.6463,0.7609,0.3478,3.3446,0.7457,0.7051,0.5609,0.8696,0.6546,0.0,2.7902,0.7273,0.2977,0.2977,0.2977,0.5511,0.9676,0.7079,0.5546,0.8224,3.6036,0.954,10.0361,0.8505,0,0,0,0,0,0,0,0,0,0,0,0,0,0,0,1,0,0,0,1,1,5042,422,162,227,270,0,17,0,17,0,17,0,17,221,163,15,22,19.4,6.8,4.1,4.9,0.0,0.6,0.0,0.6,0.0,0.6,0.0,0.6,4.0,3.0,0.3,0.4
39,Ohio,OH,39131,Pike County,39131952400,Census Tract 9524; Pike County; Ohio,19.691463777156,3351,397,1793,226,1538,203,1018,342,36,38,398,127,310,147,150,78,714,199,600,137,789,212,181,103,0,48,102,561,135,72,91,63,0,16,77,54,90,6,31.1,9.7,2.4,2.6,25.9,7.5,12.0,5.5,4.6,2.4,21.3,5.5,17.9,3.3,24.0,5.8,11.8,6.5,0.0,1.5,3.0,16.7,7.5,3.9,5.1,3.4,0.0,1.0,5.0,3.4,2.7,0.4,0.7274,0.2514,0.6111,0.7207,0.3996,2.7102,0.5756,0.7251,0.2495,0.9143,0.8337,0.0,2.7226,0.6952,0.0656,0.0656,0.0656,0.6343,0.7851,0.0,0.4702,0.8085,2.6981,0.719,8.1965,0.6175,0,0,0,0,0,0,0,0,1,0,0,1,0,0,0,0,0,0,0,0,1,2629,398,133,8,18,15,30,10,16,0,12,0,12,69,73,0,12,25.9,8.0,0.2,0.5,0.4,0.9,0.3,0.5,0.0,1.0,0.0,1.0,2.1,2.2,0.0,1.0
39,Ohio,OH,39131,Pike County,39131952500,Census Tract 9525; Pike County; Ohio,14.921357351708,3527,359,1537,148,1341,150,1215,336,69,58,347,121,292,106,113,108,567,125,941,257,761,182,65,59,29,53,144,507,12,22,185,76,33,37,80,60,32,3,34.5,8.9,4.3,3.5,25.9,8.5,13.0,4.5,3.2,3.0,16.1,3.6,26.7,5.7,21.6,4.9,4.9,4.4,0.9,1.6,4.1,14.4,0.8,1.4,12.0,4.8,2.5,2.7,6.0,4.5,0.9,0.1,0.7753,0.5117,0.6111,0.7555,0.2491,2.9027,0.6298,0.4071,0.8022,0.8566,0.4644,0.6855,3.2158,0.8902,0.1097,0.1097,0.1097,0.3111,0.8981,0.7902,0.5413,0.6458,3.1865,0.8759,9.4147,0.7848,0,0,0,0,0,0,0,0,0,0,0,0,0,0,0,0,0,0,0,0,0,7392,209,84,5,8,0,12,11,17,0,12,0,12,128,107,0,12,15.6,6.3,0.1,0.2,0.0,1.0,0.3,0.5,0.0,1.0,0.0,1.0,3.6,3.0,0.0,1.0
39,Ohio,OH,39131,Pike County,39131952601,Census Tract 9526.01; Pike County; Ohio,89.743272422608,3371,556,1452,212,1248,193,1576,491,118,111,329,178,578,343,546,361,655,179,700,197,1147,271,30,36,0,48,204,847,0,16,394,162,0,16,176,100,0,12,46.8,12.4,11.0,10.3,26.4,13.7,25.0,12.6,16.2,11.1,19.4,4.8,20.8,4.0,34.0,6.9,2.4,2.9,0.0,1.5,6.1,25.1,0.0,1.1,27.1,10.9,0.0,1.3,14.1,7.1,0.0,0.4,0.8886,0.8641,0.6327,0.9537,0.953,4.2921,0.9416,0.6287,0.4369,0.9902,0.201,0.0,2.2568,0.4089,0.1972,0.1972,0.1972,0.0,0.9803,0.0,0.8206,0.0,1.8009,0.3365,8.547,0.6683,0,0,0,1,1,2,0,0,1,0,0,1,0,0,0,1,0,0,0,1,4,2227,338,116,0,12,0,12,38,42,82,119,0,12,84,86,0,12,27.1,8.3,0.0,1.0,0.0,1.0,1.1,1.3,2.4,3.6,0.0,1.0,2.5,2.8,0.0,1.0
39,Ohio,OH,39131,Pike County,39131952602,Census Tract 9526.02; Pike County; Ohio,27.561022926602,2156,408,877,149,742,140,590,436,49,43,115,95,32,35,20,38,234,112,618,162,390,153,20,35,0,48,32,583,0,16,296,108,15,26,0,12,4,2,27.4,19.5,4.5,4.0,15.5,12.5,2.5,2.6,0.9,1.8,10.9,5.3,28.7,3.9,18.1,6.5,2.7,4.7,0.0,2.4,1.5,27.0,0.0,1.8,33.8,11.5,2.0,3.5,0.0,4.6,0.2,0.1,0.6684,0.534,0.2083,0.1192,0.0349,1.5648,0.2425,0.1554,0.8782,0.7166,0.2298,0.0,1.98,0.2635,0.02,0.02,0.02,0.0,0.9921,0.7346,0.0,0.4356,2.1623,0.4863,5.7271,0.2187,0,0,0,0,0,0,0,0,0,0,0,0,0,0,0,1,0,0,0,1,1,789,57,67,0,12,0,12,0,12,14,26,0,12,18,34,0,12,7.7,8.6,0.0,1.6,0.0,1.6,0.0,1.6,0.6,1.2,0.0,1.6,0.8,1.6,0.0,1.6
39,Ohio,OH,39131,Pike County,39131952700,Census Tract 9527; Pike County; Ohio,110.200133221504,4186,541,1734,159,1537,164,1228,426,14,18,294,114,661,216,270,121,502,82,1119,270,1043,278,104,69,0,48,302,745,0,16,677,163,82,51,66,45,4,2,30.2,9.8,0.8,1.0,19.1,7.1,23.3,6.7,6.5,2.9,12.0,2.4,26.7,4.2,24.9,6.2,6.7,4.4,0.0,1.3,7.2,17.8,0.0,0.9,39.0,7.7,5.3,3.3,4.3,3.0,0.1,0.0,0.715,0.0578,0.359,0.9423,0.5947,2.6688,0.5625,0.1963,0.8022,0.9305,0.5975,0.0,2.5265,0.5733,0.2435,0.2435,0.2435,0.0,0.9959,0.9451,0.4184,0.3694,2.7288,0.7321,8.1676,0.6127,0,0,0,1,0,1,0,0,1,0,0,1,0,0,0,1,1,0,0,2,4,1746,485,132,43,74,103,96,17,31,0,12,106,125,33,49,0,12,31.6,8.0,1.0,1.7,2.5,2.3,0.4,0.7,0.0,0.8,2.5,2.9,0.8,1.1,0.0,0.8
39,Ohio,OH,39133,Portage County,39133600102,Census Tract 6001.02; Portage County; Ohio,24.005740498016,3355,297,1150,123,1074,121,294,128,65,45,173,70,143,63,181,72,572,123,404,87,357,90,82,68,0,48,432,439,17,20,9,14,9,15,22,24,668,33,10.9,4.6,3.5,2.3,16.1,6.3,6.8,3.1,5.4,2.2,17.0,3.4,12.0,2.3,10.6,2.5,7.6,6.3,0.0,1.4,12.9,13.0,1.5,1.7,0.8,1.3,0.8,1.4,2.0,2.2,19.9,2.0,0.2374,0.4156,0.2321,0.4344,0.4916,1.8111,0.3098,0.4632,0.0628,0.2542,0.661,0.0,1.4412,0.0762,0.4439,0.4439,0.4439,0.3717,0.6095,0.5117,0.2127,0.9753,2.6809,0.7127,6.3771,0.32,0,0,0,0,0,0,0,0,0,0,0,0,0,0,0,0,0,0,1,1,1,2256,138,73,311,156,41,39,3,7,4,8,0,12,56,55,17,24,12.8,6.5,9.3,4.7,1.2,1.2,0.1,0.2,0.1,0.2,0.0,1.0,1.7,1.6,0.5,0.7
39,Ohio,OH,39133,Portage County,39133600103,Census Tract 6001.03; Portage County; Ohio,26.539109388612,5704,476,2162,302,2101,308,641,324,203,158,447,194,413,145,719,556,955,235,1611,376,535,168,209,112,11,65,353,630,203,167,155,79,38,53,215,87,4,3,11.3,5.6,6.9,5.3,21.3,8.7,12.2,4.6,12.6,9.6,16.7,3.7,28.2,5.6,9.4,3.0,10.0,5.1,0.2,1.2,6.2,11.0,9.4,7.6,7.2,3.5,1.8,2.5,10.2,4.4,0.1,0.1,0.2513,0.7143,0.4483,0.7273,0.9013,3.0425,0.6743,0.4439,0.8608,0.1787,0.7781,0.4556,2.7171,0.6908,0.201,0.201,0.201,0.6803,0.8314,0.7079,0.726,0.3694,3.315,0.9029,9.2756,0.7619,0,0,0,0,1,1,0,0,0,0,0,0,0,0,0,0,0,0,0,0,1,4559,448,194,0,17,25,26,26,40,0,17,0,17,242,287,60,57,21.3,8.4,0.0,0.6,0.4,0.4,0.5,0.7,0.0,0.6,0.0,0.6,4.2,4.9,1.1,1.0
39,Ohio,OH,39133,Portage County,39133600200,Census Tract 6002; Portage County; Ohio,27.61228337253,5363,230,2421,232,2047,208,946,310,124,86,362,115,356,156,594,242,954,176,990,174,546,177,101,81,2,63,505,414,13,16,250,114,120,96,47,30,11,3,17.6,5.7,3.7,2.6,17.7,5.3,9.7,4.3,11.1,4.4,17.8,3.3,18.5,3.0,10.2,3.3,5.0,3.9,0.0,1.2,9.4,7.7,0.5,0.7,10.3,4.9,5.9,4.7,2.3,1.5,0.2,0.1,0.4424,0.4429,0.3006,0.6192,0.8607,2.6658,0.5613,0.5178,0.2828,0.2275,0.4762,0.0,1.5043,0.0921,0.3345,0.3345,0.3345,0.2819,0.8784,0.959,0.2429,0.4356,2.7978,0.7584,7.3024,0.4708,0,0,0,0,0,0,0,0,0,0,0,0,0,0,0,0,1,0,0,1,1,4686,401,198,146,163,179,130,0,17,0,17,0,17,173,117,7,12,19.6,9.0,2.7,3.1,3.3,2.4,0.0,0.6,0.0,0.6,0.0,0.6,3.2,2.2,0.1,0.2
39,Ohio,OH,39133,Portage County,39133600302,Census Tract 6003.02; Portage County; Ohio,12.681405131604,7324,664,2994,295,2851,280,317,196,231,148,450,186,167,103,133,98,1781,226,1806,303,889,230,134,117,0,68,823,916,106,71,18,28,0,24,131,72,94,2,4.4,2.7,6.4,3.8,15.8,6.3,3.3,2.0,1.8,1.3,24.3,2.9,24.7,3.0,12.3,3.0,4.7,4.1,0.0,1.0,11.2,12.5,3.5,2.3,0.6,0.9,0.0,0.8,4.6,2.5,1.3,0.1,0.0517,0.6835,0.2206,0.176,0.1022,1.234,0.1537,0.8421,0.6956,0.3745,0.4476,0.0,2.3598,0.4708,0.3944,0.3944,0.3944,0.4943,0.5876,0.0,0.4419,0.6934,2.2172,0.5092,6.2054,0.2917,0,0,0,0,0,0,0,0,0,0,0,0,0,0,0,0,0,0,0,0,0,12198,218,113,212,147,0,17,226,189,0,17,0,17,385,246,0,17,7.6,4.0,2.9,2.0,0.0,0.5,3.1,2.5,0.0,0.5,0.0,0.5,5.3,3.3,0.0,0.5
39,Ohio,OH,39133,Portage County,39133600303,Census Tract 6003.03; Portage County; Ohio,7.484423948854,4973,588,2167,276,2131,285,60,63,69,57,402,144,65,54,33,40,986,172,1021,290,433,170,48,48,47,64,793,850,96,75,0,12,0,16,242,213,0,12,1.2,1.3,2.6,2.2,18.9,6.3,1.8,1.6,0.7,0.8,19.8,3.7,20.5,4.5,8.7,3.5,2.2,2.2,1.0,1.3,15.9,17.0,4.4,3.4,0.0,1.6,0.0,0.8,11.4,9.1,0.0,0.2,0.0044,0.2822,0.3483,0.0758,0.0235,0.7342,0.0517,0.6512,0.4214,0.1476,0.1762,0.707,2.1034,0.3229,0.5146,0.5146,0.5146,0.5359,0.0,0.0,0.7651,0.0,1.301,0.1746,4.6532,0.1083,0,0,0,0,0,0,0,0,0,0,0,0,0,0,0,0,0,0,0,0,0,2751,103,57,383,301,123,149,230,219,0,12,0,12,57,89,0,12,4.8,2.8,7.7,6.1,2.5,2.9,4.6,4.4,0.0,0.7,0.0,0.7,1.1,1.8,0.0,0.7
39,Ohio,OH,39133,Portage County,39133600304,Census Tract 6003.04; Portage County; Ohio,2.747995656458,4930,924,1881,202,1702,218,110,70,171,109,189,80,125,76,62,67,1265,271,1163,463,370,131,69,107,118,140,537,1352,132,76,0,12,0,16,54,47,213,3,2.3,1.4,7.1,4.5,11.1,4.5,3.4,2.2,1.3,1.5,25.7,4.4,23.6,5.7,7.8,3.3,4.1,6.3,2.6,3.1,10.9,27.3,7.0,4.0,0.0,1.8,0.0,0.9,3.2,2.8,4.3,0.8,0.0152,0.7283,0.0705,0.1836,0.0593,1.0569,0.1124,0.8884,0.6287,0.1012,0.3844,0.877,2.8797,0.7679,0.3855,0.3855,0.3855,0.6171,0.0,0.0,0.3248,0.8849,1.8268,0.3467,6.1489,0.2813,0,0,0,0,0,0,0,0,0,0,0,0,0,0,0,0,0,0,0,0,0,2081,111,67,60,68,39,66,438,342,0,12,0,12,0,12,0,12,6.5,3.9,1.2,1.4,0.8,1.4,8.9,7.2,0.0,0.7,0.0,0.7,0.0,0.7,0.0,0.7
39,Ohio,OH,39133,Portage County,39133600401,Census Tract 6004.01; Portage County; Ohio,5.949742630438,6921,624,3045,282,2959,258,1739,622,194,122,898,274,290,136,246,149,956,189,1161,187,770,223,165,85,37,78,1484,901,610,295,64,51,8,22,284,173,0,17,25.3,8.8,4.7,2.9,30.3,8.9,5.8,2.9,3.6,2.2,13.8,2.7,16.8,2.7,11.1,3.1,5.6,2.8,0.6,1.2,21.4,12.9,20.0,9.5,2.1,1.7,0.3,0.7,9.6,5.6,0.0,0.2,0.6306,0.553,0.734,0.3662,0.2945,2.5783,0.5327,0.2809,0.1972,0.2882,0.5241,0.6088,1.8992,0.2206,0.6103,0.6103,0.6103,0.8467,0.7019,0.4041,0.706,0.0,2.6587,0.7022,7.7465,0.5413,0,0,0,0,0,0,0,0,0,0,0,0,0,0,0,0,0,0,0,0,0,8361,179,88,928,221,27,42,280,195,0,17,0,17,198,110,51,83,6.0,3.0,13.4,3.3,0.4,0.6,4.0,2.8,0.0,0.5,0.0,0.5,2.9,1.6,0.7,1.2
39,Ohio,OH,39133,Portage County,39133600402,Census Tract 6004.02; Portage County; Ohio,11.68486158383,5753,519,2354,209,2352,209,412,208,87,80,428,166,376,173,220,150,1088,177,1084,277,542,182,31,35,32,74,589,749,148,90,36,42,48,58,81,87,99,2,7.3,3.6,2.8,2.5,18.2,6.9,8.9,4.1,3.9,2.6,18.9,3.3,18.8,3.8,9.6,3.3,1.4,1.5,0.6,1.3,10.2,13.0,6.3,3.8,1.5,1.7,2.0,2.5,3.4,3.5,1.7,0.2,0.1276,0.3133,0.3213,0.5704,0.3224,1.655,0.2679,0.5973,0.3015,0.1933,0.1086,0.6088,1.8095,0.1851,0.363,0.363,0.363,0.5952,0.6667,0.7346,0.3438,0.7381,3.0784,0.8524,6.9059,0.4137,0,0,0,0,0,0,0,0,0,0,0,0,0,0,0,0,0,0,0,0,0,5399,213,164,229,189,72,78,61,49,2,5,0,17,214,175,11,19,9.1,6.7,4.0,3.3,1.3,1.4,1.1,0.8,0.0,0.1,0.0,0.6,3.7,3.0,0.2,0.3
39,Ohio,OH,39133,Portage County,39133600403,Census Tract 6004.03; Portage County; Ohio,6.055461991262,5052,494,2020,187,1978,179,862,416,180,161,434,164,376,163,368,192,908,220,1004,248,661,216,132,91,0,68,655,743,0,24,630,171,0,24,48,50,0,17,17.1,8.1,6.1,5.0,21.9,8.1,10.6,4.2,7.3,3.8,18.0,4.6,19.9,4.3,13.1,4.2,6.7,4.6,0.0,1.4,13.0,14.7,0.0,1.2,31.2,7.5,0.0,1.2,2.4,2.5,0.0,0.3,0.4268,0.6648,0.4702,0.6671,0.6661,2.895,0.6286,0.5317,0.3751,0.4199,0.5975,0.0,1.9242,0.2337,0.4448,0.4448,0.4448,0.0,0.9886,0.0,0.2514,0.0,1.24,0.1603,6.504,0.3429,0,0,0,0,0,0,0,0,0,0,0,0,0,0,0,1,0,0,0,1,1,3267,235,102,203,169,109,146,53,64,0,17,0,17,230,143,60,75,11.9,5.0,4.0,3.3,2.2,2.8,1.0,1.3,0.0,0.7,0.0,0.7,4.6,2.9,1.2,1.5
39,Ohio,OH,39133,Portage County,39133600500,Census Tract 6005; Portage County; Ohio,27.130789854104,5269,28,2163,205,2025,197,856,508,206,166,270,138,305,101,171,125,1088,207,578,141,900,205,42,38,0,68,415,181,34,57,96,60,18,31,41,33,346,19,17.4,10.3,7.1,5.4,13.3,6.7,7.6,2.4,3.5,2.5,20.6,3.9,11.0,2.7,18.3,4.2,2.0,1.9,0.0,1.3,7.9,3.4,1.6,2.6,4.4,2.7,0.9,1.5,2.0,1.6,6.6,0.4,0.437,0.7283,0.1337,0.4876,0.2856,2.0722,0.3895,0.6969,0.051,0.7271,0.159,0.0,1.634,0.1213,0.2771,0.2771,0.2771,0.3787,0.7721,0.5384,0.2127,0.9309,2.8328,0.7717,6.8161,0.3978,0,0,0,0,0,0,0,0,0,0,0,0,0,0,0,0,0,0,1,1,1,2661,377,216,100,67,111,106,9,16,19,26,0,17,141,82,35,54,18.6,9.2,1.9,1.3,2.1,2.0,0.2,0.3,0.4,0.5,0.0,0.7,2.7,1.6,0.7,1.0
39,Ohio,OH,39133,Portage County,39133600602,Census Tract 6006.02; Portage County; Ohio,23.804662823538,2657,29,1052,137,930,111,482,249,59,46,175,79,306,117,104,63,483,113,545,116,315,94,49,42,0,48,135,144,0,16,299,105,0,16,8,14,0,12,18.1,9.4,4.1,3.2,18.8,8.2,16.5,6.2,3.9,2.4,18.2,4.2,20.5,4.3,11.9,3.5,5.2,4.5,0.0,1.9,5.1,5.4,0.0,1.5,28.4,9.8,0.0,1.7,0.9,1.5,0.0,0.5,0.4573,0.4867,0.3444,0.8503,0.3224,2.4611,0.4965,0.5466,0.4214,0.345,0.4921,0.0,1.8051,0.1841,0.1544,0.1544,0.1544,0.0,0.9829,0.0,0.0975,0.0,1.0804,0.1213,5.501,0.1892,0,0,0,0,0,0,0,0,0,0,0,0,0,0,0,1,0,0,0,1,1,949,122,56,0,12,93,116,0,12,0,12,0,12,42,37,0,12,13.1,5.6,0.0,1.3,3.5,4.4,0.0,1.3,0.0,1.3,0.0,1.3,1.6,1.4,0.0,1.3
39,Ohio,OH,39133,Portage County,39133600603,Census Tract 6006.03; Portage County; Ohio,24.307498130014,3574,408,1368,144,1262,136,1120,405,95,43,340,119,267,92,397,219,517,81,890,276,768,210,159,97,0,48,315,564,0,16,208,72,25,27,100,55,9,2,31.6,10.8,5.7,2.7,26.9,9.0,11.7,3.8,11.1,6.0,14.5,2.7,24.9,5.8,21.5,4.8,12.6,7.6,0.0,1.5,8.8,15.7,0.0,1.2,15.2,5.1,2.0,2.1,7.9,4.3,0.3,0.0,0.7356,0.6356,0.6492,0.7093,0.8607,3.5904,0.799,0.3155,0.7061,0.8534,0.8511,0.0,2.7261,0.6981,0.312,0.312,0.312,0.0,0.9298,0.7346,0.6444,0.4924,2.8012,0.7606,9.4297,0.7863,0,0,0,0,0,0,0,0,0,0,0,0,0,0,0,1,0,0,0,1,1,1725,255,104,128,126,30,38,0,12,0,12,0,12,157,101,0,12,20.2,7.3,3.6,3.5,0.8,1.1,0.0,1.0,0.0,1.0,0.0,1.0,4.4,2.8,0.0,1.0
39,Ohio,OH,39133,Portage County,39133600703,Census Tract 6007.03; Portage County; Ohio,20.51853750458,1871,334,816,129,789,126,242,96,14,20,166,63,82,38,194,138,247,46,308,117,263,89,71,55,0,48,150,455,0,16,415,107,14,15,25,16,0,12,12.9,4.6,1.2,1.7,21.0,7.2,6.0,2.8,10.4,6.7,13.2,3.3,16.5,4.9,14.1,5.5,9.0,6.8,0.0,2.7,8.0,24.3,0.0,2.0,50.9,10.0,1.8,1.9,3.2,2.1,0.0,0.6,0.3005,0.0898,0.4365,0.3811,0.8347,2.0426,0.3794,0.2457,0.1823,0.4862,0.7349,0.0,1.6491,0.1251,0.2825,0.2825,0.2825,0.0,0.9981,0.7079,0.3248,0.0,2.0308,0.4305,6.005,0.261,0,0,0,0,0,0,0,0,0,0,0,0,0,0,0,1,0,0,0,1,1,510,82,52,60,108,48,54,0,12,0,12,0,12,42,47,0,12,10.4,6.6,3.2,5.6,2.6,2.9,0.0,1.9,0.0,1.9,0.0,1.9,2.2,2.6,0.0,1.9
39,Ohio,OH,39133,Portage County,39133600704,Census Tract 6007.04; Portage County; Ohio,22.136899867762,1428,210,612,86,557,88,123,55,20,19,71,32,50,37,60,39,330,97,266,81,262,110,20,21,0,48,112,306,0,16,56,33,0,16,10,11,0,12,8.8,3.7,2.8,2.6,12.7,5.4,4.7,3.9,4.2,2.7,23.1,6.4,18.6,4.2,18.3,7.0,3.6,3.7,0.0,3.5,7.8,21.4,0.0,2.6,9.2,5.5,0.0,2.9,1.8,2.1,0.0,0.8,0.173,0.3133,0.1178,0.2815,0.3561,1.2417,0.1549,0.7961,0.2892,0.7271,0.3292,0.0,2.1416,0.3467,0.272,0.272,0.272,0.0,0.8654,0.0,0.1933,0.0,1.0587,0.1149,4.714,0.1146,0,0,0,0,0,0,0,0,0,0,0,0,0,0,0,0,0,0,0,0,0,435,31,21,2,4,27,24,0,12,0,12,0,12,83,54,0,12,5.6,3.6,0.1,0.3,1.9,1.7,0.0,2.4,0.0,2.4,0.0,2.4,5.8,3.9,0.0,2.4
39,Ohio,OH,39133,Portage County,39133600705,Census Tract 6007.05; Portage County; Ohio,24.090633130858,2299,372,889,80,889,80,230,83,56,45,103,49,125,63,143,95,492,150,415,147,419,114,29,34,22,52,174,481,0,16,21,25,16,30,26,28,6,2,10.1,3.3,4.1,3.2,11.6,5.4,7.5,3.8,6.2,3.7,21.4,6.7,18.1,4.5,18.2,3.3,3.3,3.8,1.0,2.4,7.6,20.9,0.0,1.8,2.4,2.8,1.8,3.4,2.9,3.1,0.3,0.1,0.2091,0.4867,0.0863,0.4829,0.5659,1.8309,0.3156,0.7299,0.2613,0.7204,0.2943,0.707,2.7129,0.6886,0.2609,0.2609,0.2609,0.0,0.7143,0.7079,0.2962,0.4924,2.2108,0.5051,7.0155,0.4267,0,0,0,0,0,0,0,0,0,0,0,0,0,0,0,0,0,0,0,0,0,1150,120,51,25,42,44,52,14,20,0,12,0,12,78,85,13,19,13.5,5.7,1.1,1.7,1.9,2.2,0.6,0.9,0.0,1.5,0.0,1.5,3.4,3.4,0.6,0.8
39,Ohio,OH,39133,Portage County,39133600706,Census Tract 6007.06; Portage County; Ohio,24.70422488485,2796,20,1202,98,1177,88,209,136,42,50,200,106,154,95,16,25,514,83,445,134,401,122,9,20,0,48,90,94,0,16,23,25,0,16,27,32,4,8,7.5,4.9,2.4,3.0,17.0,8.9,7.2,4.4,0.6,0.9,18.4,3.0,15.9,4.8,14.3,4.3,0.8,1.7,0.0,1.8,3.2,3.4,0.0,1.3,1.9,2.1,0.0,1.4,2.3,2.7,0.1,0.3,0.1358,0.2514,0.2714,0.4629,0.0187,1.1402,0.1327,0.5621,0.1588,0.5033,0.0625,0.0,1.2867,0.0511,0.0751,0.0751,0.0751,0.0,0.693,0.0,0.2429,0.3694,1.3053,0.1765,3.8073,0.0419,0,0,0,0,0,0,0,0,0,0,0,0,0,0,0,0,0,0,0,0,0,2590,93,59,2,4,35,64,9,17,0,12,0,12,44,49,0,12,7.9,5.0,0.1,0.2,1.3,2.3,0.3,0.6,0.0,1.2,0.0,1.2,1.6,1.8,0.0,1.2
39,Ohio,OH,39133,Portage County,39133600800,Census Tract 6008; Portage County; Ohio,1.659008479028,3342,425,1667,156,1518,149,1029,337,109,78,527,139,166,71,152,96,646,108,487,210,523,135,105,91,0,48,638,584,334,96,0,12,0,16,228,102,106,3,31.6,9.5,5.5,3.3,34.7,8.5,7.2,3.0,4.7,3.1,19.3,4.0,14.6,5.4,16.1,5.0,6.9,6.0,0.0,1.5,19.1,17.3,20.1,5.4,0.0,2.1,0.0,1.1,15.0,6.4,3.2,0.4,0.7356,0.621,0.8184,0.4629,0.4135,3.0514,0.6765,0.6208,0.1173,0.6087,0.613,0.0,1.9598,0.2533,0.577,0.577,0.577,0.8476,0.0,0.0,0.8365,0.8405,2.5246,0.6451,8.1128,0.6025,0,0,0,0,0,0,0,0,0,0,0,0,0,0,0,0,0,0,0,0,0,4192,269,97,332,242,268,221,11,21,0,12,0,12,27,29,0,12,17.7,6.1,9.9,6.8,8.0,6.4,0.3,0.6,0.0,1.0,0.0,1.0,0.8,0.9,0.0,1.0
39,Ohio,OH,39133,Portage County,39133600901,Census Tract 6009.01; Portage County; Ohio,1.901685941292,3767,404,1829,197,1612,169,1598,391,164,86,496,156,403,159,374,190,493,117,757,187,818,216,144,97,22,54,829,571,48,52,258,138,5,14,172,102,34,4,42.7,9.4,8.5,4.7,30.8,9.1,14.8,5.2,10.0,5.0,13.1,3.1,20.1,4.6,21.8,5.5,8.9,5.9,0.6,1.5,22.0,15.0,2.7,2.8,14.1,7.0,0.3,0.9,10.7,6.1,0.9,0.0,0.8607,0.7943,0.7448,0.8139,0.8197,4.0334,0.8949,0.2413,0.3906,0.8645,0.7311,0.6088,2.8363,0.7473,0.617,0.617,0.617,0.4533,0.9222,0.4041,0.7438,0.6458,3.1692,0.8717,10.6559,0.9067,0,0,0,0,0,0,0,0,0,0,0,0,0,0,0,1,0,0,0,1,1,3941,321,121,513,154,159,173,34,39,0,12,0,12,123,89,0,12,19.9,6.9,13.6,3.9,4.2,4.5,0.9,1.0,0.0,0.9,0.0,0.9,3.3,2.4,0.0,0.9
39,Ohio,OH,39133,Portage County,39133600902,Census Tract 6009.02; Portage County; Ohio,3.20080874612,5163,546,2534,296,2355,327,1221,508,89,76,921,364,462,246,104,90,1048,317,1099,254,743,260,130,76,0,68,1217,767,231,162,103,102,0,24,260,139,0,17,23.6,9.5,3.4,2.9,39.1,14.5,12.8,6.3,2.0,1.8,20.3,5.5,21.3,3.8,14.4,5.0,5.5,3.1,0.0,1.4,23.6,14.6,9.1,6.3,4.1,4.1,0.0,1.0,11.0,5.9,0.0,0.3,0.5922,0.3975,0.8854,0.7498,0.1209,2.7458,0.5854,0.6804,0.4743,0.5119,0.5171,0.0,2.1837,0.3708,0.637,0.637,0.637,0.6768,0.7641,0.0,0.753,0.0,2.1939,0.4997,7.7604,0.5429,0,0,0,0,0,0,0,0,0,0,0,0,0,0,0,0,0,0,0,0,0,4348,336,149,496,289,41,51,173,233,0,17,0,17,387,313,120,147,14.3,6.2,9.6,5.6,0.8,1.0,3.4,4.6,0.0,0.7,0.0,0.7,7.5,5.7,2.3,2.8
39,Ohio,OH,39133,Portage County,39133601000,Census Tract 6010; Portage County; Ohio,1.687997017188,2403,312,1185,155,1016,129,757,271,76,80,254,111,165,79,163,162,601,117,503,107,495,118,149,74,137,180,597,438,154,81,0,12,0,16,157,85,26,11,31.5,10.5,7.4,7.8,25.0,10.5,9.7,4.7,6.8,6.4,25.0,5.1,20.9,4.2,20.6,5.2,14.7,7.0,5.9,7.7,24.8,17.9,13.0,6.6,0.0,2.9,0.0,1.6,15.5,7.9,1.1,0.4,0.7344,0.7438,0.5784,0.6192,0.6211,3.2969,0.7368,0.8678,0.4426,0.8258,0.8952,0.9654,3.9968,0.9956,0.6531,0.6531,0.6531,0.7476,0.0,0.0,0.8463,0.6703,2.2642,0.5352,10.211,0.8663,0,0,0,0,0,0,0,0,0,0,1,1,0,0,0,0,0,0,0,0,1,1820,81,42,292,179,75,113,118,172,0,12,0,12,112,84,0,12,8.0,4.0,12.2,7.2,3.1,4.7,4.9,7.0,0.0,1.4,0.0,1.4,4.7,3.6,0.0,1.4
39,Ohio,OH,39133,Portage County,39133601100,Census Tract 6011; Portage County; Ohio,17.215617134724,5660,526,2555,279,2442,274,1587,495,65,64,735,243,330,166,784,308,891,244,977,253,943,277,221,136,0,68,427,791,0,24,872,253,0,24,121,86,10,2,28.0,8.3,2.2,2.0,30.1,9.4,8.0,3.8,13.9,5.2,15.7,4.6,17.3,4.0,16.7,5.0,9.1,5.5,0.0,1.3,7.5,14.0,0.0,0.9,34.1,8.6,0.0,1.0,5.0,3.6,0.2,0.0,0.6791,0.2238,0.7295,0.5133,0.9257,3.0714,0.6829,0.3814,0.2194,0.6493,0.7403,0.0,1.9904,0.2679,0.2562,0.2562,0.2562,0.0,0.9924,0.0,0.4702,0.4356,1.8982,0.3752,7.2162,0.4546,0,0,0,0,1,1,0,0,0,0,0,0,0,0,0,1,0,0,0,1,2,3322,485,175,79,81,155,173,0,17,0,17,0,17,193,216,0,17,19.9,7.0,1.4,1.4,2.7,3.0,0.0,0.6,0.0,0.6,0.0,0.6,3.4,3.9,0.0,0.6
39,Ohio,OH,39133,Portage County,39133601200,Census Tract 6012; Portage County; Ohio,1.474223922848,5057,856,2675,249,2152,318,2384,652,218,78,900,270,59,53,515,204,500,179,253,105,230,133,63,61,63,91,687,1152,806,235,230,116,164,114,229,115,109,29,48.2,10.2,5.9,2.5,41.8,10.9,2.8,2.4,10.2,3.6,9.9,3.7,5.0,2.2,4.5,2.8,2.9,2.8,1.3,1.8,13.6,22.7,30.2,8.3,8.6,4.2,7.7,5.2,10.6,5.5,2.2,0.4,0.8981,0.6492,0.9162,0.1386,0.8258,3.4279,0.7641,0.1214,0.0184,0.0184,0.2473,0.7565,1.162,0.0349,0.4607,0.4607,0.4607,0.9206,0.8549,0.9749,0.74,0.773,4.2634,0.9965,9.314,0.7695,0,0,1,0,0,1,0,0,0,0,0,0,0,0,1,0,1,0,0,2,3,3784,345,146,320,217,5,11,138,120,0,17,0,17,224,142,0,17,16.0,6.4,6.3,4.0,0.1,0.2,2.7,2.4,0.0,0.7,0.0,0.7,4.4,2.7,0.0,0.7
39,Ohio,OH,39133,Portage County,39133601300,Census Tract 6013; Portage County; Ohio,3.892025148906,7811,1012,3462,359,3169,380,1413,456,511,352,961,326,174,122,208,106,1095,190,2173,568,910,350,402,228,11,69,1822,1409,589,223,0,17,48,68,224,145,103,5,18.3,5.4,12.4,7.3,30.3,9.6,3.5,2.4,2.7,1.4,14.0,3.0,27.8,5.2,11.8,4.4,12.7,7.0,0.2,0.9,23.3,17.8,17.0,6.2,0.0,1.0,1.5,2.1,7.1,4.3,1.3,0.2,0.4637,0.8924,0.734,0.1912,0.1888,2.4701,0.4997,0.2885,0.8472,0.3351,0.8559,0.4556,2.7823,0.7238,0.6309,0.6309,0.6309,0.8117,0.0,0.6606,0.6048,0.6934,2.7705,0.7473,8.6538,0.6825,0,0,0,0,0,0,0,0,0,0,0,0,0,0,0,0,0,0,0,0,0,6206,290,179,620,370,279,209,212,153,0,17,0,17,711,520,0,17,9.2,5.5,7.9,4.7,3.6,2.7,2.7,2.0,0.0,0.4,0.0,0.4,9.1,6.5,0.0,0.4
39,Ohio,OH,39133,Portage County,39133601400,Census Tract 6014; Portage County; Ohio,2.18748597763,4650,577,2442,282,2301,294,1851,561,306,173,1077,346,184,122,245,160,764,154,929,220,810,248,176,92,57,99,1081,728,597,257,0,12,0,16,354,194,2,2,39.8,11.0,13.7,7.2,46.8,13.8,5.5,3.6,5.3,3.4,16.4,3.7,20.0,3.4,17.4,5.0,7.6,3.9,1.3,2.2,23.2,15.4,24.5,10.1,0.0,1.4,0.0,0.7,15.4,8.5,0.0,0.0,0.8343,0.9152,0.9527,0.3405,0.4808,3.5235,0.786,0.4255,0.3836,0.6836,0.661,0.7565,2.9102,0.78,0.63,0.63,0.63,0.8838,0.0,0.0,0.8438,0.0,1.7276,0.3076,8.7913,0.6994,0,1,1,0,0,2,0,0,0,0,0,0,0,0,0,0,0,0,0,0,2,9980,370,186,605,467,41,62,259,196,0,12,0,12,176,118,0,12,16.1,8.2,13.0,9.3,0.9,1.3,5.6,4.1,0.0,0.7,0.0,0.7,3.8,2.5,0.0,0.7
39,Ohio,OH,39133,Portage County,39133601501,Census Tract 6015.01; Portage County; Ohio,0.389967653224,2007,545,1256,166,901,184,1010,447,45,53,386,128,108,117,45,43,224,112,39,35,301,145,0,16,0,48,248,779,287,110,0,12,0,16,258,130,141,40,54.2,17.9,3.8,4.4,42.8,11.2,12.3,11.9,2.2,2.3,11.2,6.1,1.9,2.1,15.0,8.1,0.0,1.8,0.0,2.4,12.4,38.7,22.9,8.2,0.0,2.7,0.0,1.8,28.6,12.3,7.0,0.6,0.9295,0.4524,0.9248,0.7308,0.1396,3.1771,0.7079,0.1658,0.0101,0.5462,0.0,0.0,0.7221,0.0111,0.4277,0.4277,0.4277,0.873,0.0,0.0,0.9543,0.9375,2.7648,0.7451,7.0917,0.4371,1,0,1,0,0,2,0,0,0,0,0,0,0,0,0,0,0,1,1,2,4,2976,249,133,36,29,123,103,5,11,0,12,0,12,84,78,0,12,27.6,12.7,1.8,1.5,6.1,5.1,0.2,0.5,0.0,1.7,0.0,1.7,4.2,4.3,0.0,1.7
39,Ohio,OH,39133,Portage County,39133601502,Census Tract 6015.02; Portage County; Ohio,0.64616679363,6598,739,1534,262,892,275,1267,635,575,173,683,267,66,116,633,431,50,26,48,52,337,151,8,22,18,67,1189,1003,918,270,0,17,0,24,164,129,5022,315,80.4,22.7,13.7,3.7,76.6,18.4,9.9,16.3,9.6,5.8,0.8,0.4,0.7,0.8,5.1,2.2,0.9,2.5,0.3,1.0,18.0,15.1,59.8,14.3,0.0,2.3,0.0,2.7,18.4,12.6,76.1,9.8,0.9956,0.9152,0.9987,0.6319,0.8026,4.344,0.9502,0.0038,0.0063,0.0279,0.0705,0.4968,0.6053,0.0067,0.5583,0.5583,0.5583,0.9835,0.0,0.0,0.8841,0.9946,2.8622,0.7832,8.3698,0.6435,1,1,1,0,0,3,0,0,0,0,0,0,0,0,1,0,0,0,1,2,5,13314,334,219,581,177,214,106,214,103,0,17,0,17,180,95,0,17,37.4,18.9,8.8,2.7,3.2,1.6,3.2,1.5,0.0,0.5,0.0,0.5,2.7,1.4,0.0,0.5
39,Ohio,OH,39133,Portage County,39133601503,Census Tract 6015.03; Portage County; Ohio,1.544540046884,3191,538,2307,252,1444,279,1480,456,100,85,812,255,30,49,42,57,242,122,500,142,490,232,48,44,25,61,675,713,543,224,0,12,34,56,191,140,140,11,48.7,12.3,6.6,5.3,56.2,13.9,2.3,3.6,1.3,1.7,7.6,3.9,15.7,4.0,15.4,6.9,3.3,3.0,0.8,2.0,21.2,22.1,23.6,9.4,0.0,1.5,2.4,3.9,13.2,8.3,4.4,0.8,0.9016,0.6965,0.9873,0.1068,0.0593,2.7515,0.5883,0.0571,0.1525,0.5712,0.2943,0.6636,1.7387,0.1578,0.6059,0.6059,0.6059,0.8784,0.0,0.7787,0.8035,0.8881,3.3487,0.9083,8.4448,0.6546,1,0,1,0,0,2,0,0,0,0,0,0,0,0,0,0,0,0,0,0,2,4223,329,164,206,152,106,118,91,103,45,39,0,12,227,218,0,12,22.8,9.5,6.5,4.7,3.3,3.5,2.9,3.1,1.4,1.2,0.0,1.1,7.1,6.7,0.0,1.1
39,Ohio,OH,39133,Portage County,39133601600,Census Tract 6016; Portage County; Ohio,10.470422916764,3694,509,1844,239,1584,218,601,263,137,122,466,176,120,119,159,126,845,165,682,224,497,200,52,44,16,48,190,706,222,98,0,12,27,31,86,64,2,3,16.3,6.8,7.1,6.1,29.4,10.3,4.4,4.4,4.3,3.3,22.9,3.8,18.5,5.1,13.5,4.8,3.3,2.7,0.4,1.3,5.1,19.1,12.0,5.1,0.0,1.9,1.7,1.9,5.4,4.0,0.1,0.1,0.4002,0.7283,0.7105,0.2581,0.3659,2.463,0.4971,0.7885,0.2828,0.4478,0.2943,0.5412,2.3546,0.4673,0.1544,0.1544,0.1544,0.7308,0.0,0.6917,0.4994,0.3694,2.2913,0.5435,7.2633,0.4651,0,0,0,0,0,0,0,0,0,0,0,0,0,0,0,0,0,0,0,0,0,4366,83,57,18,27,25,44,24,24,0,12,15,28,99,128,9,15,5.2,3.4,0.5,0.7,0.7,1.2,0.6,0.6,0.0,0.9,0.4,0.8,2.7,3.4,0.2,0.4
39,Ohio,OH,39133,Portage County,39133601702,Census Tract 6017.02; Portage County; Ohio,12.161625352756,5469,498,2441,264,2219,282,381,289,53,46,309,158,134,84,117,81,1064,179,931,184,587,248,43,44,0,68,372,716,88,82,0,17,0,24,26,39,19,3,7.0,5.3,1.6,1.4,13.9,6.9,3.4,2.1,2.1,1.4,19.5,3.4,17.0,3.1,10.8,4.5,1.9,2.0,0.0,1.3,6.8,13.1,3.6,3.3,0.0,1.4,0.0,1.1,1.2,1.8,0.3,0.0,0.1181,0.1346,0.1511,0.1836,0.1301,0.7175,0.0489,0.636,0.2067,0.2691,0.1517,0.0,1.2635,0.0476,0.2264,0.2264,0.2264,0.5013,0.0,0.0,0.1276,0.4924,1.1213,0.1279,3.3287,0.0219,0,0,0,0,0,0,0,0,0,0,0,0,0,0,0,0,0,0,0,0,0,5302,160,92,88,75,159,206,10,19,0,17,0,17,115,99,0,17,7.2,4.2,1.6,1.4,2.9,3.8,0.2,0.4,0.0,0.6,0.0,0.6,2.1,1.8,0.0,0.6
39,Ohio,OH,39133,Portage County,39133601703,Census Tract 6017.03; Portage County; Ohio,5.276199274498,3376,501,1896,217,1622,228,966,320,60,51,621,198,78,66,195,156,709,234,416,99,441,173,0,16,0,48,500,714,619,204,0,12,0,16,171,118,0,12,28.8,8.5,3.4,3.0,38.3,11.0,3.3,2.8,5.8,4.4,21.0,6.4,12.3,2.5,13.1,4.8,0.0,1.0,0.0,1.5,14.8,21.0,32.6,10.1,0.0,1.8,0.0,1.0,10.5,6.9,0.0,0.4,0.6909,0.3975,0.8737,0.176,0.5294,2.6675,0.5619,0.7121,0.0659,0.4199,0.0,0.0,1.1979,0.04,0.488,0.488,0.488,0.9302,0.0,0.0,0.7343,0.0,1.6645,0.279,6.0179,0.2629,0,0,0,0,0,0,0,0,0,0,0,0,0,0,1,0,0,0,0,1,1,4197,104,65,227,150,0,12,240,149,0,12,0,12,33,42,0,12,6.4,3.7,6.7,4.3,0.0,1.0,7.1,4.6,0.0,1.0,0.0,1.0,1.0,1.3,0.0,1.0
39,Ohio,OH,39133,Portage County,39133601704,Census Tract 6017.04; Portage County; Ohio,4.631876890122,3414,541,1500,271,1340,278,239,138,26,44,246,151,51,70,107,93,612,294,779,221,568,304,9,22,0,48,309,770,35,51,0,12,56,74,77,78,0,12,7.1,4.0,1.4,2.4,18.4,10.6,2.1,2.9,3.1,2.8,17.9,7.1,22.8,6.8,16.6,8.0,0.7,1.6,0.0,1.5,9.1,22.5,2.3,3.4,0.0,2.3,4.2,5.5,5.7,6.0,0.0,0.4,0.1228,0.1117,0.3286,0.0938,0.2371,0.894,0.0803,0.5231,0.5761,0.6407,0.0546,0.0,1.7945,0.1794,0.3221,0.3221,0.3221,0.426,0.0,0.907,0.5241,0.0,1.8571,0.3575,4.8677,0.1283,0,0,0,0,0,0,0,0,0,0,0,0,0,0,0,0,1,0,0,1,1,1130,179,96,79,97,92,128,0,12,0,12,0,12,138,93,0,12,13.4,7.3,2.3,2.8,2.7,3.8,0.0,1.0,0.0,1.0,0.0,1.0,4.0,2.9,0.0,1.0
39,Ohio,OH,39133,Portage County,39133601801,Census Tract 6018.01; Portage County; Ohio,9.257208193038,3967,432,1624,162,1494,138,433,166,107,50,245,107,139,89,319,264,650,74,924,208,321,96,46,42,6,48,428,620,12,22,135,68,0,16,25,26,3,6,10.9,4.0,5.1,2.4,16.4,7.0,5.1,3.4,8.1,6.7,16.4,2.5,23.3,3.7,8.2,2.6,3.1,2.8,0.2,1.3,10.8,15.6,0.7,1.4,8.3,4.0,0.0,1.1,1.7,1.7,0.1,0.2,0.2374,0.5892,0.2451,0.3098,0.7226,2.1041,0.3987,0.4255,0.6068,0.1215,0.2733,0.4556,1.8827,0.2137,0.3824,0.3824,0.3824,0.2994,0.8511,0.0,0.1848,0.3694,1.7047,0.2971,6.0739,0.2698,0,0,0,0,0,0,0,0,0,0,0,0,0,0,0,0,0,0,0,0,0,2032,136,91,6,14,352,232,0,12,0,12,0,12,61,48,9,18,9.1,5.8,0.2,0.4,8.9,5.8,0.0,0.9,0.0,0.9,0.0,0.9,1.5,1.2,0.2,0.4
39,Ohio,OH,39133,Portage County,39133601802,Census Tract 6018.02; Portage County; Ohio,17.16237675774,4620,432,1883,159,1795,164,612,243,102,108,361,156,131,69,28,21,702,109,929,124,498,153,80,53,0,48,344,633,126,70,8,12,43,49,42,37,0,12,13.3,5.1,3.9,3.9,20.1,8.5,4.2,2.2,0.6,0.4,15.2,2.7,20.1,2.2,10.8,3.4,4.5,2.9,0.0,1.1,7.4,13.7,6.7,3.7,0.4,0.6,2.4,2.7,2.3,2.0,0.0,0.3,0.3142,0.4644,0.3971,0.2441,0.0187,1.4385,0.2086,0.3523,0.3906,0.2691,0.4286,0.0,1.4406,0.0759,0.2521,0.2521,0.2521,0.6092,0.5625,0.7787,0.2429,0.0,2.1933,0.4994,5.3245,0.1727,0,0,0,0,0,0,0,0,0,0,0,0,0,0,0,0,0,0,0,0,0,5228,142,59,48,48,96,83,24,34,0,12,0,12,176,127,0,12,7.9,3.2,1.0,1.0,2.1,1.8,0.5,0.7,0.0,0.8,0.0,0.8,3.8,2.8,0.0,0.8
39,Ohio,OH,39133,Portage County,39133601901,Census Tract 6019.01; Portage County; Ohio,25.498493455844,2569,18,980,122,852,105,645,302,45,46,142,69,112,66,205,119,292,83,593,133,335,123,10,20,0,48,228,164,0,16,13,17,0,16,17,20,0,12,25.1,11.8,3.2,3.4,16.7,7.8,6.6,3.7,8.0,4.6,11.4,3.2,23.1,5.2,13.0,4.8,1.2,2.3,0.0,2.0,8.9,6.4,0.0,1.6,1.3,1.7,0.0,1.9,2.0,2.4,0.0,0.5,0.6268,0.3711,0.2581,0.4236,0.7166,2.3962,0.4794,0.1718,0.5948,0.4129,0.0937,0.0,1.2732,0.0492,0.3145,0.3145,0.3145,0.0,0.6505,0.0,0.2127,0.0,0.8632,0.0844,4.8471,0.1267,0,0,0,0,0,0,0,0,0,0,0,0,0,0,0,0,0,0,0,0,0,1962,74,47,0,12,49,87,24,33,0,12,0,12,93,71,62,89,8.7,5.5,0.0,1.4,1.9,3.4,0.9,1.3,0.0,1.4,0.0,1.4,3.6,2.8,2.4,3.5
39,Ohio,OH,39133,Portage County,39133601902,Census Tract 6019.02; Portage County; Ohio,23.408257691668,2844,17,1596,145,1102,127,551,213,34,50,303,114,204,143,91,68,472,161,631,94,519,176,40,42,0,48,160,143,0,16,372,145,18,25,20,21,0,12,19.4,7.5,2.4,3.5,27.5,9.8,10.6,7.3,3.2,2.4,16.6,5.7,22.2,3.3,18.2,6.2,3.6,3.8,0.0,1.8,5.6,5.0,0.0,1.0,23.3,8.6,1.6,2.3,1.8,1.9,0.0,0.4,0.4922,0.2514,0.6663,0.6671,0.2491,2.3261,0.4606,0.4379,0.5336,0.7204,0.3292,0.0,2.0211,0.2816,0.1776,0.1776,0.1776,0.0,0.9717,0.6794,0.1933,0.0,1.8444,0.3546,6.3692,0.3181,0,0,0,0,0,0,0,0,0,0,0,0,0,0,0,1,0,0,0,1,1,981,173,87,0,12,0,12,0,12,0,12,0,12,160,141,0,12,15.7,7.6,0.0,1.2,0.0,1.2,0.0,1.2,0.0,1.2,0.0,1.2,5.6,5.0,0.0,1.2
39,Ohio,OH,39133,Portage County,39133602000,Census Tract 6020; Portage County; Ohio,29.075791034368,5295,23,2076,144,2027,144,643,384,222,131,365,152,497,172,511,341,1050,226,1005,120,721,231,37,67,0,68,320,333,0,24,226,100,68,59,107,83,1,1,12.2,7.3,7.6,4.4,18.0,7.4,12.9,4.4,9.7,6.4,19.8,4.3,19.0,2.3,13.6,4.4,1.8,3.3,0.0,1.3,6.0,6.3,0.0,1.2,10.9,4.6,3.4,2.9,5.3,4.1,0.0,0.0,0.2764,0.7527,0.3114,0.7524,0.8067,2.8996,0.6295,0.6512,0.3183,0.4532,0.1419,0.0,1.5646,0.1057,0.1928,0.1928,0.1928,0.0,0.8851,0.8708,0.4917,0.0,2.2476,0.5229,6.9046,0.413,0,0,0,0,0,0,0,0,0,0,0,0,0,0,0,0,0,0,0,0,0,2914,253,142,1,1,74,80,0,17,0,17,0,17,245,325,0,17,12.5,6.8,0.0,0.1,1.4,1.5,0.0,0.7,0.0,0.7,0.0,0.7,4.6,6.2,0.0,0.7
39,Ohio,OH,39133,Portage County,39133602101,Census Tract 6021.01; Portage County; Ohio,11.189880364238,3779,475,1594,198,1561,190,279,142,33,36,189,94,267,102,80,74,1039,265,647,153,583,196,67,90,0,48,195,648,0,16,0,12,0,16,10,16,0,12,7.4,3.6,1.7,1.8,12.1,5.8,10.1,3.8,2.1,2.0,27.5,5.6,17.1,3.8,15.4,4.5,4.3,5.7,0.0,1.3,5.2,17.1,0.0,1.0,0.0,2.2,0.0,1.0,0.6,1.0,0.0,0.3,0.1317,0.1492,0.1006,0.6443,0.1301,1.1559,0.1368,0.9271,0.2096,0.5712,0.407,0.0,2.1149,0.3314,0.1585,0.1585,0.1585,0.0,0.0,0.0,0.0616,0.0,0.0616,0.0092,3.4909,0.0317,0,0,0,0,0,0,1,0,0,0,0,1,0,0,0,0,0,0,0,0,1,1744,49,41,13,21,11,15,0,12,0,12,0,12,171,143,0,12,3.1,2.7,0.3,0.6,0.3,0.4,0.0,0.9,0.0,0.9,0.0,0.9,4.5,3.6,0.0,0.9
39,Ohio,OH,39133,Portage County,39133602102,Census Tract 6021.02; Portage County; Ohio,12.021852181634,3272,378,1516,284,1366,289,364,206,12,19,178,108,98,63,67,56,772,228,545,166,587,248,11,22,0,48,42,531,0,16,27,33,0,16,239,284,0,12,11.1,6.2,0.7,1.1,13.0,7.4,3.9,2.5,2.0,1.7,23.6,6.7,16.7,4.6,17.9,7.6,0.8,1.6,0.0,1.5,1.3,16.2,0.0,1.1,1.8,2.3,0.0,1.2,17.5,18.5,0.0,0.4,0.2437,0.0502,0.1248,0.2191,0.1209,0.7587,0.0552,0.8209,0.1925,0.708,0.0625,0.0,1.7839,0.1737,0.0143,0.0143,0.0143,0.0,0.686,0.0,0.8727,0.0,1.5587,0.2495,4.1156,0.0648,0,0,0,0,0,0,0,0,0,0,0,0,0,0,0,0,0,0,0,0,0,1807,164,84,0,12,0,12,0,12,0,12,0,12,42,45,0,12,12.0,6.8,0.0,1.1,0.0,1.1,0.0,1.1,0.0,1.1,0.0,1.1,1.3,1.3,0.0,1.1
39,Ohio,OH,39135,Preble County,39135400100,Census Tract 4001; Preble County; Ohio,35.04563490713,3225,18,1534,132,1324,96,793,227,71,51,239,75,455,137,147,70,592,90,706,117,561,104,62,33,0,48,69,70,35,25,136,55,10,9,73,41,79,9,24.7,7.1,4.3,3.1,18.1,5.5,19.5,5.7,4.6,2.2,18.4,2.8,21.9,3.7,17.4,3.2,4.7,2.5,0.0,1.6,2.1,2.2,2.3,1.6,8.9,3.8,0.7,0.7,5.5,3.2,2.4,0.3,0.6169,0.5117,0.3175,0.9033,0.3996,2.749,0.5873,0.5621,0.5098,0.6836,0.4476,0.0,2.2031,0.3781,0.0374,0.0374,0.0374,0.426,0.859,0.4873,0.5098,0.7885,3.0706,0.8498,8.0601,0.5952,0,0,0,1,0,1,0,0,0,0,0,0,0,0,0,0,0,0,0,0,1,2895,170,68,8,46,0,12,11,15,0,12,6,11,44,33,0,12,12.8,4.9,0.2,1.4,0.0,1.1,0.3,0.5,0.0,1.1,0.2,0.3,1.4,1.0,0.0,1.1
39,Ohio,OH,39135,Preble County,39135410100,Census Tract 4101; Preble County; Ohio,35.120766109208,2352,289,997,106,926,91,427,167,40,37,124,44,142,65,181,87,429,63,571,146,385,102,56,44,0,48,103,400,30,34,8,11,4,13,17,14,0,12,18.2,6.8,3.5,3.2,13.4,4.6,9.1,4.1,7.7,3.3,18.2,3.5,24.3,3.8,16.4,3.9,6.0,4.7,0.0,2.2,4.4,17.0,3.0,3.4,0.8,1.1,0.4,1.4,1.8,1.5,0.0,0.5,0.4611,0.4156,0.1371,0.5821,0.6915,2.2874,0.4495,0.5466,0.6734,0.6296,0.5517,0.0,2.4013,0.5,0.1249,0.1249,0.1249,0.4724,0.6095,0.4206,0.1933,0.0,1.6958,0.294,6.5094,0.3438,0,0,0,0,0,0,0,0,0,0,0,0,0,0,0,0,0,0,0,0,0,712,151,52,6,10,24,24,0,12,0,12,0,12,73,44,0,12,16.3,5.5,0.3,0.4,1.0,1.0,0.0,1.5,0.0,1.5,0.0,1.5,3.1,1.8,0.0,1.5
39,Ohio,OH,39135,Preble County,39135420100,Census Tract 4201; Preble County; Ohio,35.720930007844,4310,26,1845,100,1764,96,591,184,96,55,319,85,161,44,267,172,782,127,1094,121,512,133,67,45,0,48,209,104,6,16,21,17,7,15,49,36,0,12,13.7,4.3,4.3,2.4,18.1,4.7,5.5,1.5,6.2,4.0,18.1,3.0,25.4,2.8,11.9,3.1,3.8,2.5,0.0,1.2,4.8,2.4,0.3,0.9,1.1,0.9,0.4,0.9,2.8,2.0,0.0,0.3,0.3247,0.5117,0.3175,0.3405,0.5659,2.0603,0.3838,0.539,0.7327,0.345,0.3502,0.0,1.9669,0.2565,0.1439,0.1439,0.1439,0.2683,0.6378,0.4206,0.2848,0.0,1.6115,0.2625,5.7826,0.2279,0,0,0,0,0,0,0,0,0,0,0,0,0,0,0,0,0,0,0,0,0,3579,241,67,0,12,85,73,26,24,5,8,0,12,93,64,0,12,13.7,3.6,0.0,0.8,2.0,1.7,0.6,0.6,0.1,0.2,0.0,0.8,2.2,1.5,0.0,0.8
39,Ohio,OH,39135,Preble County,39135430100,Census Tract 4301; Preble County; Ohio,34.890231940946,2660,18,989,79,981,76,485,231,38,35,122,54,128,60,78,67,463,108,610,89,240,73,87,68,0,48,172,161,0,16,6,10,18,26,40,30,0,12,18.2,8.7,2.6,2.4,12.4,5.4,7.2,3.3,2.9,2.5,17.4,4.0,22.9,3.4,9.0,2.7,8.8,6.9,0.0,1.9,6.5,6.1,0.0,1.6,0.6,1.0,1.8,2.6,4.1,3.1,0.0,0.5,0.4611,0.2822,0.1098,0.4629,0.2142,1.5302,0.2317,0.4908,0.5808,0.1593,0.7254,0.0,1.9563,0.2521,0.215,0.215,0.215,0.0,0.5876,0.7079,0.4063,0.0,1.7018,0.2956,5.4033,0.1778,0,0,0,0,0,0,0,0,0,0,0,0,0,0,0,0,0,0,0,0,0,2001,70,47,120,149,0,12,0,12,0,12,0,12,24,32,28,32,7.1,4.8,4.5,5.6,0.0,1.3,0.0,1.3,0.0,1.3,0.0,1.3,0.9,1.2,1.1,1.2
39,Ohio,OH,39135,Preble County,39135440100,Census Tract 4401; Preble County; Ohio,36.413224407414,3713,25,1596,108,1512,112,432,149,109,72,218,73,245,79,301,162,870,160,759,128,445,109,64,39,3,46,148,95,39,26,0,12,16,20,70,58,0,12,11.7,4.0,6.0,3.9,14.4,4.7,9.0,2.8,8.1,4.4,23.4,4.3,20.4,3.4,12.0,2.9,4.2,2.6,0.1,1.3,4.0,2.6,2.4,1.6,0.0,2.2,1.1,1.3,4.6,3.8,0.0,0.3,0.264,0.6559,0.1679,0.5755,0.7226,2.3859,0.4784,0.8107,0.4134,0.3523,0.394,0.4245,2.3949,0.4933,0.1046,0.1046,0.1046,0.4352,0.0,0.587,0.4419,0.0,1.4641,0.22,6.3495,0.3146,0,0,0,0,0,0,0,0,0,0,0,0,0,0,0,0,0,0,0,0,0,1416,318,116,0,12,111,84,1,3,0,12,0,12,36,28,0,12,21.0,7.5,0.0,0.9,3.0,2.2,0.0,0.1,0.0,0.9,0.0,0.9,1.0,0.7,0.0,0.9
39,Ohio,OH,39135,Preble County,39135450100,Census Tract 4501; Preble County; Ohio,36.695498174186,2375,271,1099,158,1075,161,481,178,20,18,216,80,121,56,179,114,591,106,512,91,321,71,67,45,0,48,239,395,31,25,17,18,0,16,4,7,0,12,20.3,7.1,1.7,1.6,20.1,6.8,6.8,3.1,7.5,4.7,24.9,4.5,21.6,4.4,13.5,3.3,6.2,4.1,0.0,2.1,10.1,16.6,2.8,2.2,1.5,1.7,0.0,1.5,0.4,0.6,0.0,0.5,0.5129,0.1492,0.3971,0.4344,0.6798,2.1734,0.4178,0.8618,0.4918,0.4478,0.5657,0.0,2.3671,0.4778,0.3592,0.3592,0.3592,0.4622,0.6667,0.0,0.0476,0.0,1.1765,0.1403,6.0762,0.2702,0,0,0,0,0,0,0,0,0,0,0,0,0,0,0,0,0,0,0,0,0,1953,140,52,61,56,0,12,4,7,0,12,0,12,174,100,0,12,13.0,5.1,2.6,2.4,0.0,1.5,0.2,0.3,0.0,1.5,0.0,1.5,7.3,4.2,0.0,1.5
39,Ohio,OH,39135,Preble County,39135455001,Census Tract 4550.01; Preble County; Ohio,4.159495378896,2141,276,895,136,875,133,334,136,14,16,165,75,95,73,87,54,505,128,421,87,379,101,47,33,17,48,127,379,0,16,15,24,8,16,61,59,80,12,16.2,6.2,1.3,1.5,18.9,8.1,6.2,4.4,4.2,2.4,23.6,5.4,19.7,2.9,18.3,4.2,5.4,3.7,0.8,2.3,5.9,17.7,0.0,1.8,1.7,2.6,0.9,1.8,7.0,6.1,3.7,0.3,0.3951,0.1013,0.3483,0.3966,0.3561,1.5974,0.2524,0.8209,0.3653,0.7271,0.5108,0.6636,3.0877,0.8489,0.1883,0.1883,0.1883,0.0,0.6816,0.5384,0.5994,0.8599,2.6793,0.7121,7.5527,0.5079,0,0,0,0,0,0,0,0,0,0,0,0,0,0,0,0,0,0,0,0,0,3967,110,63,15,21,0,12,51,67,0,12,0,12,37,34,24,34,12.6,6.7,0.7,1.0,0.0,1.6,2.4,3.0,0.0,1.6,0.0,1.6,1.7,1.5,1.1,1.6
39,Ohio,OH,39135,Preble County,39135455002,Census Tract 4550.02; Preble County; Ohio,5.088224357492,5527,367,2660,197,2420,205,1003,332,47,52,633,191,313,141,132,98,1177,188,1345,251,865,230,155,100,0,68,137,525,72,49,0,17,37,46,197,109,204,5,18.8,6.1,1.8,2.0,26.2,7.6,8.1,3.8,2.5,1.8,21.3,4.0,24.3,3.9,16.2,4.6,6.4,4.1,0.0,1.3,2.5,9.5,2.7,1.8,0.0,1.3,1.5,1.9,8.1,4.3,3.7,0.3,0.4776,0.1654,0.6241,0.5206,0.1692,1.9569,0.3517,0.7251,0.6734,0.6144,0.58,0.0,2.5929,0.6171,0.0514,0.0514,0.0514,0.4533,0.0,0.6606,0.6505,0.8599,2.6243,0.6886,7.2255,0.4575,0,0,0,0,0,0,0,0,0,0,0,0,0,0,0,0,0,0,0,0,0,7178,420,167,48,41,68,74,0,17,0,17,0,17,21,27,0,17,17.4,6.3,0.9,0.7,1.2,1.4,0.0,0.6,0.0,0.6,0.0,0.6,0.4,0.5,0.0,0.6
39,Ohio,OH,39135,Preble County,39135460100,Census Tract 4601; Preble County; Ohio,105.535611407282,2686,271,1179,99,1017,104,621,260,112,84,124,56,168,90,110,79,494,109,692,181,454,128,24,23,0,48,198,383,4,13,60,71,0,16,65,70,16,3,23.1,9.4,8.7,6.1,12.2,5.4,9.2,4.8,4.1,2.9,18.4,4.1,25.8,5.1,16.9,4.6,2.4,2.2,0.0,1.9,7.4,14.2,0.3,1.1,5.1,6.0,0.0,1.6,6.4,6.8,0.6,0.1,0.5843,0.8032,0.1032,0.5875,0.3478,2.426,0.4867,0.5621,0.7562,0.6598,0.201,0.0,2.1791,0.3676,0.2521,0.2521,0.2521,0.2683,0.7851,0.0,0.5641,0.6059,2.2234,0.5127,7.0806,0.4356,0,0,0,0,0,0,0,0,0,0,0,0,0,0,0,0,0,0,0,0,0,920,199,83,4,8,24,30,0,12,4,6,0,12,166,87,0,12,19.6,7.9,0.1,0.3,0.9,1.1,0.0,1.3,0.1,0.2,0.0,1.3,6.2,3.2,0.0,1.3
39,Ohio,OH,39135,Preble County,39135470101,Census Tract 4701.01; Preble County; Ohio,11.225582443974,3627,143,1683,151,1488,116,201,81,35,32,302,117,131,76,94,67,709,166,817,144,359,127,129,89,0,48,165,225,0,16,0,12,10,23,33,29,0,12,5.6,2.2,1.8,1.6,20.3,7.7,5.2,3.1,2.6,1.8,19.5,4.6,22.5,3.7,9.9,3.5,8.7,5.9,0.0,1.4,4.5,6.2,0.0,1.0,0.0,2.1,0.7,1.5,2.2,1.9,0.0,0.3,0.0765,0.1654,0.4086,0.3148,0.1812,1.1465,0.134,0.636,0.5526,0.2104,0.7194,0.0,2.1184,0.3346,0.1297,0.1297,0.1297,0.0,0.0,0.4873,0.2324,0.0,0.7197,0.0603,4.1143,0.0641,0,0,0,0,0,0,0,0,0,0,0,0,0,0,0,0,0,0,0,0,0,1411,141,62,0,12,50,50,0,12,11,20,0,12,95,122,9,15,9.5,3.9,0.0,1.0,1.4,1.4,0.0,1.0,0.3,0.6,0.0,1.0,2.6,3.3,0.2,0.4
39,Ohio,OH,39135,Preble County,39135470102,Census Tract 4701.02; Preble County; Ohio,47.809135748688,4098,142,1866,153,1599,122,938,256,51,34,390,126,164,73,442,195,665,142,891,103,656,118,63,36,0,48,70,215,27,22,294,105,6,8,40,21,0,12,22.9,6.2,2.7,1.8,24.4,7.7,6.0,2.6,10.8,4.8,16.2,3.4,21.7,2.4,16.0,2.8,4.0,2.2,0.0,1.2,1.7,5.2,1.5,1.2,15.8,5.2,0.4,0.5,2.5,1.3,0.0,0.3,0.5798,0.2968,0.5559,0.3811,0.8502,2.6638,0.561,0.4138,0.4965,0.6039,0.3743,0.0,1.8885,0.2165,0.0254,0.0254,0.0254,0.3717,0.9333,0.4206,0.2587,0.0,1.9843,0.4102,6.562,0.354,0,0,0,0,0,0,0,0,0,0,0,0,0,0,0,1,0,0,0,1,1,2380,237,94,17,26,38,55,0,12,0,12,0,12,15,15,0,12,14.8,5.3,0.4,0.6,0.9,1.3,0.0,0.8,0.0,0.8,0.0,0.8,0.4,0.4,0.0,0.8
39,Ohio,OH,39135,Preble County,39135480100,Census Tract 4801; Preble County; Ohio,36.521815594914,4215,26,1745,145,1625,140,412,187,67,46,160,67,188,82,164,102,725,114,639,136,908,212,74,52,0,48,208,107,0,16,34,23,45,66,25,19,21,4,9.8,4.5,2.8,1.9,9.8,4.0,5.9,2.6,3.9,2.4,17.2,2.7,15.2,3.2,21.5,5.0,4.6,3.2,0.0,1.2,4.9,2.5,0.0,0.9,1.9,1.3,2.8,4.1,1.5,1.1,0.5,0.1,0.2012,0.3133,0.0448,0.3741,0.3224,1.2558,0.1584,0.4765,0.1344,0.8534,0.4381,0.0,1.9024,0.2238,0.1474,0.1474,0.1474,0.0,0.693,0.826,0.1597,0.5742,2.2529,0.5273,5.5585,0.1975,0,0,0,0,0,0,0,0,0,0,0,0,0,0,0,0,0,0,0,0,0,2449,162,78,0,12,43,54,0,12,0,12,0,12,165,87,0,12,10.0,4.4,0.0,0.8,1.0,1.3,0.0,0.8,0.0,0.8,0.0,0.8,3.9,2.1,0.0,0.8
39,Ohio,OH,39137,Putnam County,39137030100,Census Tract 301; Putnam County; Ohio,72.611649461372,4602,293,1808,116,1682,121,691,194,56,32,258,75,306,71,316,101,879,149,1201,175,557,118,63,35,130,89,1290,417,28,24,136,46,59,44,57,30,69,5,15.3,4.2,2.4,1.4,15.3,4.3,10.4,2.4,7.0,2.3,19.1,3.5,26.1,2.8,12.3,2.6,3.8,2.1,3.1,2.1,28.0,8.9,1.5,1.3,7.5,2.6,3.5,2.6,3.4,1.8,1.5,0.1,0.3723,0.2514,0.2003,0.6582,0.636,2.1182,0.4032,0.6062,0.7736,0.3745,0.3502,0.9014,3.0059,0.8254,0.6883,0.6883,0.6883,0.3717,0.8394,0.8771,0.3438,0.7146,3.1466,0.8683,8.959,0.7229,0,0,0,0,0,0,0,0,0,0,1,1,0,0,0,0,0,0,0,0,1,3451,249,61,25,34,1158,204,0,12,0,12,0,12,107,66,0,12,14.8,3.6,0.5,0.7,25.2,4.0,0.0,0.8,0.0,0.8,0.0,0.8,2.3,1.4,0.0,0.8
39,Ohio,OH,39137,Putnam County,39137030200,Census Tract 302; Putnam County; Ohio,132.10154832116,5930,428,2448,158,2311,154,644,260,134,103,319,127,208,78,88,53,1100,174,1519,222,715,172,99,87,53,107,93,610,7,18,92,45,5,18,76,48,35,4,10.9,4.3,4.7,3.6,13.8,5.4,5.2,2.0,1.5,0.9,18.5,3.2,25.6,2.8,12.1,2.7,4.3,3.8,0.9,1.9,1.6,10.3,0.3,0.7,3.8,1.9,0.2,0.8,3.3,2.1,0.6,0.1,0.2374,0.553,0.1489,0.3148,0.072,1.3261,0.1778,0.5698,0.7429,0.3586,0.407,0.6855,2.7638,0.7162,0.0222,0.0222,0.0222,0.2683,0.7565,0.3905,0.3346,0.6059,2.3558,0.5721,6.4679,0.3378,0,0,0,0,0,0,0,0,0,0,0,0,0,0,0,0,0,0,0,0,0,3183,428,159,16,21,68,77,0,17,0,17,0,17,8,11,1,3,18.5,6.4,0.3,0.4,1.1,1.3,0.0,0.6,0.0,0.6,0.0,0.6,0.1,0.2,0.0,0.1
39,Ohio,OH,39137,Putnam County,39137030301,Census Tract 303.01; Putnam County; Ohio,17.334942730028,3862,315,1449,143,1402,146,328,153,0,12,184,110,121,72,34,35,573,98,1017,165,350,107,58,60,7,45,524,422,8,17,78,67,90,70,34,31,16,2,8.6,3.9,0.0,1.8,13.1,7.7,4.9,3.0,0.9,0.9,14.8,2.5,26.3,2.9,9.1,2.9,4.1,4.3,0.2,1.3,13.6,10.9,0.6,1.2,5.4,4.6,6.4,4.9,2.4,2.2,0.4,0.0,0.1666,0.0,0.1283,0.2955,0.0349,0.6253,0.0368,0.3335,0.7828,0.1644,0.3844,0.4556,2.1207,0.3368,0.4607,0.4607,0.4607,0.2886,0.7927,0.9651,0.2514,0.5374,2.8352,0.7727,6.0419,0.2657,0,0,0,0,0,0,0,0,0,0,0,0,0,0,0,0,1,0,0,1,1,4420,271,109,43,38,359,163,17,24,0,12,0,12,105,84,0,12,19.3,7.1,1.1,1.0,9.3,4.0,0.4,0.6,0.0,0.9,0.0,0.9,2.7,2.2,0.0,0.9
39,Ohio,OH,39137,Putnam County,39137030302,Census Tract 303.02; Putnam County; Ohio,18.736332371596,4143,317,1706,142,1627,144,447,143,19,23,331,106,141,59,113,109,837,139,950,146,446,120,9,9,3,49,295,435,142,98,24,26,24,29,99,71,54,2,10.9,3.4,0.9,1.1,20.3,6.3,5.0,2.1,2.8,2.7,20.2,3.3,22.9,2.6,10.9,3.0,0.5,0.6,0.1,1.2,7.1,10.5,8.3,5.7,1.4,1.6,1.5,1.8,6.1,4.3,1.3,0.1,0.2374,0.0654,0.4086,0.3041,0.1996,1.2151,0.1505,0.6734,0.5808,0.2752,0.0473,0.4245,2.0012,0.2714,0.2397,0.2397,0.2397,0.6581,0.6597,0.6606,0.5479,0.6934,3.2197,0.8832,6.6757,0.3749,0,0,0,0,0,0,0,0,0,0,0,0,0,0,0,0,0,0,0,0,0,4749,209,87,3,18,244,170,4,9,26,35,0,12,18,25,0,12,12.8,5.3,0.1,0.4,5.9,4.0,0.1,0.2,0.6,0.9,0.0,0.8,0.4,0.6,0.0,0.8
39,Ohio,OH,39137,Putnam County,39137030400,Census Tract 304; Putnam County; Ohio,66.220871010578,3423,230,1339,109,1307,110,323,150,58,31,117,86,61,31,67,56,588,66,876,127,249,74,24,19,53,70,275,310,0,16,49,19,10,16,23,21,87,5,9.6,4.4,3.4,1.8,9.0,6.5,2.7,1.4,2.0,1.7,17.2,2.1,25.6,3.0,7.4,2.2,1.8,1.4,1.6,2.1,8.0,9.0,0.0,1.2,3.7,1.5,0.8,1.2,1.8,1.6,2.5,0.2,0.1939,0.3975,0.0324,0.1325,0.1209,0.8772,0.0784,0.4765,0.7429,0.0847,0.1419,0.7971,2.2431,0.3994,0.2825,0.2825,0.2825,0.0,0.7533,0.5117,0.1933,0.7949,2.2532,0.5279,5.656,0.2073,0,0,0,0,0,0,0,0,0,0,0,0,0,0,0,0,0,0,0,0,0,2321,122,50,9,15,176,114,0,12,0,12,0,12,90,54,0,12,9.3,3.8,0.3,0.4,5.1,3.3,0.0,1.0,0.0,1.0,0.0,1.0,2.6,1.5,0.0,1.0
39,Ohio,OH,39137,Putnam County,39137030500,Census Tract 305; Putnam County; Ohio,36.366969001712,3779,18,1442,146,1378,138,476,179,53,30,168,60,170,74,237,166,627,116,1160,202,301,86,37,24,0,48,309,162,16,15,83,46,5,14,14,15,0,12,12.6,4.7,3.0,1.7,12.2,4.2,7.1,3.0,6.3,4.4,16.6,3.1,30.7,5.3,8.0,2.3,2.7,1.7,0.0,1.4,8.2,4.3,1.1,1.0,5.8,3.1,0.4,1.0,1.0,1.0,0.0,0.3,0.2897,0.3403,0.1032,0.4569,0.5763,1.7664,0.3016,0.4379,0.9321,0.1104,0.2298,0.0,1.7102,0.1479,0.2892,0.2892,0.2892,0.3378,0.8022,0.4206,0.1067,0.0,1.6673,0.2803,5.4331,0.1819,0,0,0,0,0,0,0,1,0,0,0,1,0,0,0,0,0,0,0,0,1,2747,150,60,27,37,113,71,0,12,0,12,0,12,60,58,109,151,10.9,3.9,0.7,1.0,3.0,1.9,0.0,0.9,0.0,0.9,0.0,0.9,1.6,1.5,2.9,4.0
39,Ohio,OH,39137,Putnam County,39137030600,Census Tract 306; Putnam County; Ohio,60.720748792364,3797,245,1591,158,1522,160,231,160,15,23,152,71,101,60,93,74,708,140,897,131,254,83,44,32,36,69,121,363,0,16,27,40,31,38,16,23,74,2,6.2,4.3,0.7,1.1,10.0,4.5,3.7,2.3,2.5,2.0,18.6,3.3,23.6,3.7,6.8,2.2,2.9,2.1,1.0,2.0,3.2,9.6,0.0,1.0,1.7,2.6,2.0,2.5,1.1,1.5,1.9,0.1,0.092,0.0502,0.0495,0.2039,0.1692,0.5648,0.0286,0.5767,0.6287,0.0666,0.2473,0.707,2.2263,0.3911,0.0751,0.0751,0.0751,0.0,0.6816,0.7346,0.1194,0.7524,2.288,0.5422,5.1542,0.1568,0,0,0,0,0,0,0,0,0,0,0,0,0,0,0,0,0,0,0,0,0,3770,199,65,0,12,96,81,0,12,0,12,0,12,25,31,0,12,13.1,3.8,0.0,0.9,2.5,2.1,0.0,0.9,0.0,0.9,0.0,0.9,0.7,0.8,0.0,0.9
39,Ohio,OH,39137,Putnam County,39137030700,Census Tract 307; Putnam County; Ohio,78.450890085512,4864,357,2063,140,1962,145,322,152,50,23,219,56,83,27,107,43,839,92,1134,157,381,82,25,17,7,47,103,499,31,22,49,34,27,33,18,11,0,12,6.6,3.1,1.9,0.9,11.2,2.7,2.4,0.8,2.2,0.9,17.2,1.9,23.3,2.4,7.8,1.8,1.3,0.9,0.2,1.0,2.1,10.3,1.5,1.1,2.4,1.7,1.4,1.7,0.9,0.6,0.0,0.2,0.1066,0.1787,0.074,0.1135,0.1396,0.6124,0.0356,0.4765,0.6068,0.1012,0.1022,0.4556,1.7423,0.1594,0.0374,0.0374,0.0374,0.3717,0.7143,0.6384,0.0975,0.0,1.8219,0.3454,4.214,0.0721,0,0,0,0,0,0,0,0,0,0,0,0,0,0,0,0,0,0,0,0,0,3782,226,62,5,8,45,51,9,14,0,12,8,12,36,43,0,12,11.5,3.2,0.1,0.2,0.9,1.0,0.2,0.3,0.0,0.7,0.2,0.2,0.7,0.9,0.0,0.7
39,Ohio,OH,39139,Richland County,39139000400,Census Tract 4; Richland County; Ohio,0.524868603208,2131,354,1146,140,867,135,1086,334,58,44,348,109,147,59,128,83,236,82,629,199,334,118,131,86,0,48,658,458,0,16,0,12,11,17,133,75,0,12,52.3,13.6,5.8,4.1,40.1,10.9,10.6,4.2,6.0,3.6,11.1,3.9,29.5,6.5,15.7,5.3,15.1,9.6,0.0,2.4,30.9,20.9,0.0,1.4,0.0,3.0,1.3,2.0,15.3,8.0,0.0,0.6,0.9207,0.6432,0.8956,0.6671,0.5459,3.6725,0.8187,0.1617,0.8998,0.5874,0.9032,0.0,2.5521,0.5911,0.7134,0.7134,0.7134,0.0,0.0,0.6181,0.8416,0.0,1.4597,0.2175,8.3977,0.6489,1,0,0,0,0,1,0,0,0,1,0,1,0,0,0,0,0,0,0,0,2,1347,97,48,320,232,14,22,0,12,0,12,0,12,324,212,0,12,11.2,5.4,15.0,10.5,0.7,1.0,0.0,1.6,0.0,1.6,0.0,1.6,15.2,9.1,0.0,1.6
39,Ohio,OH,39139,Richland County,39139000500,Census Tract 5; Richland County; Ohio,0.702530735794,3352,403,1974,182,1545,205,1498,365,137,106,554,190,530,241,248,154,490,107,704,209,622,172,169,82,26,67,802,619,373,153,8,13,24,44,299,136,79,9,46.7,9.9,9.9,7.2,35.9,11.3,22.6,8.4,7.6,4.4,14.6,3.3,21.0,5.3,18.9,4.5,10.9,5.1,0.8,2.1,23.9,18.2,18.9,7.6,0.4,0.7,1.6,2.8,19.4,8.4,2.4,0.4,0.8877,0.8387,0.8349,0.9369,0.6855,4.1837,0.9244,0.3212,0.4499,0.7566,0.8057,0.6636,2.997,0.8216,0.6427,0.6427,0.6427,0.8295,0.5625,0.6794,0.8952,0.7885,3.7551,0.9721,11.5785,0.9629,0,0,0,1,0,1,0,0,0,0,0,0,0,0,0,0,0,0,0,0,1,3503,327,130,362,162,68,70,0,12,12,20,0,12,331,203,29,43,21.2,7.5,10.8,4.9,2.0,2.1,0.0,1.0,0.4,0.6,0.0,1.0,9.9,6.1,0.9,1.3
39,Ohio,OH,39139,Richland County,39139000600,Census Tract 6; Richland County; Ohio,1.144741464536,3260,661,1435,200,1032,202,1831,529,395,262,504,213,251,109,384,244,208,52,1135,303,443,177,257,163,0,48,829,961,28,43,57,67,0,16,337,187,118,42,56.7,11.7,26.1,11.7,48.8,18.3,14.6,5.2,11.9,7.6,6.4,2.2,34.8,9.2,13.7,5.5,24.9,15.0,0.0,1.7,25.4,29.0,2.0,3.0,4.0,4.5,0.0,1.6,32.7,13.7,3.6,1.1,0.9476,0.9867,0.9632,0.8066,0.8842,4.5883,0.9848,0.0399,0.9759,0.4589,0.9768,0.0,2.4515,0.5289,0.6614,0.6614,0.6614,0.4051,0.7619,0.0,0.967,0.8545,2.9885,0.8248,10.6897,0.9089,1,1,1,0,0,3,0,1,0,1,0,2,0,0,0,0,0,1,0,1,6,5043,318,201,618,290,0,12,0,12,0,12,0,12,211,173,0,12,30.8,15.5,19.0,9.5,0.0,1.1,0.0,1.1,0.0,1.1,0.0,1.1,6.5,5.7,0.0,1.1
39,Ohio,OH,39139,Richland County,39139000700,Census Tract 7; Richland County; Ohio,1.02274751831,2890,410,1456,351,1248,324,1372,458,176,116,513,357,122,72,138,82,277,93,693,192,553,168,189,90,9,48,2175,561,0,16,24,37,14,31,88,67,0,12,47.6,14.4,14.1,8.3,41.1,26.5,7.8,4.2,4.8,2.9,9.6,3.3,24.0,5.9,19.1,5.6,15.1,6.1,0.3,1.8,75.3,16.2,0.0,1.1,1.6,2.6,1.1,2.5,7.1,5.6,0.0,0.4,0.8927,0.9216,0.9079,0.5003,0.4243,3.6468,0.8114,0.1103,0.6582,0.768,0.9032,0.4968,2.9365,0.7952,0.9201,0.9201,0.9201,0.0,0.6749,0.587,0.6048,0.0,1.8667,0.3629,9.3701,0.7781,0,1,1,0,0,2,0,0,0,1,0,1,1,1,0,0,0,0,0,0,4,2204,187,81,1315,374,35,48,37,55,0,12,0,12,788,437,0,12,15.0,7.1,45.5,10.8,1.2,1.7,1.3,1.9,0.0,1.2,0.0,1.2,27.3,14.6,0.0,1.2
39,Ohio,OH,39139,Richland County,39139000800,Census Tract 8; Richland County; Ohio,1.391976474808,2623,447,1221,146,1137,149,1380,463,108,106,363,135,248,95,373,176,386,140,665,295,707,298,134,96,0,48,700,614,0,16,5,9,16,24,59,47,0,12,52.6,15.2,8.7,7.6,31.9,11.1,14.8,5.4,14.2,5.8,14.7,6.1,25.4,8.6,27.0,8.7,11.8,8.3,0.0,1.9,26.7,23.0,0.0,1.3,0.4,0.8,1.4,2.1,5.2,4.1,0.0,0.5,0.9222,0.8032,0.7705,0.8139,0.9308,4.2406,0.9343,0.3282,0.7327,0.9597,0.8337,0.0,2.8543,0.7549,0.6734,0.6734,0.6734,0.0,0.5625,0.6384,0.4844,0.0,1.6853,0.287,9.4536,0.7879,1,0,0,0,1,2,0,0,1,0,0,1,0,0,0,0,0,0,0,0,3,1868,130,88,307,234,285,257,0,12,4,7,0,12,104,140,0,12,11.4,7.8,11.7,8.7,10.9,9.5,0.0,1.3,0.2,0.3,0.0,1.3,4.0,5.3,0.0,1.3
39,Ohio,OH,39139,Richland County,39139000900,Census Tract 9; Richland County; Ohio,4.82828852193,4273,510,2302,249,2028,256,1393,351,154,104,530,189,429,139,331,169,1057,424,837,198,855,256,162,107,0,48,383,718,44,55,467,188,15,20,180,99,97,11,33.9,7.5,8.0,5.2,26.1,8.7,13.7,4.4,7.9,4.0,24.7,8.8,19.6,4.0,20.5,5.7,8.0,5.2,0.0,1.2,9.0,16.8,1.9,2.4,20.3,7.6,0.7,1.0,8.9,4.9,2.3,0.4,0.7683,0.773,0.6203,0.7815,0.709,3.6521,0.8127,0.8532,0.3602,0.821,0.6851,0.0,2.7195,0.6933,0.3177,0.3177,0.3177,0.3975,0.9597,0.4873,0.6848,0.7815,3.3108,0.9016,10.0001,0.8473,0,0,0,0,0,0,0,0,0,0,0,0,0,0,0,1,0,0,0,1,1,5805,272,115,67,62,50,75,0,12,0,12,0,12,209,156,57,90,13.4,5.7,1.6,1.5,1.2,1.8,0.0,0.8,0.0,0.8,0.0,0.8,4.9,3.6,1.3,2.1
39,Ohio,OH,39139,Richland County,39139001000,Census Tract 10; Richland County; Ohio,3.722469613912,5867,623,3248,371,3076,396,1936,543,52,59,878,317,309,139,390,211,1061,298,789,362,1524,346,204,160,47,94,2085,844,529,228,307,162,39,63,306,158,92,5,33.4,8.7,1.6,1.8,28.5,9.6,7.3,3.3,6.7,3.8,18.1,5.4,13.4,5.5,26.3,6.2,6.7,5.1,0.8,1.7,35.5,13.9,16.3,6.8,9.5,5.1,1.3,2.0,9.9,5.3,1.6,0.2,0.761,0.1346,0.6914,0.4715,0.6109,2.6694,0.5629,0.539,0.0853,0.9514,0.5975,0.6636,2.8368,0.7483,0.7483,0.7483,0.7483,0.8013,0.8708,0.6181,0.7162,0.727,3.7334,0.9692,9.9879,0.8454,0,0,0,0,0,0,0,0,1,0,0,1,0,0,0,0,0,0,0,0,1,2964,601,255,1459,425,138,124,60,54,13,24,0,17,287,279,128,144,19.5,7.6,24.9,7.2,2.4,2.1,1.0,0.9,0.2,0.4,0.0,0.6,4.9,4.7,2.2,2.5
39,Ohio,OH,39139,Richland County,39139001100,Census Tract 11; Richland County; Ohio,1.063124521062,2494,245,1242,101,1187,109,579,198,43,36,328,118,127,74,119,100,906,190,411,88,522,147,46,57,12,51,365,392,128,70,0,12,0,16,101,61,151,5,24.0,7.8,4.1,3.4,27.6,9.6,6.7,3.9,4.9,4.0,36.3,7.1,16.5,3.1,21.7,5.4,3.9,4.8,0.5,2.1,14.6,15.7,10.3,5.6,0.0,2.8,0.0,1.3,8.5,5.0,6.1,0.6,0.6001,0.4867,0.6689,0.4293,0.4376,2.6226,0.5454,0.9902,0.1823,0.8613,0.3638,0.5796,2.9772,0.8105,0.4838,0.4838,0.4838,0.6978,0.0,0.0,0.6679,0.9271,2.2928,0.5448,8.3764,0.6454,0,0,0,0,0,0,1,0,0,0,0,1,0,0,0,0,0,0,1,1,2,2814,284,91,303,214,0,12,29,52,2,7,0,12,31,47,0,12,23.9,7.6,12.1,8.4,0.0,1.4,1.2,2.1,0.1,0.3,0.0,1.4,1.2,1.9,0.0,1.4
39,Ohio,OH,39139,Richland County,39139001200,Census Tract 12; Richland County; Ohio,3.36963184562,4402,431,1962,185,1937,187,800,336,110,76,507,158,180,114,153,79,1226,165,1030,223,644,134,111,75,55,89,735,628,178,60,0,12,25,37,247,81,180,6,18.9,7.7,5.4,3.4,26.2,7.8,5.8,3.6,3.6,1.9,27.9,4.0,23.4,3.7,15.0,2.8,5.8,3.8,1.3,2.1,16.7,14.2,9.0,2.9,0.0,1.8,1.3,1.9,12.8,4.0,4.1,0.4,0.4805,0.6143,0.6241,0.3662,0.2945,2.3796,0.4771,0.9347,0.6138,0.5462,0.54,0.7565,3.3912,0.9273,0.5285,0.5285,0.5285,0.6746,0.0,0.6181,0.7952,0.877,2.9649,0.8181,9.2642,0.7597,0,0,0,0,0,0,1,0,0,0,0,1,0,0,0,0,0,0,0,0,1,2821,395,134,357,245,144,103,13,18,0,12,0,12,221,143,0,12,20.4,6.3,8.1,5.4,3.3,2.3,0.3,0.4,0.0,0.8,0.0,0.8,5.0,3.2,0.0,0.8
39,Ohio,OH,39139,Richland County,39139001300,Census Tract 13; Richland County; Ohio,0.701000613568,3536,469,1552,199,1467,207,1048,477,71,55,432,191,93,51,131,95,676,169,897,226,441,177,30,30,30,56,895,581,35,39,0,12,36,33,19,21,3,3,29.7,12.9,4.5,3.4,29.4,12.3,3.8,2.2,3.7,2.5,19.1,4.4,25.4,4.9,12.5,4.8,2.0,2.0,1.0,1.8,25.3,16.1,2.3,2.5,0.0,2.2,2.5,2.2,1.3,1.4,0.1,0.1,0.7058,0.534,0.7105,0.2102,0.3021,2.4626,0.4968,0.6062,0.7327,0.3846,0.159,0.707,2.5895,0.6152,0.6601,0.6601,0.6601,0.426,0.0,0.7902,0.1349,0.3694,1.7205,0.3048,7.4327,0.4946,0,0,0,0,0,0,0,0,0,0,0,0,0,0,0,0,0,0,0,0,0,2887,257,154,399,164,54,43,0,12,0,12,128,197,314,197,0,12,17.5,9.3,11.3,4.2,1.5,1.3,0.0,1.0,0.0,1.0,3.6,5.3,8.9,5.3,0.0,1.0
39,Ohio,OH,39139,Richland County,39139001400,Census Tract 14; Richland County; Ohio,1.866156835252,2347,448,1231,197,1138,205,954,418,146,83,209,78,199,120,261,107,508,154,262,45,549,201,65,41,16,56,470,642,157,133,67,56,0,16,51,31,2,1,40.6,16.0,10.9,5.9,18.4,6.0,10.7,7.0,11.1,5.1,21.6,6.8,11.2,2.7,23.4,6.3,5.7,3.5,0.7,2.5,20.0,27.1,12.7,10.6,5.4,4.6,0.0,1.4,4.5,2.8,0.1,0.0,0.841,0.8619,0.3286,0.6741,0.8607,3.5663,0.7949,0.7384,0.0539,0.9045,0.5317,0.6367,2.8652,0.7613,0.5904,0.5904,0.5904,0.7422,0.7927,0.0,0.4365,0.3694,2.3408,0.5673,9.3627,0.7768,0,0,0,0,0,0,0,0,1,0,0,1,0,0,0,0,0,0,0,0,1,3743,172,108,222,176,35,46,0,12,0,12,0,12,176,158,37,66,15.1,8.1,9.5,7.4,1.5,1.9,0.0,1.5,0.0,1.5,0.0,1.5,7.5,7.2,1.6,2.8
39,Ohio,OH,39139,Richland County,39139001500,Census Tract 15; Richland County; Ohio,2.565669411712,1994,344,988,127,806,92,529,162,73,62,219,77,300,85,207,93,348,62,407,242,401,99,18,19,11,49,108,490,20,24,167,56,14,15,75,41,73,2,28.5,7.5,8.4,7.0,27.2,9.0,20.5,6.2,10.8,5.4,17.5,5.0,20.4,9.2,20.9,6.6,2.3,2.3,0.6,2.5,5.4,24.6,2.0,2.4,16.9,5.2,1.7,1.9,9.3,5.1,3.7,0.6,0.6855,0.7876,0.6575,0.9169,0.8502,3.8977,0.8663,0.4959,0.4134,0.8328,0.1902,0.6088,2.5411,0.5841,0.1687,0.1687,0.1687,0.4051,0.94,0.6917,0.6968,0.8599,3.5935,0.9524,10.201,0.8651,0,0,0,1,0,1,0,0,0,0,0,0,0,0,0,1,0,0,0,1,2,3414,148,48,52,44,11,16,11,19,0,12,0,12,34,38,0,12,18.4,5.9,2.6,2.3,0.6,0.8,0.6,1.0,0.0,1.7,0.0,1.7,1.7,1.9,0.0,1.7
39,Ohio,OH,39139,Richland County,39139001600,Census Tract 16; Richland County; Ohio,1.412219030464,1741,288,786,100,726,82,709,254,33,30,194,74,374,104,163,77,265,64,397,126,338,68,42,24,0,48,162,403,0,16,35,37,8,16,33,22,0,12,41.4,13.2,4.7,4.0,26.7,9.7,34.8,7.9,9.4,4.0,15.2,3.6,22.8,5.9,19.4,4.4,5.8,3.2,0.0,3.0,9.3,23.1,0.0,2.0,4.5,4.5,1.1,2.2,4.5,3.1,0.0,0.7,0.8486,0.553,0.6425,0.9908,0.7928,3.8277,0.8514,0.3523,0.5761,0.782,0.54,0.0,2.2504,0.4044,0.331,0.331,0.331,0.0,0.7743,0.587,0.4365,0.0,1.7978,0.3356,8.2069,0.6184,0,0,0,1,0,1,0,0,0,0,0,0,0,0,0,0,0,0,0,0,1,1240,130,44,0,12,104,83,0,12,0,12,0,12,58,54,0,12,17.9,5.9,0.0,2.0,6.0,4.8,0.0,2.0,0.0,2.0,0.0,2.0,3.3,3.0,0.0,2.0
39,Ohio,OH,39139,Richland County,39139001700,Census Tract 17; Richland County; Ohio,6.83810773375,4774,255,13,9,13,9,52,8,12,7,4,21,1062,203,0,12,128,59,0,12,41,5,0,16,38,52,2732,346,0,16,4,6,0,16,0,12,4756,251,78.8,21.6,57.1,19.2,30.8,100.0,25.2,4.4,0.0,37.9,2.7,1.3,0.0,0.7,62.1,12.4,0.0,100.0,0.8,1.1,57.2,6.6,0.0,100.0,30.8,36.8,0.0,100.0,0.0,85.4,99.6,7.5,0.9946,0.9997,0.7448,0.9566,0.0,3.6957,0.8225,0.0117,0.0,0.9994,0.0,0.6636,1.6747,0.1349,0.8516,0.8516,0.8516,0.0,0.987,0.0,0.0,0.9987,1.9857,0.4111,8.2077,0.6187,1,1,0,1,0,3,0,0,1,0,0,1,0,0,0,1,0,0,1,2,6,10602,0,12,1936,254,434,190,20,21,31,32,9,15,302,109,0,12,0.0,85.4,40.6,5.2,9.1,3.9,0.4,0.4,0.6,0.7,0.2,0.3,6.3,2.2,0.0,0.7
39,Ohio,OH,39139,Richland County,39139001800,Census Tract 18; Richland County; Ohio,5.1810950159599996,3964,465,1654,179,1553,159,824,297,123,65,306,113,224,120,237,189,673,83,940,231,668,165,106,74,0,48,258,642,111,108,47,38,12,21,34,43,16,4,21.0,7.1,6.0,3.2,19.7,7.0,8.3,4.4,6.0,4.4,17.0,3.2,23.7,4.2,16.9,3.7,6.8,4.7,0.0,1.2,6.5,16.2,6.8,6.5,2.8,2.3,0.8,1.3,2.2,2.8,0.4,0.1,0.5297,0.6559,0.3844,0.5365,0.5459,2.6524,0.5562,0.4632,0.6354,0.6598,0.6051,0.0,2.3635,0.4746,0.215,0.215,0.215,0.613,0.7263,0.5117,0.2324,0.5374,2.6208,0.686,7.8517,0.5581,0,0,0,0,0,0,0,0,0,0,0,0,0,0,0,0,0,0,0,0,0,2030,186,70,19,17,70,91,31,37,5,15,0,12,133,105,0,12,12.0,4.3,0.5,0.4,1.8,2.2,0.8,0.9,0.1,0.4,0.0,0.9,3.4,2.6,0.0,0.9
39,Ohio,OH,39139,Richland County,39139001900,Census Tract 19; Richland County; Ohio,22.022728348056,6120,20,2806,260,2658,261,819,499,58,53,369,173,391,148,152,151,1568,316,1216,345,633,224,18,34,22,75,399,217,35,44,96,88,56,87,18,31,143,4,13.7,8.3,1.8,1.7,13.9,6.4,8.6,3.4,2.5,2.5,25.6,5.1,19.9,5.6,10.5,3.7,0.7,1.3,0.4,1.3,6.5,3.5,1.2,1.6,3.4,3.3,2.1,3.3,0.7,1.2,2.3,0.1,0.3247,0.1654,0.1511,0.552,0.1692,1.3624,0.1867,0.8865,0.3751,0.2453,0.0546,0.5412,2.1027,0.3219,0.215,0.215,0.215,0.3483,0.7448,0.7448,0.0762,0.7815,2.6956,0.7184,6.3757,0.3194,0,0,0,0,0,0,0,0,0,0,0,0,0,0,0,0,0,0,0,0,0,3209,192,79,57,60,76,108,47,51,5,8,0,17,144,108,70,113,7.2,2.9,0.9,1.0,1.2,1.8,0.8,0.8,0.1,0.1,0.0,0.6,2.4,1.8,1.1,1.8
39,Ohio,OH,39139,Richland County,39139002000,Census Tract 20; Richland County; Ohio,57.208198202628,5295,352,2324,201,2155,173,357,145,145,120,210,88,271,119,337,160,1426,246,940,130,637,170,113,83,2,66,395,533,0,24,0,17,40,44,4,5,0,17,6.7,2.7,5.2,4.4,9.7,4.0,6.9,3.0,6.4,3.0,26.9,4.5,17.8,2.1,12.0,3.2,5.2,3.8,0.0,1.3,7.5,10.1,0.0,1.0,0.0,1.5,1.9,2.0,0.2,0.2,0.0,0.3,0.1092,0.5971,0.0435,0.4423,0.5849,1.777,0.3029,0.9169,0.247,0.3523,0.4921,0.0,2.0083,0.2756,0.2562,0.2562,0.2562,0.0,0.0,0.7219,0.0413,0.0,0.7632,0.0679,4.8047,0.1244,0,0,0,0,0,0,1,0,0,0,0,1,0,0,0,0,0,0,0,0,1,4360,115,61,62,78,43,55,59,65,0,17,0,17,170,150,61,77,5.3,2.9,1.2,1.5,0.8,1.1,1.1,1.2,0.0,0.7,0.0,0.7,3.2,2.9,1.2,1.5
39,Ohio,OH,39139,Richland County,39139002101,Census Tract 21.01; Richland County; Ohio,3.610355631764,5189,702,2856,329,2554,350,1196,453,55,55,890,350,395,234,139,91,1752,265,806,253,1165,532,116,107,0,68,831,962,553,158,21,34,15,29,302,114,0,17,23.2,8.2,2.4,2.5,34.8,12.8,9.9,5.0,2.7,1.8,33.8,3.9,15.5,4.3,22.5,8.7,4.5,4.1,0.0,1.3,16.0,18.4,19.3,5.1,0.7,1.2,0.6,1.1,11.8,4.6,0.0,0.3,0.5862,0.2514,0.8203,0.6319,0.1888,2.4786,0.5025,0.9826,0.1449,0.8835,0.4286,0.0,2.4396,0.5203,0.5155,0.5155,0.5155,0.8362,0.6003,0.4632,0.774,0.0,2.6737,0.7092,8.1074,0.6016,0,0,0,0,0,0,1,0,0,0,0,1,0,0,0,0,0,0,0,0,1,4652,387,129,321,277,175,149,272,146,0,17,13,19,50,54,0,17,15.2,5.0,6.2,5.1,3.4,2.9,5.2,2.9,0.0,0.7,0.3,0.4,1.0,1.1,0.0,0.7
39,Ohio,OH,39139,Richland County,39139002102,Census Tract 21.02; Richland County; Ohio,12.091252857828,5002,473,1937,170,1927,169,594,230,65,59,424,140,124,76,103,65,981,127,1247,271,477,130,51,51,0,68,212,661,115,59,0,17,0,24,119,81,0,17,12.0,4.5,3.1,2.8,22.0,7.0,3.6,2.2,2.1,1.3,19.6,2.7,24.9,3.8,9.6,2.6,2.7,2.6,0.0,1.4,4.2,13.2,5.9,3.0,0.0,1.8,0.0,1.2,6.2,4.1,0.0,0.3,0.2707,0.3537,0.4743,0.1966,0.1301,1.4254,0.2057,0.6411,0.7061,0.1933,0.2298,0.0,1.7703,0.1676,0.1141,0.1141,0.1141,0.5848,0.0,0.0,0.5546,0.0,1.1394,0.1346,4.4492,0.093,0,0,0,0,0,0,0,0,0,0,0,0,0,0,0,0,0,0,0,0,0,3405,220,109,34,45,35,55,45,53,0,17,0,17,98,94,0,17,11.4,5.4,0.7,0.9,0.7,1.1,0.9,1.0,0.0,0.7,0.0,0.7,2.0,1.9,0.0,0.7
39,Ohio,OH,39139,Richland County,39139002200,Census Tract 22; Richland County; Ohio,22.198175027366,7103,26,2968,211,2909,215,1415,499,79,59,662,206,287,139,343,191,1238,181,1496,230,851,302,86,76,63,96,218,132,193,117,0,17,36,49,136,121,86,2,20.3,7.2,2.1,1.6,22.8,6.9,5.8,2.8,4.9,2.7,17.4,2.5,21.1,3.2,12.1,4.3,3.0,2.6,0.9,1.4,3.1,1.9,6.5,3.9,0.0,1.2,1.2,1.7,4.7,4.0,1.2,0.0,0.5129,0.2086,0.5,0.3662,0.4376,2.0253,0.374,0.4908,0.4569,0.3586,0.2619,0.6855,2.2537,0.406,0.0685,0.0685,0.0685,0.6013,0.0,0.6038,0.4479,0.6814,2.3344,0.5657,6.6819,0.3759,0,0,0,0,0,0,0,0,0,0,0,0,0,0,0,0,0,0,0,0,0,7560,179,109,71,76,24,41,0,17,0,17,8,13,57,59,58,85,6.2,3.6,1.0,1.1,0.3,0.6,0.0,0.5,0.0,0.5,0.1,0.2,0.8,0.8,0.8,1.2
39,Ohio,OH,39139,Richland County,39139002300,Census Tract 23; Richland County; Ohio,41.610757716024,6542,524,3019,292,2647,289,647,417,64,98,467,199,295,175,417,343,1631,297,1205,286,1236,377,89,90,3,66,336,760,134,113,107,73,13,26,240,161,159,11,10.1,6.5,2.0,2.9,17.6,7.3,6.0,3.6,6.4,5.1,24.9,4.1,18.4,4.0,19.0,5.4,3.4,3.4,0.0,1.1,5.1,11.6,4.4,3.7,3.5,2.4,0.5,1.0,9.1,5.9,2.4,0.3,0.2091,0.194,0.2943,0.3811,0.5849,1.6634,0.2698,0.8618,0.279,0.7639,0.3089,0.0,2.2136,0.3832,0.1544,0.1544,0.1544,0.5359,0.7473,0.4413,0.6905,0.7885,3.2035,0.8797,7.2349,0.4581,0,0,0,0,0,0,0,0,0,0,0,0,0,0,0,0,0,0,0,0,0,8462,258,147,77,104,55,65,41,54,0,17,0,17,163,133,0,17,9.7,5.6,1.2,1.6,0.8,1.0,0.6,0.8,0.0,0.5,0.0,0.5,2.5,2.0,0.0,0.5
39,Ohio,OH,39139,Richland County,39139002400,Census Tract 24; Richland County; Ohio,10.348558314708,5885,347,2486,204,2401,187,849,351,125,81,520,174,216,108,143,119,1170,236,1189,212,873,295,56,59,0,68,597,561,93,81,0,17,37,62,59,51,17,3,14.5,5.9,3.8,2.4,21.7,7.0,5.0,2.5,2.4,2.0,19.9,4.1,20.2,3.3,15.0,5.0,2.3,2.5,0.0,1.2,10.1,9.5,3.8,3.2,0.0,1.4,1.5,2.6,2.5,2.1,0.3,0.0,0.3466,0.4524,0.4616,0.3041,0.1568,1.7215,0.2848,0.6569,0.397,0.5462,0.1902,0.0,1.7903,0.1771,0.3592,0.3592,0.3592,0.5067,0.0,0.6606,0.2587,0.4924,1.9184,0.3851,5.7894,0.2302,0,0,0,0,0,0,0,0,0,0,0,0,0,0,0,0,0,0,0,0,0,13556,138,72,6,13,53,81,182,168,0,17,0,17,132,153,224,241,5.7,2.8,0.1,0.2,0.9,1.4,3.1,2.9,0.0,0.6,0.0,0.6,2.2,2.6,3.8,4.1
39,Ohio,OH,39139,Richland County,39139002500,Census Tract 25; Richland County; Ohio,21.195710991524,4358,510,1877,183,1696,172,543,223,9,14,293,127,244,118,109,76,894,132,1078,338,679,193,38,48,0,48,85,724,0,16,9,16,17,22,67,54,141,3,13.0,5.1,0.4,0.7,17.3,7.3,8.0,3.9,2.6,1.8,20.5,3.9,24.7,5.6,16.2,3.7,2.2,2.8,0.0,1.2,2.0,16.6,0.0,0.9,0.5,0.8,1.0,1.3,4.0,3.1,3.2,0.4,0.3043,0.0289,0.2819,0.5133,0.1812,1.3096,0.1737,0.6909,0.6956,0.6144,0.1762,0.0,2.1771,0.366,0.0333,0.0333,0.0333,0.0,0.5717,0.5676,0.3981,0.8405,2.3779,0.5816,5.8979,0.2473,0,0,0,0,0,0,0,0,0,0,0,0,0,0,0,0,0,0,0,0,0,3734,281,110,4,10,59,55,0,12,3,5,0,12,19,24,0,12,16.6,6.0,0.1,0.2,1.4,1.3,0.0,0.8,0.1,0.1,0.0,0.8,0.4,0.5,0.0,0.8
39,Ohio,OH,39139,Richland County,39139002600,Census Tract 26; Richland County; Ohio,2.88773600891,4653,512,1966,218,1848,209,1007,422,88,95,562,214,287,129,335,175,621,193,1487,362,554,204,108,112,0,48,380,722,56,47,155,92,37,59,66,82,38,2,22.7,9.1,4.4,4.8,30.4,11.1,9.7,4.3,7.3,3.8,13.3,4.3,32.0,5.7,12.0,4.6,5.8,6.0,0.0,1.1,8.2,15.5,2.8,2.4,7.9,4.8,2.0,3.2,3.6,4.5,0.8,0.1,0.5744,0.5244,0.7368,0.6192,0.6661,3.1209,0.6937,0.2505,0.949,0.3523,0.54,0.0,2.0918,0.3184,0.2892,0.2892,0.2892,0.4622,0.8451,0.7346,0.3638,0.6344,3.0401,0.8422,8.542,0.6676,0,0,0,0,0,0,0,1,0,0,0,1,0,0,0,0,0,0,0,0,1,4484,243,140,8,18,77,69,173,158,0,12,0,12,122,90,0,12,13.1,7.3,0.2,0.4,1.7,1.5,3.7,3.4,0.0,0.7,0.0,0.7,2.6,1.9,0.0,0.7
39,Ohio,OH,39139,Richland County,39139002700,Census Tract 27; Richland County; Ohio,47.898904463688,5727,484,2360,281,2226,268,861,503,178,182,379,198,254,117,321,185,1168,209,1493,310,502,159,27,42,0,68,390,713,0,24,11,18,20,35,103,80,67,11,15.3,8.8,6.9,6.7,17.0,8.7,6.5,2.8,5.7,3.2,20.4,3.2,26.1,4.7,8.9,2.8,1.2,1.9,0.0,1.2,6.8,12.4,0.0,1.0,0.5,0.8,0.9,1.6,4.6,3.6,1.2,0.2,0.3723,0.7143,0.2714,0.4157,0.5176,2.2913,0.4524,0.6855,0.7736,0.1552,0.0937,0.0,1.708,0.1463,0.2264,0.2264,0.2264,0.0,0.5717,0.5384,0.4419,0.6814,2.2334,0.5171,6.4591,0.3362,0,0,0,0,0,0,0,0,0,0,0,0,0,0,0,0,0,0,0,0,0,3947,380,189,113,109,216,138,0,17,0,17,0,17,30,34,31,56,17.1,7.6,2.0,1.9,3.8,2.5,0.0,0.6,0.0,0.6,0.0,0.6,0.5,0.6,0.5,1.0
39,Ohio,OH,39139,Richland County,39139002800,Census Tract 28; Richland County; Ohio,51.33654277118,3597,444,1479,167,1323,149,581,192,66,43,230,101,382,162,650,237,676,153,839,190,481,135,66,33,15,48,85,622,0,16,85,37,18,16,187,77,0,12,16.3,5.0,4.2,2.5,17.4,7.4,16.4,6.0,18.3,5.9,18.8,4.5,23.3,3.8,13.5,4.2,5.0,2.4,0.5,1.4,2.4,17.3,0.0,1.1,5.7,2.5,1.4,1.2,14.1,5.4,0.0,0.3,0.4002,0.4975,0.2854,0.8488,0.9695,3.0014,0.66,0.5888,0.6068,0.4478,0.4762,0.5796,2.6992,0.6794,0.0479,0.0479,0.0479,0.0,0.7994,0.6384,0.8206,0.0,2.2584,0.5314,8.0069,0.587,0,0,0,0,1,1,0,0,0,0,0,0,0,0,0,0,0,0,0,0,1,2745,282,93,3,6,36,33,0,12,23,26,0,12,23,22,0,12,21.3,6.7,0.1,0.2,1.0,0.9,0.0,1.0,0.6,0.7,0.0,1.0,0.6,0.6,0.0,1.0
39,Ohio,OH,39139,Richland County,39139002900,Census Tract 29; Richland County; Ohio,75.164223837652,4567,471,1509,194,1422,200,442,210,15,26,171,81,506,197,1026,443,747,204,1565,257,567,199,10,20,11,49,459,681,0,16,95,62,12,20,256,93,12,2,9.7,4.5,0.7,1.3,12.0,5.4,19.4,6.9,22.5,8.8,16.4,4.1,34.3,3.9,12.4,3.9,0.7,1.4,0.3,1.2,10.1,14.9,0.0,1.1,6.3,4.2,0.8,1.4,18.0,6.7,0.3,0.0,0.1974,0.0502,0.0965,0.9017,0.986,2.2318,0.4349,0.4255,0.9705,0.3802,0.0546,0.4968,2.3276,0.4508,0.3592,0.3592,0.3592,0.0,0.8127,0.5117,0.8787,0.4924,2.6955,0.7181,7.6141,0.5187,0,0,0,1,1,2,0,1,0,0,0,1,0,0,0,0,0,0,0,0,3,2932,329,109,36,43,266,191,21,36,0,12,0,12,136,128,0,12,23.1,8.1,0.8,0.9,5.8,4.1,0.5,0.8,0.0,0.8,0.0,0.8,3.0,2.9,0.0,0.8
39,Ohio,OH,39139,Richland County,39139003001,Census Tract 30.01; Richland County; Ohio,40.144209500936,5199,317,2302,225,2066,218,530,208,19,22,337,122,347,118,209,145,1344,351,1192,190,647,214,59,54,0,68,75,451,72,68,94,72,41,42,48,30,41,1,10.3,4.0,0.8,0.9,16.3,5.6,9.6,3.1,4.1,2.9,25.9,6.5,22.9,3.2,12.6,4.2,2.9,2.6,0.0,1.4,1.4,8.7,3.1,2.9,4.1,3.1,2.0,2.0,2.3,1.4,0.8,0.1,0.2161,0.0578,0.2422,0.6148,0.3478,1.4787,0.219,0.8938,0.5808,0.3897,0.2473,0.0,2.1116,0.3289,0.0159,0.0159,0.0159,0.4765,0.7641,0.7346,0.2429,0.6344,2.8525,0.7794,6.4587,0.3352,0,0,0,0,0,0,0,0,0,0,0,0,0,0,0,0,0,0,0,0,0,3412,352,195,36,54,0,17,13,18,0,17,8,13,18,21,0,17,17.0,8.9,0.7,1.1,0.0,0.7,0.3,0.3,0.0,0.7,0.2,0.2,0.3,0.4,0.0,0.7
39,Ohio,OH,39139,Richland County,39139003002,Census Tract 30.02; Richland County; Ohio,49.95565862073,3541,191,1476,139,1243,126,543,184,28,25,208,80,222,79,304,143,566,126,851,121,382,138,44,35,6,47,98,272,1,12,230,103,44,45,18,16,0,12,15.4,5.1,1.6,1.4,16.7,6.2,9.6,3.6,8.6,4.0,16.0,3.3,24.0,3.7,10.8,3.7,3.5,2.8,0.2,1.4,2.8,7.7,0.1,0.8,15.6,6.4,3.5,3.6,1.4,1.3,0.0,0.3,0.3751,0.1346,0.2581,0.6148,0.7521,2.1347,0.4067,0.3989,0.6582,0.2691,0.3187,0.4556,2.1005,0.3206,0.0587,0.0587,0.0587,0.2556,0.9321,0.8771,0.1476,0.0,2.2124,0.5063,6.5063,0.3432,0,0,0,0,0,0,0,0,0,0,0,0,0,0,0,1,0,0,0,1,1,3157,132,47,0,12,41,39,0,12,0,12,0,12,57,78,0,12,10.6,3.7,0.0,1.0,1.2,1.1,0.0,1.0,0.0,1.0,0.0,1.0,1.6,2.2,0.0,1.0
39,Ohio,OH,39139,Richland County,39139003100,Census Tract 31; Richland County; Ohio,1.218984632014,2582,369,1006,181,838,159,1364,307,50,61,390,167,296,99,137,91,229,69,724,235,636,254,132,91,31,55,1499,467,131,53,0,12,70,50,175,65,377,17,60.7,9.4,5.7,6.8,46.5,17.9,18.2,6.0,6.1,3.9,8.9,2.9,28.0,6.8,28.3,10.6,15.8,10.4,1.3,2.3,58.1,16.1,13.0,4.7,0.0,3.4,8.4,5.7,20.9,8.8,14.6,2.2,0.9622,0.6356,0.9495,0.884,0.5547,3.986,0.8857,0.0916,0.8535,0.9683,0.9149,0.7565,3.5848,0.9619,0.8557,0.8557,0.8557,0.7476,0.0,0.9829,0.9098,0.967,3.6073,0.9556,12.0338,0.9835,1,0,1,0,0,2,0,0,1,1,0,2,0,0,0,0,1,1,1,3,7,6436,164,58,1114,304,69,50,0,12,3,5,0,12,313,192,0,12,19.6,7.9,43.1,9.2,2.7,1.9,0.0,1.3,0.1,0.2,0.0,1.3,12.1,6.7,0.0,1.3
39,Ohio,OH,39141,Ross County,39141955500,Census Tract 9555; Ross County; Ohio,73.297711402458,5924,488,2452,244,2316,218,1533,422,242,155,610,205,544,235,506,289,1081,239,1452,263,1035,248,74,68,73,112,305,724,4,18,456,152,0,24,244,177,0,17,25.9,6.8,8.8,5.4,26.3,8.5,13.0,5.2,8.5,4.8,18.2,3.9,24.5,3.7,17.5,4.2,3.2,2.9,1.3,2.0,5.1,12.2,0.2,0.7,18.6,5.8,0.0,1.0,10.5,7.4,0.0,0.3,0.6407,0.8073,0.6283,0.7555,0.7471,3.5789,0.7975,0.5466,0.6826,0.6903,0.2841,0.7565,2.9601,0.8051,0.1544,0.1544,0.1544,0.261,0.9511,0.0,0.7343,0.0,1.9464,0.3965,8.6398,0.6797,0,0,0,0,0,0,0,0,0,0,0,0,0,0,0,1,0,0,0,1,1,4319,518,142,61,79,95,136,24,25,0,17,0,17,125,104,0,17,22.4,5.9,1.0,1.3,1.6,2.3,0.4,0.4,0.0,0.6,0.0,0.6,2.1,1.8,0.0,0.6
39,Ohio,OH,39141,Ross County,39141955603,Census Tract 9556.03; Ross County; Ohio,84.25309541971,4528,823,1676,214,1602,212,809,231,191,79,419,148,238,81,299,160,496,72,1102,272,577,178,65,50,7,48,90,1168,0,16,523,203,5,15,170,155,17,4,17.9,4.0,8.1,3.6,26.2,8.6,7.9,3.0,6.6,2.9,11.0,2.1,24.3,2.8,12.8,4.3,4.1,3.1,0.2,1.1,2.0,25.8,0.0,1.0,31.2,9.7,0.3,0.9,10.6,8.9,0.4,0.1,0.451,0.7778,0.6241,0.5076,0.6001,2.9606,0.6486,0.1588,0.6734,0.4002,0.3844,0.4556,2.0724,0.3095,0.0333,0.0333,0.0333,0.0,0.9886,0.4041,0.74,0.5374,2.6701,0.7073,7.7364,0.5394,0,0,0,0,0,0,0,0,0,0,0,0,0,0,0,1,0,0,0,1,1,1538,199,83,26,21,2,3,0,12,5,11,13,22,44,37,0,12,12.4,5.0,0.6,0.5,0.0,0.1,0.0,0.8,0.1,0.2,0.3,0.5,1.0,0.8,0.0,0.8
39,Ohio,OH,39141,Ross County,39141955604,Census Tract 9556.04; Ross County; Ohio,22.078452905308,6398,254,850,113,799,107,285,112,22,26,144,55,1428,165,97,56,594,101,423,81,393,95,32,27,0,68,2219,367,30,43,175,57,7,19,45,42,4445,132,14.6,5.4,2.7,3.2,18.0,6.4,26.3,3.0,5.0,3.0,9.3,1.5,6.6,1.1,20.1,3.7,4.0,3.3,0.0,1.1,34.7,5.6,3.5,5.0,20.6,6.0,0.9,2.4,5.6,5.3,69.5,3.4,0.3494,0.2968,0.3114,0.9642,0.4487,2.3705,0.4746,0.1024,0.0244,0.8105,0.3743,0.0,1.3116,0.0549,0.7422,0.7422,0.7422,0.4943,0.9616,0.5384,0.5175,0.9937,3.5055,0.9384,7.9298,0.5737,0,0,0,1,0,1,0,0,0,0,0,0,0,0,0,1,0,0,1,2,3,13100,99,48,1785,174,207,86,0,17,27,22,0,17,200,75,0,17,12.4,5.8,27.9,2.8,3.2,1.3,0.0,0.5,0.4,0.3,0.0,0.5,3.1,1.1,0.0,0.5
39,Ohio,OH,39141,Ross County,39141955700,Census Tract 9557; Ross County; Ohio,142.041947400812,4948,590,2034,231,1895,243,1463,636,55,41,317,145,449,171,336,220,1025,195,1136,265,1026,269,60,59,0,48,618,840,0,16,292,102,23,36,73,61,33,6,29.8,12.4,2.4,1.7,16.7,7.3,13.4,4.8,6.8,4.3,20.7,3.2,23.0,4.5,20.9,4.7,3.2,3.1,0.0,1.1,12.5,16.9,0.0,0.8,14.4,5.5,1.2,1.9,3.9,3.3,0.7,0.1,0.7071,0.2514,0.2581,0.7736,0.6211,2.6113,0.5403,0.7013,0.5862,0.8328,0.2841,0.0,2.4044,0.501,0.4315,0.4315,0.4315,0.0,0.9235,0.6038,0.3892,0.6243,2.5408,0.6524,7.988,0.5838,0,0,0,0,0,0,0,0,0,0,0,0,0,0,0,1,0,0,0,1,1,2946,255,112,51,50,4,8,69,63,8,15,0,12,264,131,222,335,13.5,5.9,1.0,1.0,0.1,0.2,1.4,1.3,0.2,0.3,0.0,0.7,5.3,2.5,4.5,6.7
39,Ohio,OH,39141,Ross County,39141955801,Census Tract 9558.01; Ross County; Ohio,44.37486309233,4498,500,1922,222,1696,194,947,348,6,7,453,153,127,63,385,202,747,122,1157,231,730,146,85,59,0,48,132,709,37,18,254,114,35,32,39,35,65,5,21.8,7.7,0.3,0.4,26.7,8.5,4.2,2.1,8.7,4.2,16.6,2.9,25.7,3.7,16.4,3.4,5.0,3.4,0.0,1.2,2.9,15.8,1.9,0.9,13.2,5.4,2.1,1.9,2.3,1.9,1.4,0.2,0.5535,0.0263,0.6425,0.2441,0.7566,2.223,0.4327,0.4379,0.7511,0.6296,0.4762,0.0,2.2948,0.4317,0.0618,0.0618,0.0618,0.3975,0.9127,0.7448,0.2429,0.7029,3.0008,0.8295,7.5804,0.5137,0,0,0,0,0,0,0,0,0,0,0,0,0,0,0,1,0,0,0,1,1,3191,187,115,22,27,29,50,0,12,0,12,0,12,67,46,14,19,11.0,6.2,0.5,0.6,0.6,1.1,0.0,0.8,0.0,0.8,0.0,0.8,1.5,1.0,0.3,0.4
39,Ohio,OH,39141,Ross County,39141955802,Census Tract 9558.02; Ross County; Ohio,9.642205169114,4069,450,1399,137,1366,129,582,355,172,104,211,118,130,87,326,155,367,114,1316,385,749,258,146,114,0,48,196,633,0,16,138,107,19,26,26,31,22,8,14.3,8.6,8.8,5.4,15.4,8.5,5.2,3.4,8.0,3.7,9.0,3.1,32.3,6.9,18.4,5.5,10.7,8.3,0.0,1.2,4.8,15.5,0.0,1.1,9.9,7.3,1.4,1.9,1.9,2.2,0.5,0.2,0.3393,0.8073,0.2051,0.3148,0.7166,2.3831,0.4775,0.0926,0.9531,0.7318,0.8006,0.0,2.5781,0.6089,0.1439,0.1439,0.1439,0.0,0.8756,0.6384,0.2029,0.5742,2.2911,0.5432,7.3962,0.4879,0,0,0,0,0,0,0,1,0,0,0,1,0,0,0,0,0,0,0,0,1,1369,121,71,114,113,26,50,0,12,0,12,0,12,56,61,0,12,8.9,5.1,2.8,2.7,0.6,1.3,0.0,0.9,0.0,0.9,0.0,0.9,1.4,1.5,0.0,0.9
39,Ohio,OH,39141,Ross County,39141955900,Census Tract 9559; Ross County; Ohio,12.70898362526,4376,537,2017,273,1999,269,668,283,141,84,337,133,164,94,343,207,1277,274,668,207,805,200,104,72,0,48,585,753,55,55,30,46,0,16,130,86,0,12,15.3,6.2,6.6,4.0,16.9,6.3,4.9,2.7,7.8,4.5,29.2,5.5,15.3,4.2,18.4,4.5,5.3,3.5,0.0,1.2,13.4,17.1,2.7,2.7,1.5,2.3,0.0,0.8,6.5,4.3,0.0,0.3,0.3723,0.6965,0.2676,0.2955,0.701,2.3329,0.4632,0.9505,0.1392,0.7318,0.5022,0.0,2.3237,0.447,0.4569,0.4569,0.4569,0.4533,0.6667,0.0,0.5695,0.0,1.6895,0.2895,6.803,0.3956,0,0,0,0,0,0,1,0,0,0,0,1,0,0,0,0,0,0,0,0,1,3056,279,96,332,241,0,12,36,56,0,12,0,12,217,153,0,12,14.0,5.1,7.6,5.3,0.0,0.8,0.8,1.3,0.0,0.8,0.0,0.8,5.0,3.6,0.0,0.8
39,Ohio,OH,39141,Ross County,39141956000,Census Tract 9560; Ross County; Ohio,4.162283035336,5911,893,2493,258,2260,263,1701,795,119,76,805,268,230,134,161,108,1407,213,1596,520,821,281,277,202,25,77,1045,1179,397,214,0,17,32,60,85,119,111,7,29.3,12.9,5.0,3.3,35.6,11.1,5.8,3.4,2.8,1.8,23.8,4.9,27.0,5.7,14.1,4.9,12.2,8.8,0.5,1.5,17.7,19.8,15.9,8.4,0.0,1.4,1.4,2.6,3.8,5.3,1.9,0.3,0.6991,0.58,0.8305,0.3662,0.1996,2.6754,0.5654,0.8269,0.8158,0.4862,0.8432,0.5796,3.5517,0.9571,0.5514,0.5514,0.5514,0.7952,0.0,0.6384,0.38,0.7524,2.566,0.6638,9.3445,0.7743,0,0,0,0,0,0,0,0,0,0,0,0,0,0,0,0,0,0,0,0,0,2790,178,110,276,222,79,76,25,40,37,32,0,17,628,311,0,17,7.9,4.9,4.7,3.7,1.3,1.3,0.4,0.7,0.6,0.6,0.0,0.6,10.6,4.8,0.0,0.6
39,Ohio,OH,39141,Ross County,39141956100,Census Tract 9561; Ross County; Ohio,0.648372594356,3391,329,1802,179,1643,178,607,204,87,61,394,116,185,82,157,95,915,215,566,161,609,172,106,75,0,48,522,497,81,58,23,28,0,16,232,97,142,6,18.6,6.0,5.1,3.7,24.0,6.6,7.1,3.1,4.8,2.8,27.0,5.7,16.7,4.1,18.6,5.2,6.5,4.5,0.0,1.5,15.4,14.6,4.5,3.2,1.3,1.5,0.0,1.0,14.1,5.5,4.2,0.4,0.4729,0.5892,0.5422,0.4569,0.4243,2.4855,0.5051,0.9185,0.1925,0.7407,0.5844,0.0,2.4361,0.5165,0.5041,0.5041,0.5041,0.5397,0.6505,0.0,0.8206,0.8824,2.8932,0.794,8.3189,0.6333,0,0,0,0,0,0,1,0,0,0,0,1,0,0,0,0,0,0,0,0,1,3751,224,79,161,93,145,154,0,12,0,12,6,10,210,104,0,12,13.6,4.7,4.7,2.7,4.3,4.6,0.0,1.0,0.0,1.0,0.2,0.3,6.2,3.1,0.0,1.0
39,Ohio,OH,39141,Ross County,39141956200,Census Tract 9562; Ross County; Ohio,0.82705558063,2021,344,1348,224,1271,220,525,187,75,75,493,188,29,22,121,75,424,141,278,158,381,147,159,155,0,48,259,497,378,160,0,12,0,16,221,158,16,3,26.1,8.2,6.8,6.8,38.8,13.2,2.0,1.5,6.0,3.6,21.0,6.5,13.8,6.6,18.9,6.8,12.5,12.0,0.0,2.5,12.8,24.5,28.0,10.9,0.0,2.6,0.0,1.3,17.4,10.9,0.8,0.1,0.6446,0.7079,0.8797,0.0881,0.5459,2.8662,0.6216,0.7121,0.0964,0.7566,0.8492,0.0,2.4143,0.506,0.4401,0.4401,0.4401,0.9067,0.0,0.0,0.8721,0.6344,2.4132,0.5981,8.1338,0.6048,0,0,0,0,0,0,0,0,0,0,0,0,0,0,1,0,0,0,0,1,1,2194,224,130,138,82,20,36,8,12,18,20,0,12,75,53,0,12,17.6,8.6,6.8,4.3,1.0,1.8,0.4,0.6,0.9,1.0,0.0,1.7,3.7,2.6,0.0,1.7
39,Ohio,OH,39141,Ross County,39141956300,Census Tract 9563; Ross County; Ohio,7.02350619211,3048,382,1729,229,1511,229,814,288,74,51,588,255,253,107,250,167,575,184,477,203,674,238,116,80,0,48,566,507,285,169,274,98,10,21,53,55,266,22,28.9,9.4,5.5,3.7,38.9,15.8,10.7,4.7,8.9,5.7,18.9,6.1,15.6,5.7,24.0,7.6,7.7,5.2,0.0,1.7,18.6,16.5,16.5,9.5,15.8,5.6,0.7,1.4,3.5,3.7,8.7,1.3,0.6925,0.621,0.8816,0.6741,0.7661,3.6353,0.8079,0.5973,0.1481,0.9143,0.667,0.0,2.3267,0.4498,0.5669,0.5669,0.5669,0.8054,0.9333,0.4873,0.3537,0.9499,3.5296,0.9413,10.0585,0.853,0,0,0,0,0,0,0,0,1,0,0,1,0,0,0,1,0,0,1,2,3,18728,260,134,337,174,30,30,20,35,0,12,0,12,168,129,11,17,17.2,8.4,11.1,5.3,1.0,1.0,0.7,1.2,0.0,1.1,0.0,1.1,5.5,3.9,0.4,0.6
39,Ohio,OH,39141,Ross County,39141956400,Census Tract 9564; Ross County; Ohio,0.909568280744,3070,453,1565,177,1263,187,1370,359,170,142,507,170,314,143,235,125,494,197,497,154,869,185,106,61,41,77,274,646,0,16,0,12,26,39,170,110,43,6,44.6,9.7,11.4,9.0,40.1,12.1,15.0,6.7,7.7,4.0,16.1,6.5,16.2,4.2,28.3,6.0,8.4,4.7,1.4,2.6,8.9,21.0,0.0,1.0,0.0,2.2,2.1,3.1,13.5,8.0,1.4,0.3,0.8753,0.8721,0.8956,0.8177,0.6915,4.1522,0.919,0.4071,0.1703,0.9683,0.7051,0.7717,3.0225,0.8317,0.3145,0.3145,0.3145,0.0,0.0,0.7448,0.8111,0.7029,2.2588,0.5321,9.748,0.8206,0,0,0,0,0,0,0,0,1,0,0,1,0,0,0,0,0,0,0,0,1,2534,164,85,107,101,13,27,0,12,0,12,0,12,154,95,0,12,13.0,6.6,3.5,3.4,0.4,0.9,0.0,1.1,0.0,1.1,0.0,1.1,5.0,3.2,0.0,1.1
39,Ohio,OH,39141,Ross County,39141956500,Census Tract 9565; Ross County; Ohio,5.005990809124,3472,482,1679,219,1460,246,1435,402,142,115,482,202,395,125,277,193,511,87,765,236,924,223,213,165,0,48,814,660,0,16,44,46,14,23,140,78,162,5,42.5,10.2,10.1,7.3,33.0,12.7,15.9,5.2,8.2,5.5,14.7,3.0,22.0,4.7,27.4,6.5,14.6,11.0,0.0,1.4,23.4,18.7,0.0,1.0,2.6,2.9,1.0,1.6,9.6,5.7,4.7,0.7,0.8578,0.8448,0.7943,0.8383,0.7306,4.0658,0.9016,0.3282,0.5171,0.9629,0.893,0.0,2.7012,0.681,0.6335,0.6335,0.6335,0.0,0.7197,0.5676,0.706,0.8976,2.8909,0.793,10.2914,0.8756,0,0,0,0,0,0,0,0,1,0,0,1,0,0,0,0,0,0,0,0,1,4292,334,152,626,360,5,10,0,12,1,2,6,10,176,136,0,12,22.9,10.1,18.0,9.5,0.1,0.3,0.0,1.0,0.0,0.1,0.2,0.3,5.1,3.7,0.0,1.0
39,Ohio,OH,39141,Ross County,39141956600,Census Tract 9566; Ross County; Ohio,79.430062518204,4783,455,2193,235,1958,237,635,342,33,37,214,115,336,150,285,236,827,218,861,138,770,245,59,69,25,53,321,639,0,16,538,182,21,35,35,37,0,12,13.3,7.0,1.3,1.4,10.9,5.7,9.6,4.0,6.0,4.7,17.3,4.0,18.0,3.0,16.1,4.9,3.0,3.5,0.5,1.1,6.7,13.3,0.0,0.7,24.5,7.9,1.1,1.8,1.8,1.9,0.0,0.3,0.3142,0.1013,0.0657,0.6148,0.5459,1.6419,0.2644,0.4845,0.2565,0.6087,0.2619,0.5796,2.1912,0.3749,0.2229,0.2229,0.2229,0.0,0.9746,0.587,0.1933,0.0,1.7549,0.319,5.8109,0.2337,0,0,0,0,0,0,0,0,0,0,0,0,0,0,0,1,0,0,0,1,1,1689,241,125,95,116,0,12,97,158,0,12,0,12,129,86,0,12,12.3,6.1,2.0,2.4,0.0,0.7,2.0,3.3,0.0,0.7,0.0,0.7,2.7,1.8,0.0,0.7
39,Ohio,OH,39141,Ross County,39141956700,Census Tract 9567; Ross County; Ohio,85.781539646418,5416,574,2326,223,2111,258,1556,602,181,144,602,203,404,236,337,170,826,160,1236,260,969,268,90,92,0,68,413,780,0,24,486,166,0,24,48,48,0,17,28.7,10.7,7.8,6.0,28.5,9.0,10.4,5.5,6.2,2.9,15.3,2.6,22.8,3.9,17.9,4.5,4.2,4.3,0.0,1.4,7.6,14.4,0.0,1.0,20.9,6.9,0.0,1.1,2.3,2.3,0.0,0.3,0.6896,0.7616,0.6914,0.6582,0.5659,3.3667,0.7495,0.3576,0.5761,0.708,0.394,0.0,2.0357,0.2895,0.2609,0.2609,0.2609,0.0,0.9632,0.0,0.2429,0.0,1.2061,0.1483,6.8694,0.4083,0,0,0,0,0,0,0,0,0,0,0,0,0,0,0,1,0,0,0,1,1,2875,209,133,7,11,293,246,0,17,0,17,0,17,113,103,0,17,9.9,6.0,0.1,0.2,5.4,4.5,0.0,0.6,0.0,0.6,0.0,0.6,2.1,1.8,0.0,0.6
39,Ohio,OH,39141,Ross County,39141956800,Census Tract 9568; Ross County; Ohio,51.315790174782,6636,696,2772,286,2714,284,1323,526,131,97,334,172,401,230,196,195,977,294,1561,381,1217,450,107,100,0,68,69,975,0,24,709,240,0,24,93,109,9,2,20.0,7.7,3.7,2.8,12.3,6.2,9.1,5.1,3.0,3.0,14.7,4.5,23.5,4.4,18.4,6.9,3.9,3.7,0.0,1.1,1.0,14.7,0.0,0.9,25.6,8.6,0.0,0.9,3.4,4.0,0.1,0.0,0.5065,0.4429,0.1063,0.5821,0.2291,1.8669,0.3254,0.3282,0.6224,0.7318,0.3638,0.0,2.0462,0.294,0.0092,0.0092,0.0092,0.0,0.9771,0.0,0.3438,0.3694,1.6903,0.2902,5.6126,0.201,0,0,0,0,0,0,0,0,0,0,0,0,0,0,0,1,0,0,0,1,1,1804,596,250,5,2,51,63,13,18,0,17,0,17,0,17,0,17,22.0,8.3,0.1,0.1,0.8,0.9,0.2,0.3,0.0,0.5,0.0,0.5,0.0,0.5,0.0,0.5
39,Ohio,OH,39141,Ross County,39141956900,Census Tract 9569; Ross County; Ohio,65.664037408892,4468,520,1794,197,1701,201,1997,584,92,51,363,149,552,148,426,345,690,106,1158,296,851,214,99,72,0,48,236,740,0,16,563,142,57,47,131,86,20,5,45.0,12.1,5.5,3.0,21.3,8.4,18.8,4.5,9.6,7.1,15.4,2.2,25.9,4.8,19.1,4.0,5.8,4.2,0.0,1.1,5.3,16.6,0.0,0.9,31.4,7.1,3.3,2.7,7.7,4.9,0.4,0.1,0.8778,0.621,0.4483,0.8925,0.8026,3.6422,0.8098,0.3643,0.7625,0.768,0.54,0.0,2.4348,0.5156,0.1642,0.1642,0.1642,0.0,0.9892,0.8651,0.634,0.5374,3.0257,0.84,9.2669,0.76,0,0,0,0,0,0,0,0,0,0,0,0,0,0,0,1,0,0,0,1,1,2751,319,118,12,13,64,71,44,65,0,12,0,12,116,80,0,12,18.8,6.3,0.3,0.3,1.4,1.6,1.0,1.4,0.0,0.8,0.0,0.8,2.6,1.8,0.0,0.8
39,Ohio,OH,39143,Sandusky County,39143960800,Census Tract 9608; Sandusky County; Ohio,56.086423243358,3333,420,1588,161,1303,178,568,353,83,65,259,118,99,56,149,90,606,89,588,161,543,188,43,37,36,56,856,557,7,16,99,63,0,16,32,34,52,7,17.1,10.4,4.8,3.4,19.9,8.6,4.1,2.2,4.5,2.8,18.2,3.0,17.6,3.9,16.3,5.2,3.3,2.8,1.1,1.7,25.7,16.4,0.4,1.0,6.2,3.9,0.0,1.2,2.5,2.7,1.6,0.1,0.4268,0.5603,0.3898,0.2359,0.3875,2.0003,0.3663,0.5466,0.2372,0.6223,0.2943,0.7254,2.4258,0.513,0.6655,0.6655,0.6655,0.2743,0.8111,0.0,0.2587,0.727,2.0711,0.4451,7.1627,0.4479,0,0,0,0,0,0,0,0,0,0,0,0,0,0,0,0,0,0,0,0,0,3001,227,118,97,90,572,254,115,108,19,24,0,12,53,68,0,12,17.4,8.1,2.9,2.6,17.2,7.2,3.5,3.2,0.6,0.7,0.0,1.0,1.6,2.0,0.0,1.0
39,Ohio,OH,39143,Sandusky County,39143960900,Census Tract 9609; Sandusky County; Ohio,63.692954652426,2724,297,1175,126,1132,126,284,136,33,28,170,69,57,38,77,52,680,115,453,88,326,82,8,9,10,46,213,407,10,20,50,30,4,13,10,7,56,5,10.4,4.9,2.2,1.8,15.0,5.9,2.7,1.8,2.8,1.9,25.0,4.0,16.6,2.8,12.0,2.9,0.7,0.8,0.4,1.7,7.8,14.9,0.9,1.7,4.3,2.5,0.4,1.1,0.9,0.6,2.1,0.3,0.2199,0.2238,0.1908,0.1325,0.1996,0.9666,0.0914,0.8678,0.1874,0.3523,0.0546,0.5412,2.0033,0.2724,0.272,0.272,0.272,0.3181,0.7695,0.4206,0.0975,0.7644,2.3701,0.579,5.612,0.2006,0,0,0,0,0,0,0,0,0,0,0,0,0,0,0,0,0,0,0,0,0,2698,77,35,21,25,140,111,38,52,0,12,0,12,14,13,0,12,6.8,3.2,0.8,0.9,5.1,4.0,1.4,1.9,0.0,1.3,0.0,1.3,0.5,0.5,0.0,1.3
39,Ohio,OH,39143,Sandusky County,39143961000,Census Tract 9610; Sandusky County; Ohio,48.94805595337,4044,218,1654,152,1538,160,362,136,91,71,230,108,126,57,348,215,737,112,941,131,483,110,40,28,0,48,481,343,10,16,30,27,0,16,7,13,49,8,9.0,3.3,4.2,3.2,15.0,6.8,4.4,1.9,8.6,5.0,18.2,2.7,23.3,2.7,11.9,2.7,2.6,1.8,0.0,1.3,11.9,8.5,0.6,1.0,1.8,1.6,0.0,1.0,0.5,0.9,1.2,0.2,0.1796,0.4975,0.1908,0.2581,0.7521,1.8781,0.3292,0.5466,0.6068,0.345,0.2187,0.0,1.7171,0.1508,0.4144,0.4144,0.4144,0.2886,0.686,0.0,0.0524,0.6814,1.7084,0.2987,5.718,0.2178,0,0,0,0,0,0,0,0,0,0,0,0,0,0,0,0,0,0,0,0,0,2701,206,66,34,39,376,175,0,12,0,12,0,12,71,60,0,12,13.4,4.2,0.8,1.0,9.3,4.3,0.0,0.9,0.0,0.9,0.0,0.9,1.8,1.5,0.0,0.9
39,Ohio,OH,39143,Sandusky County,39143961100,Census Tract 9611; Sandusky County; Ohio,36.926978292348,4031,218,1718,139,1596,125,825,216,62,52,260,72,132,50,106,59,669,95,901,150,456,122,112,42,10,51,515,396,48,36,32,35,0,16,44,29,86,2,20.9,5.4,3.0,2.4,16.3,4.3,4.6,1.7,2.7,1.5,16.6,2.3,22.4,3.7,11.5,2.8,7.0,2.6,0.3,1.4,12.8,9.8,2.8,2.1,1.9,2.0,0.0,1.0,2.8,1.9,2.1,0.1,0.5278,0.3403,0.2422,0.2724,0.1888,1.5715,0.2448,0.4379,0.5466,0.3158,0.62,0.4968,2.4171,0.5083,0.4401,0.4401,0.4401,0.4622,0.693,0.0,0.2848,0.7644,2.2044,0.5029,6.6331,0.366,0,0,0,0,0,0,0,0,0,0,0,0,0,0,0,0,0,0,0,0,0,2861,250,105,37,56,329,170,19,27,0,12,0,12,111,70,19,23,15.7,6.0,0.9,1.4,8.2,4.4,0.5,0.7,0.0,0.9,0.0,0.9,2.8,1.7,0.5,0.6
39,Ohio,OH,39143,Sandusky County,39143961200,Census Tract 9612; Sandusky County; Ohio,78.472352723488,3568,380,1535,166,1413,149,436,177,56,44,117,54,216,132,251,137,899,224,633,163,491,157,16,18,31,58,385,545,0,16,127,95,0,16,104,88,46,5,12.2,4.8,2.9,2.3,8.3,3.7,7.8,4.6,7.0,3.7,25.2,5.2,17.7,3.6,13.8,4.1,1.1,1.3,0.9,1.7,10.8,15.2,0.0,1.0,8.3,5.8,0.0,1.1,7.4,6.1,1.3,0.0,0.2764,0.327,0.0251,0.5003,0.636,1.7648,0.3,0.8744,0.2419,0.4675,0.0829,0.6855,2.3522,0.466,0.3824,0.3824,0.3824,0.0,0.8511,0.0,0.6203,0.6934,2.1648,0.487,6.6642,0.3714,0,0,0,0,0,0,0,0,0,0,0,0,0,0,0,0,0,0,0,0,0,2662,175,82,7,14,308,144,2,5,0,12,0,12,42,52,26,38,12.4,5.6,0.2,0.4,8.6,4.0,0.1,0.1,0.0,1.0,0.0,1.0,1.2,1.5,0.7,1.1
39,Ohio,OH,39143,Sandusky County,39143961300,Census Tract 9613; Sandusky County; Ohio,4.891548245814,4226,403,2028,229,1753,191,687,286,236,113,286,118,283,119,414,271,978,191,798,131,552,166,12,22,64,64,932,574,70,90,8,14,0,16,70,42,91,4,16.5,6.7,10.8,4.7,16.3,6.5,9.3,3.5,9.9,6.4,23.1,3.9,18.9,2.6,13.3,3.9,0.7,1.3,1.6,1.6,22.1,13.4,3.5,4.4,0.4,0.7,0.0,0.9,4.0,2.4,2.2,0.2,0.4078,0.86,0.2422,0.5951,0.8169,2.922,0.6337,0.7961,0.3107,0.4361,0.0546,0.7971,2.3946,0.4927,0.6183,0.6183,0.6183,0.4943,0.5625,0.0,0.3981,0.773,2.2279,0.5143,8.1628,0.6111,0,0,0,0,0,0,0,0,0,0,0,0,0,0,0,0,0,0,0,0,0,3345,138,56,210,147,494,159,0,12,0,12,4,9,224,180,0,12,7.9,3.2,5.0,3.4,11.7,3.7,0.0,0.8,0.0,0.8,0.1,0.2,5.3,4.1,0.0,0.8
39,Ohio,OH,39143,Sandusky County,39143961400,Census Tract 9614; Sandusky County; Ohio,0.6158280567759999,2619,424,1391,157,1106,146,802,370,40,56,343,151,146,59,195,167,262,38,753,268,472,158,46,38,0,48,487,619,205,131,0,12,0,16,60,54,0,12,30.6,13.2,3.1,4.4,31.0,13.0,8.6,3.4,7.4,5.8,10.0,2.2,28.8,6.6,18.0,5.6,4.2,3.4,0.0,2.0,18.6,23.4,14.7,9.3,0.0,2.5,0.0,1.4,5.4,5.1,0.0,0.5,0.721,0.3537,0.7511,0.552,0.6744,3.0522,0.6768,0.124,0.8808,0.7122,0.394,0.0,2.111,0.3283,0.5669,0.5669,0.5669,0.7762,0.0,0.0,0.4994,0.0,1.2756,0.1683,7.0057,0.4241,0,0,0,0,0,0,0,0,0,0,0,0,0,0,0,0,0,0,0,0,0,4935,60,40,157,131,250,262,0,12,0,12,0,12,69,63,11,18,5.4,3.8,6.0,5.0,9.5,9.8,0.0,1.3,0.0,1.3,0.0,1.3,2.6,2.4,0.4,0.7
39,Ohio,OH,39143,Sandusky County,39143961500,Census Tract 9615; Sandusky County; Ohio,0.684749580388,4036,456,1841,174,1708,191,1216,484,55,65,364,160,187,84,207,149,503,106,1153,260,816,188,88,96,19,51,1401,624,18,29,9,16,25,34,137,89,2,1,30.2,11.5,3.3,3.8,21.3,9.1,7.1,3.1,5.1,3.6,12.5,3.0,28.6,5.0,20.2,4.3,5.1,5.6,0.5,1.3,34.7,15.0,1.0,1.6,0.5,0.9,1.5,2.0,8.0,5.1,0.0,0.0,0.715,0.386,0.4483,0.4569,0.4611,2.4673,0.4978,0.2166,0.876,0.8134,0.4841,0.5796,2.9697,0.8089,0.7422,0.7422,0.7422,0.3292,0.5717,0.6606,0.6479,0.0,2.2094,0.5041,8.3886,0.647,0,0,0,0,0,0,0,0,0,0,0,0,0,0,0,0,0,0,0,0,0,2439,158,92,457,303,639,187,13,25,0,12,0,12,292,181,0,12,9.3,5.3,11.3,7.0,15.8,4.6,0.3,0.6,0.0,0.9,0.0,0.9,7.2,4.7,0.0,0.9
39,Ohio,OH,39143,Sandusky County,39143961600,Census Tract 9616; Sandusky County; Ohio,3.411689550378,3125,335,1522,193,1403,153,1257,460,88,71,400,152,294,171,153,129,663,141,673,215,693,217,86,69,115,101,879,468,276,112,152,107,112,88,110,60,139,3,42.3,14.7,6.8,5.5,28.5,10.4,14.3,7.6,5.1,4.3,21.2,4.6,21.5,5.4,23.2,6.3,6.1,4.9,4.0,3.5,28.1,14.7,18.1,7.0,10.0,6.3,8.0,6.2,7.8,4.2,4.4,0.5,0.8566,0.7079,0.6914,0.7984,0.4611,3.5154,0.7835,0.7213,0.4848,0.8994,0.5584,0.9296,3.5935,0.9641,0.6893,0.6893,0.6893,0.8222,0.8762,0.9771,0.6394,0.8881,4.203,0.9952,12.0012,0.9816,0,0,0,0,0,0,0,0,0,0,1,1,0,0,0,0,1,0,0,1,2,7413,358,142,79,69,778,300,0,12,0,12,0,12,22,32,0,12,25.5,8.8,2.5,2.2,24.9,8.7,0.0,1.1,0.0,1.1,0.0,1.1,0.7,1.0,0.0,1.1
39,Ohio,OH,39143,Sandusky County,39143961700,Census Tract 9617; Sandusky County; Ohio,3.32073781885,3165,276,1396,146,1232,138,500,251,54,41,289,127,104,51,87,79,536,69,685,129,353,124,50,50,2,46,916,415,33,38,106,90,24,37,38,23,157,6,16.6,8.2,3.4,2.6,23.5,10.0,4.8,2.4,2.9,2.6,16.9,2.1,21.6,3.4,11.8,4.1,4.1,4.0,0.1,1.5,28.9,12.9,2.3,2.7,7.6,6.1,1.9,3.0,3.1,1.9,5.0,0.5,0.4116,0.3975,0.5254,0.2888,0.2142,1.8375,0.3168,0.4575,0.4918,0.3351,0.3844,0.4245,2.0933,0.319,0.6953,0.6953,0.6953,0.426,0.8406,0.7219,0.3143,0.9068,3.2096,0.8822,7.8357,0.5556,0,0,0,0,0,0,0,0,0,0,0,0,0,0,0,0,0,0,1,1,1,4179,149,74,194,116,567,140,31,47,0,12,0,12,124,104,0,12,12.1,5.7,6.1,3.7,17.9,4.4,1.0,1.5,0.0,1.1,0.0,1.1,3.9,3.3,0.0,1.1
39,Ohio,OH,39143,Sandusky County,39143961800,Census Tract 9618; Sandusky County; Ohio,3.080916739182,4565,447,2021,175,1811,189,1513,501,160,100,509,216,169,75,141,119,675,90,1367,272,1031,282,166,63,3,46,1155,607,225,127,10,16,24,36,90,53,41,5,33.7,10.6,7.6,4.3,28.1,11.6,5.9,2.6,3.1,2.6,14.8,2.4,29.9,4.2,22.7,5.6,9.2,3.3,0.1,1.1,25.3,13.1,11.1,6.2,0.5,0.8,1.3,2.0,5.0,2.9,0.9,0.1,0.7639,0.7527,0.6819,0.3741,0.2371,2.8097,0.6051,0.3335,0.9112,0.8877,0.7448,0.4245,3.3017,0.9102,0.6601,0.6601,0.6601,0.7108,0.5717,0.6181,0.4702,0.6458,3.0166,0.8359,9.7881,0.8254,0,0,0,0,0,0,0,1,0,0,0,1,0,0,0,0,0,0,0,0,1,2728,338,139,462,224,591,170,29,37,10,19,0,12,38,39,25,36,18.7,6.7,10.1,4.8,12.9,3.4,0.6,0.8,0.2,0.4,0.0,0.8,0.8,0.9,0.5,0.8
39,Ohio,OH,39143,Sandusky County,39143961900,Census Tract 9619; Sandusky County; Ohio,29.413429511328,3741,349,1468,147,1393,149,507,242,36,52,246,111,105,63,115,60,663,117,889,222,441,118,78,77,26,52,355,481,13,13,292,100,7,15,7,8,199,13,14.2,6.6,2.0,2.8,17.7,7.7,4.4,2.6,3.2,1.6,17.7,3.6,23.8,4.5,12.3,3.2,5.6,5.5,0.8,1.5,9.5,12.8,0.9,0.9,19.9,6.5,0.5,1.1,0.5,0.6,5.3,0.6,0.3374,0.194,0.3006,0.2581,0.2491,1.3392,0.1806,0.5117,0.6439,0.3745,0.5241,0.6636,2.7178,0.6921,0.337,0.337,0.337,0.3181,0.9571,0.4413,0.0524,0.9138,2.6827,0.7143,7.0767,0.4346,0,0,0,0,0,0,0,0,0,0,0,0,0,0,0,1,0,0,1,2,2,2043,179,80,17,14,137,112,0,12,0,12,0,12,201,173,0,12,12.8,5.5,0.5,0.4,3.7,3.0,0.0,0.9,0.0,0.9,0.0,0.9,5.4,4.5,0.0,0.9
39,Ohio,OH,39143,Sandusky County,39143962000,Census Tract 9620; Sandusky County; Ohio,6.673138704414,6275,256,2953,213,2696,210,1162,417,226,130,447,181,354,190,148,126,1467,289,1038,286,1183,346,310,193,30,70,510,426,27,44,189,104,0,24,44,39,145,4,18.8,6.7,7.1,3.9,16.6,6.6,7.2,3.8,2.4,2.0,23.4,4.7,16.5,4.4,19.1,5.7,11.5,7.1,0.5,1.1,8.1,6.8,0.9,1.5,6.4,3.4,0.0,0.9,1.6,1.5,2.3,0.1,0.4776,0.7283,0.2546,0.4629,0.1568,2.0802,0.3921,0.8107,0.1823,0.768,0.8248,0.5796,3.1654,0.8771,0.2873,0.2873,0.2873,0.3181,0.8159,0.0,0.1724,0.7815,2.0879,0.453,7.6208,0.52,0,0,0,0,0,0,0,0,0,0,0,0,0,0,0,0,0,0,0,0,0,9826,31,38,16,40,355,162,0,17,65,51,0,17,74,72,0,17,1.1,1.4,0.3,0.6,5.7,2.6,0.0,0.6,1.0,0.8,0.0,0.6,1.2,1.2,0.0,0.6
39,Ohio,OH,39143,Sandusky County,39143962100,Census Tract 9621; Sandusky County; Ohio,69.171081798006,5037,438,2181,215,2031,206,824,258,75,55,480,164,214,102,407,240,1054,179,1051,214,642,188,48,45,27,76,508,609,0,24,239,119,44,47,60,47,104,3,16.7,5.0,3.1,2.2,23.6,7.7,6.1,2.9,8.2,4.8,20.9,3.3,20.9,3.3,13.0,3.7,2.4,2.2,0.6,1.6,10.1,12.1,0.0,1.1,11.0,5.5,2.1,2.3,3.0,2.3,2.1,0.2,0.4154,0.3537,0.5295,0.3897,0.7306,2.4189,0.4841,0.7093,0.4426,0.4129,0.201,0.6088,2.3746,0.4819,0.3592,0.3592,0.3592,0.0,0.887,0.7448,0.3051,0.7644,2.7013,0.7216,7.854,0.559,0,0,0,0,0,0,0,0,0,0,0,0,0,0,0,0,0,0,0,0,0,3182,490,172,3,6,287,182,0,17,25,44,0,17,108,82,85,115,24.1,7.3,0.1,0.1,5.7,3.6,0.0,0.7,0.5,0.9,0.0,0.7,2.1,1.6,1.7,2.3
39,Ohio,OH,39143,Sandusky County,39143962200,Census Tract 9622; Sandusky County; Ohio,2.85545981222,4396,305,2029,157,1923,150,1277,311,92,46,475,167,356,162,367,219,1026,171,917,162,747,199,116,68,11,49,570,487,169,101,0,12,6,16,282,160,91,6,29.7,6.9,4.5,2.3,24.7,8.5,11.0,4.9,8.5,5.1,23.3,3.8,20.9,3.2,17.4,4.5,6.1,3.5,0.3,1.2,13.0,11.0,8.3,4.9,0.0,1.7,0.3,0.8,14.7,7.9,2.1,0.2,0.7058,0.534,0.567,0.6855,0.7471,3.2394,0.7229,0.806,0.4426,0.6836,0.5584,0.4968,2.9874,0.8143,0.4448,0.4448,0.4448,0.6581,0.0,0.4041,0.8314,0.7644,2.658,0.7013,9.3296,0.7721,0,0,0,0,0,0,0,0,0,0,0,0,0,0,0,0,0,0,0,0,0,3248,334,147,53,56,387,239,11,20,0,12,0,12,68,64,51,64,17.4,7.1,1.2,1.3,8.8,5.4,0.3,0.5,0.0,0.8,0.0,0.8,1.5,1.5,1.2,1.4
39,Ohio,OH,39145,Scioto County,39145002100,Census Tract 21; Scioto County; Ohio,50.577346161458,4931,400,1988,232,1637,149,1490,495,55,60,365,168,304,127,309,165,575,99,1276,177,1048,247,60,53,0,48,134,564,34,56,400,189,67,88,68,64,38,8,30.3,9.8,2.9,3.1,22.3,10.1,9.8,4.0,6.3,3.2,11.7,2.1,25.9,3.2,21.4,4.8,3.7,3.2,0.0,1.0,2.7,11.4,1.7,2.8,20.1,9.4,4.1,5.4,4.2,3.9,0.8,0.1,0.7172,0.327,0.4813,0.6252,0.5763,2.727,0.5806,0.1836,0.7625,0.8493,0.34,0.0,2.1354,0.3429,0.0558,0.0558,0.0558,0.387,0.9581,0.9006,0.4114,0.6344,3.2915,0.8968,8.2097,0.6194,0,0,0,0,0,0,0,0,0,0,0,0,0,0,0,1,1,0,0,2,2,2180,189,98,50,48,50,85,16,34,0,12,0,12,18,28,0,12,11.5,5.8,1.0,1.0,1.0,1.7,0.3,0.7,0.0,0.7,0.0,0.7,0.4,0.6,0.0,0.7
39,Ohio,OH,39145,Scioto County,39145002200,Census Tract 22; Scioto County; Ohio,39.565367699148,4595,317,1460,159,1267,137,764,310,99,54,177,89,879,228,57,58,650,98,486,141,576,167,18,25,0,48,835,448,15,21,285,123,0,16,53,57,1247,68,22.8,9.0,7.0,3.4,14.0,6.9,24.7,6.0,1.7,1.8,14.1,2.1,10.6,2.8,17.2,4.8,1.4,2.0,0.0,1.1,18.2,9.7,1.0,1.4,19.5,7.8,0.0,1.3,4.2,4.6,27.1,2.4,0.5779,0.7222,0.154,0.9524,0.092,2.4985,0.5086,0.2964,0.0466,0.6728,0.1086,0.0,1.1244,0.0314,0.5615,0.5615,0.5615,0.3292,0.9549,0.0,0.4114,0.9813,2.6768,0.7108,6.8612,0.407,0,0,0,1,0,1,0,0,0,0,0,0,0,0,0,1,0,0,1,2,3,5050,168,86,696,95,87,62,11,25,8,14,0,12,33,37,0,12,13.3,6.4,15.1,2.3,1.9,1.4,0.2,0.5,0.2,0.3,0.0,0.8,0.7,0.8,0.0,0.8
39,Ohio,OH,39145,Scioto County,39145002300,Census Tract 23; Scioto County; Ohio,120.172781084604,4299,609,2111,224,1557,220,891,422,41,47,191,117,462,174,316,209,806,115,586,278,863,244,32,45,14,50,61,863,0,16,653,186,1,12,128,109,171,2,21.7,9.8,2.1,2.5,12.3,7.3,14.4,5.0,7.7,4.7,18.7,3.2,13.6,5.9,20.9,5.7,2.1,2.9,0.3,1.2,1.4,20.1,0.0,0.8,30.9,8.5,0.1,0.8,8.2,6.8,4.0,0.6,0.5497,0.2086,0.1063,0.8006,0.6915,2.3567,0.4711,0.5821,0.0904,0.8328,0.1673,0.4968,2.1694,0.3616,0.0159,0.0159,0.0159,0.0,0.9873,0.3819,0.6552,0.8757,2.9001,0.7962,7.4421,0.4952,0,0,0,0,0,0,0,0,0,0,0,0,0,0,0,1,0,0,0,1,1,2022,271,130,11,25,23,36,0,12,0,12,0,12,27,52,0,12,17.4,7.6,0.3,0.6,0.5,0.8,0.0,0.8,0.0,0.8,0.0,0.8,0.6,1.2,0.0,0.8
39,Ohio,OH,39145,Scioto County,39145002400,Census Tract 24; Scioto County; Ohio,55.503014627114,5757,681,2493,282,2153,259,2339,658,178,118,593,217,311,164,481,289,1048,228,1566,323,1368,346,155,105,0,68,256,929,0,24,615,215,96,81,82,81,37,3,41.0,10.4,8.4,5.5,27.5,9.5,8.2,4.0,8.4,4.8,18.2,4.2,27.2,4.5,23.9,5.7,7.2,4.8,0.0,1.3,4.4,16.1,0.0,1.0,24.7,8.4,4.5,3.7,3.8,3.7,0.6,0.1,0.8461,0.7876,0.6663,0.526,0.7417,3.5677,0.7956,0.5466,0.824,0.9121,0.6337,0.0,2.9164,0.7835,0.1249,0.1249,0.1249,0.0,0.9752,0.9213,0.38,0.6059,2.8824,0.7895,9.4914,0.793,0,0,0,0,0,0,0,0,1,0,0,1,0,0,0,1,1,0,0,2,3,3793,521,207,16,24,80,118,0,17,37,62,0,17,123,92,0,17,24.2,8.9,0.3,0.4,1.4,2.0,0.0,0.6,0.6,1.1,0.0,0.6,2.1,1.6,0.0,0.6
39,Ohio,OH,39145,Scioto County,39145002500,Census Tract 25; Scioto County; Ohio,31.49363550385,2273,351,1053,165,878,151,685,259,42,31,136,68,157,79,95,77,488,131,517,131,659,178,37,31,1,46,16,498,0,16,224,116,0,16,46,48,0,12,30.1,10.4,5.0,3.5,15.5,7.3,10.1,4.6,4.2,3.3,21.5,5.7,22.7,4.6,29.0,6.1,4.2,3.5,0.0,2.1,0.7,21.9,0.0,1.5,21.3,10.1,0.0,1.8,5.2,5.4,0.0,0.5,0.7122,0.58,0.2083,0.6443,0.3561,2.5009,0.5111,0.7343,0.5669,0.9759,0.394,0.0,2.6711,0.6644,0.0044,0.0044,0.0044,0.0,0.9654,0.0,0.4844,0.0,1.4498,0.2156,6.6262,0.3651,0,0,0,0,0,0,0,0,1,0,0,1,0,0,0,1,0,0,0,1,2,1556,86,41,0,12,0,12,1,3,13,20,0,12,2,8,0,12,9.8,4.4,0.0,1.5,0.0,1.5,0.0,0.1,0.6,0.9,0.0,1.5,0.1,0.3,0.0,1.5
39,Ohio,OH,39145,Scioto County,39145002600,Census Tract 26; Scioto County; Ohio,59.808109842414,3828,490,1918,187,1577,173,1543,488,85,64,358,130,268,106,206,132,885,158,947,257,894,178,92,68,0,48,156,670,0,16,556,148,41,63,55,47,0,12,40.3,11.7,5.8,3.9,22.7,7.9,9.8,4.0,5.4,3.1,23.1,4.3,24.7,5.0,23.4,5.4,5.8,4.3,0.0,1.3,4.1,17.5,0.0,0.8,29.0,7.4,2.6,4.0,3.5,3.0,0.0,0.3,0.8394,0.6432,0.4962,0.6252,0.4916,3.0956,0.6876,0.7961,0.6956,0.9045,0.54,0.0,2.9362,0.7949,0.1097,0.1097,0.1097,0.0,0.9835,0.8029,0.3537,0.0,2.1401,0.4775,8.2816,0.6283,0,0,0,0,0,0,0,0,1,0,0,1,0,0,0,1,0,0,0,1,2,4274,386,127,3,8,36,45,0,12,0,12,0,12,117,79,0,12,24.5,7.6,0.1,0.2,0.9,1.2,0.0,0.9,0.0,0.9,0.0,0.9,3.1,1.9,0.0,0.9
39,Ohio,OH,39145,Scioto County,39145002700,Census Tract 27; Scioto County; Ohio,55.353543732058,4971,540,2020,221,1862,223,937,321,217,150,344,138,365,149,323,164,1006,233,1178,245,950,242,82,70,0,48,166,750,0,16,294,139,17,29,9,15,0,12,18.8,6.1,10.3,6.8,18.5,7.1,10.4,4.2,6.5,3.3,20.2,4.6,23.7,3.8,19.1,4.7,4.5,3.7,0.0,1.0,3.3,15.1,0.0,0.8,14.6,6.1,0.9,1.6,0.5,0.8,0.0,0.2,0.4776,0.8498,0.3324,0.6582,0.5947,2.9127,0.6321,0.6734,0.6354,0.768,0.4286,0.0,2.5054,0.56,0.0793,0.0793,0.0793,0.0,0.9248,0.5384,0.0524,0.0,1.5156,0.2352,7.013,0.426,0,0,0,0,0,0,0,0,0,0,0,0,0,0,0,1,0,0,0,1,1,1887,289,131,0,12,100,101,20,38,0,12,0,12,46,48,0,12,15.5,6.8,0.0,0.7,2.0,2.0,0.4,0.8,0.0,0.7,0.0,0.7,0.9,1.0,0.0,0.7
39,Ohio,OH,39145,Scioto County,39145002800,Census Tract 28; Scioto County; Ohio,37.809892407624,5028,462,2080,222,1718,185,1097,297,69,60,336,125,293,95,332,175,713,182,1097,282,978,235,87,64,0,68,325,681,0,24,642,173,0,24,93,84,381,22,23.7,6.0,3.5,3.1,19.6,7.0,8.2,2.8,7.1,3.7,14.2,3.6,21.8,4.5,21.0,4.6,5.1,3.7,0.0,1.4,6.5,13.5,0.0,1.2,30.9,8.0,0.0,1.4,5.4,4.7,7.6,0.8,0.5944,0.4156,0.3781,0.526,0.6452,2.5593,0.527,0.2993,0.5025,0.8366,0.4841,0.0,2.1225,0.3378,0.215,0.215,0.215,0.0,0.9873,0.0,0.4994,0.9423,2.429,0.6051,7.3258,0.474,0,0,0,0,0,0,0,0,0,0,0,0,0,0,0,1,0,0,1,2,2,4228,254,102,111,123,5,9,0,17,8,11,5,10,185,115,11,17,14.8,6.2,2.2,2.5,0.1,0.2,0.0,0.7,0.2,0.2,0.1,0.2,3.7,2.3,0.2,0.3
39,Ohio,OH,39145,Scioto County,39145002901,Census Tract 29.01; Scioto County; Ohio,2.589610052324,3773,449,1724,243,1533,238,1058,483,152,166,305,167,155,88,240,166,754,124,778,209,589,168,117,97,0,48,93,639,115,80,141,99,66,89,52,46,171,5,29.4,12.9,9.2,9.9,19.9,10.4,5.7,3.2,6.7,4.4,20.0,3.8,20.6,4.3,16.3,4.5,7.6,6.2,0.0,1.4,2.5,16.9,6.7,4.5,8.2,5.7,4.3,5.8,3.4,3.0,4.5,0.6,0.7017,0.8222,0.3898,0.357,0.6109,2.8816,0.6251,0.663,0.4271,0.6223,0.661,0.0,2.3734,0.4806,0.0514,0.0514,0.0514,0.6092,0.8495,0.9111,0.3438,0.8922,3.6058,0.9552,8.9122,0.7156,0,0,0,0,0,0,0,0,0,0,0,0,0,0,0,0,1,0,0,1,1,2840,145,105,28,40,0,12,0,12,0,12,0,12,65,84,0,12,9.5,7.2,0.7,1.1,0.0,0.9,0.0,0.9,0.0,0.9,0.0,0.9,1.7,2.2,0.0,0.9
39,Ohio,OH,39145,Scioto County,39145002902,Census Tract 29.02; Scioto County; Ohio,6.91963124054,2259,370,1011,129,901,134,766,473,20,34,340,152,139,99,40,43,435,145,547,185,606,249,30,44,0,48,111,514,72,54,42,48,0,16,46,57,19,4,33.9,20.2,2.3,3.9,37.7,15.9,9.2,6.4,1.8,1.9,19.3,7.2,24.2,5.5,26.8,9.5,3.3,4.9,0.0,2.2,4.9,22.7,7.1,5.3,4.2,4.6,0.0,1.8,5.1,6.3,0.8,0.1,0.7683,0.2384,0.8663,0.5875,0.1022,2.5627,0.5273,0.6208,0.669,0.9578,0.2943,0.0,2.5419,0.5848,0.1474,0.1474,0.1474,0.6213,0.7673,0.0,0.4787,0.6344,2.5017,0.6378,7.7537,0.5419,0,0,0,0,0,0,0,0,1,0,0,1,0,0,0,0,0,0,0,0,1,3981,137,81,0,12,110,113,0,12,0,12,0,12,1,9,0,12,15.2,8.5,0.0,1.5,4.9,4.8,0.0,1.5,0.0,1.5,0.0,1.5,0.0,0.4,0.0,1.5
39,Ohio,OH,39145,Scioto County,39145003000,Census Tract 30; Scioto County; Ohio,4.9985579595219995,3364,582,1734,254,1412,255,743,256,177,115,343,122,223,137,190,125,648,175,745,229,845,226,85,50,0,48,157,805,0,16,106,70,12,21,85,56,0,12,22.2,6.6,11.3,7.2,24.3,7.4,9.5,5.6,5.6,3.8,19.3,5.4,22.1,5.0,25.1,6.3,6.0,3.4,0.0,1.5,4.7,23.9,0.0,0.9,6.1,4.1,0.8,1.5,6.0,3.9,0.0,0.4,0.5643,0.8695,0.5524,0.6068,0.5075,3.1005,0.6883,0.6208,0.5247,0.9327,0.5517,0.0,2.6299,0.6403,0.1395,0.1395,0.1395,0.0,0.8092,0.5117,0.5413,0.0,1.8622,0.3616,7.7321,0.5387,0,0,0,0,0,0,0,0,1,0,0,1,0,0,0,0,0,0,0,0,1,2260,157,84,14,24,19,35,0,12,27,27,0,12,97,75,0,12,11.1,5.6,0.4,0.7,0.6,1.0,0.0,1.0,0.8,0.8,0.0,1.0,2.9,2.2,0.0,1.0
39,Ohio,OH,39145,Scioto County,39145003100,Census Tract 31; Scioto County; Ohio,9.327739375888,3172,563,1408,143,1250,148,1618,609,115,68,351,113,405,132,241,154,593,132,776,315,769,211,92,56,0,48,91,788,111,45,91,67,77,86,153,65,5,14,51.1,16.9,11.0,5.6,28.1,8.4,18.9,5.4,7.6,4.5,18.7,4.9,24.5,6.4,24.3,5.7,7.3,4.4,0.0,1.6,2.9,24.8,7.9,3.1,6.5,4.8,6.1,6.8,12.2,5.0,0.2,0.4,0.9137,0.8641,0.6819,0.8944,0.6855,4.0396,0.8965,0.5821,0.6826,0.9207,0.6416,0.0,2.827,0.7429,0.0618,0.0618,0.0618,0.6473,0.8181,0.9616,0.7825,0.4356,3.6451,0.96,10.5735,0.8994,1,0,0,0,0,1,0,0,1,0,0,1,0,0,0,0,1,0,0,1,3,4181,263,74,3,7,0,12,0,12,54,77,0,12,34,35,0,12,21.0,5.7,0.1,0.2,0.0,1.1,0.0,1.1,1.7,2.4,0.0,1.1,1.1,1.1,0.0,1.1
39,Ohio,OH,39145,Scioto County,39145003200,Census Tract 32; Scioto County; Ohio,1.98903727167,1862,313,845,95,705,117,1017,271,31,24,221,76,229,93,146,76,176,81,439,143,610,140,41,28,0,48,262,419,173,81,6,10,19,23,165,83,0,12,54.8,11.3,4.9,4.0,31.3,9.4,18.5,7.7,7.8,4.0,9.5,4.3,23.6,5.4,32.8,6.6,5.8,3.9,0.0,2.8,14.1,22.4,20.5,9.3,0.7,1.2,2.7,3.2,23.4,9.5,0.0,0.6,0.9337,0.5711,0.7552,0.8897,0.701,3.8507,0.8575,0.1084,0.6287,0.9879,0.54,0.0,2.265,0.413,0.4727,0.4727,0.4727,0.8524,0.6003,0.814,0.9283,0.0,3.195,0.8775,9.7834,0.8244,1,0,0,0,0,1,0,0,1,0,0,1,0,0,0,0,0,1,0,1,3,1126,127,61,42,44,93,105,0,12,0,12,0,12,127,118,0,12,18.0,8.1,2.3,2.3,5.0,5.5,0.0,1.9,0.0,1.9,0.0,1.9,6.8,6.1,0.0,1.9
39,Ohio,OH,39145,Scioto County,39145003300,Census Tract 33; Scioto County; Ohio,0.744033611978,2196,359,1181,252,988,250,780,293,42,38,249,92,132,109,60,50,677,245,463,143,417,131,149,108,0,48,473,475,161,63,0,12,0,16,58,43,123,4,37.6,12.5,5.0,4.5,25.2,6.8,8.0,6.1,2.9,2.4,30.8,8.6,21.1,6.4,20.1,6.5,15.1,10.2,0.0,2.3,21.5,21.3,13.6,4.5,0.0,2.9,0.0,1.6,5.9,4.6,5.6,0.9,0.8074,0.58,0.5889,0.5133,0.2142,2.7038,0.5737,0.9667,0.4569,0.8105,0.9032,0.0,3.1373,0.8676,0.611,0.611,0.611,0.7568,0.0,0.0,0.5349,0.9188,2.2105,0.5048,8.6626,0.6841,0,0,0,0,0,0,1,0,0,1,0,2,0,0,0,0,0,0,1,1,3,4230,286,229,207,132,88,107,7,15,0,12,0,12,171,153,0,12,28.9,18.0,9.4,5.9,4.0,4.8,0.3,0.7,0.0,1.6,0.0,1.6,7.8,6.8,0.0,1.6
39,Ohio,OH,39145,Scioto County,39145003400,Census Tract 34; Scioto County; Ohio,0.543106131178,3339,441,1518,175,1174,174,1821,509,105,74,352,135,500,227,198,135,528,112,952,247,744,180,87,71,84,68,515,632,49,46,0,12,52,50,109,78,48,4,55.8,13.8,8.2,5.9,30.0,10.6,23.8,9.4,6.0,3.9,15.8,3.4,28.5,5.2,22.5,4.9,7.4,5.9,2.7,2.2,15.4,18.8,3.2,3.0,0.0,2.3,4.4,4.2,9.3,6.5,1.4,0.2,0.9416,0.7806,0.7267,0.9458,0.5459,3.9406,0.8768,0.3865,0.8719,0.8835,0.647,0.8827,3.6716,0.9737,0.5041,0.5041,0.5041,0.4797,0.0,0.9168,0.6968,0.7029,2.7962,0.7578,10.9125,0.9248,1,0,0,1,0,2,0,0,0,0,0,0,0,0,0,0,1,0,0,1,3,2324,97,73,53,48,135,110,88,54,15,21,0,12,167,120,57,78,8.3,5.7,1.6,1.4,4.0,3.2,2.6,1.7,0.4,0.6,0.0,1.0,5.0,3.5,1.7,2.4
39,Ohio,OH,39145,Scioto County,39145003500,Census Tract 35; Scioto County; Ohio,0.673416714484,2319,284,865,87,794,89,1481,267,129,77,319,94,373,130,164,95,299,53,492,118,780,206,74,48,0,48,87,398,23,27,0,12,15,21,79,45,91,4,66.3,8.5,17.0,8.9,40.2,10.9,23.8,7.2,7.3,4.1,12.9,2.3,21.2,4.4,34.9,7.9,9.3,6.0,0.0,2.2,3.8,17.2,2.7,3.1,0.0,4.0,1.9,2.6,9.9,5.4,3.9,0.5,0.9772,0.9556,0.8978,0.9458,0.6661,4.4425,0.966,0.2302,0.4654,0.994,0.7495,0.0,2.4391,0.519,0.0967,0.0967,0.0967,0.4533,0.0,0.7219,0.7162,0.87,2.7614,0.7429,9.7397,0.8197,1,1,0,1,0,3,0,0,1,0,0,1,0,0,0,0,0,0,0,0,4,2184,123,45,14,16,23,35,17,34,0,12,0,12,33,26,0,12,15.5,5.3,0.6,0.7,1.0,1.5,0.7,1.5,0.0,1.5,0.0,1.5,1.4,1.1,0.0,1.5
39,Ohio,OH,39145,Scioto County,39145003600,Census Tract 36; Scioto County; Ohio,0.7643707626239999,2013,308,993,174,800,173,797,244,136,113,300,105,196,108,171,103,407,84,163,82,542,167,36,32,0,48,245,438,354,87,0,12,0,16,287,107,779,28,59.0,12.0,18.6,14.4,37.5,10.3,17.7,10.3,8.9,4.5,20.2,3.7,8.1,3.8,28.3,7.1,4.5,3.9,0.0,2.4,12.2,21.7,35.6,6.2,0.0,3.5,0.0,2.0,35.9,10.7,38.7,6.1,0.9559,0.9673,0.8632,0.8754,0.7661,4.4279,0.9632,0.6734,0.033,0.9683,0.4286,0.0,2.1033,0.3225,0.4226,0.4226,0.4226,0.9416,0.0,0.0,0.9756,0.9876,2.9048,0.7971,9.8586,0.8321,1,1,0,0,0,2,0,0,1,0,0,1,0,0,1,0,0,1,1,3,6,11478,261,99,132,67,40,22,0,12,0,12,0,12,73,57,0,12,32.6,10.2,6.6,3.4,2.0,1.1,0.0,1.7,0.0,1.7,0.0,1.7,3.6,2.9,0.0,1.7
39,Ohio,OH,39145,Scioto County,39145003700,Census Tract 37; Scioto County; Ohio,0.49446731783,2878,426,1321,236,1130,242,1672,447,191,100,381,207,200,89,167,122,334,69,786,204,707,257,87,87,0,48,787,559,333,204,0,12,25,31,219,113,148,18,61.7,13.5,19.3,9.1,33.7,16.8,10.8,4.7,6.1,4.3,11.6,2.8,27.3,5.4,25.9,7.3,7.7,7.5,0.0,1.8,27.3,19.0,25.2,14.8,0.0,2.6,2.2,2.7,19.4,9.3,5.1,1.0,0.9645,0.9708,0.8041,0.6782,0.5547,3.9723,0.8829,0.1776,0.8282,0.9464,0.667,0.0,2.6192,0.6337,0.6798,0.6798,0.6798,0.8876,0.0,0.7575,0.8952,0.9087,3.449,0.9286,10.7203,0.9105,1,1,0,0,0,2,0,0,1,0,0,1,0,0,0,0,0,0,1,1,4,2629,206,91,598,310,50,45,0,12,0,12,0,12,139,101,0,12,18.2,8.3,20.8,10.0,1.7,1.5,0.0,1.2,0.0,1.2,0.0,1.2,4.8,3.3,0.0,1.2
39,Ohio,OH,39145,Scioto County,39145003800,Census Tract 38; Scioto County; Ohio,9.521696943384,4519,500,2111,235,1850,235,1497,444,163,118,449,188,271,136,176,157,1303,340,697,236,870,333,85,64,0,48,531,721,36,40,170,106,18,38,74,67,93,3,33.8,9.3,8.4,6.1,24.3,9.7,7.7,4.0,4.0,3.5,28.8,7.3,15.4,5.1,19.7,6.8,4.6,3.4,0.0,1.1,11.8,15.9,1.7,1.9,8.1,5.3,1.0,2.1,4.0,3.6,2.1,0.2,0.7664,0.7876,0.5524,0.4933,0.3377,2.9374,0.6387,0.9467,0.1414,0.794,0.4381,0.0,2.3202,0.4435,0.4119,0.4119,0.4119,0.387,0.8467,0.5676,0.3981,0.7644,2.9638,0.8175,8.6333,0.679,0,0,0,0,0,0,1,0,0,0,0,1,0,0,0,0,0,0,0,0,1,4481,118,80,31,49,204,179,157,94,0,12,0,12,139,127,0,12,6.4,4.4,0.7,1.1,4.5,3.9,3.5,2.0,0.0,0.8,0.0,0.8,3.1,2.9,0.0,0.8
39,Ohio,OH,39145,Scioto County,39145003900,Census Tract 39; Scioto County; Ohio,8.583920436622,2588,435,1377,228,1200,218,777,284,27,44,494,174,250,119,33,52,666,201,621,193,859,270,59,64,0,48,126,606,10,19,152,130,9,20,93,72,0,12,30.0,9.7,2.9,4.6,41.2,12.4,13.3,6.2,1.3,2.0,25.7,6.5,24.0,5.6,33.2,8.3,4.9,5.3,0.0,2.0,4.9,23.4,0.7,1.4,11.0,9.0,0.8,1.7,7.8,5.6,0.0,0.5,0.7112,0.327,0.9092,0.7689,0.0593,2.7756,0.5952,0.8884,0.6582,0.9886,0.4644,0.0,2.9996,0.8232,0.1474,0.1474,0.1474,0.2994,0.887,0.5117,0.6394,0.0,2.3375,0.5667,8.2601,0.6254,0,0,1,0,0,1,0,0,1,0,0,1,0,0,0,0,0,0,0,0,2,1759,225,114,0,12,0,12,40,50,0,12,0,12,58,60,28,50,18.8,8.8,0.0,1.3,0.0,1.3,1.5,1.9,0.0,1.3,0.0,1.3,2.2,2.3,1.1,1.9
39,Ohio,OH,39145,Scioto County,39145004000,Census Tract 40; Scioto County; Ohio,112.712410904248,3752,585,1998,284,1644,243,1157,434,94,84,408,214,278,153,338,160,525,214,826,284,858,262,72,69,0,48,157,839,0,16,442,155,13,24,63,57,5,1,30.9,10.5,5.3,4.6,24.8,12.5,10.3,5.4,9.0,4.3,14.0,6.0,22.0,5.2,22.9,6.3,4.3,4.1,0.0,1.3,4.2,22.4,0.0,0.8,22.1,8.0,0.8,1.5,3.8,3.4,0.1,0.0,0.7248,0.6057,0.5717,0.6544,0.7721,3.3287,0.7444,0.2885,0.5171,0.8934,0.407,0.0,2.106,0.3244,0.1141,0.1141,0.1141,0.0,0.9689,0.5117,0.38,0.3694,2.23,0.5162,7.7788,0.5467,0,0,0,0,0,0,0,0,0,0,0,0,0,0,0,1,0,0,0,1,1,3415,294,192,0,12,0,12,0,12,0,12,0,12,157,144,0,12,17.9,10.5,0.0,0.9,0.0,0.9,0.0,0.9,0.0,0.9,0.0,0.9,4.2,3.9,0.0,0.9
39,Ohio,OH,39147,Seneca County,39147962500,Census Tract 9625; Seneca County; Ohio,110.300610475474,3760,381,1568,152,1468,149,918,388,131,92,354,140,92,45,186,120,597,99,890,213,396,157,168,125,7,47,129,534,3,13,62,43,0,16,82,50,59,6,24.8,10.2,6.4,4.5,24.1,9.2,3.7,1.8,5.0,3.3,15.9,3.0,23.7,4.1,10.6,3.6,11.5,8.4,0.2,1.3,3.4,14.2,0.2,0.8,4.0,2.8,0.0,1.1,5.6,3.5,1.6,0.2,0.6198,0.6835,0.5448,0.2039,0.4487,2.5007,0.5108,0.3922,0.6354,0.2542,0.8248,0.4556,2.5622,0.5971,0.0824,0.0824,0.0824,0.261,0.7619,0.0,0.5175,0.727,2.2674,0.5365,7.4127,0.4917,0,0,0,0,0,0,0,0,0,0,0,0,0,0,0,0,0,0,0,0,0,1325,260,128,8,18,89,72,0,12,0,12,0,12,32,25,0,12,17.7,7.7,0.2,0.5,2.4,1.9,0.0,0.9,0.0,0.9,0.0,0.9,0.9,0.7,0.0,0.9
39,Ohio,OH,39147,Seneca County,39147962600,Census Tract 9626; Seneca County; Ohio,84.760703333008,3650,451,1637,180,1509,179,527,219,84,61,201,79,92,48,132,64,668,154,786,214,410,117,49,32,5,47,158,647,0,16,121,87,14,21,37,31,25,4,14.6,5.8,4.0,2.9,13.3,5.0,3.5,1.8,3.6,1.9,18.3,4.0,21.5,4.3,11.2,3.1,3.3,2.1,0.1,1.4,4.3,17.7,0.0,1.0,7.4,5.1,0.9,1.4,2.5,2.1,0.7,0.1,0.3494,0.4756,0.1337,0.1912,0.2945,1.4444,0.2108,0.5549,0.4848,0.2964,0.2943,0.4245,2.0549,0.2981,0.1189,0.1189,0.1189,0.0,0.8375,0.5384,0.2587,0.6243,2.2589,0.5324,5.8771,0.2435,0,0,0,0,0,0,0,0,0,0,0,0,0,0,0,0,0,0,0,0,0,2626,122,59,0,12,65,51,0,12,0,12,0,12,93,73,0,12,8.1,4.0,0.0,1.0,1.8,1.4,0.0,1.0,0.0,1.0,0.0,1.0,2.5,2.1,0.0,1.0
39,Ohio,OH,39147,Seneca County,39147962700,Census Tract 9627; Seneca County; Ohio,76.383654417476,3459,429,1477,168,1279,158,544,166,18,18,149,56,123,81,245,189,652,199,847,134,442,145,64,35,6,45,180,596,0,16,121,62,6,15,23,24,14,4,15.7,4.4,1.1,1.1,11.6,4.1,5.2,3.2,7.1,4.8,18.8,4.5,24.5,2.9,12.8,3.5,5.0,2.7,0.2,1.4,5.2,17.2,0.0,1.1,8.2,4.3,0.5,1.2,1.8,1.9,0.4,0.1,0.3821,0.0803,0.0863,0.3148,0.6452,1.5087,0.2286,0.5888,0.6826,0.4002,0.4762,0.4556,2.6034,0.6219,0.1585,0.1585,0.1585,0.0,0.8495,0.4413,0.1933,0.5374,2.0215,0.4263,6.2921,0.3044,0,0,0,0,0,0,0,0,0,0,0,0,0,0,0,0,0,0,0,0,0,2062,139,50,7,6,142,105,0,12,0,12,0,12,31,32,0,12,10.9,4.0,0.2,0.2,4.1,2.9,0.0,1.0,0.0,1.0,0.0,1.0,0.9,0.9,0.0,1.0
39,Ohio,OH,39147,Seneca County,39147962800,Census Tract 9628; Seneca County; Ohio,6.069914561326,3521,359,1583,162,1398,145,624,346,76,63,160,83,211,102,254,103,629,116,849,194,701,234,42,44,0,48,903,524,0,16,87,76,69,66,12,18,0,12,17.7,9.7,4.5,3.8,11.4,5.8,8.7,4.4,7.2,2.7,17.9,3.2,24.1,4.4,19.9,5.6,3.0,3.1,0.0,1.4,25.6,14.7,0.0,1.0,5.5,4.7,4.9,4.7,0.9,1.3,0.0,0.3,0.4443,0.534,0.0803,0.5574,0.6557,2.2717,0.4479,0.5231,0.6655,0.8032,0.2619,0.0,2.2537,0.406,0.6642,0.6642,0.6642,0.0,0.794,0.9356,0.0975,0.0,1.8271,0.347,7.0167,0.427,0,0,0,0,0,0,0,0,0,0,0,0,0,0,0,0,1,0,0,1,1,3575,201,83,257,123,416,126,0,12,0,12,0,12,230,117,0,12,14.4,5.9,7.3,3.6,11.8,3.8,0.0,1.0,0.0,1.0,0.0,1.0,6.5,3.2,0.0,1.0
39,Ohio,OH,39147,Seneca County,39147962900,Census Tract 9629; Seneca County; Ohio,0.915201122822,3995,380,1633,143,1425,153,977,334,104,75,288,120,223,104,310,147,348,65,1180,178,664,220,119,76,11,51,937,551,43,49,0,12,21,25,88,55,3,3,24.8,8.1,4.9,3.3,20.2,8.1,9.2,4.3,7.8,3.6,8.7,2.0,29.5,3.8,16.6,5.1,8.4,5.3,0.3,1.4,23.5,13.6,2.6,3.0,0.0,2.1,1.5,1.7,6.2,3.8,0.1,0.1,0.6198,0.5711,0.4029,0.5875,0.701,2.8823,0.6257,0.0853,0.8998,0.6407,0.7051,0.4968,2.8277,0.7432,0.6351,0.6351,0.6351,0.446,0.0,0.6606,0.5546,0.3694,2.0306,0.4302,8.3757,0.6448,0,0,0,0,0,0,0,0,0,0,0,0,0,0,0,0,0,0,0,0,0,2371,249,126,180,179,697,273,0,12,5,8,0,12,24,33,31,43,17.5,8.5,4.5,4.4,17.4,6.6,0.0,0.9,0.1,0.2,0.0,0.9,0.6,0.8,0.8,1.1
39,Ohio,OH,39147,Seneca County,39147963000,Census Tract 9630; Seneca County; Ohio,6.815624242086,3407,407,1344,130,1259,143,878,246,91,75,250,113,201,105,143,90,688,130,979,235,546,138,173,108,36,59,910,555,120,68,90,69,36,48,154,97,290,10,28.0,6.9,7.0,5.2,19.9,8.7,9.4,4.8,4.6,2.9,20.2,4.4,28.7,4.8,17.4,4.4,13.7,8.4,1.2,2.0,26.7,16.0,8.9,5.0,6.7,5.2,2.9,3.8,12.2,6.9,8.5,1.1,0.6791,0.7222,0.3898,0.5999,0.3996,2.7906,0.6,0.6734,0.8782,0.6836,0.8733,0.7403,3.8488,0.9902,0.6734,0.6734,0.6734,0.6714,0.8219,0.8349,0.7825,0.9486,4.0593,0.9924,11.3721,0.9524,0,0,0,0,0,0,0,0,0,0,0,0,0,0,0,0,0,0,1,1,1,1802,265,108,181,124,527,214,81,108,17,28,0,12,104,101,0,12,21.0,7.6,5.3,3.7,15.5,5.8,2.4,3.1,0.5,0.8,0.0,1.0,3.1,2.9,0.0,1.0
39,Ohio,OH,39147,Seneca County,39147963100,Census Tract 9631; Seneca County; Ohio,99.084570156328,4256,388,1699,151,1627,163,903,346,4,4,196,71,235,97,125,78,700,137,1101,216,393,88,99,57,2,46,367,536,0,16,70,43,36,34,61,44,3,6,21.3,7.9,0.2,0.2,12.0,4.2,8.2,3.2,2.9,1.8,16.4,3.0,25.9,4.0,9.2,1.9,6.1,3.4,0.0,1.1,8.6,12.6,0.0,0.9,4.1,2.5,2.2,2.1,3.7,2.8,0.1,0.1,0.5376,0.0244,0.0965,0.526,0.2142,1.3987,0.1987,0.4255,0.7625,0.1711,0.5584,0.0,1.9175,0.2298,0.3047,0.3047,0.3047,0.0,0.7641,0.7575,0.3727,0.3694,2.2637,0.5343,5.8846,0.2454,0,0,0,0,0,0,0,0,0,0,0,0,0,0,0,0,0,0,0,0,0,3099,301,106,1,3,275,157,26,31,0,12,0,12,38,45,27,23,18.5,5.8,0.0,0.1,6.5,3.6,0.6,0.7,0.0,0.8,0.0,0.8,0.9,1.1,0.6,0.5
39,Ohio,OH,39147,Seneca County,39147963200,Census Tract 9632; Seneca County; Ohio,18.020392313342,3707,397,1976,171,1804,167,870,271,42,43,464,141,336,132,176,93,828,115,765,179,722,163,211,112,19,46,161,547,229,115,191,84,5,15,115,64,38,7,23.8,6.9,2.2,2.2,25.7,7.4,12.2,4.2,4.7,2.5,22.3,3.2,20.6,3.8,19.5,3.9,11.7,6.1,0.5,1.3,4.3,14.7,11.6,5.7,9.7,4.2,0.3,0.8,6.4,3.6,1.0,0.2,0.5966,0.2238,0.6067,0.7273,0.4135,2.5679,0.5298,0.7613,0.4271,0.7855,0.8311,0.5796,3.3846,0.9267,0.1189,0.1189,0.1189,0.7216,0.8724,0.4041,0.5641,0.6595,3.2217,0.8838,9.2931,0.7648,0,0,0,0,0,0,0,0,0,0,0,0,0,0,0,0,0,0,0,0,0,4984,262,99,13,17,140,79,0,12,0,12,0,12,8,11,0,12,14.5,5.4,0.4,0.5,3.8,2.0,0.0,0.9,0.0,0.9,0.0,0.9,0.2,0.3,0.0,0.9
39,Ohio,OH,39147,Seneca County,39147963300,Census Tract 9633; Seneca County; Ohio,14.241034044648,4096,372,1648,162,1464,154,681,225,117,71,300,100,96,42,30,28,546,110,711,157,627,138,62,55,5,47,461,513,84,57,0,12,0,16,146,77,711,85,20.1,6.3,5.5,3.3,20.5,6.5,3.9,1.7,0.7,0.7,13.3,2.9,17.4,3.0,15.3,3.2,4.2,3.7,0.1,1.2,11.3,12.5,5.1,3.4,0.0,2.1,0.0,1.1,10.0,4.9,17.4,1.3,0.5087,0.621,0.4171,0.2191,0.0235,1.7894,0.3051,0.2505,0.2248,0.5646,0.394,0.4245,1.8584,0.2051,0.3989,0.3989,0.3989,0.5613,0.0,0.0,0.7203,0.9708,2.2524,0.527,6.2991,0.3054,0,0,0,0,0,0,0,0,0,0,0,0,0,0,0,0,0,0,1,1,1,6787,149,52,130,73,238,145,37,38,0,12,0,12,56,54,0,12,10.2,3.8,3.2,1.7,5.8,3.4,0.9,0.9,0.0,0.8,0.0,0.8,1.4,1.3,0.0,0.8
39,Ohio,OH,39147,Seneca County,39147963400,Census Tract 9634; Seneca County; Ohio,17.792484796986,4372,374,1875,145,1814,151,925,282,128,121,416,121,314,142,447,331,1184,204,798,135,962,208,94,65,1,46,437,578,143,67,122,53,33,47,108,58,329,19,22.6,6.6,6.8,5.9,22.9,6.4,10.0,4.3,10.5,7.2,27.1,4.5,18.3,2.6,22.6,5.2,5.2,3.6,0.0,1.1,10.0,13.2,7.7,3.5,6.5,2.9,1.8,2.6,6.0,3.2,7.5,0.8,0.5712,0.7079,0.5041,0.6389,0.8385,3.2606,0.7263,0.9198,0.272,0.8851,0.4921,0.0,2.569,0.6032,0.3567,0.3567,0.3567,0.6406,0.8181,0.7079,0.5413,0.941,3.6489,0.9606,9.8352,0.8292,0,0,0,0,0,0,1,0,0,0,0,1,0,0,0,0,0,0,1,1,2,4522,481,128,236,189,93,76,0,12,44,35,0,12,64,47,0,12,26.5,7.4,5.4,4.4,2.1,1.8,0.0,0.8,1.0,0.8,0.0,0.8,1.5,1.1,0.0,0.8
39,Ohio,OH,39147,Seneca County,39147963500,Census Tract 9635; Seneca County; Ohio,0.92466409674,4014,360,1937,185,1665,203,1222,342,166,95,440,179,120,83,112,92,582,128,677,165,654,194,123,86,0,48,589,518,105,109,22,23,27,38,227,153,480,85,34.6,9.0,7.6,4.1,26.4,10.3,5.2,3.6,2.8,2.3,14.5,3.4,16.9,3.5,16.3,4.7,7.4,5.1,0.0,1.2,14.7,12.8,5.4,5.6,1.1,1.2,1.6,2.3,13.6,8.6,12.0,1.8,0.7772,0.7527,0.6327,0.3148,0.1996,2.677,0.566,0.3155,0.2026,0.6223,0.647,0.0,1.7874,0.1759,0.4857,0.4857,0.4857,0.5686,0.6378,0.6794,0.813,0.961,3.6598,0.9613,8.6099,0.6759,0,0,0,0,0,0,0,0,0,0,0,0,0,0,0,0,0,0,1,1,1,3904,122,69,232,115,209,120,91,58,0,12,0,12,57,52,0,12,7.3,4.0,5.8,2.8,5.2,3.0,2.3,1.5,0.0,0.9,0.0,0.9,1.4,1.3,0.0,0.9
39,Ohio,OH,39147,Seneca County,39147963600,Census Tract 9636; Seneca County; Ohio,7.779371127674,4188,374,1724,163,1568,146,487,216,56,44,180,100,78,40,217,108,751,144,807,208,306,100,103,63,0,48,432,528,17,20,21,34,8,18,41,34,504,13,13.2,5.7,2.6,2.0,11.5,6.3,3.0,1.5,5.2,2.4,17.9,3.4,19.3,4.1,7.3,2.3,6.6,4.0,0.0,1.2,10.3,12.6,1.0,1.2,1.2,2.0,0.5,1.1,2.6,2.2,12.0,1.1,0.3113,0.2822,0.0844,0.1512,0.4706,1.2997,0.1689,0.5231,0.3377,0.0812,0.5902,0.0,1.5322,0.0965,0.3665,0.3665,0.3665,0.3292,0.6451,0.4413,0.267,0.961,2.6436,0.6962,5.842,0.2378,0,0,0,0,0,0,0,0,0,0,0,0,0,0,0,0,0,0,1,1,1,2974,120,52,152,80,83,56,59,49,0,12,0,12,138,65,0,12,7.7,3.3,3.6,1.9,2.0,1.3,1.4,1.2,0.0,0.8,0.0,0.8,3.3,1.5,0.0,0.8
39,Ohio,OH,39147,Seneca County,39147963700,Census Tract 9637; Seneca County; Ohio,19.651463609956,4811,410,2164,172,2063,180,615,295,86,64,442,170,180,72,215,175,1271,147,737,131,519,167,86,68,38,70,329,589,119,83,0,12,0,16,134,130,432,27,14.0,6.6,3.4,2.5,21.4,8.0,4.9,2.1,4.9,3.8,26.4,3.2,15.3,2.3,11.8,3.9,4.1,3.3,0.8,1.5,6.8,12.2,5.5,3.8,0.0,1.6,0.0,0.8,6.5,6.1,9.0,1.0,0.3335,0.3975,0.4521,0.2955,0.4376,1.9162,0.34,0.909,0.1392,0.3351,0.3844,0.6636,2.4313,0.5143,0.2264,0.2264,0.2264,0.5733,0.0,0.0,0.5695,0.9515,2.0943,0.4571,6.6682,0.3746,0,0,0,0,0,0,1,0,0,0,0,1,0,0,0,0,0,0,1,1,2,5907,249,141,185,144,46,31,9,16,0,12,0,12,60,48,29,36,12.1,6.4,3.8,3.0,1.0,0.6,0.2,0.3,0.0,0.7,0.0,0.7,1.2,1.0,0.6,0.8
39,Ohio,OH,39147,Seneca County,39147963800,Census Tract 9638; Seneca County; Ohio,88.286445869778,3826,360,1695,132,1567,147,598,190,73,54,246,68,148,64,342,147,630,84,774,117,466,104,63,35,3,46,210,506,5,5,28,23,4,13,30,19,24,2,15.9,4.8,3.4,2.5,15.7,4.1,5.4,2.3,9.0,3.9,16.5,2.2,20.2,2.1,12.3,2.7,4.0,2.2,0.1,1.2,5.5,13.2,0.3,0.3,1.7,1.3,0.3,0.8,1.9,1.2,0.6,0.1,0.3884,0.3975,0.2175,0.3339,0.7721,2.1094,0.3997,0.4306,0.397,0.3745,0.3743,0.4245,2.0009,0.2711,0.1737,0.1737,0.1737,0.2683,0.6816,0.4041,0.2029,0.6059,2.1628,0.4867,6.4468,0.333,0,0,0,0,0,0,0,0,0,0,0,0,0,0,0,0,0,0,0,0,0,2696,240,76,13,19,35,25,18,27,0,12,0,12,129,96,15,24,15.3,4.8,0.3,0.5,0.9,0.6,0.5,0.7,0.0,0.9,0.0,0.9,3.4,2.5,0.4,0.6
39,Ohio,OH,39149,Shelby County,39149971400,Census Tract 9714; Shelby County; Ohio,76.025857941198,4171,336,1688,146,1612,153,496,171,87,54,280,81,157,52,133,63,709,101,1073,187,546,146,72,41,4,47,117,477,40,35,77,35,16,21,67,40,0,12,12.0,4.0,4.0,2.4,17.4,4.7,5.5,1.8,3.2,1.5,17.0,2.4,25.7,3.4,13.1,3.3,4.5,2.5,0.1,1.2,2.8,11.4,2.3,2.1,4.6,2.1,1.0,1.3,4.2,2.4,0.0,0.3,0.2707,0.4756,0.2854,0.3405,0.2491,1.6213,0.2603,0.4632,0.7511,0.4199,0.4286,0.4245,2.4873,0.5502,0.0587,0.0587,0.0587,0.426,0.7778,0.5676,0.4114,0.0,2.1828,0.4946,6.3501,0.3149,0,0,0,0,0,0,0,0,0,0,0,0,0,0,0,0,0,0,0,0,0,4349,245,69,0,12,22,21,21,31,0,12,0,12,74,90,0,12,15.2,4.1,0.0,0.8,0.5,0.5,0.5,0.7,0.0,0.8,0.0,0.8,1.8,2.1,0.0,0.8
39,Ohio,OH,39149,Shelby County,39149971500,Census Tract 9715; Shelby County; Ohio,55.457362312736,4983,372,1908,160,1746,157,701,192,123,92,241,70,120,53,165,97,756,132,1418,201,493,128,51,25,0,48,215,524,3,13,18,18,58,37,41,26,66,8,14.1,3.7,4.5,3.4,13.8,3.8,3.8,1.6,3.3,1.9,15.2,2.5,28.5,2.8,9.9,2.5,2.9,1.4,0.0,1.0,4.3,10.5,0.2,0.7,0.9,1.0,3.3,2.1,2.3,1.5,1.3,0.1,0.3354,0.534,0.1489,0.2102,0.2634,1.4919,0.2251,0.3523,0.8719,0.2104,0.2473,0.0,1.6819,0.1365,0.1189,0.1189,0.1189,0.261,0.6187,0.8651,0.2429,0.6934,2.6811,0.713,5.9738,0.2549,0,0,0,0,0,0,0,0,0,0,0,0,0,0,0,0,0,0,0,0,0,5150,141,68,13,32,94,72,25,32,0,12,0,12,83,41,0,12,8.1,3.9,0.3,0.6,1.9,1.4,0.5,0.6,0.0,0.7,0.0,0.7,1.7,0.8,0.0,0.7
39,Ohio,OH,39149,Shelby County,39149971600,Census Tract 9716; Shelby County; Ohio,54.624406707444,5251,598,2130,179,1920,173,1013,638,42,28,355,162,82,51,29,21,984,157,1566,373,462,163,40,25,0,68,91,847,12,24,90,69,28,28,15,11,0,17,19.3,12.0,1.6,1.1,18.5,8.3,2.5,1.6,0.6,0.4,18.7,3.4,29.8,4.2,8.8,3.3,2.1,1.3,0.0,1.4,1.7,16.1,0.6,1.1,4.2,3.2,1.5,1.5,0.8,0.6,0.0,0.3,0.491,0.1346,0.3324,0.1192,0.0187,1.0959,0.121,0.5821,0.9081,0.1526,0.1673,0.0,1.8101,0.1854,0.0254,0.0254,0.0254,0.2886,0.7673,0.6606,0.0873,0.0,1.8038,0.3387,4.7352,0.1168,0,0,0,0,0,0,0,1,0,0,0,1,0,0,0,0,0,0,0,0,1,3546,102,44,13,20,8,12,11,15,0,17,0,17,59,51,0,17,5.3,2.3,0.2,0.4,0.2,0.2,0.2,0.3,0.0,0.7,0.0,0.7,1.1,1.0,0.0,0.7
39,Ohio,OH,39149,Shelby County,39149971700,Census Tract 9717; Shelby County; Ohio,54.640006000448,4290,322,1761,159,1639,119,404,105,72,41,309,90,362,151,176,114,919,112,814,121,654,148,28,26,93,91,237,462,177,95,119,73,44,35,51,54,116,3,9.7,2.4,3.1,1.7,18.9,5.3,11.5,4.5,4.2,2.7,21.4,2.6,19.0,2.0,15.7,3.3,1.7,1.6,2.3,2.2,5.5,10.8,10.1,5.3,6.8,4.2,2.7,2.1,3.1,3.2,2.7,0.2,0.1974,0.3537,0.3483,0.7036,0.3561,1.9591,0.353,0.7299,0.3183,0.5874,0.1337,0.8548,2.6241,0.6371,0.1737,0.1737,0.1737,0.6933,0.8232,0.814,0.3143,0.8085,3.4533,0.9302,8.2102,0.6197,0,0,0,0,0,0,0,0,0,0,0,0,0,0,0,0,0,0,0,0,0,7762,237,84,12,37,126,98,76,90,6,10,0,12,17,25,0,12,14.5,5.0,0.3,0.8,2.9,2.3,1.8,2.1,0.1,0.2,0.0,0.8,0.4,0.6,0.0,0.8
39,Ohio,OH,39149,Shelby County,39149971800,Census Tract 9718; Shelby County; Ohio,2.351676625334,5526,684,2508,254,2246,291,1582,656,206,180,740,232,436,186,449,179,1045,242,1462,368,750,262,192,123,34,72,936,905,220,117,159,85,118,99,218,142,74,7,29.0,11.5,7.2,5.9,32.9,9.4,12.8,5.4,8.2,3.2,18.9,4.0,26.5,4.5,13.7,4.4,8.6,5.4,0.7,1.4,16.9,16.2,8.8,4.6,6.3,3.3,5.3,4.4,9.7,6.2,1.3,0.2,0.6944,0.7337,0.7917,0.7498,0.7306,3.7002,0.8238,0.5973,0.7945,0.4589,0.7156,0.6367,3.203,0.887,0.533,0.533,0.533,0.6676,0.8127,0.9451,0.7102,0.6934,3.829,0.9806,11.2652,0.9476,0,0,0,0,0,0,0,0,0,0,0,0,0,0,0,0,1,0,0,1,1,5892,333,167,353,109,154,68,87,124,0,17,0,17,342,188,0,17,14.8,7.1,6.4,2.0,2.8,1.3,1.6,2.2,0.0,0.6,0.0,0.6,6.2,3.2,0.0,0.6
39,Ohio,OH,39149,Shelby County,39149971900,Census Tract 9719; Shelby County; Ohio,5.560469960814,4159,421,1741,166,1721,165,885,302,143,84,391,138,354,126,274,126,764,128,820,185,691,178,74,42,42,79,718,582,0,16,0,12,26,30,104,77,0,12,21.4,7.0,6.4,3.7,22.7,7.7,11.8,4.1,6.6,2.8,18.4,3.0,19.7,3.9,16.6,4.1,4.3,2.4,1.1,2.0,17.3,13.9,0.0,0.9,0.0,2.0,1.5,1.7,6.0,4.3,0.0,0.3,0.5401,0.6835,0.4962,0.7131,0.6001,3.033,0.6727,0.5621,0.3653,0.6407,0.407,0.7254,2.7005,0.6797,0.5438,0.5438,0.5438,0.0,0.0,0.6606,0.5413,0.0,1.2019,0.1473,7.4792,0.4978,0,0,0,0,0,0,0,0,0,0,0,0,0,0,0,0,0,0,0,0,0,10928,142,71,264,169,51,51,0,12,67,73,0,12,336,178,0,12,8.3,4.2,6.3,3.9,1.2,1.2,0.0,0.8,1.6,1.7,0.0,0.8,8.1,4.0,0.0,0.8
39,Ohio,OH,39149,Shelby County,39149972000,Census Tract 9720; Shelby County; Ohio,0.754755278416,3734,351,1790,175,1494,164,1251,291,202,142,312,108,287,99,433,189,364,58,1046,147,514,162,205,89,0,48,568,498,162,77,0,12,104,85,118,63,20,3,33.7,7.2,9.9,6.3,20.9,6.9,12.2,4.1,11.6,4.7,9.7,1.8,28.0,3.1,13.8,4.3,13.7,5.8,0.0,1.3,15.2,13.3,9.0,4.2,0.0,1.9,6.9,5.6,7.9,4.3,0.5,0.1,0.7639,0.8387,0.4314,0.7273,0.8753,3.6366,0.8086,0.1138,0.8535,0.4675,0.8733,0.0,2.3081,0.439,0.499,0.499,0.499,0.6746,0.0,0.9695,0.6444,0.5742,2.8627,0.7838,9.3064,0.7679,0,0,0,0,0,0,0,0,0,0,0,0,0,0,0,0,1,0,0,1,1,3038,151,77,130,81,212,111,15,24,0,12,0,12,211,122,0,12,10.1,5.3,3.5,2.2,5.7,3.0,0.4,0.6,0.0,0.9,0.0,0.9,5.7,3.2,0.0,0.9
39,Ohio,OH,39149,Shelby County,39149972100,Census Tract 9721; Shelby County; Ohio,3.229914659288,5144,379,2439,194,2218,203,452,224,76,75,165,92,283,130,54,66,1054,230,1095,157,788,251,54,50,0,68,323,533,179,91,63,75,20,35,59,65,0,17,8.8,4.3,2.6,2.5,7.4,4.1,8.0,3.5,1.0,1.3,20.5,4.1,21.3,2.6,15.3,4.6,2.4,2.2,0.0,1.4,6.3,10.4,7.3,3.7,2.6,3.1,0.9,1.6,2.7,3.0,0.0,0.3,0.173,0.2822,0.0168,0.5133,0.0394,1.0247,0.1057,0.6909,0.4743,0.5646,0.201,0.0,1.9308,0.2359,0.208,0.208,0.208,0.6283,0.7197,0.5384,0.2752,0.0,2.1616,0.4854,5.3251,0.173,0,0,0,0,0,0,0,0,0,0,0,0,0,0,0,0,0,0,0,0,0,3457,180,97,60,71,0,17,59,63,9,14,0,17,195,162,0,17,8.1,4.3,1.2,1.4,0.0,0.7,1.1,1.2,0.2,0.3,0.0,0.7,3.8,3.1,0.0,0.7
39,Ohio,OH,39149,Shelby County,39149972200,Census Tract 9722; Shelby County; Ohio,78.742997484122,5240,548,2080,232,1968,229,971,317,83,62,218,86,496,166,160,135,807,196,991,214,1048,301,136,82,0,68,242,762,0,24,121,79,0,24,65,81,112,9,19.0,5.9,3.3,2.4,11.1,4.2,13.3,3.7,3.1,2.4,15.4,3.6,18.9,3.8,20.5,5.3,7.0,4.1,0.0,1.4,4.6,14.5,0.0,1.2,5.8,3.7,0.0,1.2,3.3,4.1,2.1,0.3,0.484,0.386,0.0705,0.7689,0.2371,1.9465,0.3483,0.3643,0.3107,0.821,0.62,0.0,2.116,0.333,0.1335,0.1335,0.1335,0.0,0.8022,0.0,0.3346,0.7644,1.9012,0.3756,6.0972,0.2737,0,0,0,0,0,0,0,0,0,0,0,0,0,0,0,0,0,0,0,0,0,2924,153,66,104,110,41,36,37,47,0,17,0,17,60,60,0,17,7.8,3.3,2.0,2.1,0.8,0.7,0.7,0.9,0.0,0.7,0.0,0.7,1.1,1.1,0.0,0.7
39,Ohio,OH,39149,Shelby County,39149972300,Census Tract 9723; Shelby County; Ohio,76.30623980817,5647,511,2057,183,2035,182,995,357,206,139,385,116,244,92,241,142,894,159,1544,268,496,129,76,39,0,68,440,801,0,24,42,38,26,36,1,4,84,16,18.4,6.4,7.1,4.4,18.9,5.4,6.8,2.5,4.3,2.4,15.8,3.0,27.3,3.5,8.9,2.5,3.7,1.9,0.0,1.3,7.8,14.2,0.0,1.2,2.0,1.8,1.3,1.8,0.0,0.2,1.5,0.2,0.4656,0.7283,0.3483,0.4344,0.3659,2.3425,0.466,0.3865,0.8282,0.1552,0.34,0.0,1.7099,0.1476,0.272,0.272,0.272,0.0,0.6978,0.6181,0.0,0.7146,2.0305,0.4298,6.3549,0.3156,0,0,0,0,0,0,0,0,0,0,0,0,0,0,0,0,0,0,0,0,0,5087,218,129,33,39,79,63,26,35,0,17,0,17,96,52,206,260,10.7,6.2,0.6,0.7,1.4,1.1,0.5,0.6,0.0,0.6,0.0,0.6,1.7,0.9,3.6,4.7
39,Ohio,OH,39151,Stark County,39151700100,Census Tract 7001; Stark County; Ohio,0.434561275918,1305,267,883,90,748,121,663,122,66,36,306,105,148,55,63,43,326,99,176,149,367,104,9,20,0,48,623,298,660,101,0,12,0,16,408,103,273,11,59.7,18.0,18.7,9.5,40.9,12.4,14.2,5.1,5.7,4.3,25.0,8.0,13.5,9.2,33.1,10.0,1.2,2.7,0.0,3.7,47.7,20.6,74.8,8.5,0.0,3.9,0.0,2.1,54.5,10.7,20.9,4.4,0.9581,0.9679,0.9063,0.7942,0.5176,4.1441,0.9187,0.8678,0.0881,0.9883,0.0937,0.0,2.0379,0.2911,0.8164,0.8164,0.8164,0.9921,0.0,0.0,0.9965,0.9765,2.9651,0.8184,9.9635,0.8422,1,1,1,0,0,3,0,0,1,0,0,1,0,0,1,0,0,1,1,3,7,7122,399,85,518,253,25,36,20,14,0,12,0,12,45,38,15,23,53.3,10.5,39.7,13.3,1.9,2.7,1.5,1.2,0.0,2.6,0.0,2.6,3.4,3.2,1.1,1.8
39,Ohio,OH,39151,Stark County,39151700200,Census Tract 7002; Stark County; Ohio,1.551806872626,5828,891,2920,327,2606,366,3298,941,334,210,952,337,503,192,869,372,1158,267,1624,483,1161,320,462,249,0,68,2908,1022,112,99,0,17,0,24,250,156,29,6,57.1,13.7,15.3,7.3,36.5,11.9,13.2,4.9,14.9,5.9,19.9,5.3,27.9,5.5,19.9,5.4,17.7,9.2,0.0,1.3,49.9,15.8,3.8,3.4,0.0,1.2,0.0,0.9,9.6,5.9,0.5,0.1,0.9492,0.9371,0.8432,0.7644,0.9391,4.433,0.9641,0.6569,0.8503,0.8032,0.9349,0.0,3.2453,0.8981,0.824,0.824,0.824,0.5067,0.0,0.0,0.706,0.5742,1.7869,0.3308,10.2892,0.8752,1,1,0,0,1,3,0,0,0,1,0,1,0,0,0,0,0,0,0,0,4,3930,751,277,1503,618,477,268,0,17,0,17,0,17,866,589,62,92,28.8,9.7,25.8,9.7,8.2,4.5,0.0,0.6,0.0,0.6,0.0,0.6,14.9,9.0,1.1,1.6
39,Ohio,OH,39151,Stark County,39151700300,Census Tract 7003; Stark County; Ohio,0.545372163816,2866,599,1203,126,1020,138,1199,375,159,100,302,145,412,145,271,166,325,65,978,407,538,193,149,68,43,80,1221,776,57,84,0,12,34,57,114,76,26,5,42.1,9.8,15.0,8.9,29.6,13.6,27.1,8.7,9.5,5.4,11.3,3.3,34.1,8.5,18.8,6.2,14.6,6.4,1.8,3.2,42.6,25.6,4.7,7.0,0.0,2.9,3.3,5.6,11.2,6.9,0.9,0.3,0.8543,0.9327,0.7146,0.9699,0.7982,4.2697,0.9381,0.1699,0.9689,0.7521,0.893,0.8183,3.6022,0.9663,0.793,0.793,0.793,0.5476,0.0,0.8651,0.7594,0.6458,2.8179,0.7657,11.4828,0.9597,0,1,0,1,0,2,0,1,0,0,0,1,0,0,0,0,0,0,0,0,3,1657,304,98,589,334,424,249,7,11,0,12,0,12,201,192,0,12,29.8,9.0,20.6,11.3,14.8,8.2,0.2,0.4,0.0,1.2,0.0,1.2,7.0,7.0,0.0,1.2
39,Ohio,OH,39151,Stark County,39151700400,Census Tract 7004; Stark County; Ohio,0.825444763086,5219,747,2288,178,2220,189,1107,561,234,162,645,246,296,180,370,200,638,137,1347,448,708,207,293,139,72,129,2035,1035,152,96,0,17,0,24,155,103,27,4,21.8,10.6,8.7,6.2,29.1,10.8,9.1,5.3,7.1,3.7,12.2,2.9,25.8,6.0,13.6,4.1,13.2,6.2,1.5,2.6,39.0,19.0,6.7,4.2,0.0,1.5,0.0,1.1,7.0,4.7,0.5,0.0,0.5535,0.8032,0.7054,0.5821,0.6452,3.2894,0.7343,0.2032,0.7562,0.4532,0.867,0.7854,3.065,0.8416,0.7743,0.7743,0.7743,0.6092,0.0,0.0,0.5994,0.5742,1.7828,0.3295,8.9115,0.7152,0,0,0,0,0,0,0,0,0,0,0,0,0,0,0,0,0,0,0,0,0,2136,509,210,1557,524,190,197,0,17,0,17,0,17,260,178,28,42,22.9,9.6,29.8,8.9,3.6,4.0,0.0,0.7,0.0,0.7,0.0,0.7,5.0,3.5,0.5,0.8
39,Ohio,OH,39151,Stark County,39151700500,Census Tract 7005; Stark County; Ohio,0.547505763468,2854,473,1285,144,1035,166,1586,546,160,76,318,127,226,122,358,184,210,122,1108,363,277,116,200,90,61,82,1854,562,70,93,11,19,84,66,94,61,19,3,55.7,16.8,14.3,7.0,30.7,11.2,14.0,7.2,12.6,5.8,7.4,4.3,38.8,8.3,9.7,4.5,19.3,8.1,2.5,3.3,65.0,16.5,5.4,7.2,0.9,1.5,8.1,6.2,9.1,5.6,0.7,0.2,0.94,0.9241,0.7422,0.7888,0.9013,4.2964,0.9429,0.052,0.9899,0.2003,0.9479,0.8703,3.0604,0.8403,0.8849,0.8849,0.8849,0.5686,0.6187,0.9797,0.6905,0.6243,3.4818,0.9362,11.7235,0.9711,1,1,0,0,1,3,0,1,0,1,0,2,0,0,0,0,1,0,0,1,6,1761,232,98,1142,444,399,349,0,12,0,12,0,12,313,143,0,12,22.4,9.3,40.0,12.8,14.0,11.4,0.0,1.2,0.0,1.2,0.0,1.2,11.0,5.8,0.0,1.2
39,Ohio,OH,39151,Stark County,39151700600,Census Tract 7006; Stark County; Ohio,0.43863503812,3303,583,1603,172,1354,179,1199,515,58,46,478,172,247,152,397,169,512,118,871,334,472,193,142,72,32,53,1040,699,129,77,5,10,2,16,146,82,123,6,37.4,14.5,3.7,3.0,35.3,11.8,11.2,6.1,12.5,5.1,15.5,3.7,26.4,6.3,14.9,6.0,10.5,5.1,1.1,1.7,31.5,20.4,8.0,4.7,0.3,0.6,0.1,1.2,10.8,6.1,3.7,0.7,0.8045,0.4429,0.8273,0.694,0.8978,3.6665,0.8156,0.371,0.7882,0.5408,0.7933,0.7254,3.2187,0.8911,0.7188,0.7188,0.7188,0.6502,0.5565,0.3819,0.7473,0.8599,3.1958,0.8781,10.7998,0.9162,0,0,0,0,0,0,0,0,0,0,0,0,0,0,0,0,0,0,0,0,0,1700,313,134,311,185,69,90,10,18,0,12,0,12,650,481,0,12,23.1,8.6,9.4,5.8,2.1,2.7,0.3,0.6,0.0,1.1,0.0,1.1,19.7,12.3,0.0,1.1
39,Ohio,OH,39151,Stark County,39151700701,Census Tract 7007.01; Stark County; Ohio,0.736922771444,2844,389,1463,196,1463,196,706,325,221,161,333,154,132,116,196,112,924,268,380,92,568,218,151,84,0,48,348,590,367,197,0,12,0,16,155,118,196,3,26.6,11.6,16.0,10.8,22.8,10.1,5.7,5.1,7.4,4.2,32.5,7.4,13.4,3.1,21.4,8.4,10.3,5.6,0.0,1.7,12.2,20.7,25.1,13.0,0.0,2.4,0.0,1.1,10.6,8.1,6.9,0.9,0.6531,0.9483,0.5,0.357,0.6744,3.1328,0.6962,0.9769,0.0853,0.8493,0.7873,0.0,2.6988,0.6787,0.4226,0.4226,0.4226,0.8863,0.0,0.0,0.74,0.936,2.5623,0.6619,8.8165,0.7041,0,1,0,0,0,1,1,0,0,0,0,1,0,0,0,0,0,0,1,1,3,2712,464,201,23,30,51,58,0,12,0,12,0,12,274,187,0,12,31.7,11.6,0.8,1.1,1.8,2.1,0.0,1.2,0.0,1.2,0.0,1.2,9.6,6.8,0.0,1.2
39,Ohio,OH,39151,Stark County,39151700702,Census Tract 7007.02; Stark County; Ohio,0.909979093272,3788,419,2015,274,1821,278,1142,414,77,91,808,274,351,196,637,333,724,120,477,155,545,142,169,107,226,161,1311,505,498,141,0,12,0,16,489,240,840,47,38.7,12.9,4.3,4.8,44.4,13.4,13.8,6.9,17.5,8.2,19.1,3.4,12.6,3.6,15.0,4.3,9.3,5.7,6.1,4.3,34.6,12.8,24.8,6.1,0.0,1.7,0.0,0.9,26.9,11.8,22.2,2.8,0.8235,0.5117,0.9381,0.7834,0.9651,4.0218,0.8921,0.6062,0.0717,0.5462,0.7495,0.9664,2.94,0.7971,0.7413,0.7413,0.7413,0.8857,0.0,0.0,0.947,0.9788,2.8115,0.7625,10.5146,0.8956,0,0,1,0,1,2,0,0,0,0,1,1,0,0,0,0,0,1,1,2,5,3980,544,206,582,282,454,319,6,8,0,12,0,12,269,190,0,12,29.9,9.3,15.4,6.8,12.0,7.8,0.2,0.2,0.0,0.9,0.0,0.9,7.1,4.9,0.0,0.9
39,Ohio,OH,39151,Stark County,39151700800,Census Tract 7008; Stark County; Ohio,0.742450207676,3654,501,2033,228,1779,232,1857,420,167,98,709,213,320,126,280,128,445,87,767,221,657,157,245,121,18,55,1216,674,54,46,0,12,0,16,238,89,4,9,51.3,9.1,9.6,5.5,39.9,10.8,13.1,5.1,7.7,3.6,12.2,2.5,21.0,4.8,18.0,4.5,13.8,6.6,0.5,1.6,33.3,17.9,2.6,2.2,0.0,1.7,0.0,0.9,13.4,5.0,0.1,0.2,0.9162,0.833,0.8937,0.7609,0.6915,4.0953,0.9092,0.2032,0.4499,0.7122,0.8759,0.5796,2.8208,0.7406,0.7324,0.7324,0.7324,0.446,0.0,0.0,0.8089,0.3694,1.6243,0.2667,9.2728,0.7613,1,0,0,0,0,1,0,0,0,0,0,0,0,0,0,0,0,0,0,0,1,7406,616,231,577,203,281,171,0,12,0,12,0,12,358,195,0,12,34.6,10.4,15.8,5.6,7.7,4.5,0.0,1.0,0.0,1.0,0.0,1.0,9.8,5.2,0.0,1.0
39,Ohio,OH,39151,Stark County,39151701000,Census Tract 7010; Stark County; Ohio,0.640285687966,2861,348,1658,197,1401,199,1325,307,111,75,526,164,265,163,150,75,446,182,760,211,464,185,273,119,0,48,943,462,34,48,0,12,0,16,216,101,75,2,47.6,9.3,9.1,6.1,37.5,10.4,13.0,7.5,5.4,2.8,15.6,5.9,26.6,6.1,16.7,6.7,19.5,8.0,0.0,1.8,33.0,15.6,2.1,2.9,0.0,2.1,0.0,1.1,15.4,6.8,2.6,0.3,0.8927,0.8178,0.8632,0.7555,0.4916,3.8208,0.8498,0.3763,0.7984,0.6493,0.9498,0.0,2.7738,0.7203,0.7299,0.7299,0.7299,0.4111,0.0,0.0,0.8438,0.8012,2.0561,0.4406,9.3806,0.7794,0,0,0,0,0,0,0,0,0,1,0,1,0,0,0,0,0,0,0,0,1,2207,385,205,651,192,172,122,0,12,0,12,0,12,120,72,0,12,27.5,12.3,22.8,6.3,6.0,4.0,0.0,1.2,0.0,1.2,0.0,1.2,4.2,2.5,0.0,1.2
39,Ohio,OH,39151,Stark County,39151701100,Census Tract 7011; Stark County; Ohio,0.488792776736,3023,553,1508,200,1412,184,836,259,117,75,407,179,106,59,125,78,447,49,839,391,470,143,247,145,9,48,1070,606,69,74,0,12,32,38,55,67,0,12,27.7,6.9,7.3,4.7,28.8,12.1,5.3,3.1,4.1,2.6,14.8,3.0,27.8,8.7,15.5,5.4,17.5,10.0,0.3,1.8,35.4,19.0,4.5,4.9,0.0,2.3,2.3,2.7,3.9,4.6,0.0,0.4,0.6728,0.7387,0.6997,0.3253,0.3478,2.7843,0.5981,0.3335,0.8472,0.5773,0.9317,0.4968,3.1865,0.8819,0.7467,0.7467,0.7467,0.5397,0.0,0.7698,0.3892,0.0,1.6987,0.2943,8.4162,0.6511,0,0,0,0,0,0,0,0,0,1,0,1,0,0,0,0,0,0,0,0,1,2068,107,78,725,524,53,54,44,53,0,12,0,12,240,158,8,13,7.6,5.4,24.0,13.9,1.8,1.8,1.5,1.8,0.0,1.1,0.0,1.1,7.9,5.4,0.3,0.4
39,Ohio,OH,39151,Stark County,39151701200,Census Tract 7012; Stark County; Ohio,0.692531080096,3613,613,1769,196,1585,202,837,250,61,38,362,129,242,98,298,170,746,161,824,333,715,209,61,42,0,48,1038,734,139,55,0,12,21,36,161,73,2,2,23.4,5.8,3.6,2.2,22.8,7.6,9.8,4.1,8.2,4.5,20.6,4.8,22.8,6.2,19.8,5.2,3.8,2.6,0.0,1.4,28.7,19.7,7.9,3.0,0.0,2.0,1.3,2.3,10.2,4.5,0.1,0.1,0.5887,0.4308,0.5,0.6252,0.7306,2.8753,0.6232,0.6969,0.5761,0.7978,0.3502,0.0,2.421,0.5102,0.694,0.694,0.694,0.6473,0.0,0.6181,0.726,0.3694,2.3608,0.574,8.3511,0.64,0,0,0,0,0,0,0,0,0,0,0,0,0,0,0,0,0,0,0,0,0,2911,268,88,648,488,45,64,11,19,0,12,0,12,301,200,33,27,16.9,5.6,17.9,11.7,1.2,1.8,0.3,0.5,0.0,1.0,0.0,1.0,8.3,5.6,0.9,0.8
39,Ohio,OH,39151,Stark County,39151701300,Census Tract 7013; Stark County; Ohio,0.618216097646,3760,704,1666,197,1501,221,1687,570,133,100,417,147,393,189,547,250,543,150,888,458,903,249,71,66,0,48,1075,898,0,16,0,12,80,94,203,106,0,12,45.4,13.1,7.8,5.7,27.8,8.9,14.6,6.1,14.5,5.9,14.4,4.7,23.6,9.2,24.0,6.5,4.7,4.3,0.0,1.4,28.6,23.3,0.0,1.0,0.0,2.1,5.3,6.2,13.5,6.8,0.0,0.3,0.8797,0.7616,0.6733,0.8066,0.9362,4.0574,0.899,0.3101,0.6287,0.9143,0.4476,0.0,2.3007,0.4359,0.6921,0.6921,0.6921,0.0,0.0,0.9451,0.8111,0.0,1.7562,0.3206,8.8064,0.7022,0,0,0,0,1,1,0,0,1,0,0,1,0,0,0,0,1,0,0,1,3,9043,236,127,827,376,21,33,0,12,0,12,0,12,161,102,66,107,15.7,8.1,22.0,8.4,0.6,0.9,0.0,0.9,0.0,0.9,0.0,0.9,4.3,2.7,1.8,2.8
39,Ohio,OH,39151,Stark County,39151701500,Census Tract 7015; Stark County; Ohio,0.846096586862,2469,409,1436,177,1132,181,1506,445,133,73,442,163,429,164,280,101,221,78,727,221,372,153,175,133,31,67,1067,516,168,69,0,12,15,26,243,97,21,4,61.0,14.9,11.4,6.4,39.0,13.0,29.2,11.1,11.3,4.6,9.0,3.5,29.4,6.6,15.1,6.0,15.5,11.5,1.3,2.9,43.2,19.6,11.7,4.6,0.0,2.4,1.3,2.3,21.5,8.1,0.9,0.1,0.9638,0.8721,0.8835,0.9784,0.8686,4.5664,0.9829,0.0926,0.8963,0.5528,0.9105,0.7565,3.2087,0.8886,0.7974,0.7974,0.7974,0.7244,0.0,0.6181,0.9149,0.6458,2.9032,0.7968,11.4757,0.9594,1,0,0,1,0,2,0,0,0,1,0,1,0,0,0,0,0,1,0,1,4,3570,334,124,546,192,55,83,24,36,0,12,0,12,442,311,0,12,29.5,10.2,22.1,8.3,2.2,3.4,1.0,1.5,0.0,1.4,0.0,1.4,17.9,10.8,0.0,1.4
39,Ohio,OH,39151,Stark County,39151701700,Census Tract 7017; Stark County; Ohio,0.410799400532,2912,542,1489,194,1157,188,1826,496,294,155,593,205,249,109,202,116,196,93,1026,315,473,154,171,99,5,47,1480,670,244,138,0,12,0,16,330,130,0,12,64.0,12.7,22.3,8.2,51.3,15.6,16.6,6.2,6.9,4.0,6.7,3.3,35.2,7.1,16.2,4.8,14.8,8.2,0.2,1.8,50.8,21.0,16.4,9.0,0.0,2.3,0.0,1.4,28.5,10.6,0.0,0.4,0.9737,0.9797,0.9749,0.8513,0.6274,4.407,0.9603,0.0428,0.9788,0.6144,0.8975,0.4556,2.9891,0.8156,0.8288,0.8288,0.8288,0.8022,0.0,0.0,0.9533,0.0,1.7555,0.3194,9.9804,0.8438,1,1,1,0,0,3,0,1,0,0,0,1,0,0,0,0,0,1,0,1,5,1775,264,116,904,338,251,298,0,12,4,7,0,12,300,188,21,51,22.8,10.9,31.0,10.7,8.6,9.9,0.0,1.2,0.1,0.3,0.0,1.2,10.3,6.3,0.7,1.8
39,Ohio,OH,39151,Stark County,39151701800,Census Tract 7018; Stark County; Ohio,2.10926557345,2186,328,1160,164,893,174,1271,317,126,77,343,149,221,74,67,44,338,114,621,193,518,180,167,70,0,48,1337,407,274,160,0,12,23,27,268,162,65,4,58.7,12.0,14.2,8.0,38.4,14.9,17.0,5.3,3.1,2.0,15.5,5.7,28.4,6.6,23.7,6.9,18.7,6.9,0.0,2.4,61.2,16.2,23.6,13.4,0.0,3.0,2.6,3.0,30.0,13.7,3.0,0.5,0.9549,0.9229,0.874,0.8605,0.2371,3.8494,0.8565,0.371,0.8678,0.9086,0.9432,0.0,3.0906,0.8508,0.8681,0.8681,0.8681,0.8784,0.0,0.8029,0.96,0.8291,3.4704,0.9343,11.2785,0.9492,1,1,0,0,0,2,0,0,1,1,0,2,0,0,0,0,0,1,0,1,5,2334,154,87,1104,249,71,74,0,12,2,3,0,12,142,89,18,25,17.2,8.9,50.5,8.4,3.2,3.4,0.0,1.6,0.1,0.2,0.0,1.6,6.5,3.8,0.8,1.2
39,Ohio,OH,39151,Stark County,39151702100,Census Tract 7021; Stark County; Ohio,0.970499423466,3139,579,1655,148,1214,131,1543,578,191,116,557,155,238,119,372,181,499,118,743,310,587,186,94,60,0,48,1959,797,140,82,15,23,43,45,182,94,18,3,50.0,16.2,13.7,7.9,45.9,11.8,11.4,5.3,11.9,5.7,15.9,4.5,23.7,6.4,18.7,6.5,7.7,4.9,0.0,1.6,62.4,22.6,8.5,4.9,0.9,1.4,3.5,3.7,15.0,7.6,0.6,0.1,0.9073,0.9152,0.9476,0.7004,0.8842,4.3547,0.9517,0.3922,0.6354,0.7477,0.667,0.0,2.4423,0.5244,0.8732,0.8732,0.8732,0.661,0.6187,0.8771,0.8365,0.6059,3.5992,0.953,11.2694,0.9483,1,1,1,0,0,3,0,0,0,0,0,0,0,0,0,0,0,0,0,0,3,2693,341,124,1566,302,141,110,0,12,0,12,0,12,252,144,0,12,28.1,9.6,49.9,11.3,4.5,3.6,0.0,1.1,0.0,1.1,0.0,1.1,8.0,4.5,0.0,1.1
39,Ohio,OH,39151,Stark County,39151702300,Census Tract 7023; Stark County; Ohio,2.261778566164,3481,674,1411,125,1286,132,2552,591,114,104,471,176,450,291,158,109,290,143,1373,476,469,181,419,144,0,48,2472,768,214,102,0,12,45,49,449,156,18,4,73.3,9.3,9.8,8.8,36.6,13.2,27.8,13.8,4.5,3.2,8.3,4.1,39.4,8.9,13.5,5.6,32.5,10.7,0.0,1.6,71.0,17.3,15.2,7.1,0.0,2.4,3.5,3.8,34.9,11.6,0.5,0.1,0.9879,0.8368,0.8463,0.9734,0.3875,4.0319,0.8946,0.0742,0.9911,0.4478,0.993,0.0,2.5061,0.561,0.9052,0.9052,0.9052,0.7816,0.0,0.8771,0.974,0.5742,3.2069,0.881,10.6501,0.9057,1,0,0,1,0,2,0,1,0,1,0,2,1,1,0,0,0,1,0,1,6,4994,388,150,1946,485,129,181,0,12,0,12,0,12,385,372,12,18,30.2,11.0,55.9,11.9,3.7,5.1,0.0,1.0,0.0,1.0,0.0,1.0,11.1,10.1,0.3,0.5
39,Ohio,OH,39151,Stark County,39151702500,Census Tract 7025; Stark County; Ohio,1.756875683478,2591,413,1399,224,1239,227,929,355,44,33,388,192,377,215,313,172,457,214,296,145,589,205,61,57,11,49,432,586,47,78,49,50,0,16,143,93,0,12,35.9,12.4,3.5,2.8,31.3,14.4,19.1,9.7,12.1,5.9,17.6,7.7,11.4,4.9,22.7,6.5,4.9,4.5,0.4,1.9,16.7,22.5,3.4,5.5,3.5,3.7,0.0,1.3,11.5,7.3,0.0,0.5,0.788,0.4156,0.7552,0.8979,0.8896,3.7463,0.834,0.5044,0.0552,0.8877,0.4644,0.5412,2.4529,0.5295,0.5285,0.5285,0.5285,0.4895,0.7473,0.0,0.7679,0.0,2.0047,0.4181,8.7324,0.6924,0,0,0,0,0,0,0,0,0,0,0,0,0,0,0,0,0,0,0,0,0,6903,286,99,244,139,80,92,78,109,0,12,0,12,30,34,0,12,23.1,8.6,9.4,5.5,3.1,3.5,3.0,4.2,0.0,1.3,0.0,1.3,1.2,1.4,0.0,1.3
39,Ohio,OH,39151,Stark County,39151710200,Census Tract 7102; Stark County; Ohio,2.173152326982,3579,462,1810,199,1504,179,1771,529,230,154,331,118,297,110,250,172,589,105,786,211,643,210,230,86,7,48,397,670,8,19,166,148,0,16,250,164,0,12,49.9,13.5,14.3,8.5,22.0,7.4,11.4,4.6,7.0,4.6,16.5,3.1,22.0,5.4,18.0,4.8,15.3,5.4,0.2,1.4,11.1,18.7,0.4,1.0,9.2,7.7,0.0,1.1,16.6,9.7,0.0,0.3,0.907,0.9241,0.4743,0.7004,0.636,3.6418,0.8095,0.4306,0.5171,0.7122,0.9076,0.4556,3.0231,0.8321,0.3909,0.3909,0.3909,0.2743,0.8654,0.0,0.8613,0.0,2.001,0.4162,9.0568,0.7349,1,1,0,0,0,2,0,0,0,1,0,1,0,0,0,0,0,0,0,0,3,2893,269,103,213,99,8,15,0,12,9,19,0,12,167,106,0,12,17.9,6.9,6.0,3.0,0.2,0.4,0.0,1.0,0.3,0.5,0.0,1.0,4.7,3.0,0.0,1.0
39,Ohio,OH,39151,Stark County,39151710300,Census Tract 7103; Stark County; Ohio,1.038450672752,3745,573,1559,277,1436,267,1071,334,59,46,386,251,257,245,232,245,543,130,844,208,343,149,0,16,0,48,558,833,90,69,0,12,0,16,84,79,21,3,28.8,7.8,3.1,2.4,26.9,16.7,10.8,8.8,6.2,6.0,14.5,3.8,22.5,4.7,9.2,4.1,0.0,1.1,0.0,1.4,14.9,22.1,5.7,4.3,0.0,2.2,0.0,1.1,5.8,5.3,0.6,0.1,0.6909,0.3537,0.6492,0.6782,0.5659,2.9379,0.6394,0.3155,0.5526,0.1711,0.0,0.0,1.0392,0.0254,0.4911,0.4911,0.4911,0.5781,0.0,0.0,0.5292,0.6059,1.7132,0.3,6.1814,0.2876,0,0,0,0,0,0,0,0,0,0,0,0,0,0,0,0,0,0,0,0,0,2367,235,119,318,187,54,85,0,12,0,12,0,12,116,135,70,82,16.4,8.1,8.5,5.2,1.4,2.3,0.0,0.9,0.0,0.9,0.0,0.9,3.1,3.6,1.9,2.1
39,Ohio,OH,39151,Stark County,39151710400,Census Tract 7104; Stark County; Ohio,0.220715594402,921,205,632,117,487,98,500,176,18,15,159,62,212,93,124,58,86,40,171,67,320,87,82,56,0,48,303,265,306,83,0,12,30,37,204,86,30,3,54.3,14.8,5.2,4.2,32.6,10.9,30.9,11.1,13.5,5.7,9.3,5.0,18.6,5.7,34.7,7.3,16.8,11.0,0.0,5.6,32.9,27.8,48.4,9.6,0.0,5.4,6.2,7.5,41.9,13.1,3.3,0.8,0.9302,0.5971,0.786,0.9838,0.9203,4.2174,0.9311,0.1024,0.2892,0.9924,0.9254,0.0,2.3094,0.4394,0.7292,0.7292,0.7292,0.9692,0.0,0.9629,0.9848,0.8456,3.7625,0.9727,11.0185,0.9317,1,0,0,1,1,3,0,0,1,1,0,2,0,0,1,0,1,1,0,3,8,1150,90,40,231,131,16,29,0,12,0,12,0,12,56,38,0,12,18.5,8.7,25.1,11.8,1.7,3.2,0.0,3.7,0.0,3.7,0.0,3.7,6.1,4.3,0.0,3.7
39,Ohio,OH,39151,Stark County,39151710500,Census Tract 7105; Stark County; Ohio,1.191406910562,4207,601,1688,170,1468,151,1697,504,55,43,462,126,389,122,616,182,608,129,951,342,1173,326,142,94,0,48,1394,729,204,81,0,12,78,69,260,100,246,10,42.6,10.9,3.0,2.3,31.5,7.9,14.7,4.6,15.0,4.6,14.5,2.8,22.6,5.7,28.5,5.4,9.7,6.3,0.0,1.2,33.1,16.7,12.1,4.6,0.0,2.0,5.3,4.7,17.7,6.3,5.8,0.9,0.8588,0.3403,0.7603,0.8107,0.9403,3.7104,0.826,0.3155,0.5609,0.9708,0.7679,0.0,2.6151,0.6311,0.7315,0.7315,0.7315,0.7324,0.0,0.9451,0.8752,0.9217,3.4744,0.9352,10.5314,0.8971,0,0,0,0,1,1,0,0,1,0,0,1,0,0,0,0,1,0,1,2,4,3273,224,84,879,305,22,25,0,12,0,12,0,12,419,268,74,81,15.3,5.8,20.9,6.5,0.5,0.6,0.0,0.8,0.0,0.8,0.0,0.8,10.0,5.7,1.8,2.0
39,Ohio,OH,39151,Stark County,39151710600,Census Tract 7106; Stark County; Ohio,2.615552245704,5252,903,2056,175,1986,168,1784,951,48,73,447,160,179,89,302,168,969,218,1409,707,780,281,112,96,0,68,177,1299,170,110,0,17,0,24,56,62,82,6,34.2,17.3,1.9,2.9,22.5,7.8,5.3,2.7,5.8,2.9,18.5,5.6,26.8,9.7,15.0,4.8,5.7,4.8,0.0,1.4,3.4,24.7,8.3,5.3,0.0,1.7,0.0,1.2,2.8,3.2,1.6,0.3,0.7725,0.1787,0.4902,0.3253,0.5294,2.2961,0.454,0.5698,0.805,0.5462,0.5317,0.0,2.4527,0.5292,0.0824,0.0824,0.0824,0.6581,0.0,0.0,0.2848,0.727,1.6699,0.2806,6.5011,0.3425,0,0,0,0,0,0,0,0,0,0,0,0,0,0,0,0,0,0,0,0,0,4208,274,147,101,105,52,79,0,17,0,17,0,17,24,23,0,17,13.8,7.3,1.9,2.1,1.0,1.5,0.0,0.7,0.0,0.7,0.0,0.7,0.5,0.5,0.0,0.7
39,Ohio,OH,39151,Stark County,39151710700,Census Tract 7107; Stark County; Ohio,1.119369157708,3310,233,1095,101,1095,101,345,182,29,26,114,54,77,83,139,71,598,190,337,57,422,137,13,21,0,48,275,335,93,50,0,12,0,16,18,20,1037,51,15.2,7.8,1.8,1.6,10.4,4.8,4.5,4.5,4.2,2.2,18.1,5.1,10.2,1.7,12.7,4.1,1.2,1.9,0.0,1.5,8.3,10.1,8.5,4.5,0.0,3.1,0.0,1.5,1.6,1.8,31.3,2.7,0.3691,0.1654,0.0559,0.267,0.3561,1.2135,0.1495,0.539,0.0447,0.3951,0.0937,0.0,1.0725,0.0276,0.2933,0.2933,0.2933,0.661,0.0,0.0,0.1724,0.9841,1.8175,0.3435,4.3968,0.0876,0,0,0,0,0,0,0,0,0,0,0,0,0,0,0,0,0,0,1,1,1,6714,97,54,144,56,33,28,4,10,0,12,0,12,94,80,0,12,8.9,5.0,4.4,1.7,1.0,0.8,0.1,0.3,0.0,1.1,0.0,1.1,2.8,2.4,0.0,1.1
39,Ohio,OH,39151,Stark County,39151710800,Census Tract 7108; Stark County; Ohio,23.056386722784,5177,581,2448,295,2204,304,963,384,0,17,265,127,524,216,225,147,1353,284,688,206,838,287,89,80,0,68,157,811,124,89,21,34,1,17,231,191,348,6,19.9,7.6,0.0,1.3,12.0,5.5,12.7,5.1,4.6,2.9,26.1,6.1,13.3,3.6,17.3,5.9,4.0,3.6,0.0,1.4,3.0,15.7,5.0,3.6,0.9,1.4,0.0,0.8,10.5,8.2,6.7,0.8,0.5043,0.0,0.0965,0.7454,0.3996,1.7458,0.2943,0.9001,0.0828,0.6776,0.3743,0.0,2.0348,0.2886,0.0656,0.0656,0.0656,0.5578,0.6187,0.0,0.7343,0.9328,2.8436,0.7749,6.6898,0.3775,0,0,0,0,0,0,1,0,0,0,0,1,0,0,0,0,0,0,1,1,2,7357,324,210,108,88,0,17,15,23,0,17,0,17,34,50,0,17,14.7,9.0,2.1,1.7,0.0,0.7,0.3,0.4,0.0,0.7,0.0,0.7,0.7,1.0,0.0,0.7
39,Ohio,OH,39151,Stark County,39151710900,Census Tract 7109; Stark County; Ohio,35.879031827008,4282,32,1573,163,1483,153,703,303,136,104,309,136,251,132,392,170,735,140,957,161,675,128,60,49,0,48,267,134,12,22,0,12,37,37,9,15,113,11,16.7,7.2,6.0,4.4,20.8,8.9,8.9,4.6,9.2,4.0,17.2,3.3,22.3,3.8,15.8,3.0,4.0,3.3,0.0,1.2,6.2,3.1,0.8,1.4,0.0,2.2,2.5,2.5,0.6,1.0,2.6,0.3,0.4154,0.6559,0.4283,0.5704,0.7813,2.8513,0.6168,0.4765,0.539,0.5941,0.3743,0.0,1.9839,0.2648,0.201,0.201,0.201,0.3111,0.0,0.7902,0.0616,0.8012,1.9641,0.4025,7.0003,0.4229,0,0,0,0,0,0,0,0,0,0,0,0,0,0,0,0,0,0,0,0,0,2527,230,117,88,80,69,90,16,28,0,12,0,12,86,51,8,12,15.5,7.1,2.1,1.9,1.6,2.1,0.4,0.6,0.0,0.8,0.0,0.8,2.0,1.2,0.2,0.3
39,Ohio,OH,39151,Stark County,39151711001,Census Tract 7110.01; Stark County; Ohio,5.926463768654,3827,366,1731,195,1731,195,659,322,83,70,422,204,367,151,64,59,1155,180,631,200,468,179,98,113,16,48,361,571,142,114,0,12,0,16,79,60,117,5,17.7,8.5,4.4,3.7,24.4,11.5,12.3,4.7,1.7,1.6,30.2,4.5,16.5,4.5,12.6,4.9,5.7,6.5,0.4,1.3,9.4,14.9,8.2,6.5,0.0,2.0,0.0,0.9,4.6,3.5,3.1,0.3,0.4443,0.5244,0.5559,0.7308,0.092,2.3474,0.4676,0.9604,0.1823,0.3897,0.5317,0.5412,2.6053,0.6229,0.3345,0.3345,0.3345,0.6552,0.0,0.0,0.4419,0.8358,1.9329,0.3905,7.2201,0.4559,0,0,0,0,0,0,1,0,0,0,0,1,0,0,0,0,0,0,0,0,1,4004,219,149,137,210,46,54,87,72,0,12,0,12,91,66,0,12,12.7,8.1,3.6,5.5,1.2,1.4,2.3,1.9,0.0,0.9,0.0,0.9,2.4,1.8,0.0,0.9
39,Ohio,OH,39151,Stark County,39151711002,Census Tract 7110.02; Stark County; Ohio,11.048484020308,5023,1159,1604,225,1589,228,432,223,40,36,251,115,133,73,68,50,783,181,1730,756,571,224,45,44,2,66,215,1667,10,23,0,17,23,35,35,37,16,2,8.6,4.0,1.7,1.6,15.8,6.9,4.3,2.3,1.4,1.0,15.6,4.2,34.4,8.0,11.4,4.7,2.9,2.7,0.0,1.4,4.3,33.2,0.6,1.4,0.0,2.2,1.4,2.2,2.2,2.4,0.3,0.1,0.1666,0.1492,0.2206,0.2508,0.0676,0.8548,0.0724,0.3763,0.9718,0.3088,0.2473,0.0,1.9042,0.2251,0.1189,0.1189,0.1189,0.2886,0.0,0.6384,0.2324,0.4924,1.6518,0.2752,4.5297,0.0978,0,0,0,0,0,0,0,1,0,0,0,1,0,0,0,0,0,0,0,0,1,2979,113,74,7,6,185,240,0,17,0,17,0,17,23,30,0,17,7.1,4.6,0.1,0.1,3.7,4.9,0.0,0.7,0.0,0.7,0.0,0.7,0.5,0.7,0.0,0.7
39,Ohio,OH,39151,Stark County,39151711111,Census Tract 7111.11; Stark County; Ohio,3.01969601996,4436,499,1828,209,1828,209,79,56,84,79,161,61,145,97,81,62,1129,207,973,148,490,162,120,89,0,48,190,704,0,16,76,82,0,16,27,42,0,12,1.8,1.2,3.8,3.1,8.8,3.2,4.5,3.1,1.8,1.4,25.5,4.1,21.9,2.7,11.0,3.7,6.6,4.8,0.0,1.1,4.3,15.9,0.0,0.9,4.2,4.5,0.0,0.9,1.5,2.3,0.0,0.3,0.0098,0.4524,0.0298,0.267,0.1022,0.8612,0.0743,0.8843,0.5098,0.2815,0.5902,0.0,2.2658,0.4137,0.1189,0.1189,0.1189,0.0,0.7673,0.0,0.1597,0.0,0.927,0.0965,4.1729,0.0686,0,0,0,0,0,0,0,0,0,0,0,0,0,0,0,0,0,0,0,0,0,3467,167,115,10,17,0,12,0,12,39,60,0,12,141,101,0,12,9.1,5.7,0.2,0.4,0.0,0.8,0.0,0.8,0.9,1.3,0.0,0.8,3.2,2.3,0.0,0.8
39,Ohio,OH,39151,Stark County,39151711112,Census Tract 7111.12; Stark County; Ohio,4.128493704908,5076,560,1900,201,1884,202,634,268,66,65,187,71,141,55,138,81,1085,355,1360,276,431,111,80,68,0,68,392,806,0,24,0,17,0,24,15,17,0,17,12.5,5.1,2.8,2.7,9.9,3.6,4.0,1.7,2.7,1.6,21.4,6.0,26.8,3.9,8.5,2.3,4.3,3.6,0.0,1.4,7.7,15.9,0.0,1.3,0.0,1.8,0.0,1.3,0.8,0.9,0.0,0.3,0.2847,0.3133,0.0476,0.2283,0.1888,1.0627,0.1137,0.7299,0.805,0.1371,0.407,0.0,2.079,0.313,0.2666,0.2666,0.2666,0.0,0.0,0.0,0.0873,0.0,0.0873,0.0114,3.4956,0.0324,0,0,0,0,0,0,0,0,0,0,0,0,0,0,0,0,0,0,0,0,0,4668,110,98,0,17,169,151,79,58,0,17,0,17,144,120,0,17,5.8,5.1,0.0,0.7,3.3,3.0,1.6,1.1,0.0,0.7,0.0,0.7,2.8,2.3,0.0,0.7
39,Ohio,OH,39151,Stark County,39151711121,Census Tract 7111.21; Stark County; Ohio,6.88849404475,6237,663,2107,180,2068,185,195,175,246,149,215,140,93,98,327,247,894,164,1509,266,537,226,131,96,30,76,207,941,0,24,0,17,30,42,24,34,1,2,3.1,2.8,7.4,4.2,10.4,6.7,2.2,2.3,5.2,3.9,14.3,2.9,24.2,2.9,8.6,3.7,6.3,4.6,0.5,1.3,3.3,15.1,0.0,1.1,0.0,1.6,1.5,2.0,1.2,1.6,0.0,0.0,0.0248,0.7438,0.0559,0.1021,0.4706,1.3972,0.1981,0.3047,0.669,0.1415,0.5714,0.5796,2.2662,0.4143,0.0793,0.0793,0.0793,0.0,0.0,0.6606,0.1276,0.0,0.7882,0.0737,4.5309,0.0981,0,0,0,0,0,0,0,0,0,0,0,0,0,0,0,0,0,0,0,0,0,2854,42,45,41,69,42,64,53,53,3,6,0,17,68,57,0,17,2.0,2.1,0.7,1.1,0.7,1.0,0.8,0.9,0.0,0.1,0.0,0.6,1.1,0.9,0.0,0.6
39,Ohio,OH,39151,Stark County,39151711122,Census Tract 7111.22; Stark County; Ohio,3.736441100884,5691,768,2253,222,2174,240,766,305,30,38,323,118,115,62,195,141,1191,285,1068,178,652,196,102,58,0,68,399,1142,24,29,26,31,29,32,15,26,0,17,13.5,5.0,1.0,1.3,14.9,5.2,3.1,1.7,3.4,2.5,20.9,5.4,18.8,3.7,11.5,2.9,4.7,2.6,0.0,1.3,7.0,20.0,1.1,1.3,1.2,1.3,1.3,1.5,0.7,1.2,0.0,0.3,0.3193,0.0714,0.1857,0.1579,0.2745,1.0088,0.1003,0.7093,0.3015,0.3158,0.4476,0.0,1.7742,0.1695,0.234,0.234,0.234,0.3378,0.6451,0.6181,0.0762,0.0,1.6772,0.2835,4.6942,0.1121,0,0,0,0,0,0,0,0,0,0,0,0,0,0,0,0,0,0,0,0,0,3823,243,150,107,122,0,17,0,17,5,9,0,17,287,176,0,17,11.2,6.4,1.9,2.2,0.0,0.6,0.0,0.6,0.1,0.2,0.0,0.6,5.0,3.3,0.0,0.6
39,Ohio,OH,39151,Stark County,39151711202,Census Tract 7112.02; Stark County; Ohio,22.023078156468,3766,348,1596,168,1508,167,377,156,34,35,150,72,122,66,119,89,710,105,694,83,400,121,7,16,0,48,136,495,0,16,174,69,30,30,14,17,0,12,10.0,4.1,1.6,1.7,9.9,4.6,4.4,2.2,3.2,2.4,18.9,2.7,18.4,2.2,10.6,3.3,0.5,1.1,0.0,1.3,3.6,13.1,0.0,1.0,10.9,4.0,2.0,2.0,0.9,1.1,0.0,0.3,0.205,0.1346,0.0476,0.2581,0.2491,0.8944,0.0806,0.5973,0.279,0.2542,0.0473,0.0,1.1778,0.0384,0.0885,0.0885,0.0885,0.0,0.8851,0.7346,0.0975,0.0,1.7172,0.3029,3.8779,0.0438,0,0,0,0,0,0,0,0,0,0,0,0,0,0,0,0,0,0,0,0,0,1718,112,81,0,12,47,43,0,12,0,12,0,12,89,89,0,12,7.4,5.0,0.0,0.9,1.2,1.1,0.0,0.9,0.0,0.9,0.0,0.9,2.4,2.4,0.0,0.9
39,Ohio,OH,39151,Stark County,39151711211,Census Tract 7112.11; Stark County; Ohio,7.4516863602739996,7145,444,3119,252,3021,233,1396,393,169,186,602,219,190,127,314,201,1619,417,1253,204,1143,410,156,128,31,71,370,686,170,128,56,78,79,82,137,89,179,4,19.9,5.5,4.6,4.7,19.9,7.1,3.7,2.4,4.5,2.8,22.7,5.3,17.5,2.7,16.3,6.0,5.2,4.2,0.5,1.0,5.2,9.6,5.4,4.1,1.8,2.5,2.6,2.7,4.5,2.9,2.5,0.2,0.5043,0.5451,0.3898,0.2039,0.3875,2.0306,0.3762,0.7819,0.2305,0.6223,0.4921,0.5796,2.7064,0.6857,0.1585,0.1585,0.1585,0.5686,0.686,0.8029,0.4365,0.7949,3.2889,0.8959,8.1844,0.6159,0,0,0,0,0,0,0,0,0,0,0,0,0,0,0,0,0,0,0,0,0,5931,188,119,4,11,129,176,157,195,10,16,0,17,70,81,0,17,6.2,3.9,0.1,0.1,1.8,2.5,2.2,2.8,0.1,0.2,0.0,0.5,1.0,1.1,0.0,0.5
39,Ohio,OH,39151,Stark County,39151711212,Census Tract 7112.12; Stark County; Ohio,4.867998340426,2636,353,1179,180,1179,180,191,107,102,91,112,61,51,34,94,42,408,54,424,59,259,82,21,20,0,48,84,499,0,16,0,12,0,16,10,15,0,12,7.3,4.0,6.1,5.3,9.5,5.0,2.6,1.8,3.6,1.6,15.5,3.2,16.1,2.6,9.8,3.1,1.7,1.7,0.0,1.9,3.2,18.9,0.0,1.4,0.0,2.9,0.0,1.4,0.8,1.2,0.0,0.5,0.1276,0.6648,0.04,0.1243,0.2945,1.2512,0.1568,0.371,0.1658,0.2056,0.1337,0.0,0.8761,0.0165,0.0751,0.0751,0.0751,0.0,0.0,0.0,0.0873,0.0,0.0873,0.0114,2.2897,0.0016,0,0,0,0,0,0,0,0,0,0,0,0,0,0,0,0,0,0,0,0,0,1584,11,12,0,12,8,12,0,12,0,12,0,12,66,51,10,16,0.9,1.0,0.0,1.3,0.3,0.5,0.0,1.3,0.0,1.3,0.0,1.3,2.5,1.9,0.4,0.6
39,Ohio,OH,39151,Stark County,39151711312,Census Tract 7113.12; Stark County; Ohio,5.619323874776,7370,764,2689,222,2557,233,749,474,127,93,359,136,48,50,360,229,1268,202,2058,414,361,141,85,70,15,70,531,1094,0,24,34,39,0,24,31,36,160,2,10.5,6.5,3.5,2.6,14.0,5.2,1.0,1.0,5.0,3.2,17.2,3.1,27.9,3.5,5.0,2.0,3.3,2.7,0.2,1.0,7.2,14.8,0.0,0.9,1.3,1.5,0.0,0.9,1.2,1.4,2.2,0.2,0.225,0.4156,0.154,0.0333,0.4487,1.2766,0.1638,0.4765,0.8503,0.027,0.2943,0.4556,2.1037,0.3232,0.2435,0.2435,0.2435,0.0,0.6505,0.0,0.1276,0.773,1.5511,0.2476,5.1749,0.1584,0,0,0,0,0,0,0,0,0,0,0,0,0,0,0,0,0,0,0,0,0,5822,121,97,44,72,15,23,85,71,0,17,0,17,267,174,120,122,4.7,3.7,0.6,1.0,0.2,0.3,1.2,0.9,0.0,0.5,0.0,0.5,3.6,2.4,1.6,1.7
39,Ohio,OH,39151,Stark County,39151711321,Census Tract 7113.21; Stark County; Ohio,2.464681730898,3646,327,1670,138,1598,156,521,296,97,66,282,95,82,51,237,167,943,155,660,156,402,104,114,65,28,62,369,500,5,16,0,12,33,42,7,11,0,12,14.3,8.0,4.9,3.3,17.6,5.7,3.0,1.8,6.5,4.6,25.9,3.9,18.1,3.4,11.0,2.9,7.2,4.0,0.8,1.8,10.1,13.7,0.3,1.0,0.0,2.1,2.1,2.6,0.4,0.7,0.0,0.3,0.3393,0.5711,0.2943,0.1512,0.5947,1.9506,0.3492,0.8938,0.2613,0.2815,0.6337,0.6636,2.7339,0.7006,0.3592,0.3592,0.3592,0.2683,0.0,0.7448,0.0476,0.0,1.0607,0.1162,6.1044,0.2752,0,0,0,0,0,0,0,0,0,0,0,0,0,0,0,0,0,0,0,0,0,13094,203,89,20,30,180,175,96,141,0,12,0,12,73,63,0,12,12.7,5.2,0.5,0.8,4.9,4.8,2.6,3.8,0.0,1.0,0.0,1.0,2.0,1.7,0.0,1.0
39,Ohio,OH,39151,Stark County,39151711322,Census Tract 7113.22; Stark County; Ohio,3.026442766308,3413,354,1772,165,1641,169,728,240,41,42,485,141,125,81,266,109,849,132,531,148,443,143,32,26,144,119,562,492,604,143,0,12,27,40,141,70,103,3,22.0,6.9,2.3,2.3,29.6,8.0,5.1,3.3,8.0,3.5,24.9,4.4,15.6,3.5,13.4,3.8,2.0,1.6,4.5,3.7,16.5,14.3,34.1,7.4,0.0,2.0,1.6,2.4,8.6,4.3,3.0,0.3,0.5576,0.2384,0.7146,0.3098,0.7166,2.537,0.5213,0.8618,0.1481,0.4418,0.159,0.9413,2.552,0.5908,0.5241,0.5241,0.5241,0.9343,0.0,0.6794,0.6727,0.8291,3.1155,0.8619,8.7286,0.6921,0,0,0,0,0,0,0,0,0,0,1,1,0,0,1,0,0,0,0,1,2,19530,197,82,129,120,149,98,234,157,0,12,10,16,40,27,0,12,12.0,5.1,3.8,3.3,4.4,2.9,6.9,4.6,0.0,1.0,0.3,0.5,1.2,0.8,0.0,1.0
39,Ohio,OH,39151,Stark County,39151711323,Census Tract 7113.23; Stark County; Ohio,4.122639240282,4250,347,1445,119,1389,129,102,110,128,90,121,79,88,63,200,106,607,154,1033,125,191,80,12,22,0,48,363,505,0,16,0,12,0,16,7,11,76,5,2.4,2.6,5.5,3.7,8.7,5.6,3.0,2.1,4.8,2.5,14.3,3.6,24.3,2.8,4.6,1.9,0.9,1.6,0.0,1.2,8.5,11.9,0.0,1.1,0.0,2.4,0.0,1.2,0.5,0.8,1.8,0.2,0.0175,0.621,0.0283,0.1512,0.4243,1.2423,0.1552,0.3047,0.6734,0.0203,0.0705,0.0,1.0689,0.0273,0.3009,0.3009,0.3009,0.0,0.0,0.0,0.0524,0.7445,0.7969,0.0756,3.409,0.0267,0,0,0,0,0,0,0,0,0,0,0,0,0,0,0,0,0,0,0,0,0,2486,45,37,6,39,144,92,93,97,11,17,0,12,79,96,30,50,3.2,2.7,0.1,0.9,3.4,2.2,2.2,2.3,0.3,0.4,0.0,0.8,1.9,2.2,0.7,1.2
39,Ohio,OH,39151,Stark County,39151711324,Census Tract 7113.24; Stark County; Ohio,6.992450463842,5006,761,2231,300,2100,276,484,254,113,86,283,127,48,39,102,84,1299,255,1232,512,227,103,197,223,0,68,324,1082,42,64,22,26,0,24,98,83,0,17,9.7,4.9,4.8,3.6,13.5,5.8,1.4,1.1,2.0,1.7,25.9,6.0,24.6,7.2,4.5,2.1,9.4,10.5,0.0,1.4,6.5,21.6,1.9,2.9,1.0,1.2,0.0,1.1,4.7,3.9,0.0,0.3,0.1974,0.5603,0.1397,0.0536,0.1209,1.0719,0.1165,0.8938,0.6877,0.0184,0.754,0.0,2.3539,0.467,0.215,0.215,0.215,0.3975,0.6295,0.0,0.4479,0.0,1.4749,0.2225,5.1157,0.153,0,0,0,0,0,0,0,0,0,0,0,0,0,0,0,0,0,0,0,0,0,5738,154,92,70,65,52,52,159,131,0,17,0,17,43,55,0,17,7.3,4.5,1.4,1.3,1.0,1.1,3.2,2.7,0.0,0.7,0.0,0.7,0.9,1.1,0.0,0.7
39,Ohio,OH,39151,Stark County,39151711402,Census Tract 7114.02; Stark County; Ohio,4.141397233748,6131,594,2875,251,2719,281,535,226,63,53,525,212,94,60,280,171,1180,191,1313,233,467,205,95,71,47,75,561,855,364,189,13,22,0,24,41,38,18,4,8.7,3.6,2.0,1.6,19.3,7.5,2.1,1.3,4.6,2.8,19.2,3.2,21.4,3.3,7.6,3.2,3.5,2.6,0.8,1.3,9.2,13.9,12.6,6.5,0.5,0.8,0.0,0.9,1.5,1.4,0.3,0.1,0.1695,0.194,0.367,0.0938,0.3996,1.2239,0.1511,0.6129,0.4803,0.0952,0.3187,0.6636,2.1707,0.3632,0.3269,0.3269,0.3269,0.7403,0.5717,0.0,0.1597,0.4924,1.9641,0.4025,5.6856,0.213,0,0,0,0,0,0,0,0,0,0,0,0,0,0,0,0,0,0,0,0,0,3913,369,248,158,103,219,153,71,78,0,17,0,17,113,77,0,17,13.6,8.5,2.6,1.7,3.6,2.5,1.2,1.3,0.0,0.6,0.0,0.6,1.8,1.3,0.0,0.6
39,Ohio,OH,39151,Stark County,39151711411,Census Tract 7114.11; Stark County; Ohio,3.292420712068,3905,432,1533,159,1462,165,146,78,49,34,194,78,47,40,32,29,757,159,969,229,394,106,0,16,11,50,489,567,0,16,23,37,0,16,52,41,5,2,3.7,2.0,2.4,1.6,13.3,5.1,1.7,1.4,0.8,0.7,19.4,4.6,24.8,4.2,10.1,2.8,0.0,1.1,0.3,1.3,12.5,14.5,0.0,1.0,1.5,2.3,0.0,1.1,3.6,2.8,0.1,0.1,0.0378,0.2514,0.1337,0.0694,0.0279,0.5202,0.0238,0.6287,0.7004,0.2222,0.0,0.4968,2.0481,0.2949,0.4315,0.4315,0.4315,0.0,0.6667,0.0,0.3638,0.3694,1.3999,0.2013,4.3997,0.0879,0,0,0,0,0,0,0,0,0,0,0,0,0,0,0,0,0,0,0,0,0,4099,110,51,41,47,311,276,38,58,0,12,0,12,70,55,29,44,7.5,3.4,1.0,1.2,8.0,6.7,1.0,1.4,0.0,0.9,0.0,0.9,1.8,1.4,0.7,1.1
39,Ohio,OH,39151,Stark County,39151711412,Census Tract 7114.12; Stark County; Ohio,3.625411679254,4904,812,2097,220,1993,227,598,250,93,91,407,129,102,92,75,56,1332,271,861,205,648,242,154,99,0,48,405,1152,109,62,42,64,23,33,61,58,85,2,12.4,4.7,3.7,4.0,20.4,6.0,2.9,2.7,1.6,1.2,27.2,5.4,17.6,4.2,13.4,5.3,7.7,4.9,0.0,1.0,8.3,23.5,5.2,2.9,2.0,3.0,1.2,1.7,3.1,2.9,1.7,0.3,0.2818,0.4429,0.413,0.1433,0.0825,1.3635,0.1873,0.9214,0.2372,0.4418,0.667,0.0,2.2674,0.4152,0.2933,0.2933,0.2933,0.5648,0.6978,0.6038,0.3143,0.7381,2.9188,0.8019,6.843,0.4048,0,0,0,0,0,0,1,0,0,0,0,1,0,0,0,0,0,0,0,0,1,2905,227,98,82,78,23,34,80,96,0,12,0,12,220,158,0,12,11.4,5.0,1.7,1.6,0.5,0.7,1.6,2.0,0.0,0.7,0.0,0.7,4.5,3.2,0.0,0.7
39,Ohio,OH,39151,Stark County,39151711501,Census Tract 7115.01; Stark County; Ohio,2.471249325918,3895,516,2102,272,1806,234,540,214,34,33,531,196,93,76,210,156,1461,293,523,159,699,208,66,67,24,53,615,713,449,169,0,12,9,17,117,70,72,2,14.3,5.3,1.7,1.7,29.4,10.2,2.9,2.3,5.5,3.9,37.5,5.8,13.4,3.5,18.3,4.8,3.7,3.7,0.6,1.4,15.8,18.2,21.3,7.6,0.0,1.6,0.5,0.9,6.5,3.7,1.8,0.2,0.3393,0.1492,0.7105,0.1433,0.5005,1.8428,0.3187,0.9911,0.0853,0.7271,0.34,0.6088,2.7523,0.7076,0.513,0.513,0.513,0.8597,0.0,0.4413,0.5695,0.7445,2.615,0.6838,7.7231,0.5362,0,0,0,0,0,0,1,0,0,0,0,1,0,0,0,0,0,0,0,0,1,3203,264,146,227,198,136,112,150,88,0,12,0,12,101,67,1,3,14.6,7.4,5.8,5.1,3.5,2.7,3.9,2.1,0.0,0.9,0.0,0.9,2.6,1.7,0.0,0.1
39,Ohio,OH,39151,Stark County,39151711502,Census Tract 7115.02; Stark County; Ohio,1.719440777966,3636,503,1666,200,1547,200,251,184,96,103,112,56,129,101,119,141,904,200,552,175,331,115,86,56,8,48,698,641,50,47,0,12,0,16,81,65,7,2,6.9,5.0,5.0,5.1,7.2,3.5,4.6,3.4,3.3,3.9,24.9,4.9,15.2,3.9,9.1,3.2,5.5,3.5,0.2,1.4,19.2,17.4,3.0,2.8,0.0,2.1,0.0,1.0,5.2,4.1,0.2,0.0,0.1152,0.58,0.0156,0.2724,0.2634,1.2466,0.1559,0.8618,0.1344,0.1644,0.5171,0.4556,2.1333,0.3419,0.5777,0.5777,0.5777,0.4724,0.0,0.0,0.4844,0.4356,1.3924,0.2,5.35,0.174,0,0,0,0,0,0,0,0,0,0,0,0,0,0,0,0,0,0,0,0,0,3630,299,113,245,143,76,93,172,149,0,12,0,12,205,112,0,12,19.3,7.4,6.7,3.7,2.1,2.5,4.7,3.8,0.0,1.0,0.0,1.0,5.6,2.9,0.0,1.0
39,Ohio,OH,39151,Stark County,39151711600,Census Tract 7116; Stark County; Ohio,2.050835599484,6159,577,2993,265,2839,276,1269,404,123,74,576,210,388,148,260,150,1446,218,984,225,988,272,115,99,1,65,755,776,29,33,53,49,5,18,87,60,142,6,20.9,6.4,4.1,2.5,20.3,7.1,8.3,3.1,4.3,2.4,23.5,3.2,16.0,2.8,16.3,4.5,4.1,3.5,0.0,1.1,12.3,12.5,1.0,1.1,1.8,1.6,0.2,0.6,3.1,2.1,2.3,0.2,0.5278,0.4867,0.4086,0.5365,0.3659,2.3255,0.4603,0.8171,0.1623,0.6223,0.3844,0.0,1.9861,0.2654,0.4255,0.4255,0.4255,0.3292,0.686,0.3905,0.3143,0.7815,2.5015,0.6375,7.2386,0.4587,0,0,0,0,0,0,0,0,0,0,0,0,0,0,0,0,0,0,0,0,0,6789,505,174,229,103,104,66,0,17,0,17,0,17,370,198,52,61,17.8,6.3,3.7,1.7,1.7,1.0,0.0,0.6,0.0,0.6,0.0,0.6,6.0,3.1,0.8,1.0
39,Ohio,OH,39151,Stark County,39151711700,Census Tract 7117; Stark County; Ohio,1.453824223678,5266,705,2724,268,2496,309,1097,417,134,100,600,181,340,192,520,240,1012,175,1166,239,876,250,207,140,84,121,1031,1017,66,71,61,81,4,20,51,64,25,4,21.1,7.5,4.6,3.3,24.0,6.6,8.8,5.1,9.9,4.9,19.2,3.3,22.1,3.2,16.6,4.6,8.3,5.5,1.7,2.4,19.6,19.1,2.4,2.6,2.2,3.0,0.2,0.8,2.0,2.5,0.5,0.0,0.5325,0.5451,0.5422,0.5647,0.8169,3.0014,0.66,0.6129,0.5247,0.6407,0.7006,0.8094,3.2883,0.9076,0.5853,0.5853,0.5853,0.4352,0.707,0.3905,0.2127,0.5742,2.3196,0.5584,9.1946,0.7502,0,0,0,0,0,0,0,0,0,0,0,0,0,0,0,0,0,0,0,0,0,4026,216,105,559,429,297,283,0,17,10,18,0,17,117,135,48,79,8.7,4.2,10.6,7.8,5.6,5.5,0.0,0.7,0.2,0.3,0.0,0.7,2.2,2.6,0.9,1.5
39,Ohio,OH,39151,Stark County,39151711800,Census Tract 7118; Stark County; Ohio,2.71510594369,5176,562,2538,211,2297,252,1139,476,0,17,611,224,81,63,210,133,942,263,1116,284,664,178,283,166,34,74,745,903,336,153,0,17,53,86,152,93,10,3,22.0,8.9,0.0,1.3,26.6,9.3,2.3,1.8,4.1,2.5,18.2,4.9,21.6,4.9,12.9,3.8,12.3,7.1,0.7,1.5,14.4,17.4,13.2,5.9,0.0,1.4,2.3,3.7,6.6,4.1,0.2,0.1,0.5576,0.0,0.6397,0.1068,0.3478,1.6519,0.2676,0.5466,0.4918,0.4059,0.8454,0.6367,2.9264,0.7879,0.48,0.48,0.48,0.7514,0.0,0.7698,0.5765,0.4356,2.5333,0.6486,7.5916,0.5156,0,0,0,0,0,0,0,0,0,0,0,0,0,0,0,0,0,0,0,0,0,6115,272,143,479,309,30,35,184,207,0,17,0,17,52,56,0,17,11.8,5.8,9.3,6.0,0.6,0.7,3.6,4.1,0.0,0.7,0.0,0.7,1.0,1.1,0.0,0.7
39,Ohio,OH,39151,Stark County,39151711900,Census Tract 7119; Stark County; Ohio,2.370810682148,5510,507,2610,261,2599,261,1188,570,136,75,645,233,162,97,350,236,1320,289,1089,235,731,249,100,60,107,102,561,717,299,164,275,204,81,58,69,50,200,46,22.4,10.5,4.4,2.4,24.8,8.6,4.0,2.4,6.6,4.3,24.0,4.8,19.8,3.5,13.7,4.4,3.8,2.3,2.0,1.9,10.2,13.0,11.5,6.2,10.5,7.2,3.1,2.2,2.7,1.9,3.6,0.8,0.5674,0.5244,0.5717,0.2283,0.6001,2.4919,0.507,0.8329,0.3713,0.4589,0.3502,0.8348,2.8481,0.7517,0.363,0.363,0.363,0.7197,0.8813,0.8502,0.2752,0.8545,3.5809,0.9498,9.2839,0.7635,0,0,0,0,0,0,0,0,0,0,0,0,0,0,0,0,0,0,0,0,0,9145,197,106,190,123,123,98,124,169,0,17,0,17,124,143,0,17,7.6,4.2,3.4,2.2,2.2,1.7,2.3,3.1,0.0,0.6,0.0,0.6,2.3,2.6,0.0,0.6
39,Ohio,OH,39151,Stark County,39151712000,Census Tract 7120; Stark County; Ohio,1.53117242344,4394,431,2035,242,1956,237,610,236,113,82,419,165,76,47,180,97,1113,180,924,185,566,157,66,39,0,48,271,613,62,40,0,12,0,16,49,31,194,5,14.5,5.4,4.9,3.3,21.4,8.0,2.4,1.4,4.3,2.3,25.3,3.3,21.0,3.7,13.5,3.9,3.4,2.0,0.0,1.2,6.2,13.9,3.1,1.9,0.0,1.7,0.0,0.8,2.5,1.5,4.4,0.4,0.3466,0.5711,0.4521,0.1135,0.3659,1.8492,0.3213,0.8773,0.4499,0.4478,0.3089,0.0,2.0839,0.3152,0.201,0.201,0.201,0.4765,0.0,0.0,0.2587,0.8881,1.6233,0.266,5.7574,0.2248,0,0,0,0,0,0,0,0,0,0,0,0,0,0,0,0,0,0,0,0,0,6231,214,137,91,81,56,59,47,60,0,12,0,12,77,63,0,12,10.9,6.5,2.1,1.8,1.3,1.4,1.1,1.4,0.0,0.8,0.0,0.8,1.8,1.4,0.0,0.8
39,Ohio,OH,39151,Stark County,39151712102,Census Tract 7121.02; Stark County; Ohio,6.311378505004,8684,727,3423,239,3309,262,898,379,118,84,502,171,51,44,257,137,1576,242,2128,369,643,269,142,75,0,68,1038,1028,83,114,0,17,0,24,12,19,1,3,10.4,4.3,2.6,1.8,15.2,5.0,0.8,0.7,3.0,1.5,18.1,2.8,24.5,3.2,7.4,3.1,4.3,2.2,0.0,0.9,12.0,11.8,2.4,3.3,0.0,1.0,0.0,0.7,0.4,0.6,0.0,0.0,0.2199,0.2822,0.1971,0.0241,0.2291,0.9524,0.0895,0.539,0.6826,0.0847,0.407,0.0,1.7133,0.1492,0.4169,0.4169,0.4169,0.4352,0.0,0.0,0.0476,0.0,0.4828,0.0333,3.5654,0.034,0,0,0,0,0,0,0,0,0,0,0,0,0,0,0,0,0,0,0,0,0,4108,456,206,178,116,61,57,14,23,7,11,0,17,778,397,0,17,13.8,5.7,2.0,1.3,0.7,0.7,0.2,0.3,0.1,0.1,0.0,0.4,9.0,4.5,0.0,0.4
39,Ohio,OH,39151,Stark County,39151712112,Census Tract 7121.12; Stark County; Ohio,2.026377968294,1748,158,714,55,708,55,157,115,4,7,98,46,40,37,62,33,526,65,332,45,160,63,0,16,0,48,181,218,0,16,0,12,0,16,23,27,0,12,9.0,6.5,0.5,0.9,13.8,6.4,3.0,2.7,3.5,1.8,30.1,2.8,19.0,2.4,9.2,3.3,0.0,2.3,0.0,3.0,10.4,12.4,0.0,2.2,0.0,4.8,0.0,2.3,3.2,3.9,0.0,0.7,0.1796,0.033,0.1489,0.1512,0.2856,0.7983,0.0632,0.9597,0.3183,0.1711,0.0,0.0,1.4491,0.0781,0.3694,0.3694,0.3694,0.0,0.0,0.0,0.3248,0.0,0.3248,0.0235,2.9416,0.0111,0,0,0,0,0,0,1,0,0,0,0,1,0,0,0,0,0,0,0,0,1,1675,58,35,12,18,31,38,89,103,0,12,0,12,49,27,0,12,8.2,5.0,0.7,1.0,1.8,2.2,5.1,5.7,0.0,2.0,0.0,2.0,2.8,1.5,0.0,2.0
39,Ohio,OH,39151,Stark County,39151712113,Census Tract 7121.13; Stark County; Ohio,1.424055373376,1247,124,558,37,521,67,30,30,0,12,87,55,30,33,17,25,226,101,237,54,151,73,0,16,0,48,93,178,71,59,0,12,0,16,42,38,0,12,2.4,2.4,0.0,4.8,16.7,10.3,3.4,3.7,1.4,2.0,18.1,8.5,19.0,3.8,12.1,5.8,0.0,3.1,0.0,4.0,7.5,14.3,12.7,10.5,0.0,6.1,0.0,3.1,8.1,7.0,0.0,1.0,0.0175,0.0,0.2581,0.1836,0.0676,0.5268,0.0263,0.539,0.3183,0.3586,0.0,0.0,1.2159,0.0422,0.2562,0.2562,0.2562,0.7422,0.0,0.0,0.6505,0.0,1.3927,0.2003,3.3916,0.0254,0,0,0,0,0,0,0,0,0,0,0,0,0,0,0,0,0,0,0,0,0,4511,59,55,58,65,0,12,35,62,0,12,0,12,0,12,0,12,11.3,10.3,4.7,5.0,0.0,2.8,2.8,4.9,0.0,2.8,0.0,2.8,0.0,2.8,0.0,2.8
39,Ohio,OH,39151,Stark County,39151712114,Census Tract 7121.14; Stark County; Ohio,1.416437580916,4528,472,2438,175,2273,199,499,199,25,30,557,177,66,55,97,78,1124,213,660,124,339,151,61,53,0,48,439,693,546,173,0,12,0,16,104,76,0,12,11.1,4.3,1.0,1.1,24.5,7.5,2.0,1.7,2.1,1.7,24.8,4.1,14.6,2.5,7.5,3.3,2.7,2.3,0.0,1.1,9.7,15.3,22.4,6.9,0.0,1.4,0.0,0.7,4.6,3.4,0.0,0.3,0.2437,0.0714,0.5597,0.0881,0.1301,1.093,0.12,0.858,0.1173,0.0898,0.2298,0.0,1.2949,0.0521,0.3478,0.3478,0.3478,0.8698,0.0,0.0,0.4419,0.0,1.3117,0.1775,4.0474,0.0581,0,0,0,0,0,0,0,0,0,0,0,0,0,0,0,0,0,0,0,0,0,3556,143,81,27,36,114,140,76,95,17,29,0,12,205,166,0,12,6.3,3.4,0.6,0.8,2.5,3.1,1.7,2.1,0.4,0.7,0.0,0.8,4.5,3.6,0.0,0.8
39,Ohio,OH,39151,Stark County,39151712201,Census Tract 7122.01; Stark County; Ohio,2.707431394236,5831,474,2387,240,2297,257,629,294,39,41,559,278,72,53,271,152,1442,260,814,223,641,170,126,85,0,68,1053,700,393,244,0,17,0,24,130,103,858,45,12.6,5.8,1.4,1.4,24.3,11.8,1.8,1.3,4.7,2.7,24.7,4.1,14.0,3.1,11.1,3.2,5.5,3.6,0.0,1.2,18.1,11.9,16.4,10.1,0.0,1.5,0.0,1.0,5.7,4.5,14.7,1.4,0.2897,0.1117,0.5524,0.0758,0.4135,1.4431,0.2102,0.8532,0.1024,0.2882,0.5171,0.0,1.7609,0.1641,0.5599,0.5599,0.5599,0.8022,0.0,0.0,0.5241,0.9673,2.2936,0.5451,6.0575,0.2679,0,0,0,0,0,0,0,0,0,0,0,0,0,0,0,0,0,0,1,1,1,6498,285,244,560,266,161,112,95,80,10,15,0,17,227,132,0,17,12.4,9.6,9.6,4.4,2.8,1.9,1.6,1.4,0.2,0.2,0.0,0.6,3.9,2.3,0.0,0.6
39,Ohio,OH,39151,Stark County,39151712202,Census Tract 7122.02; Stark County; Ohio,3.123111896252,5851,920,2564,232,2477,241,816,415,74,83,492,176,165,104,170,127,1489,222,875,209,897,313,27,35,55,85,588,1282,133,135,0,17,0,24,97,78,11,3,14.0,6.8,2.1,2.2,19.9,6.8,4.0,2.5,2.9,2.0,25.4,5.1,15.0,2.2,15.4,5.2,1.0,1.4,1.0,1.5,10.0,21.9,5.2,5.2,0.0,1.4,0.0,1.0,3.9,3.3,0.2,0.0,0.3335,0.2086,0.3898,0.2283,0.2142,1.3744,0.1905,0.8811,0.1294,0.5712,0.0759,0.707,2.3646,0.4752,0.3567,0.3567,0.3567,0.5648,0.0,0.0,0.3892,0.4356,1.3896,0.1997,5.4853,0.1886,0,0,0,0,0,0,0,0,0,0,0,0,0,0,0,0,0,0,0,0,0,6257,344,182,421,261,27,38,109,116,0,17,0,17,14,21,17,28,13.9,6.8,7.2,4.3,0.5,0.7,1.9,2.0,0.0,0.6,0.0,0.6,0.2,0.4,0.3,0.5
39,Ohio,OH,39151,Stark County,39151712300,Census Tract 7123; Stark County; Ohio,4.272253765282,6513,781,2775,260,2651,281,812,424,185,124,290,109,211,115,387,158,1214,271,1479,431,743,293,146,93,0,68,823,1105,215,221,66,71,75,88,274,226,25,5,12.5,6.3,5.1,3.3,10.9,3.9,4.7,2.6,5.9,2.2,18.6,4.6,22.7,5.2,11.4,4.6,5.6,3.5,0.0,1.1,12.6,16.9,7.8,7.9,2.4,2.6,2.8,3.3,10.3,8.1,0.4,0.1,0.2847,0.5892,0.0657,0.2815,0.537,1.7581,0.2987,0.5767,0.5669,0.3088,0.5241,0.0,1.9765,0.2616,0.4337,0.4337,0.4337,0.6444,0.7143,0.826,0.7289,0.5374,3.451,0.9289,7.6193,0.5197,0,0,0,0,0,0,0,0,0,0,0,0,0,0,0,0,0,0,0,0,0,4360,467,259,504,402,194,165,0,17,0,17,0,17,125,111,0,17,17.6,9.0,7.7,6.1,3.0,2.5,0.0,0.5,0.0,0.5,0.0,0.5,1.9,1.6,0.0,0.5
39,Ohio,OH,39151,Stark County,39151712400,Census Tract 7124; Stark County; Ohio,6.48391899456,6321,593,2525,221,2414,255,919,331,117,102,620,262,369,116,452,323,1420,231,1342,296,912,287,183,106,0,68,1429,716,191,134,162,87,0,24,373,206,706,19,16.6,5.7,4.8,4.2,25.7,10.5,8.1,2.5,8.0,5.8,22.5,3.3,21.2,3.5,16.1,4.7,7.6,4.3,0.0,1.1,22.6,11.1,7.6,5.3,6.4,3.4,0.0,1.0,15.5,7.6,11.2,1.1,0.4116,0.5603,0.6067,0.5206,0.7166,2.8158,0.6063,0.7717,0.4654,0.6087,0.661,0.0,2.5068,0.5619,0.6237,0.6237,0.6237,0.6375,0.8159,0.0,0.8463,0.9585,3.2582,0.8905,9.2045,0.7511,0,0,0,0,0,0,0,0,0,0,0,0,0,0,0,0,0,0,1,1,1,6223,376,215,1022,441,75,92,67,80,0,17,0,17,265,177,0,17,15.6,8.3,16.2,6.0,1.2,1.5,1.1,1.3,0.0,0.6,0.0,0.6,4.2,2.8,0.0,0.6
39,Ohio,OH,39151,Stark County,39151712500,Census Tract 7125; Stark County; Ohio,2.985616340828,1857,341,803,102,712,103,183,78,22,19,110,50,33,25,109,61,330,85,445,174,212,64,12,12,18,47,109,482,12,18,5,8,11,20,21,18,3,2,9.9,3.8,2.3,2.0,15.4,6.7,2.5,1.9,5.9,3.3,17.8,5.3,24.0,5.8,11.4,4.0,1.7,1.7,1.0,2.6,5.9,25.9,1.5,2.2,0.6,1.0,1.5,2.8,2.9,2.5,0.2,0.1,0.2025,0.2384,0.2051,0.1192,0.537,1.3022,0.1702,0.5178,0.6582,0.3088,0.1337,0.707,2.3255,0.4483,0.1883,0.1883,0.1883,0.3717,0.5876,0.6606,0.2962,0.4356,2.3517,0.5695,6.1677,0.2848,0,0,0,0,0,0,0,0,0,0,0,0,0,0,0,0,0,0,0,0,0,950,115,75,8,14,71,61,0,12,0,12,0,12,30,26,0,12,16.2,9.4,0.4,0.7,3.8,3.4,0.0,1.9,0.0,1.9,0.0,1.9,1.6,1.4,0.0,1.9
39,Ohio,OH,39151,Stark County,39151712601,Census Tract 7126.01; Stark County; Ohio,2.091138856754,3050,525,1363,185,1246,168,872,323,50,43,393,166,176,129,297,169,482,196,703,189,200,86,222,144,0,48,176,747,8,17,0,12,0,16,17,27,0,12,28.6,9.4,3.0,2.7,31.5,12.6,8.9,5.3,9.7,5.5,15.8,4.6,23.0,6.7,6.6,3.0,17.9,11.3,0.0,1.7,5.8,24.5,0.6,1.2,0.0,2.5,0.0,1.3,1.4,2.1,0.0,0.4,0.6871,0.3403,0.7603,0.5704,0.8067,3.1648,0.7048,0.3865,0.5862,0.0584,0.9359,0.0,1.967,0.2571,0.1855,0.1855,0.1855,0.2886,0.0,0.0,0.1476,0.0,0.4362,0.0295,5.7535,0.2235,0,0,0,0,0,0,0,0,0,1,0,1,0,0,0,0,0,0,0,0,1,2591,170,81,0,12,85,68,16,26,4,6,0,12,71,50,0,12,13.6,6.4,0.0,1.1,2.8,2.3,0.5,0.9,0.1,0.2,0.0,1.1,2.3,1.7,0.0,1.1
39,Ohio,OH,39151,Stark County,39151712602,Census Tract 7126.02; Stark County; Ohio,2.70783757354,4991,358,2241,202,2057,165,647,298,0,12,376,176,89,65,212,143,980,251,1249,187,720,203,122,98,22,58,91,507,120,60,0,12,0,16,168,103,4,6,13.0,5.9,0.0,1.4,18.3,8.4,2.7,2.0,4.3,2.9,19.6,5.0,25.0,3.6,14.5,4.1,5.9,4.7,0.5,1.2,1.8,10.2,5.4,2.6,0.0,1.5,0.0,0.8,8.2,5.0,0.1,0.1,0.3043,0.0,0.3248,0.1325,0.3659,1.1275,0.1283,0.6411,0.7131,0.5198,0.5463,0.5796,2.9999,0.8238,0.0282,0.0282,0.0282,0.5686,0.0,0.0,0.6552,0.3694,1.5932,0.2575,5.7488,0.2216,0,0,0,0,0,0,0,0,0,0,0,0,0,0,0,0,0,0,0,0,0,5411,233,131,14,23,28,30,0,12,0,12,0,12,49,59,0,12,11.3,6.4,0.3,0.5,0.6,0.6,0.0,0.7,0.0,0.7,0.0,0.7,1.0,1.2,0.0,0.7
39,Ohio,OH,39151,Stark County,39151712700,Census Tract 7127; Stark County; Ohio,25.540472009692,4877,481,1807,160,1726,163,450,232,52,41,193,87,134,71,129,101,936,139,1137,231,521,172,105,104,0,48,77,688,0,16,0,12,0,16,86,56,167,4,9.6,4.8,2.1,1.7,11.2,4.9,4.1,2.0,2.7,2.1,19.2,3.0,23.3,3.5,11.1,3.7,6.1,6.0,0.0,1.1,1.6,14.1,0.0,0.9,0.0,1.9,0.0,0.9,5.0,3.1,3.4,0.3,0.1939,0.2086,0.074,0.2359,0.1888,0.9012,0.0822,0.6129,0.6068,0.2882,0.5584,0.0,2.0663,0.3054,0.0222,0.0222,0.0222,0.0,0.0,0.0,0.4702,0.8494,1.3196,0.1794,4.3093,0.08,0,0,0,0,0,0,0,0,0,0,0,0,0,0,0,0,0,0,0,0,0,3160,168,87,15,29,10,18,0,12,0,12,0,12,52,39,0,12,9.7,4.9,0.3,0.6,0.2,0.4,0.0,0.7,0.0,0.7,0.0,0.7,1.1,0.8,0.0,0.7
39,Ohio,OH,39151,Stark County,39151712800,Census Tract 7128; Stark County; Ohio,30.335156530154,4737,297,2204,176,2060,160,784,219,125,71,366,145,232,97,345,170,1125,165,770,112,758,205,67,43,10,49,359,432,0,16,0,12,14,24,174,123,68,2,17.0,4.6,4.6,2.6,17.8,6.9,6.4,2.6,7.4,3.6,23.7,3.6,16.3,2.3,16.2,4.3,3.2,2.1,0.2,1.1,7.6,9.1,0.0,0.7,0.0,1.6,0.7,1.2,8.4,5.6,1.4,0.1,0.4237,0.5451,0.3038,0.4112,0.6744,2.3582,0.4721,0.824,0.1734,0.6144,0.2841,0.4556,2.3515,0.4651,0.2609,0.2609,0.2609,0.0,0.0,0.4873,0.6635,0.7029,1.8537,0.3568,6.8243,0.401,0,0,0,0,0,0,0,0,0,0,0,0,0,0,0,0,0,0,0,0,0,3273,389,158,106,85,46,44,49,78,0,12,0,12,145,120,13,20,18.9,7.4,2.2,1.8,1.0,0.9,1.0,1.6,0.0,0.7,0.0,0.7,3.1,2.5,0.3,0.4
39,Ohio,OH,39151,Stark County,39151712900,Census Tract 7129; Stark County; Ohio,14.861591850924,3896,327,1875,252,1734,253,866,306,98,76,417,207,221,91,228,131,867,216,807,191,679,229,50,42,0,48,204,470,0,16,157,69,23,28,26,25,34,16,22.5,7.7,4.9,3.7,24.0,11.4,7.7,3.1,5.9,3.3,22.3,5.1,20.7,4.4,17.6,5.5,2.9,2.4,0.0,1.3,5.2,12.1,0.0,0.9,8.4,3.9,1.3,1.6,1.5,1.4,0.9,0.4,0.5693,0.5711,0.5422,0.4933,0.537,2.7129,0.5759,0.7613,0.4315,0.6947,0.2473,0.0,2.1348,0.3425,0.1585,0.1585,0.1585,0.0,0.8527,0.6181,0.1597,0.6458,2.2763,0.5397,7.2825,0.4683,0,0,0,0,0,0,0,0,0,0,0,0,0,0,0,0,0,0,0,0,0,5571,462,228,30,37,60,60,0,12,0,12,0,12,114,74,0,12,26.6,10.1,0.8,0.9,1.5,1.5,0.0,0.9,0.0,0.9,0.0,0.9,2.9,1.9,0.0,0.9
39,Ohio,OH,39151,Stark County,39151713000,Census Tract 7130; Stark County; Ohio,46.794659693524,3881,385,1597,193,1488,194,270,93,27,28,180,82,221,87,98,78,694,129,748,115,628,182,46,40,0,48,105,544,0,16,116,67,25,30,35,29,20,3,7.0,2.3,1.3,1.3,12.1,5.3,7.8,3.1,2.5,2.0,17.9,3.3,19.3,2.8,16.2,4.5,3.1,2.7,0.0,1.3,2.7,14.0,0.0,1.0,7.3,4.4,1.7,2.0,2.4,2.0,0.5,0.1,0.1181,0.1013,0.1006,0.5003,0.1692,0.9895,0.0968,0.5231,0.3377,0.6144,0.2733,0.0,1.7485,0.16,0.0558,0.0558,0.0558,0.0,0.834,0.6917,0.2514,0.5742,2.3513,0.5692,5.1451,0.1556,0,0,0,0,0,0,0,0,0,0,0,0,0,0,0,0,0,0,0,0,0,1317,385,193,40,44,0,12,15,26,0,12,0,12,50,47,0,12,25.9,10.4,1.0,1.1,0.0,0.9,0.4,0.7,0.0,0.9,0.0,0.9,1.3,1.2,0.0,0.9
39,Ohio,OH,39151,Stark County,39151713100,Census Tract 7131; Stark County; Ohio,13.65703778116,5157,482,2397,184,2271,186,823,308,71,62,382,133,375,117,348,157,1061,154,940,227,723,161,86,53,0,68,498,665,7,11,143,79,24,31,93,84,13,4,16.2,5.9,3.0,2.6,16.8,5.7,10.1,3.3,6.8,3.2,20.6,2.7,18.2,3.8,14.1,2.8,3.8,2.3,0.0,1.4,9.7,12.9,0.3,0.5,6.0,3.3,1.1,1.4,4.1,3.7,0.3,0.1,0.3951,0.3403,0.2635,0.6443,0.6211,2.2643,0.4441,0.6969,0.267,0.4862,0.3502,0.0,1.8003,0.1816,0.3478,0.3478,0.3478,0.2683,0.807,0.587,0.4063,0.4924,2.561,0.6613,6.9734,0.4187,0,0,0,0,0,0,0,0,0,0,0,0,0,0,0,0,0,0,0,0,0,4017,651,222,400,256,44,45,4,10,7,8,0,17,43,34,0,17,28.7,8.7,7.8,4.7,0.9,0.9,0.1,0.2,0.1,0.2,0.0,0.7,0.8,0.7,0.0,0.7
39,Ohio,OH,39151,Stark County,39151713201,Census Tract 7132.01; Stark County; Ohio,14.286143499613999,7104,599,3030,290,2745,241,1011,400,79,63,452,203,435,254,423,357,1207,305,1591,392,1183,228,143,126,0,68,752,914,0,24,32,37,18,33,87,60,56,7,14.7,5.7,2.2,1.7,16.5,7.3,8.6,5.0,6.0,4.8,17.0,4.6,22.4,4.1,16.8,3.3,5.2,4.6,0.0,1.0,10.6,12.8,0.0,0.8,1.1,1.2,0.7,1.2,3.2,2.2,0.8,0.1,0.3548,0.2238,0.2505,0.552,0.5459,1.927,0.3432,0.4632,0.5466,0.656,0.4921,0.0,2.1579,0.3543,0.3748,0.3748,0.3748,0.0,0.6378,0.4873,0.3248,0.6344,2.0843,0.4517,6.544,0.3495,0,0,0,0,0,0,0,0,0,0,0,0,0,0,0,0,0,0,0,0,0,6248,532,183,149,114,261,169,0,17,69,86,0,17,218,188,55,58,19.4,6.2,2.1,1.6,3.7,2.4,0.0,0.5,1.0,1.2,0.0,0.5,3.1,2.7,0.8,0.8
39,Ohio,OH,39151,Stark County,39151713202,Census Tract 7132.02; Stark County; Ohio,5.331692556652,1876,258,942,118,822,124,216,91,31,22,53,26,110,55,87,49,384,76,292,104,325,80,6,15,0,48,69,363,68,49,20,24,0,16,70,77,7,6,11.5,4.6,2.9,2.1,6.4,3.0,7.8,3.9,4.6,2.6,20.5,4.4,15.6,4.1,17.3,4.3,0.7,1.8,0.0,2.6,3.7,19.3,7.2,5.1,2.1,2.5,0.0,1.9,8.5,8.5,0.4,0.3,0.2561,0.327,0.0102,0.5003,0.3996,1.4932,0.2254,0.6909,0.1481,0.6776,0.0546,0.0,1.5712,0.107,0.0932,0.0932,0.0932,0.6241,0.7019,0.0,0.6679,0.5374,2.5313,0.6476,5.6889,0.2146,0,0,0,0,0,0,0,0,0,0,0,0,0,0,0,0,0,0,0,0,0,2157,55,30,42,34,14,22,0,12,0,12,0,12,13,21,0,12,6.7,3.8,2.2,1.8,0.7,1.2,0.0,1.8,0.0,1.8,0.0,1.8,0.7,1.1,0.0,1.8
39,Ohio,OH,39151,Stark County,39151713300,Census Tract 7133; Stark County; Ohio,5.680910232592,4883,622,2219,247,2056,241,1047,481,74,79,541,226,217,96,193,134,926,154,1040,311,915,267,225,186,0,48,256,892,31,38,68,64,0,16,102,69,5,6,21.6,9.5,2.8,3.1,26.3,10.6,6.3,2.8,4.0,2.8,19.0,3.8,21.3,4.2,18.7,4.3,11.0,9.0,0.0,1.0,5.2,18.3,1.4,1.7,3.1,2.9,0.0,0.8,5.0,3.4,0.1,0.1,0.5452,0.3133,0.6283,0.4042,0.3377,2.2287,0.434,0.6018,0.4743,0.7477,0.8086,0.0,2.6324,0.6422,0.1585,0.1585,0.1585,0.3663,0.7371,0.0,0.4702,0.3694,1.943,0.3952,6.9626,0.4181,0,0,0,0,0,0,0,0,0,0,0,0,0,0,0,0,0,0,0,0,0,6733,181,81,72,54,121,101,17,28,0,12,0,12,46,37,0,12,8.8,4.0,1.5,1.2,2.5,2.1,0.3,0.6,0.0,0.7,0.0,0.7,0.9,0.8,0.0,0.7
39,Ohio,OH,39151,Stark County,39151713401,Census Tract 7134.01; Stark County; Ohio,1.845927020962,4378,410,2158,163,1923,174,789,327,64,52,505,175,135,78,332,171,739,125,822,210,463,172,132,90,0,48,299,576,0,16,30,34,0,16,74,62,5,10,18.0,7.3,2.5,2.1,26.3,8.8,4.0,2.3,7.6,3.7,16.9,2.7,18.8,4.1,10.6,3.9,6.9,4.6,0.0,1.2,6.8,13.1,0.0,0.7,1.4,1.6,0.0,0.8,3.8,3.2,0.1,0.2,0.4545,0.2657,0.6283,0.2283,0.6855,2.2623,0.4435,0.4575,0.3015,0.2542,0.613,0.0,1.6262,0.119,0.2264,0.2264,0.2264,0.0,0.6597,0.0,0.38,0.3694,1.4091,0.2035,5.524,0.1921,0,0,0,0,0,0,0,0,0,0,0,0,0,0,0,0,0,0,0,0,0,4743,263,117,114,97,73,97,111,118,0,12,0,12,1,3,0,12,13.7,5.9,2.6,2.2,1.7,2.2,2.5,2.7,0.0,0.8,0.0,0.8,0.0,0.1,0.0,0.8
39,Ohio,OH,39151,Stark County,39151713402,Census Tract 7134.02; Stark County; Ohio,2.07443338152,4515,604,2000,214,1905,211,607,243,65,62,393,166,249,124,184,116,789,157,887,181,617,264,198,92,14,50,440,800,81,72,21,23,0,16,128,64,8,3,13.5,5.1,2.5,2.5,20.6,8.4,7.4,3.2,4.1,2.4,17.5,3.4,19.6,2.8,13.7,5.6,10.4,4.7,0.3,1.2,9.7,17.7,4.1,3.6,1.1,1.2,0.0,0.8,6.7,3.4,0.2,0.1,0.3193,0.2657,0.4213,0.4775,0.3478,1.8316,0.3159,0.4959,0.3602,0.4589,0.7914,0.4968,2.6032,0.6216,0.3478,0.3478,0.3478,0.5219,0.6378,0.0,0.5816,0.4356,2.1769,0.4921,6.9595,0.4171,0,0,0,0,0,0,0,0,0,0,0,0,0,0,0,0,0,0,0,0,0,6198,185,96,85,100,110,107,54,52,0,12,0,12,83,61,108,122,9.7,5.0,1.9,2.1,2.4,2.4,1.2,1.1,0.0,0.8,0.0,0.8,1.8,1.4,2.4,2.5
39,Ohio,OH,39151,Stark County,39151713501,Census Tract 7135.01; Stark County; Ohio,2.095953934796,5876,594,2649,240,2516,257,780,263,69,55,553,237,422,237,360,169,1725,450,979,193,839,239,78,73,0,68,719,871,144,92,0,17,19,34,52,48,142,3,13.6,4.4,2.5,2.0,22.0,9.1,9.9,5.0,6.3,2.9,29.4,6.8,16.7,3.0,14.6,4.4,3.1,2.9,0.0,1.2,12.2,14.8,5.4,3.4,0.0,1.3,0.8,1.3,2.1,1.9,2.4,0.2,0.3224,0.2657,0.4743,0.6319,0.5763,2.2706,0.4473,0.9528,0.1925,0.5236,0.2733,0.0,1.9422,0.2425,0.4226,0.4226,0.4226,0.5686,0.0,0.5117,0.2248,0.7885,2.0936,0.4559,6.729,0.3832,0,0,0,0,0,0,1,0,0,0,0,1,0,0,0,0,0,0,0,0,1,2495,271,179,326,208,0,17,186,176,5,11,17,26,185,137,0,17,10.8,6.6,5.5,3.6,0.0,0.6,3.2,3.0,0.1,0.2,0.3,0.4,3.1,2.3,0.0,0.6
39,Ohio,OH,39151,Stark County,39151713502,Census Tract 7135.02; Stark County; Ohio,2.154393947414,5837,607,2284,161,2096,205,1839,662,90,93,410,175,325,174,256,198,1154,250,1266,296,849,232,81,79,74,94,408,879,24,45,39,36,0,24,65,72,205,4,32.6,11.2,3.3,3.3,19.6,8.1,8.1,4.2,4.5,3.6,19.8,4.6,21.7,3.9,15.0,4.0,3.9,3.7,1.3,1.7,7.0,15.0,1.1,2.0,1.7,1.6,0.0,1.1,3.1,3.4,3.5,0.4,0.7493,0.386,0.3781,0.5206,0.3875,2.4215,0.4854,0.6512,0.4965,0.5462,0.3638,0.7565,2.8142,0.7384,0.234,0.234,0.234,0.3378,0.6816,0.0,0.3143,0.8516,2.1853,0.4952,7.655,0.5254,0,0,0,0,0,0,0,0,0,0,0,0,0,0,0,0,0,0,0,0,0,4059,276,130,190,193,176,121,0,17,0,17,0,17,28,33,14,25,13.2,6.0,3.3,3.3,3.0,2.2,0.0,0.6,0.0,0.6,0.0,0.6,0.5,0.6,0.2,0.4
39,Ohio,OH,39151,Stark County,39151713600,Census Tract 7136; Stark County; Ohio,0.586000905072,2847,387,1278,158,1198,153,395,174,26,27,267,120,82,49,99,58,457,136,453,131,352,131,47,42,14,50,233,572,21,35,0,12,29,38,135,115,23,5,13.9,5.8,1.7,1.8,22.3,9.6,3.8,2.2,3.5,2.0,16.1,4.8,15.9,4.1,12.4,4.8,3.9,3.5,0.5,1.9,8.2,20.1,1.6,2.7,0.0,2.7,2.4,3.2,11.3,9.0,0.8,0.1,0.3304,0.1492,0.4813,0.2102,0.2856,1.4567,0.2127,0.4071,0.1588,0.3802,0.3638,0.5796,1.8895,0.2171,0.2892,0.2892,0.2892,0.3787,0.0,0.7787,0.7622,0.6344,2.554,0.659,6.1894,0.2889,0,0,0,0,0,0,0,0,0,0,0,0,0,0,0,0,0,0,0,0,0,1610,110,72,48,38,158,127,0,12,0,12,0,12,27,38,0,12,9.2,5.9,1.7,1.3,5.5,4.6,0.0,1.2,0.0,1.2,0.0,1.2,0.9,1.3,0.0,1.2
39,Ohio,OH,39151,Stark County,39151713700,Census Tract 7137; Stark County; Ohio,0.474076112904,2561,293,1226,149,1113,159,472,175,20,25,118,67,122,65,145,87,373,92,479,123,207,87,83,46,0,48,479,422,9,15,0,12,36,39,60,42,5,1,18.4,6.5,1.2,1.5,10.6,5.8,7.0,3.6,5.7,3.3,14.6,3.5,18.7,4.5,8.1,3.3,7.4,4.0,0.0,2.1,18.7,16.3,0.7,1.2,0.0,2.8,3.2,3.5,5.4,3.8,0.2,0.0,0.4656,0.0898,0.06,0.4486,0.5176,1.5816,0.2467,0.3212,0.2964,0.1162,0.647,0.0,1.3808,0.0629,0.571,0.571,0.571,0.2994,0.0,0.8571,0.4994,0.4356,2.0915,0.4549,5.6249,0.2032,0,0,0,0,0,0,0,0,0,0,0,0,0,0,0,0,0,0,0,0,0,1268,60,43,257,197,40,70,22,34,8,11,0,12,152,91,0,12,5.4,3.9,10.0,7.4,1.6,2.7,0.9,1.3,0.3,0.4,0.0,1.4,5.9,3.6,0.0,1.4
39,Ohio,OH,39151,Stark County,39151713900,Census Tract 7139; Stark County; Ohio,1.128281550174,1985,331,948,154,909,153,408,127,41,29,173,64,205,74,174,69,478,236,327,78,503,257,68,54,0,48,219,480,68,41,53,40,0,16,64,38,0,12,20.6,5.4,4.1,2.9,19.0,6.3,13.3,4.2,8.8,3.8,24.1,9.2,16.5,4.6,25.3,10.2,7.5,5.8,0.0,2.5,11.0,24.1,7.1,4.2,5.6,4.2,0.0,1.8,7.0,4.3,0.0,0.6,0.5198,0.4867,0.354,0.7689,0.7623,2.8917,0.6283,0.8367,0.1823,0.9359,0.6546,0.0,2.6095,0.6273,0.3893,0.3893,0.3893,0.6213,0.7962,0.0,0.5994,0.0,2.0169,0.4241,7.9074,0.5692,0,0,0,0,0,0,0,0,1,0,0,1,0,0,0,0,0,0,0,0,1,1315,124,43,69,71,8,12,0,12,59,39,0,12,83,78,0,12,13.6,5.1,3.5,3.6,0.4,0.6,0.0,1.7,3.0,2.0,0.0,1.7,4.2,4.1,0.0,1.7
39,Ohio,OH,39151,Stark County,39151714000,Census Tract 7140; Stark County; Ohio,1.618727229572,3782,388,1881,200,1811,193,546,197,49,58,288,107,274,138,135,106,816,141,482,193,506,128,53,46,0,48,351,539,49,57,167,65,17,27,41,32,6,2,14.5,5.0,2.1,2.5,15.9,5.7,9.0,4.4,3.6,2.8,21.6,3.6,12.7,4.6,13.4,3.4,2.9,2.5,0.0,1.3,9.3,14.2,2.6,3.0,8.9,3.5,0.9,1.5,2.3,1.7,0.2,0.0,0.3466,0.2086,0.2254,0.5755,0.2945,1.6506,0.267,0.7384,0.0742,0.4418,0.2473,0.0,1.5017,0.0914,0.331,0.331,0.331,0.446,0.859,0.5384,0.2429,0.4356,2.5219,0.6438,6.0052,0.2613,0,0,0,0,0,0,0,0,0,0,0,0,0,0,0,0,0,0,0,0,0,2069,203,81,37,52,103,129,0,12,0,12,0,12,211,184,0,12,11.2,4.5,1.0,1.4,2.7,3.5,0.0,0.9,0.0,0.9,0.0,0.9,5.6,4.8,0.0,0.9
39,Ohio,OH,39151,Stark County,39151714100,Census Tract 7141; Stark County; Ohio,0.869081238922,3151,405,1563,205,1357,205,985,416,95,62,300,175,228,105,176,94,485,117,571,70,601,204,66,47,14,51,398,569,0,16,58,63,21,28,104,97,44,5,31.6,12.7,5.3,3.7,22.1,12.5,9.7,4.3,5.6,3.2,15.4,3.6,18.1,2.8,19.1,5.3,4.9,3.4,0.5,1.6,12.6,18.0,0.0,1.0,3.7,3.9,1.5,2.1,7.7,7.0,1.4,0.2,0.7356,0.6057,0.4768,0.6192,0.5075,2.9448,0.6413,0.3643,0.2613,0.768,0.4644,0.5796,2.4376,0.5184,0.4337,0.4337,0.4337,0.0,0.7533,0.6606,0.634,0.7029,2.7508,0.7394,8.5669,0.6714,0,0,0,0,0,0,0,0,0,0,0,0,0,0,0,0,0,0,0,0,0,1267,216,118,167,121,53,51,0,12,0,12,0,12,135,82,43,69,15.9,8.4,5.3,4.0,1.7,1.6,0.0,1.1,0.0,1.1,0.0,1.1,4.3,2.6,1.4,2.1
39,Ohio,OH,39151,Stark County,39151714200,Census Tract 7142; Stark County; Ohio,0.919143224242,2233,344,1186,130,969,122,1117,268,89,65,401,139,204,136,148,121,272,109,705,156,404,126,201,85,11,49,1103,473,141,100,47,61,24,37,80,43,0,12,50.0,9.2,9.4,6.3,41.4,13.4,14.7,8.6,6.6,5.3,12.2,4.3,31.6,5.6,18.1,6.1,20.7,8.4,0.6,2.5,49.4,19.8,11.9,8.3,4.0,5.1,2.5,3.8,8.3,4.6,0.0,0.5,0.9073,0.8286,0.9111,0.8107,0.6001,4.0578,0.8997,0.2032,0.9448,0.7166,0.96,0.6088,3.4334,0.9368,0.8231,0.8231,0.8231,0.7289,0.7619,0.7902,0.6606,0.0,2.9416,0.8095,11.2559,0.9467,1,0,1,0,0,2,0,1,0,1,0,2,0,0,0,0,0,0,0,0,4,1764,131,75,849,395,35,45,5,9,0,12,0,12,214,195,0,12,13.5,7.6,38.0,17.1,1.6,1.9,0.2,0.4,0.0,1.6,0.0,1.6,9.6,8.5,0.0,1.6
39,Ohio,OH,39151,Stark County,39151714302,Census Tract 7143.02; Stark County; Ohio,1.395383052754,4216,555,1904,244,1783,234,1023,364,107,66,490,171,285,115,86,61,1055,230,853,191,596,162,183,112,0,48,570,795,0,16,0,12,64,81,90,77,102,6,24.7,8.1,5.4,3.3,27.5,8.9,9.0,3.8,2.1,1.5,25.0,5.6,20.2,3.3,14.4,3.9,10.2,6.1,0.0,1.2,13.5,18.8,0.0,0.8,0.0,1.8,3.6,4.5,5.0,4.2,2.4,0.3,0.6169,0.6143,0.6663,0.5755,0.1301,2.6031,0.5384,0.8678,0.397,0.5119,0.7835,0.0,2.5602,0.5959,0.4591,0.4591,0.4591,0.0,0.0,0.8822,0.4702,0.7885,2.1409,0.4778,7.7633,0.5435,0,0,0,0,0,0,0,0,0,0,0,0,0,0,0,0,0,0,0,0,0,3770,149,62,179,140,65,92,15,24,0,12,0,12,311,174,0,12,8.4,3.7,4.2,3.3,1.5,2.2,0.4,0.6,0.0,0.8,0.0,0.8,7.4,4.2,0.0,0.8
39,Ohio,OH,39151,Stark County,39151714400,Census Tract 7144; Stark County; Ohio,6.274197654608,4074,502,1657,158,1496,146,826,288,32,29,239,90,242,125,101,66,954,180,1051,280,655,209,100,68,0,48,630,698,140,66,0,12,14,24,176,106,302,30,21.6,7.0,1.9,1.7,16.0,5.8,8.7,4.6,2.6,1.8,23.4,4.7,25.8,4.6,17.1,4.5,6.7,4.5,0.0,1.2,15.5,17.0,8.5,3.9,0.0,2.1,0.9,1.6,11.8,6.9,7.4,1.2,0.5452,0.1787,0.2279,0.5574,0.1812,1.6904,0.2771,0.8107,0.7562,0.6674,0.5975,0.0,2.8318,0.746,0.5054,0.5054,0.5054,0.661,0.0,0.5384,0.774,0.9398,2.9132,0.7994,7.9408,0.5759,0,0,0,0,0,0,0,0,0,0,0,0,0,0,0,0,0,0,1,1,1,8062,294,125,407,226,102,57,0,12,0,12,0,12,105,86,16,30,19.7,8.1,10.0,5.3,2.5,1.3,0.0,0.9,0.0,0.9,0.0,0.9,2.6,2.2,0.4,0.7
39,Ohio,OH,39151,Stark County,39151714600,Census Tract 7146; Stark County; Ohio,11.472393900352,4371,400,1970,187,1814,176,821,252,131,70,400,100,327,131,186,81,1200,167,786,160,744,184,40,30,0,48,268,566,73,44,241,79,4,15,70,37,132,3,19.4,5.7,6.2,3.3,22.1,5.1,10.1,3.9,4.4,1.9,27.5,3.6,18.0,3.3,17.5,3.7,2.3,1.6,0.0,1.1,6.1,12.9,3.7,2.2,12.2,3.7,0.2,0.8,3.9,1.9,3.0,0.3,0.4922,0.6698,0.4768,0.6443,0.3758,2.6589,0.5584,0.9271,0.2565,0.6903,0.1902,0.0,2.0641,0.3032,0.1972,0.1972,0.1972,0.5048,0.9006,0.3905,0.3892,0.8291,3.0142,0.8349,7.9344,0.5743,0,0,0,0,0,0,1,0,0,0,0,1,0,0,0,1,0,0,0,1,2,5320,295,92,112,115,3,7,64,65,0,12,0,12,85,68,4,7,16.3,4.8,2.6,2.6,0.1,0.2,1.5,1.5,0.0,0.8,0.0,0.8,1.9,1.5,0.1,0.2
39,Ohio,OH,39151,Stark County,39151714701,Census Tract 7147.01; Stark County; Ohio,10.283457656488,5866,510,2668,194,2487,201,726,292,38,38,331,133,221,132,248,172,1323,182,1307,247,878,221,190,137,0,68,385,753,15,30,105,82,19,33,34,33,0,17,12.5,4.9,1.2,1.2,13.3,5.2,5.3,3.3,4.2,2.9,22.6,3.3,22.3,3.3,15.0,3.8,7.6,5.5,0.0,1.2,6.6,12.8,0.6,1.1,3.9,3.1,0.8,1.3,1.4,1.3,0.0,0.3,0.2847,0.0898,0.1337,0.3253,0.3561,1.1896,0.1454,0.7771,0.539,0.5462,0.661,0.0,2.5233,0.5717,0.22,0.22,0.22,0.2886,0.7594,0.5117,0.1476,0.0,1.7073,0.2984,5.6402,0.2051,0,0,0,0,0,0,0,0,0,0,0,0,0,0,0,0,0,0,0,0,0,4453,340,125,60,105,82,115,20,36,0,17,0,17,156,119,67,111,13.7,4.9,1.0,1.8,1.4,2.0,0.3,0.6,0.0,0.6,0.0,0.6,2.7,2.1,1.1,1.9
39,Ohio,OH,39151,Stark County,39151714702,Census Tract 7147.02; Stark County; Ohio,21.187576594588,2743,310,1086,136,1078,135,588,290,53,51,194,83,118,68,114,74,467,68,700,178,265,106,8,16,10,48,84,439,0,16,0,12,10,18,6,9,0,12,21.6,10.4,3.6,3.5,18.0,7.4,6.2,3.6,4.2,2.7,17.0,2.6,25.5,5.0,9.7,3.7,0.7,1.5,0.4,1.9,3.1,16.0,0.0,1.5,0.0,3.2,0.9,1.7,0.6,0.8,0.0,0.4,0.5452,0.4308,0.3114,0.3966,0.3561,2.0401,0.379,0.4632,0.7378,0.2003,0.0546,0.5412,1.9971,0.2702,0.0685,0.0685,0.0685,0.0,0.0,0.5384,0.0616,0.0,0.6,0.0483,4.7057,0.114,0,0,0,0,0,0,0,0,0,0,0,0,0,0,0,0,0,0,0,0,0,2131,87,47,0,12,25,31,0,12,0,12,0,12,46,49,13,19,8.1,4.3,0.0,1.3,0.9,1.1,0.0,1.3,0.0,1.3,0.0,1.3,1.7,1.8,0.5,0.7
39,Ohio,OH,39151,Stark County,39151714801,Census Tract 7148.01; Stark County; Ohio,33.945257334598,6533,21,2487,169,2345,163,936,319,40,28,579,143,471,147,580,251,1141,127,1694,232,775,230,163,102,0,68,136,68,29,35,153,56,27,32,103,48,194,3,14.8,5.0,1.4,1.0,24.7,5.9,11.0,3.3,9.1,4.0,17.5,1.9,25.9,3.5,12.2,3.6,7.0,4.3,0.0,1.1,2.1,1.0,1.2,1.4,6.2,2.2,1.1,1.4,4.4,2.1,3.0,0.0,0.358,0.1117,0.567,0.6855,0.7782,2.5004,0.5102,0.4959,0.7625,0.3659,0.62,0.0,2.2443,0.4003,0.0374,0.0374,0.0374,0.3483,0.8111,0.587,0.4289,0.8291,3.0044,0.8314,7.7865,0.5476,0,0,0,0,0,0,0,0,0,0,0,0,0,0,0,0,0,0,0,0,0,5259,403,106,45,34,20,35,13,20,0,17,0,17,58,34,0,17,17.2,4.4,0.7,0.5,0.3,0.5,0.2,0.3,0.0,0.5,0.0,0.5,0.9,0.5,0.0,0.5
39,Ohio,OH,39151,Stark County,39151714802,Census Tract 7148.02; Stark County; Ohio,30.280452440488,3077,335,1346,187,1223,193,546,314,10,14,214,80,205,92,395,297,733,222,547,189,448,137,32,32,0,48,47,479,0,16,339,80,30,36,85,51,0,12,17.7,10.0,0.7,0.9,17.5,5.9,8.8,4.0,12.8,9.2,23.8,7.1,17.8,5.5,14.6,4.6,2.6,2.6,0.0,1.7,1.5,15.6,0.0,1.2,25.2,6.6,2.5,2.9,7.0,4.3,0.0,0.4,0.4443,0.0502,0.2905,0.5647,0.9073,2.257,0.4419,0.8269,0.247,0.5236,0.2187,0.0,1.8162,0.1879,0.02,0.02,0.02,0.0,0.9762,0.7902,0.5994,0.0,2.3658,0.5765,6.459,0.3359,0,0,0,0,1,1,0,0,0,0,0,0,0,0,0,1,0,0,0,1,2,1145,129,59,8,13,11,18,0,12,0,12,0,12,28,39,0,12,10.5,4.9,0.3,0.4,0.4,0.6,0.0,1.1,0.0,1.1,0.0,1.1,0.9,1.3,0.0,1.1
39,Ohio,OH,39151,Stark County,39151714901,Census Tract 7149.01; Stark County; Ohio,31.668714227954,3825,20,1784,150,1668,146,453,208,153,106,336,163,284,89,186,97,794,171,625,167,541,127,10,8,0,48,174,90,0,16,311,99,0,16,161,143,4,3,11.9,5.5,7.5,4.7,20.1,9.6,9.5,3.0,4.9,2.5,20.8,4.5,16.3,4.3,14.2,3.3,0.6,0.5,0.0,1.3,4.5,2.4,0.0,0.9,17.4,5.3,0.0,1.0,9.7,8.0,0.1,0.1,0.2682,0.7479,0.3971,0.6068,0.4376,2.4576,0.4949,0.7051,0.1734,0.4919,0.0521,0.0,1.4225,0.0724,0.1297,0.1297,0.1297,0.0,0.9435,0.0,0.7102,0.3694,2.0231,0.4267,6.0329,0.2638,0,0,0,0,0,0,0,0,0,0,0,0,0,0,0,1,0,0,0,1,1,1538,384,154,5,8,28,32,9,15,0,12,0,12,132,87,0,12,23.0,8.1,0.1,0.2,0.7,0.8,0.2,0.4,0.0,0.9,0.0,0.9,3.5,2.3,0.0,0.9
39,Ohio,OH,39151,Stark County,39151714902,Census Tract 7149.02; Stark County; Ohio,20.51882901159,3568,20,1622,115,1524,102,767,175,67,31,345,104,279,96,312,125,693,88,707,107,596,160,117,85,24,49,287,92,0,16,118,57,33,38,78,44,0,12,21.7,4.9,3.9,1.8,22.6,6.7,10.9,3.8,8.7,3.5,19.4,2.5,19.8,3.0,16.7,4.5,7.7,5.6,0.7,1.4,8.0,2.6,0.0,1.0,7.3,3.6,2.2,2.5,5.1,2.8,0.0,0.3,0.5497,0.4644,0.494,0.6823,0.7566,2.947,0.6425,0.6287,0.3713,0.6493,0.667,0.6367,2.953,0.8022,0.2825,0.2825,0.2825,0.0,0.834,0.7575,0.4787,0.0,2.0702,0.4441,8.2527,0.6248,0,0,0,0,0,0,0,0,0,0,0,0,0,0,0,0,0,0,0,0,0,1894,348,124,40,33,42,35,9,15,0,12,0,12,196,80,0,12,22.8,7.4,1.1,0.9,1.2,1.0,0.3,0.4,0.0,1.0,0.0,1.0,5.5,2.2,0.0,1.0
39,Ohio,OH,39151,Stark County,39151715000,Census Tract 7150; Stark County; Ohio,0.854232914308,3062,450,1507,141,1398,154,1476,459,108,90,493,145,154,88,495,220,336,63,659,254,565,160,65,60,49,81,334,662,230,94,0,12,12,24,211,78,5,10,48.4,13.2,6.2,4.8,35.3,9.6,7.2,4.1,16.2,6.6,11.0,2.5,21.5,6.3,18.5,4.5,4.6,4.3,1.7,2.9,10.9,21.6,15.2,6.1,0.0,2.3,0.9,1.7,15.1,5.4,0.2,0.3,0.8997,0.6698,0.8273,0.4629,0.953,3.8127,0.8473,0.1588,0.4848,0.7369,0.4381,0.8094,2.628,0.6394,0.3855,0.3855,0.3855,0.7816,0.0,0.5384,0.8387,0.4356,2.5943,0.6737,9.4205,0.786,0,0,0,0,1,1,0,0,0,0,0,0,0,0,0,0,0,0,0,0,1,5486,281,98,47,36,7,14,113,152,0,12,0,12,167,102,0,12,20.1,6.8,1.5,1.2,0.2,0.5,3.7,5.0,0.0,1.1,0.0,1.1,5.5,3.3,0.0,1.1
39,Ohio,OH,39153,Summit County,39153501100,Census Tract 5011; Summit County; Ohio,0.8272428401,1521,305,560,89,523,88,623,268,111,61,194,90,143,76,106,54,122,33,407,159,164,75,148,83,125,103,1155,328,60,30,0,12,26,26,95,68,195,22,49.1,18.5,18.2,9.5,37.1,16.0,15.2,7.1,7.9,4.0,8.0,2.9,26.8,6.7,12.2,6.4,28.3,15.1,8.5,6.8,75.9,15.3,10.7,5.1,0.0,6.1,5.0,4.9,18.2,11.0,12.8,2.9,0.9038,0.9641,0.8543,0.8228,0.709,4.254,0.9352,0.0682,0.805,0.3659,0.9876,0.9832,3.2099,0.8889,0.922,0.922,0.922,0.7038,0.0,0.9381,0.8816,0.9642,3.4877,0.9368,11.8736,0.9775,1,1,0,0,0,2,0,0,0,1,1,2,1,1,0,0,1,0,1,2,7,2727,44,41,674,247,21,18,284,211,0,12,0,12,176,103,0,12,8.4,8.0,44.3,13.5,1.4,1.2,18.7,12.1,0.0,2.3,0.0,2.3,11.6,6.6,0.0,2.3
39,Ohio,OH,39153,Summit County,39153501700,Census Tract 5017; Summit County; Ohio,0.143870099444,1351,255,624,77,469,82,801,165,48,41,207,61,27,17,210,116,20,18,130,91,131,79,44,39,33,59,376,347,190,82,0,12,0,16,67,69,55,8,61.8,3.8,6.3,5.3,44.1,10.5,9.4,7.4,16.2,8.7,1.5,1.3,9.6,6.0,10.1,5.4,9.4,8.2,2.5,4.4,27.8,25.1,30.4,12.6,0.0,5.5,0.0,3.4,14.3,12.9,4.1,1.0,0.9654,0.6781,0.9356,0.5999,0.953,4.132,0.9175,0.007,0.0412,0.2222,0.754,0.8703,1.8947,0.2187,0.6848,0.6848,0.6848,0.9216,0.0,0.0,0.8241,0.877,2.6227,0.6873,9.3342,0.7724,1,0,1,0,1,3,0,0,0,0,0,0,0,0,1,0,0,0,0,1,4,941,88,71,228,113,86,94,0,12,0,12,0,12,38,53,24,25,18.8,12.8,16.9,8.6,6.4,6.8,0.0,2.6,0.0,2.6,0.0,2.6,2.8,3.7,1.8,1.8
39,Ohio,OH,39153,Summit County,39153501800,Census Tract 5018; Summit County; Ohio,0.276062543898,630,258,324,77,274,68,171,112,16,28,81,51,31,22,6,16,75,26,200,121,99,62,70,54,0,48,627,258,16,30,0,12,3,13,58,41,3,10,27.1,13.9,5.6,10.3,29.6,17.1,7.4,5.3,1.0,2.7,11.9,5.4,31.7,9.7,15.7,10.4,25.5,18.7,0.0,8.1,99.5,4.1,4.9,9.2,0.0,10.2,1.1,4.7,21.2,16.0,0.5,1.6,0.663,0.6276,0.7146,0.4775,0.0394,2.5221,0.5159,0.1925,0.9461,0.5874,0.9781,0.0,2.7041,0.6838,0.9965,0.9965,0.9965,0.5546,0.0,0.587,0.9121,0.5742,2.6279,0.6908,8.8506,0.7073,0,0,0,0,0,0,0,1,0,1,0,2,1,1,0,0,0,1,0,1,4,1037,45,33,594,252,16,29,17,26,0,12,0,12,0,12,0,12,16.4,14.0,94.3,6.5,2.5,4.5,2.7,4.3,0.0,5.4,0.0,5.4,0.0,5.4,0.0,5.4
39,Ohio,OH,39153,Summit County,39153501900,Census Tract 5019; Summit County; Ohio,0.371989585798,2382,334,1381,193,1297,199,1495,356,122,92,589,187,237,109,250,165,511,206,661,156,604,222,346,192,15,45,1899,387,663,217,0,12,0,16,307,95,18,3,62.9,12.1,12.9,8.5,45.4,12.6,15.1,6.5,10.5,6.6,21.5,8.7,27.7,4.7,25.4,8.5,26.7,14.2,0.7,2.0,79.7,11.8,48.0,14.2,0.0,2.5,0.0,1.2,23.7,7.8,0.8,0.1,0.9699,0.9051,0.9457,0.8196,0.8385,4.4788,0.9702,0.7343,0.844,0.9391,0.9848,0.6367,4.1389,0.9984,0.9347,0.9347,0.9347,0.9683,0.0,0.0,0.9295,0.6344,2.5322,0.6479,12.0846,0.9857,1,1,1,0,0,3,0,0,1,1,0,2,1,1,1,0,0,1,0,2,8,1287,163,62,1727,284,39,43,90,109,0,12,0,12,43,50,0,12,12.6,5.3,72.5,8.7,1.6,1.8,3.8,4.6,0.0,1.5,0.0,1.5,1.8,2.0,0.0,1.5
39,Ohio,OH,39153,Summit County,39153502101,Census Tract 5021.01; Summit County; Ohio,0.812587566486,3240,708,1338,227,1097,231,1246,359,94,63,270,107,625,354,480,342,401,200,860,199,852,535,128,49,358,218,1433,917,134,97,0,12,31,25,246,101,0,12,38.8,7.2,5.9,4.3,24.6,8.3,30.9,10.6,14.8,8.2,12.4,4.6,26.5,5.6,26.3,13.0,11.7,3.7,12.0,6.8,44.2,26.6,10.0,7.0,0.0,2.6,2.9,2.2,22.4,9.7,0.0,0.4,0.8248,0.6492,0.5635,0.9838,0.9375,3.9588,0.8803,0.2118,0.7945,0.9514,0.8311,0.9933,3.7821,0.9851,0.8022,0.8022,0.8022,0.6905,0.0,0.8349,0.9216,0.0,2.447,0.613,10.9901,0.9305,0,0,0,1,1,2,0,0,1,0,1,2,0,0,0,0,0,1,0,1,5,4797,86,64,319,179,202,222,718,490,17,20,0,12,177,123,0,12,7.8,6.1,9.8,5.7,6.2,6.8,22.2,13.9,0.5,0.6,0.0,1.1,5.5,4.3,0.0,1.1
39,Ohio,OH,39153,Summit County,39153502102,Census Tract 5021.02; Summit County; Ohio,1.41529742171,4198,570,2274,332,2113,351,1660,465,143,99,875,326,481,277,374,172,555,153,595,177,938,260,49,41,200,166,1905,767,956,330,23,45,9,37,342,185,3,1,39.5,9.7,6.5,4.8,41.4,13.8,16.2,9.3,8.9,4.3,13.2,3.9,14.2,3.8,22.4,6.1,2.3,1.9,5.0,4.1,45.4,17.2,42.0,13.2,1.0,2.0,0.4,1.7,16.2,8.5,0.1,0.0,0.8312,0.6917,0.9111,0.8437,0.7661,4.0438,0.8975,0.2457,0.1091,0.8804,0.1902,0.9521,2.3775,0.4841,0.8072,0.8072,0.8072,0.9549,0.6295,0.4206,0.8565,0.3694,3.2309,0.8854,10.4594,0.8902,0,0,1,0,0,1,0,0,0,0,1,1,0,0,1,0,0,0,0,1,3,6824,332,131,898,447,328,273,399,359,26,35,0,12,254,247,0,12,15.7,6.6,21.4,10.0,7.8,6.5,9.5,8.2,0.6,0.8,0.0,0.8,6.1,5.6,0.0,0.8
39,Ohio,OH,39153,Summit County,39153502200,Census Tract 5022; Summit County; Ohio,1.5455137961279999,6951,914,2989,348,2732,381,3559,835,478,263,1131,425,1062,327,1063,539,837,264,1617,284,1235,365,213,156,969,443,4810,1025,325,225,0,17,188,147,436,244,126,3,52.1,10.0,15.0,7.2,41.4,14.4,23.0,6.5,15.6,6.7,12.0,4.2,23.3,3.6,18.1,5.6,7.8,5.6,15.4,6.7,69.2,11.6,10.9,7.4,0.0,1.2,6.9,5.3,16.0,8.3,1.8,0.2,0.92,0.9327,0.9111,0.9401,0.947,4.6509,0.9914,0.1963,0.6068,0.7166,0.6749,0.9987,3.1933,0.8841,0.9008,0.9008,0.9008,0.7073,0.0,0.9695,0.8533,0.7445,3.2746,0.8921,12.0196,0.9822,1,1,1,1,1,5,0,0,0,0,1,1,1,1,0,0,1,0,0,1,8,5178,645,327,2073,836,327,225,2205,897,0,17,0,17,205,156,0,17,23.6,10.0,29.8,11.0,4.7,3.2,31.7,11.7,0.0,0.5,0.0,0.5,2.9,2.1,0.0,0.5
39,Ohio,OH,39153,Summit County,39153502300,Census Tract 5023; Summit County; Ohio,1.364192188786,5108,867,2508,380,2419,376,1601,555,99,127,621,244,318,169,459,252,1059,431,1147,480,739,265,318,193,18,71,2200,1163,22,39,0,17,103,126,404,205,5,1,31.3,9.5,3.8,4.9,25.7,9.3,8.6,4.5,9.0,5.1,20.7,8.4,22.5,7.9,14.5,5.6,13.1,7.7,0.4,1.5,43.1,21.6,0.9,1.5,0.0,1.4,4.3,5.2,16.7,8.0,0.1,0.0,0.7306,0.4524,0.6067,0.552,0.7721,3.1138,0.6914,0.7013,0.5526,0.5198,0.8638,0.5412,3.1787,0.8787,0.7971,0.7971,0.7971,0.3181,0.0,0.9111,0.8635,0.3694,2.4621,0.6206,9.5517,0.8,0,0,0,0,0,0,0,0,0,0,0,0,0,0,0,0,1,0,0,1,1,2862,317,174,1709,709,56,92,133,158,0,17,0,17,302,227,0,17,13.1,7.0,33.5,12.1,1.1,1.8,2.6,3.2,0.0,0.7,0.0,0.7,5.9,4.5,0.0,0.7
39,Ohio,OH,39153,Summit County,39153502500,Census Tract 5025; Summit County; Ohio,0.657874564576,835,175,581,84,436,92,263,135,60,54,101,58,63,38,110,67,93,38,75,46,223,86,16,23,0,48,216,241,112,52,0,12,4,13,67,40,5,10,31.5,14.8,11.0,9.8,23.2,12.4,9.1,5.6,13.2,7.1,11.1,4.8,9.0,4.7,26.7,7.8,3.7,5.2,0.0,5.9,25.9,28.3,19.3,8.5,0.0,5.8,0.9,3.0,15.4,9.3,0.6,1.2,0.7344,0.8641,0.5143,0.5821,0.9143,3.6092,0.8044,0.1617,0.0371,0.9556,0.34,0.0,1.4944,0.0895,0.6665,0.6665,0.6665,0.8362,0.0,0.5384,0.8438,0.6059,2.8243,0.7686,8.5944,0.6749,0,0,0,0,1,1,0,0,1,0,0,1,0,0,0,0,0,0,0,0,2,1533,128,54,47,30,47,50,0,12,0,12,0,12,122,86,0,12,29.4,10.5,5.6,3.5,5.6,5.9,0.0,4.1,0.0,4.1,0.0,4.1,14.6,9.7,0.0,4.1
39,Ohio,OH,39153,Summit County,39153502600,Census Tract 5026; Summit County; Ohio,0.454721205746,3211,606,1367,206,1193,175,1638,532,102,105,417,130,406,188,266,128,335,73,846,315,531,169,112,75,101,121,1812,655,0,16,0,12,0,16,64,51,0,12,51.0,13.5,6.9,6.9,35.0,9.6,20.3,8.1,8.3,3.9,10.4,2.8,26.3,5.9,16.5,3.8,9.4,6.1,3.3,3.9,56.4,17.4,0.0,1.2,0.0,2.5,0.0,1.3,5.4,4.4,0.0,0.4,0.9124,0.7143,0.8225,0.915,0.7363,4.1005,0.9102,0.1373,0.7828,0.6334,0.754,0.9071,3.2146,0.8895,0.8503,0.8503,0.8503,0.0,0.0,0.0,0.4994,0.0,0.4994,0.0365,8.6648,0.6844,1,0,0,1,0,2,0,0,0,0,1,1,0,0,0,0,0,0,0,0,3,2558,101,54,994,377,87,83,125,184,0,12,0,12,606,396,0,12,8.5,4.8,31.0,9.6,2.7,2.6,3.9,5.7,0.0,1.1,0.0,1.1,18.9,10.5,0.0,1.1
39,Ohio,OH,39153,Summit County,39153502700,Census Tract 5027; Summit County; Ohio,2.059291233284,6186,445,3063,232,2862,234,1495,441,215,127,631,172,816,319,631,281,1130,202,1182,205,979,252,265,102,221,200,1886,699,217,132,16,26,0,24,258,127,6,4,24.2,6.9,6.5,3.7,22.0,5.7,17.3,6.3,10.2,4.4,18.3,3.0,19.1,3.0,15.8,3.8,9.2,3.5,3.9,3.5,30.5,11.1,7.1,4.3,0.5,0.8,0.0,0.8,9.0,4.6,0.1,0.1,0.6062,0.6917,0.4743,0.8665,0.8258,3.4645,0.7717,0.5549,0.3256,0.5941,0.7448,0.9249,3.1443,0.8711,0.7099,0.7099,0.7099,0.6213,0.5717,0.0,0.6873,0.3694,2.2497,0.5244,9.5684,0.8019,0,0,0,0,0,0,0,0,0,0,1,1,0,0,0,0,0,0,0,0,1,3216,390,149,912,274,0,17,524,421,0,17,0,17,434,332,16,26,13.6,5.0,14.7,4.0,0.0,0.6,8.5,6.7,0.0,0.6,0.0,0.6,7.0,5.3,0.3,0.4
39,Ohio,OH,39153,Summit County,39153502800,Census Tract 5028; Summit County; Ohio,0.933043668446,4075,559,1853,131,1703,112,1193,313,188,111,471,142,350,133,305,137,555,66,1056,417,497,145,196,108,47,75,685,758,48,38,0,12,0,16,62,37,9,2,29.3,6.5,9.2,5.2,27.7,8.1,12.9,4.6,7.5,3.5,13.6,2.0,25.9,7.5,12.2,3.2,11.5,6.3,1.3,2.0,16.8,18.5,2.6,2.0,0.0,1.9,0.0,0.9,3.6,2.2,0.2,0.0,0.6991,0.8222,0.6717,0.7524,0.6798,3.6252,0.8067,0.2695,0.7625,0.3659,0.8248,0.7565,2.9792,0.8121,0.5311,0.5311,0.5311,0.446,0.0,0.0,0.3638,0.4356,1.2454,0.1616,8.3809,0.6463,0,0,0,0,0,0,0,0,0,0,0,0,0,0,0,0,0,0,0,0,0,1520,194,77,121,108,337,277,0,12,0,12,0,12,216,155,11,16,11.4,4.4,3.0,2.8,8.3,6.8,0.0,0.9,0.0,0.9,0.0,0.9,5.3,3.3,0.3,0.4
39,Ohio,OH,39153,Summit County,39153503100,Census Tract 5031; Summit County; Ohio,0.24963617861,1907,335,808,124,700,116,1166,321,131,81,369,130,144,72,199,111,81,40,704,213,366,104,179,92,23,51,1188,388,8,17,5,9,5,15,173,78,0,12,63.8,13.8,15.7,9.4,52.7,16.4,14.1,6.3,10.4,5.1,4.2,2.1,36.9,6.6,19.2,6.1,25.5,12.4,1.4,3.1,62.3,17.2,1.0,2.1,0.6,1.1,0.7,2.1,24.7,10.6,0.0,0.6,0.973,0.9448,0.98,0.7923,0.8347,4.5248,0.9775,0.0212,0.9848,0.7721,0.9781,0.7717,3.5279,0.954,0.8725,0.8725,0.8725,0.3292,0.5876,0.4873,0.9362,0.0,2.3403,0.567,11.2655,0.9479,1,1,1,0,0,3,0,1,0,1,0,2,0,0,0,0,0,1,0,1,6,1030,98,52,956,339,55,86,35,28,0,12,0,12,85,108,57,77,14.0,6.9,50.1,12.1,2.9,4.3,1.8,1.5,0.0,1.8,0.0,1.8,4.5,5.7,3.0,4.0
39,Ohio,OH,39153,Summit County,39153503200,Census Tract 5032; Summit County; Ohio,0.386011652132,1414,289,705,110,586,86,807,279,105,86,238,87,163,107,125,83,159,41,397,164,169,94,114,68,24,54,1188,315,20,34,0,12,3,13,107,57,0,12,57.1,15.9,16.1,11.3,40.6,13.6,17.6,9.4,8.8,5.9,11.2,3.2,28.1,7.1,12.0,5.7,19.4,11.2,1.8,4.1,84.0,14.2,2.8,4.8,0.0,4.8,0.5,2.2,18.3,9.5,0.0,0.8,0.9492,0.9492,0.9029,0.8735,0.7623,4.4371,0.9651,0.1658,0.857,0.3523,0.9489,0.8183,3.1423,0.8692,0.9445,0.9445,0.9445,0.4622,0.0,0.4413,0.8832,0.0,1.7867,0.3305,10.3106,0.8778,1,1,1,0,0,3,0,0,0,1,0,1,1,1,0,0,0,0,0,0,5,1891,66,50,956,242,41,49,32,36,0,12,18,38,130,104,11,19,11.3,8.4,67.6,12.3,2.9,3.3,2.3,2.4,0.0,2.4,1.3,2.7,9.2,6.9,0.8,1.3
39,Ohio,OH,39153,Summit County,39153503300,Census Tract 5033; Summit County; Ohio,0.984967823712,5051,782,2520,249,2136,294,2447,822,169,132,575,239,475,211,522,288,543,200,1160,419,1038,365,404,166,17,70,2229,991,92,92,86,132,0,24,324,163,37,5,48.4,14.4,6.7,5.7,26.9,10.6,14.4,5.8,10.3,5.2,10.8,4.2,23.0,6.7,20.6,5.9,18.9,7.3,0.4,1.4,44.1,18.4,3.6,3.6,3.4,5.1,0.0,1.1,15.2,7.2,0.7,0.1,0.8997,0.7032,0.6492,0.8006,0.8305,3.8832,0.8651,0.1538,0.5862,0.8258,0.9457,0.5412,3.0527,0.8394,0.8012,0.8012,0.8012,0.5013,0.7448,0.0,0.8394,0.6243,2.7098,0.7235,10.4469,0.8879,0,0,0,0,0,0,0,0,0,1,0,1,0,0,0,0,0,0,0,0,1,2822,216,114,1053,434,244,244,55,65,8,13,0,17,869,601,0,17,10.1,5.2,20.8,8.7,4.8,4.8,1.1,1.3,0.2,0.2,0.0,0.7,17.2,10.4,0.0,0.7
39,Ohio,OH,39153,Summit County,39153503400,Census Tract 5034; Summit County; Ohio,0.40733567949,1232,284,590,118,519,117,607,268,257,210,208,104,45,37,218,144,134,50,351,86,169,86,146,81,2,45,1093,293,15,20,0,12,0,16,88,57,25,4,50.2,18.8,36.2,20.4,40.1,17.9,5.8,5.1,18.0,9.3,10.9,4.4,28.5,6.2,14.0,7.1,28.2,14.3,0.2,3.8,88.7,12.1,2.6,3.3,0.0,5.8,0.0,3.1,17.0,9.4,2.0,0.6,0.9086,0.9975,0.8956,0.3662,0.9686,4.1365,0.9181,0.1554,0.8719,0.4811,0.9873,0.4556,2.9513,0.801,0.9556,0.9556,0.9556,0.446,0.0,0.0,0.8673,0.7584,2.0717,0.4463,10.1151,0.8575,1,1,0,0,1,3,0,0,0,1,0,1,1,1,0,0,0,0,0,0,5,1758,75,53,981,297,20,26,66,110,0,12,0,12,26,29,0,12,14.5,9.0,79.6,12.9,1.6,2.0,5.4,9.1,0.0,2.8,0.0,2.8,2.1,2.3,0.0,2.8
39,Ohio,OH,39153,Summit County,39153503500,Census Tract 5035; Summit County; Ohio,0.832357147192,3009,557,1578,192,1407,220,1146,400,247,153,350,153,371,218,188,120,670,221,551,218,605,251,123,94,0,48,1892,682,115,73,10,15,22,35,286,117,8,3,38.1,11.3,15.8,9.1,24.9,10.2,17.1,8.2,6.2,3.6,22.3,6.2,18.3,5.8,20.1,6.5,8.8,6.5,0.0,1.7,62.9,19.4,7.2,4.5,0.6,0.9,1.6,2.5,20.3,7.9,0.3,0.1,0.8147,0.9457,0.5752,0.8627,0.5659,3.7642,0.8378,0.7613,0.272,0.8105,0.7254,0.0,2.5692,0.6035,0.8763,0.8763,0.8763,0.6241,0.5876,0.6794,0.9063,0.4924,3.2898,0.8965,10.4995,0.8943,0,1,0,0,0,1,0,0,0,0,0,0,0,0,0,0,0,1,0,1,2,2509,259,131,1649,402,104,125,0,12,7,14,0,12,132,101,0,12,18.4,8.9,54.8,11.0,3.5,3.9,0.0,1.2,0.2,0.5,0.0,1.2,4.4,3.5,0.0,1.2
39,Ohio,OH,39153,Summit County,39153503600,Census Tract 5036; Summit County; Ohio,1.718453515152,4220,596,2025,199,1895,200,695,250,178,109,443,130,193,75,388,161,603,84,808,252,792,242,164,96,31,58,402,810,230,112,0,12,49,65,105,52,11,2,16.5,5.4,7.4,4.4,23.4,6.4,6.3,2.6,9.2,3.7,14.3,2.5,19.1,4.6,18.8,4.5,8.7,5.0,0.8,1.4,9.5,19.1,11.3,5.4,0.0,1.7,2.6,3.4,5.5,2.6,0.3,0.0,0.4078,0.7438,0.52,0.4042,0.7813,2.8571,0.6194,0.3047,0.3256,0.7521,0.7194,0.6636,2.7654,0.7171,0.337,0.337,0.337,0.7159,0.0,0.8029,0.5098,0.4924,2.521,0.6435,8.4805,0.659,0,0,0,0,0,0,0,0,0,0,0,0,0,0,0,0,0,0,0,0,0,3350,183,86,185,129,63,57,103,135,0,12,0,12,51,47,0,12,9.7,4.8,4.4,2.9,1.5,1.4,2.4,3.1,0.0,0.8,0.0,0.8,1.2,1.1,0.0,0.8
39,Ohio,OH,39153,Summit County,39153503701,Census Tract 5037.01; Summit County; Ohio,1.411317482294,5371,714,2822,255,2664,270,814,290,116,90,492,177,594,458,177,139,1127,193,759,277,946,275,192,105,23,74,386,1044,548,161,0,17,36,56,252,145,8,2,15.3,5.0,3.9,3.2,18.5,6.4,14.6,10.2,3.3,2.6,21.0,4.4,14.1,4.8,17.6,4.3,7.2,3.9,0.4,1.4,7.2,19.4,19.4,5.4,0.0,1.2,1.4,2.1,9.5,5.5,0.1,0.0,0.3723,0.4644,0.3324,0.8066,0.2634,2.2391,0.4362,0.7121,0.1056,0.6947,0.6337,0.5412,2.6873,0.6721,0.2435,0.2435,0.2435,0.8381,0.0,0.6384,0.7013,0.3694,2.5472,0.6552,7.7171,0.5349,0,0,0,0,0,0,0,0,0,0,0,0,0,0,0,0,0,0,0,0,0,3950,195,78,88,159,187,171,0,17,0,17,0,17,111,105,0,17,7.3,2.9,1.6,3.0,3.5,3.2,0.0,0.6,0.0,0.6,0.0,0.6,2.1,2.0,0.0,0.6
39,Ohio,OH,39153,Summit County,39153503702,Census Tract 5037.02; Summit County; Ohio,1.364070180554,5071,509,2488,189,2276,206,1225,438,247,158,676,207,299,177,234,183,789,237,725,199,958,355,85,67,0,68,351,721,155,90,95,106,5,20,169,94,15,3,24.2,8.3,8.5,5.1,29.7,8.7,7.6,4.5,4.6,3.5,15.6,5.0,14.3,3.6,18.9,6.4,3.7,2.9,0.0,1.4,6.9,14.2,6.2,3.6,3.8,4.3,0.2,0.9,7.4,4.1,0.3,0.1,0.6062,0.7943,0.7197,0.4876,0.3996,3.0074,0.6632,0.3763,0.1116,0.7566,0.34,0.0,1.5845,0.1102,0.2318,0.2318,0.2318,0.5937,0.7565,0.3905,0.6203,0.4924,2.8534,0.78,7.6771,0.5286,0,0,0,0,0,0,0,0,0,0,0,0,0,0,0,0,0,0,0,0,0,4424,173,102,205,151,56,59,13,34,13,19,0,17,64,50,0,17,7.6,4.5,4.0,3.0,1.1,1.1,0.3,0.7,0.3,0.4,0.0,0.7,1.3,1.0,0.0,0.7
39,Ohio,OH,39153,Summit County,39153503800,Census Tract 5038; Summit County; Ohio,3.56155735829,4146,484,1913,182,1757,195,2263,461,292,131,649,146,252,94,382,273,419,71,1374,243,804,214,516,150,0,48,1741,681,265,115,0,12,33,44,316,107,0,12,54.8,9.2,16.5,6.0,36.9,7.2,11.2,3.8,9.3,6.2,10.1,1.6,33.1,4.6,19.5,5.1,29.4,7.9,0.0,1.4,42.0,15.7,13.9,5.9,0.0,1.8,1.9,2.5,18.0,5.7,0.0,0.3,0.9337,0.953,0.853,0.694,0.7871,4.2208,0.9327,0.1262,0.9588,0.7855,0.9889,0.0,2.8594,0.7578,0.7898,0.7898,0.7898,0.7632,0.0,0.7219,0.8787,0.0,2.3638,0.5756,10.2338,0.8683,1,1,0,0,0,2,0,1,0,1,0,2,0,0,0,0,0,0,0,0,4,6000,160,69,1173,346,103,73,0,12,0,12,0,12,168,94,297,377,9.1,3.9,28.3,9.6,2.5,1.7,0.0,0.8,0.0,0.8,0.0,0.8,4.1,2.3,7.2,8.9
39,Ohio,OH,39153,Summit County,39153504100,Census Tract 5041; Summit County; Ohio,0.31950287991799997,912,204,576,133,454,121,510,223,117,94,186,113,67,41,107,54,67,36,67,33,125,47,0,16,0,48,233,268,22,23,0,12,0,16,167,104,0,12,55.9,21.0,18.3,12.7,41.0,22.4,15.7,9.8,11.7,6.1,7.3,4.3,7.3,3.9,13.7,5.8,0.0,3.5,0.0,5.4,25.5,28.8,3.9,3.9,0.0,5.9,0.0,3.5,36.8,15.7,0.0,1.3,0.9426,0.9651,0.9073,0.8339,0.8785,4.5274,0.9781,0.0504,0.0269,0.4589,0.0,0.0,0.5362,0.0054,0.6636,0.6636,0.6636,0.5133,0.0,0.0,0.9775,0.0,1.4908,0.2279,7.218,0.4552,1,1,1,0,0,3,0,0,0,0,0,0,0,0,0,0,0,1,0,1,4,1003,81,42,201,120,3,6,8,15,0,12,0,12,21,26,0,12,17.8,9.4,22.0,11.7,0.3,0.6,0.9,1.7,0.0,3.8,0.0,3.8,2.3,2.7,0.0,3.8
39,Ohio,OH,39153,Summit County,39153504200,Census Tract 5042; Summit County; Ohio,0.312028717402,1619,305,777,110,629,118,1253,293,97,55,353,117,183,103,271,133,87,30,472,118,374,112,122,56,5,45,621,372,31,38,7,10,10,16,137,87,59,8,80.3,10.2,14.0,6.8,56.1,15.3,22.0,10.4,17.3,7.2,5.4,2.0,29.2,5.1,23.9,5.8,19.4,8.1,0.3,3.0,38.4,21.8,4.0,4.9,0.9,1.3,1.6,2.5,21.8,11.6,3.6,0.8,0.9952,0.921,0.9867,0.9321,0.9622,4.7972,0.9984,0.0289,0.8928,0.9121,0.9489,0.4968,3.2795,0.9063,0.7676,0.7676,0.7676,0.5184,0.6187,0.6794,0.9162,0.8545,3.5872,0.9514,12.4315,0.9943,1,1,1,1,1,5,0,0,1,1,0,2,0,0,0,0,0,1,0,1,8,1012,98,60,148,87,135,171,143,97,9,18,0,12,186,115,0,12,15.6,9.7,9.1,5.8,8.3,9.7,8.8,5.5,0.6,1.1,0.0,2.1,11.5,6.7,0.0,2.1
39,Ohio,OH,39153,Summit County,39153504400,Census Tract 5044; Summit County; Ohio,0.219248792904,920,314,557,86,382,103,373,194,47,41,111,60,54,41,78,79,90,34,258,209,179,64,35,50,0,48,617,337,21,27,0,12,31,44,68,40,38,5,40.5,15.9,10.8,8.9,29.1,13.6,9.1,7.1,8.5,9.4,9.8,5.4,28.0,14.0,19.5,6.9,9.2,12.9,0.0,5.9,67.1,28.6,3.8,4.8,0.0,6.1,8.1,11.3,17.8,10.8,4.1,1.5,0.8404,0.86,0.7054,0.5821,0.7471,3.735,0.8317,0.1183,0.8535,0.7855,0.7448,0.0,2.5021,0.5581,0.8932,0.8932,0.8932,0.5067,0.0,0.9797,0.8765,0.877,3.2399,0.8867,10.3702,0.8803,0,0,0,0,0,0,0,0,0,0,0,0,0,0,0,0,1,0,0,1,1,667,32,23,518,304,21,27,0,12,3,8,0,12,75,62,0,12,8.4,6.7,56.3,17.6,2.3,2.9,0.0,3.7,0.3,0.9,0.0,3.7,8.2,7.2,0.0,3.7
39,Ohio,OH,39153,Summit County,39153504500,Census Tract 5045; Summit County; Ohio,0.264081412736,1729,283,791,98,656,98,556,162,45,38,217,86,250,96,169,90,113,38,453,109,200,78,18,28,152,189,764,365,0,16,0,12,0,16,75,42,7,2,32.3,7.8,4.9,3.8,33.1,12.1,23.3,9.1,9.8,5.2,6.5,2.2,26.2,4.7,11.6,4.2,2.7,4.2,9.7,11.9,44.2,19.8,0.0,2.0,0.0,4.3,0.0,2.4,11.4,6.2,0.4,0.1,0.7464,0.5711,0.7962,0.9423,0.8124,3.8684,0.8619,0.0406,0.779,0.3234,0.2298,0.9892,2.362,0.4733,0.8022,0.8022,0.8022,0.0,0.0,0.0,0.7651,0.5374,1.3025,0.1756,8.3351,0.6362,0,0,0,1,0,1,0,0,0,0,1,1,0,0,0,0,0,0,0,0,2,1152,103,63,616,268,26,47,0,12,0,12,0,12,122,80,0,12,15.7,9.0,35.6,12.9,1.5,2.7,0.0,2.0,0.0,2.0,0.0,2.0,7.1,4.5,0.0,2.0
39,Ohio,OH,39153,Summit County,39153504600,Census Tract 5046; Summit County; Ohio,0.49933606405,3469,661,1642,215,1515,222,1047,429,181,137,352,168,502,286,174,129,549,203,819,387,863,277,390,182,91,136,2120,774,0,16,0,12,0,16,302,165,0,12,30.2,10.9,12.5,8.3,23.2,10.6,23.4,12.3,5.0,3.9,15.8,6.2,23.6,8.2,24.9,7.7,25.8,11.4,2.8,4.1,61.1,19.0,0.0,1.0,0.0,2.1,0.0,1.1,19.9,10.2,0.0,0.3,0.715,0.8946,0.5143,0.9442,0.4487,3.5168,0.7841,0.3865,0.6287,0.9305,0.981,0.8884,3.8151,0.9873,0.8668,0.8668,0.8668,0.0,0.0,0.0,0.901,0.0,0.901,0.0895,9.0997,0.7381,0,0,0,1,0,1,0,0,1,1,0,2,0,0,0,0,0,1,0,1,4,1518,194,132,1485,611,131,180,188,214,0,12,0,12,234,180,82,123,12.8,8.3,42.8,12.5,3.8,5.1,5.4,6.3,0.0,1.0,0.0,1.0,6.7,5.1,2.4,3.6
39,Ohio,OH,39153,Summit County,39153504700,Census Tract 5047; Summit County; Ohio,0.66070353393,4507,606,1962,283,1886,281,897,288,215,231,347,136,270,110,311,111,589,174,837,220,566,155,123,86,154,160,1930,680,66,35,50,77,20,25,57,47,1,3,19.9,5.8,8.6,8.3,18.4,6.7,8.8,3.9,7.0,2.8,13.1,3.8,18.6,4.3,12.8,3.7,6.5,4.5,3.6,3.7,42.8,13.9,3.4,1.7,2.5,3.8,1.1,1.3,3.0,2.6,0.0,0.1,0.5043,0.7975,0.3286,0.5647,0.636,2.8311,0.6124,0.2413,0.2892,0.4002,0.5844,0.9182,2.4333,0.5149,0.7952,0.7952,0.7952,0.4895,0.7175,0.587,0.3051,0.0,2.0991,0.4594,8.1587,0.6105,0,0,0,0,0,0,0,0,0,0,1,1,0,0,0,0,0,0,0,0,1,2978,172,57,912,291,240,305,208,155,11,15,0,12,559,283,0,12,9.1,3.3,20.2,6.1,5.3,6.5,4.6,3.5,0.2,0.3,0.0,0.8,12.4,5.4,0.0,0.8
39,Ohio,OH,39153,Summit County,39153504800,Census Tract 5048; Summit County; Ohio,0.865543772398,4669,746,2379,307,2146,350,1263,575,86,72,635,279,279,141,313,196,962,328,909,277,587,356,72,88,222,178,867,1077,23,37,0,12,21,36,32,40,6,5,27.1,11.5,3.4,2.9,29.6,12.1,8.0,4.0,6.7,3.9,20.6,6.5,19.5,3.9,12.6,7.1,3.4,4.1,4.9,3.9,18.6,22.9,1.0,1.5,0.0,1.5,1.0,1.7,1.5,1.9,0.1,0.1,0.663,0.3975,0.7146,0.5133,0.6109,2.8993,0.6292,0.6969,0.3535,0.3897,0.3089,0.9493,2.6983,0.6775,0.5669,0.5669,0.5669,0.3292,0.0,0.5676,0.1597,0.3694,1.4259,0.2073,7.5904,0.5149,0,0,0,0,0,0,0,0,0,0,1,1,0,0,0,0,0,0,0,0,1,3132,469,301,241,154,456,280,32,38,0,12,0,12,138,137,0,12,21.9,11.5,5.2,3.1,9.8,6.1,0.7,0.8,0.0,0.7,0.0,0.7,3.0,2.9,0.0,0.7
39,Ohio,OH,39153,Summit County,39153505200,Census Tract 5052; Summit County; Ohio,0.407078149456,1218,255,631,96,565,102,460,187,55,43,220,78,140,58,134,63,238,65,250,91,126,58,86,39,17,51,758,336,0,16,0,12,0,16,94,50,0,12,37.8,13.2,8.8,6.5,38.9,11.9,18.1,8.0,11.0,5.8,19.5,6.0,20.5,7.0,10.3,4.7,15.2,6.3,1.5,4.4,62.2,24.3,0.0,2.5,0.0,5.4,0.0,2.8,16.6,9.5,0.0,1.0,0.8099,0.8073,0.8816,0.8814,0.8566,4.2368,0.9337,0.636,0.4214,0.2329,0.906,0.7854,2.9817,0.814,0.8719,0.8719,0.8719,0.0,0.0,0.0,0.8613,0.0,0.8613,0.0835,8.9517,0.7219,0,0,0,0,0,0,0,0,0,1,0,1,0,0,0,0,0,0,0,0,1,453,97,62,659,154,60,51,0,12,0,12,0,12,39,26,0,12,17.2,10.1,54.1,11.1,4.9,4.7,0.0,2.8,0.0,2.8,0.0,2.8,3.2,2.1,0.0,2.8
39,Ohio,OH,39153,Summit County,39153505300,Census Tract 5053; Summit County; Ohio,0.33283536807999997,1314,189,626,97,501,83,742,207,147,76,193,87,138,73,113,90,81,25,503,123,260,98,170,81,15,50,967,226,96,61,0,12,0,16,229,83,5,3,57.6,13.7,25.8,11.3,38.5,16.2,25.5,14.2,8.6,7.1,6.2,2.0,38.3,6.2,19.8,7.2,33.9,15.2,1.5,5.0,73.6,13.6,15.4,9.4,0.0,5.4,0.0,3.2,45.7,13.7,0.4,0.2,0.9508,0.9863,0.8759,0.9591,0.7521,4.5242,0.9771,0.0374,0.9886,0.7978,0.9959,0.7854,3.6051,0.967,0.9125,0.9125,0.9125,0.7854,0.0,0.0,0.9898,0.5374,2.3126,0.554,11.3544,0.9517,1,1,0,1,0,3,0,1,0,1,0,2,1,1,0,0,0,1,0,1,7,704,119,44,846,180,41,49,0,12,20,29,0,12,60,46,0,12,23.8,8.8,64.4,9.3,3.1,3.8,0.0,2.6,1.5,2.3,0.0,2.6,4.6,3.4,0.0,2.6
39,Ohio,OH,39153,Summit County,39153505400,Census Tract 5054; Summit County; Ohio,0.554906180502,3571,563,1746,221,1638,220,846,195,221,178,543,185,377,180,313,154,451,129,604,210,734,301,78,60,48,67,1561,791,26,29,0,12,24,27,200,86,8,3,23.7,4.0,10.5,7.8,33.2,10.4,14.7,6.0,8.8,4.4,12.6,4.0,16.9,4.8,20.6,7.6,4.8,3.6,1.4,1.9,43.7,21.1,1.5,1.7,0.0,2.0,1.5,1.6,12.2,5.3,0.2,0.1,0.5944,0.8549,0.7971,0.8107,0.7623,3.8194,0.8486,0.2229,0.2026,0.8258,0.4565,0.7717,2.4795,0.5444,0.7996,0.7996,0.7996,0.3717,0.0,0.6606,0.7825,0.4356,2.2504,0.526,9.3489,0.7749,0,0,0,0,0,0,0,0,0,0,0,0,0,0,0,0,0,0,0,0,0,3311,189,86,912,212,36,29,120,92,0,12,0,12,479,293,14,17,11.5,5.6,25.5,6.6,1.0,0.8,3.4,2.7,0.0,1.0,0.0,1.0,13.4,8.0,0.4,0.5
39,Ohio,OH,39153,Summit County,39153505500,Census Tract 5055; Summit County; Ohio,0.419700982142,2258,492,1194,216,1046,205,715,283,111,90,389,209,263,192,164,83,281,72,399,259,392,137,181,177,0,48,733,583,0,16,0,12,0,16,129,89,22,3,31.7,10.5,8.6,6.4,37.2,18.6,17.1,10.6,7.3,3.4,12.4,3.9,17.7,8.6,17.4,6.0,17.3,16.6,0.0,2.2,32.5,24.8,0.0,1.3,0.0,2.9,0.0,1.5,12.3,8.0,1.0,0.3,0.7372,0.7975,0.8559,0.8627,0.6661,3.9194,0.873,0.2118,0.2419,0.6836,0.9305,0.0,2.0678,0.307,0.7261,0.7261,0.7261,0.0,0.0,0.0,0.7854,0.6595,1.4449,0.2137,8.1582,0.6102,0,0,0,0,0,0,0,0,0,1,0,1,0,0,0,0,0,0,0,0,1,1129,144,74,282,160,77,78,0,12,0,12,0,12,374,392,0,12,13.8,7.1,12.5,6.9,3.4,3.6,0.0,1.5,0.0,1.5,0.0,1.5,16.6,14.9,0.0,1.5
39,Ohio,OH,39153,Summit County,39153505600,Census Tract 5056; Summit County; Ohio,0.466723186416,1089,357,548,87,409,86,642,331,90,103,126,59,151,81,64,42,105,37,304,170,160,84,41,26,0,48,516,427,0,16,9,14,26,47,82,46,9,3,59.0,23.4,20.1,19.1,30.8,12.9,20.4,7.7,5.9,4.1,9.6,4.2,27.9,8.5,14.7,5.6,10.0,6.0,0.0,4.7,47.4,36.0,0.0,2.9,1.6,2.5,6.4,11.4,20.0,9.6,0.8,0.1,0.9559,0.974,0.7448,0.9157,0.537,4.1274,0.9162,0.1103,0.8503,0.5287,0.7781,0.0,2.2674,0.4152,0.8145,0.8145,0.8145,0.0,0.6749,0.9651,0.9032,0.6344,3.1776,0.8737,10.3869,0.8816,1,1,0,1,0,3,0,0,0,0,0,0,0,0,0,0,1,1,0,2,5,1275,29,21,259,127,26,33,0,12,0,12,0,12,231,213,0,12,7.1,5.2,23.8,14.4,2.4,3.2,0.0,3.2,0.0,3.2,0.0,3.2,21.2,14.6,0.0,3.2
39,Ohio,OH,39153,Summit County,39153505700,Census Tract 5057; Summit County; Ohio,0.492958431214,2568,540,1220,183,1027,170,832,470,97,61,208,95,200,142,309,162,210,54,635,238,389,144,73,54,0,48,633,736,7,16,0,12,35,55,132,70,0,12,32.4,17.0,7.3,4.5,20.3,8.6,12.0,7.1,12.0,5.7,8.2,2.6,24.7,5.3,15.1,5.1,7.1,5.1,0.0,2.0,24.6,28.2,0.6,1.3,0.0,2.8,3.4,5.3,12.9,6.8,0.0,0.5,0.7471,0.7387,0.4086,0.7207,0.8873,3.5024,0.7816,0.0726,0.6956,0.5528,0.626,0.0,1.947,0.2457,0.6512,0.6512,0.6512,0.2886,0.0,0.8708,0.7975,0.0,1.9569,0.4,8.0575,0.5946,0,0,0,0,0,0,0,0,0,0,0,0,0,0,0,0,0,0,0,0,0,1859,217,89,250,135,8,23,286,284,0,12,0,12,89,61,0,12,21.1,8.9,9.7,5.8,0.3,0.9,11.1,10.4,0.0,1.4,0.0,1.4,3.5,2.4,0.0,1.4
39,Ohio,OH,39153,Summit County,39153505800,Census Tract 5058; Summit County; Ohio,1.540864741946,4668,578,2443,211,1990,228,1364,586,42,46,568,229,280,176,398,220,872,248,1073,375,880,196,124,121,79,124,1250,718,506,168,0,12,13,30,222,139,0,12,29.2,12.0,1.6,1.8,28.5,11.0,8.2,4.9,8.5,4.8,18.7,5.6,23.0,6.4,18.9,4.2,6.3,6.0,1.8,2.7,26.8,15.0,20.7,6.6,0.0,1.4,0.7,1.5,11.2,6.6,0.0,0.3,0.6979,0.1346,0.6914,0.526,0.7471,2.797,0.601,0.5821,0.5862,0.7566,0.5714,0.8183,3.3146,0.9127,0.675,0.675,0.675,0.854,0.0,0.4873,0.7594,0.0,2.1007,0.461,8.8873,0.7117,0,0,0,0,0,0,0,0,0,0,0,0,0,0,0,0,0,0,0,0,0,3500,358,177,791,503,297,218,0,12,5,10,0,12,108,92,49,75,18.0,8.5,16.9,9.3,6.4,4.8,0.0,0.7,0.1,0.2,0.0,0.7,2.3,2.0,1.0,1.6
39,Ohio,OH,39153,Summit County,39153505900,Census Tract 5059; Summit County; Ohio,1.555725807926,2412,393,1236,156,1124,171,398,232,139,127,292,118,192,132,201,105,364,60,529,205,521,163,221,128,0,48,565,530,9,19,0,12,0,16,130,90,0,12,16.5,9.2,11.0,9.5,26.0,9.7,11.3,7.7,8.3,4.1,15.1,3.5,21.9,6.0,21.6,6.4,19.7,11.0,0.0,2.1,23.4,21.6,0.7,1.5,0.0,2.8,0.0,1.4,11.6,7.9,0.0,0.5,0.4078,0.8641,0.6156,0.6969,0.7363,3.3207,0.7416,0.3472,0.5098,0.8566,0.9521,0.0,2.6657,0.6616,0.6335,0.6335,0.6335,0.2994,0.0,0.0,0.7705,0.0,1.0699,0.1171,7.6898,0.5317,0,0,0,0,0,0,0,0,0,1,0,1,0,0,0,0,0,0,0,0,1,2538,210,142,517,362,23,27,11,18,0,12,0,12,6,11,8,13,18.7,11.4,21.4,13.8,1.0,1.1,0.5,0.8,0.0,1.4,0.0,1.4,0.2,0.4,0.3,0.5
39,Ohio,OH,39153,Summit County,39153506100,Census Tract 5061; Summit County; Ohio,2.200522325558,5616,710,2924,316,2760,349,1257,384,35,42,876,355,370,205,320,216,1547,438,880,266,1382,403,110,101,3,66,2667,843,781,271,0,17,52,64,452,237,118,8,22.7,6.3,1.2,1.5,31.7,12.2,8.9,5.0,5.8,4.0,27.5,6.4,15.7,4.0,24.9,5.3,4.0,3.6,0.1,1.2,47.5,13.8,26.7,8.8,0.0,1.2,1.9,2.3,16.4,8.3,2.1,0.3,0.5744,0.0898,0.766,0.5704,0.5294,2.53,0.5194,0.9271,0.1525,0.9305,0.3743,0.4245,2.8089,0.7352,0.8152,0.8152,0.8152,0.8981,0.0,0.7219,0.8594,0.7644,3.2438,0.8873,9.3979,0.7825,0,0,0,0,0,0,1,0,1,0,0,2,0,0,0,0,0,0,0,0,2,5959,485,203,1428,327,324,256,100,100,20,29,0,17,795,477,0,17,17.6,7.6,25.4,6.1,5.8,4.4,1.8,1.8,0.4,0.5,0.0,0.6,14.2,7.6,0.0,0.6
39,Ohio,OH,39153,Summit County,39153506200,Census Tract 5062; Summit County; Ohio,0.843332096542,3411,501,1818,267,1626,261,1140,355,85,63,744,236,110,66,149,111,958,252,680,180,650,267,126,70,0,48,2734,550,0,16,0,12,18,31,65,69,5,5,33.4,9.2,5.3,3.7,45.8,12.5,4.4,2.7,4.4,3.3,28.1,5.2,19.9,4.8,19.1,6.7,7.8,4.1,0.0,1.4,80.2,11.0,0.0,0.9,0.0,1.9,1.1,1.9,4.0,4.1,0.1,0.1,0.761,0.6057,0.947,0.2581,0.3758,2.9476,0.6432,0.9379,0.3751,0.768,0.6749,0.0,2.7559,0.7105,0.9356,0.9356,0.9356,0.0,0.0,0.587,0.3981,0.3694,1.3545,0.1905,7.9936,0.5851,0,0,1,0,0,1,1,0,0,0,0,1,1,1,0,0,0,0,0,0,3,2253,201,111,2522,395,49,75,0,12,0,12,0,12,163,175,0,12,12.4,6.3,73.9,6.6,1.4,2.2,0.0,1.0,0.0,1.0,0.0,1.0,4.8,4.9,0.0,1.0
39,Ohio,OH,39153,Summit County,39153506400,Census Tract 5064; Summit County; Ohio,0.33828519781,2845,485,1537,276,1401,283,732,386,0,12,354,142,66,47,217,132,374,233,535,114,199,81,142,96,7,48,1129,584,143,96,0,12,69,72,279,221,6,5,25.7,12.8,0.0,2.0,25.3,8.8,3.0,2.2,7.6,4.5,13.1,7.5,18.8,4.2,7.0,3.0,10.2,6.5,0.3,1.8,39.7,19.4,9.3,6.0,0.0,2.2,5.0,5.0,19.9,13.4,0.2,0.2,0.6373,0.0,0.593,0.1512,0.6855,2.067,0.387,0.2413,0.3015,0.0724,0.7835,0.4968,1.8955,0.219,0.779,0.779,0.779,0.6784,0.0,0.9381,0.901,0.4356,2.9531,0.8137,7.6946,0.5333,0,0,0,0,0,0,0,0,0,0,0,0,0,0,0,0,1,1,0,2,2,1614,124,86,731,343,0,12,175,227,0,12,0,12,223,162,0,12,8.9,6.2,25.7,10.1,0.0,1.2,6.2,7.4,0.0,1.2,0.0,1.2,7.8,6.3,0.0,1.2
39,Ohio,OH,39153,Summit County,39153506500,Census Tract 5065; Summit County; Ohio,0.441056669864,2425,505,1027,127,875,124,1326,320,17,25,502,154,215,111,297,161,426,117,863,294,362,130,195,106,0,48,2095,563,15,26,0,12,10,20,184,89,15,3,54.7,6.7,1.9,2.8,57.4,15.6,15.4,7.9,12.2,6.0,17.6,5.9,35.6,6.9,14.9,5.5,22.3,11.7,0.0,2.1,86.4,14.7,1.5,2.5,0.0,3.3,1.1,2.3,21.0,9.7,0.6,0.2,0.9327,0.1787,0.9889,0.8291,0.8908,3.8202,0.8492,0.5044,0.9813,0.5408,0.9657,0.0,2.9922,0.8175,0.9515,0.9515,0.9515,0.3717,0.0,0.587,0.9102,0.6059,2.4748,0.627,10.2387,0.8695,1,0,1,0,0,2,0,1,0,1,0,2,1,1,0,0,0,1,0,1,6,1008,182,82,1800,377,75,84,0,12,0,12,0,12,220,172,0,12,20.8,8.7,74.2,10.3,3.1,3.2,0.0,1.4,0.0,1.4,0.0,1.4,9.1,7.0,0.0,1.4
39,Ohio,OH,39153,Summit County,39153506600,Census Tract 5066; Summit County; Ohio,0.316032981244,2109,490,1319,166,1147,170,1182,468,169,140,559,165,278,123,259,161,223,79,331,228,472,150,77,70,77,99,791,638,369,131,0,12,0,16,428,134,8,6,56.0,18.0,15.2,10.2,48.7,12.4,16.9,7.0,12.3,8.1,10.6,4.2,15.7,8.3,22.4,8.1,6.7,6.0,3.7,4.7,37.5,29.0,28.0,9.3,0.0,2.6,0.0,1.4,37.3,12.5,0.4,0.3,0.9429,0.9359,0.9622,0.8595,0.8934,4.5939,0.9854,0.1462,0.1525,0.8804,0.5975,0.922,2.6986,0.6784,0.7606,0.7606,0.7606,0.9067,0.0,0.0,0.9787,0.5374,2.4228,0.6035,10.4759,0.8924,1,1,1,0,0,3,0,0,0,0,1,1,0,0,1,0,0,1,0,2,6,2048,190,97,545,219,55,64,79,91,0,12,0,12,105,150,7,13,16.6,7.8,25.8,10.0,2.6,3.0,3.7,4.4,0.0,1.6,0.0,1.6,5.0,6.5,0.3,0.6
39,Ohio,OH,39153,Summit County,39153506700,Census Tract 5067; Summit County; Ohio,0.335405262992,1182,198,693,76,565,84,583,142,59,44,294,91,103,47,59,50,244,76,342,104,293,89,122,62,0,48,1131,201,77,41,0,12,0,16,146,61,4,2,52.1,9.6,13.3,8.6,52.0,14.1,14.0,6.6,5.0,4.1,20.6,7.0,28.9,6.2,24.8,7.4,21.6,10.5,0.0,4.5,95.7,5.7,11.1,5.8,0.0,4.9,0.0,2.8,25.8,9.8,0.3,0.2,0.92,0.9114,0.9771,0.7888,0.4487,4.046,0.8981,0.6969,0.884,0.9276,0.9625,0.0,3.471,0.9429,0.9781,0.9781,0.9781,0.7108,0.0,0.0,0.9406,0.4924,2.1438,0.4784,10.6389,0.9051,1,1,1,0,0,3,0,0,1,1,0,2,1,1,0,0,0,1,0,1,7,512,135,57,1029,164,74,96,11,18,0,12,0,12,17,22,0,12,23.9,10.4,87.1,7.2,6.3,7.6,0.9,1.6,0.0,2.9,0.0,2.9,1.4,1.9,0.0,2.9
39,Ohio,OH,39153,Summit County,39153506800,Census Tract 5068; Summit County; Ohio,1.268675959414,2559,467,1075,173,836,182,1087,395,17,20,376,111,370,136,282,324,226,88,358,275,392,117,115,81,0,48,1388,590,598,131,0,12,11,19,266,72,1031,35,69.6,14.8,1.8,2.1,45.0,9.0,24.6,8.5,15.0,14.5,8.8,3.5,14.0,8.6,20.9,7.4,13.8,9.2,0.0,2.0,54.2,20.8,55.6,8.3,0.0,3.2,1.3,2.3,31.8,10.0,40.3,7.5,0.9825,0.1654,0.9422,0.9518,0.9403,3.9822,0.8848,0.0881,0.1024,0.8328,0.8759,0.0,1.8992,0.2206,0.8437,0.8437,0.8437,0.9797,0.0,0.6181,0.9648,0.988,3.5506,0.9463,10.2757,0.8737,1,0,1,1,1,4,0,0,0,0,0,0,0,0,1,0,0,1,1,3,7,18669,158,62,1111,245,91,54,40,16,8,14,0,12,115,66,23,32,18.9,7.8,43.4,7.9,3.6,2.2,1.6,0.6,0.3,0.5,0.0,1.4,4.5,2.6,0.9,1.3
39,Ohio,OH,39153,Summit County,39153507101,Census Tract 5071.01; Summit County; Ohio,1.568320841268,5253,747,2469,242,2287,206,847,444,90,83,579,238,39,57,237,156,808,224,1205,410,635,245,180,131,18,71,1996,911,0,24,0,17,0,24,182,141,6,3,16.1,8.1,3.0,2.9,25.3,10.2,1.0,1.5,4.5,2.9,15.4,4.3,22.9,5.5,12.1,4.6,7.9,5.7,0.4,1.5,38.0,16.5,0.0,1.0,0.0,1.4,0.0,1.0,8.0,6.2,0.1,0.1,0.3929,0.3403,0.593,0.0333,0.3875,1.747,0.2946,0.3643,0.5808,0.3586,0.6813,0.5412,2.5262,0.573,0.7647,0.7647,0.7647,0.0,0.0,0.0,0.6479,0.3694,1.0173,0.1076,6.0552,0.2673,0,0,0,0,0,0,0,0,0,0,0,0,0,0,0,0,0,0,0,0,0,2881,72,62,1460,498,92,93,0,17,0,17,0,17,352,261,92,140,3.1,2.7,27.8,7.4,1.8,1.9,0.0,0.7,0.0,0.7,0.0,0.7,6.7,4.8,1.8,2.7
39,Ohio,OH,39153,Summit County,39153507102,Census Tract 5071.02; Summit County; Ohio,1.59062054838,2833,307,1295,125,1259,137,245,115,41,39,202,96,70,47,152,96,545,57,550,147,257,84,43,39,0,48,457,452,21,25,0,12,0,16,9,14,10,2,8.6,4.0,2.7,2.6,16.0,7.4,3.2,2.1,5.4,3.3,19.2,3.0,19.4,3.8,9.1,3.1,3.4,3.1,0.0,1.9,16.1,15.9,1.6,1.9,0.0,2.7,0.0,1.3,0.7,1.1,0.4,0.1,0.1666,0.2968,0.2279,0.1671,0.4916,1.35,0.1838,0.6129,0.3453,0.1644,0.3089,0.0,1.4315,0.0743,0.5178,0.5178,0.5178,0.3787,0.0,0.0,0.0762,0.5374,0.9923,0.1051,4.2916,0.0778,0,0,0,0,0,0,0,0,0,0,0,0,0,0,0,0,0,0,0,0,0,1989,103,62,290,162,92,103,44,45,0,12,0,12,31,34,0,12,8.2,4.9,10.2,5.6,3.2,3.7,1.6,1.6,0.0,1.2,0.0,1.2,1.1,1.2,0.0,1.2
39,Ohio,OH,39153,Summit County,39153507201,Census Tract 5072.01; Summit County; Ohio,0.983187121288,2632,405,1231,216,1139,163,201,110,57,41,263,108,37,35,122,83,394,75,518,152,248,92,56,71,16,51,1060,551,204,162,0,12,0,16,9,13,5,9,7.9,4.2,3.6,2.7,23.1,8.9,1.9,1.8,4.6,3.1,15.0,3.7,19.7,3.6,9.4,3.6,4.9,6.2,0.7,2.1,40.3,20.0,16.6,12.8,0.0,2.8,0.0,1.4,0.8,1.2,0.2,0.3,0.1457,0.4308,0.5111,0.0808,0.3996,1.568,0.2438,0.3431,0.3653,0.1787,0.4644,0.6367,1.9882,0.267,0.7825,0.7825,0.7825,0.8073,0.0,0.0,0.0873,0.4356,1.3302,0.1838,5.6689,0.2108,0,0,0,0,0,0,0,0,0,0,0,0,0,0,0,0,0,0,0,0,0,3234,20,23,732,149,90,90,34,55,0,12,0,12,204,165,0,12,1.8,2.0,27.8,6.2,3.4,3.3,1.3,2.1,0.0,1.3,0.0,1.3,7.8,6.1,0.0,1.3
39,Ohio,OH,39153,Summit County,39153507202,Census Tract 5072.02; Summit County; Ohio,1.014438217168,3694,428,2083,281,2000,278,319,133,37,25,481,135,44,37,127,76,1040,352,523,118,545,287,42,41,11,51,513,611,582,146,0,12,8,17,57,64,114,2,8.9,3.6,1.8,1.3,24.1,5.9,1.5,1.3,3.5,2.1,28.2,8.0,14.2,2.8,15.2,7.2,2.1,2.0,0.3,1.4,13.9,16.5,28.0,5.9,0.0,1.7,0.4,0.8,2.9,3.1,3.1,0.4,0.1765,0.1654,0.5448,0.058,0.2856,1.2303,0.153,0.9394,0.1091,0.5592,0.1673,0.4968,2.2718,0.4203,0.468,0.468,0.468,0.9067,0.0,0.4206,0.2962,0.8358,2.4593,0.6194,6.4294,0.3308,0,0,0,0,0,0,1,0,0,0,0,1,0,0,1,0,0,0,0,1,2,2577,132,84,224,141,66,59,16,25,25,33,0,12,182,114,0,12,6.6,4.0,6.1,3.8,1.8,1.7,0.4,0.7,0.7,0.9,0.0,0.9,4.9,3.0,0.0,0.9
39,Ohio,OH,39153,Summit County,39153507203,Census Tract 5072.03; Summit County; Ohio,2.136679973756,4138,333,2018,105,1933,135,693,310,55,51,379,139,44,44,117,69,772,114,821,174,362,121,214,78,11,47,933,456,300,113,0,12,35,37,32,27,1,5,16.7,7.4,2.3,2.2,19.6,7.1,1.5,1.5,2.8,1.6,18.7,2.4,19.8,3.5,8.7,2.9,11.0,4.0,0.3,1.2,22.5,10.9,14.9,5.5,0.0,1.7,1.8,1.9,1.7,1.4,0.0,0.1,0.4154,0.2384,0.3781,0.058,0.1996,1.2895,0.1663,0.5821,0.3713,0.1476,0.8086,0.4968,2.4064,0.5022,0.6224,0.6224,0.6224,0.7787,0.0,0.7079,0.1848,0.0,1.6714,0.2819,5.9897,0.2565,0,0,0,0,0,0,0,0,0,0,0,0,0,0,0,0,0,0,0,0,0,2863,60,42,626,161,74,92,116,96,5,11,0,12,102,78,10,16,3.1,2.2,15.1,3.5,1.8,2.2,2.8,2.3,0.1,0.3,0.0,0.8,2.5,1.9,0.2,0.4
39,Ohio,OH,39153,Summit County,39153507300,Census Tract 5073; Summit County; Ohio,0.541407282378,3316,493,1988,214,1763,241,610,356,159,125,384,146,91,55,170,81,811,263,315,41,314,137,59,49,10,49,496,681,738,177,0,12,0,16,145,75,103,7,18.8,10.6,7.3,5.0,21.8,7.7,3.3,1.8,5.2,2.5,24.5,6.5,9.5,1.9,9.6,3.4,3.3,2.7,0.3,1.5,15.0,20.4,37.1,8.0,0.0,1.7,0.0,0.9,8.2,4.2,3.1,0.5,0.4776,0.7387,0.4657,0.176,0.4706,2.3286,0.4622,0.8481,0.0403,0.1933,0.2943,0.4968,1.8728,0.2105,0.4943,0.4943,0.4943,0.9467,0.0,0.0,0.6552,0.8358,2.4377,0.6092,7.1334,0.4441,0,0,0,0,0,0,0,0,0,0,0,0,0,0,1,0,0,0,0,1,1,2154,224,93,296,244,36,42,96,68,0,12,0,12,57,54,11,18,12.7,5.3,8.9,7.0,1.1,1.3,2.9,2.1,0.0,1.0,0.0,1.0,1.7,1.7,0.3,0.5
39,Ohio,OH,39153,Summit County,39153507400,Census Tract 5074; Summit County; Ohio,0.770834882308,1146,227,415,50,365,61,339,145,76,30,174,65,197,123,61,36,328,110,221,90,190,107,24,23,81,108,803,234,44,30,0,12,15,24,92,42,203,8,37.7,13.9,19.2,8.2,47.7,15.9,24.0,12.5,6.4,4.2,28.6,8.0,19.3,5.4,20.0,9.8,6.6,6.2,7.7,10.1,70.1,15.0,10.6,7.1,0.0,8.1,4.1,6.5,25.2,10.4,17.7,3.6,0.8086,0.9705,0.9594,0.948,0.5849,4.2714,0.9384,0.9448,0.3377,0.8074,0.5902,0.9781,3.6582,0.973,0.9039,0.9039,0.9039,0.7019,0.0,0.9006,0.9381,0.9715,3.5121,0.94,12.3456,0.9914,0,1,1,1,0,3,1,0,0,0,1,2,1,1,0,0,1,1,1,3,9,1949,75,40,505,154,73,88,104,130,0,12,0,12,118,23,3,5,20.5,10.0,44.1,9.6,6.4,7.1,9.1,10.7,0.0,3.0,0.0,3.0,10.3,2.9,0.3,0.5
39,Ohio,OH,39153,Summit County,39153507501,Census Tract 5075.01; Summit County; Ohio,1.908886743592,2434,385,1012,102,996,106,335,338,1,2,258,121,217,117,106,80,498,144,484,267,168,131,263,81,0,48,1664,415,139,123,0,12,0,16,33,43,0,12,13.8,13.7,0.1,0.2,25.9,11.8,12.2,6.3,4.4,3.2,20.5,5.8,19.9,8.2,6.9,5.7,26.4,7.6,0.0,2.0,68.4,13.2,13.7,12.1,0.0,3.4,0.0,1.6,3.3,4.3,0.0,0.5,0.3281,0.0232,0.6111,0.7273,0.3758,2.0655,0.386,0.6909,0.3751,0.0689,0.9835,0.0,2.1184,0.3346,0.8973,0.8973,0.8973,0.76,0.0,0.0,0.3346,0.0,1.0946,0.1241,6.1758,0.286,0,0,0,0,0,0,0,0,0,1,0,1,0,0,0,0,0,0,0,0,1,931,81,66,1635,363,20,32,0,12,0,12,0,12,9,9,0,12,8.1,6.5,67.2,6.8,0.8,1.3,0.0,1.4,0.0,1.4,0.0,1.4,0.4,0.4,0.0,1.4
39,Ohio,OH,39153,Summit County,39153507502,Census Tract 5075.02; Summit County; Ohio,0.60279981699,4575,938,1865,277,1683,277,2089,684,344,238,614,225,655,256,383,157,392,49,1370,437,515,174,211,122,613,416,3244,1035,66,71,0,12,70,59,215,107,14,10,45.7,11.7,15.4,7.7,36.5,11.9,22.3,8.2,8.4,3.6,8.6,2.2,29.9,7.1,11.3,4.4,12.6,6.9,14.6,9.5,70.9,17.3,3.5,3.8,0.0,1.9,4.2,3.4,12.8,6.8,0.3,0.2,0.8804,0.94,0.8432,0.9347,0.7417,4.34,0.9495,0.0812,0.9112,0.3028,0.8511,0.9978,3.1441,0.8708,0.9049,0.9049,0.9049,0.4943,0.0,0.907,0.7952,0.4924,2.6889,0.7159,11.0779,0.9356,0,1,0,1,0,2,0,1,0,0,1,2,1,1,0,0,1,0,0,1,6,2283,255,126,2652,965,473,199,0,12,0,12,0,12,119,151,0,12,15.2,7.8,58.0,13.1,10.3,4.1,0.0,0.8,0.0,0.8,0.0,0.8,2.6,3.4,0.0,0.8
39,Ohio,OH,39153,Summit County,39153507600,Census Tract 5076; Summit County; Ohio,0.62518021942,4573,795,1994,251,1881,262,1763,793,168,78,534,244,573,179,556,199,668,142,1112,490,577,168,184,199,495,228,1947,1086,30,47,0,12,63,61,197,112,0,12,38.6,16.0,7.8,3.6,28.4,12.4,19.6,5.0,12.2,4.4,14.6,3.2,24.3,7.0,12.6,3.5,9.8,10.5,11.7,5.0,42.6,22.6,1.5,2.3,0.0,1.7,3.3,3.2,10.5,6.0,0.0,0.3,0.8226,0.7616,0.6898,0.9058,0.8908,4.0706,0.9035,0.3212,0.6734,0.3897,0.7705,0.9927,3.1475,0.8721,0.793,0.793,0.793,0.3717,0.0,0.8651,0.7343,0.0,1.9711,0.4073,9.9822,0.8441,0,0,0,1,0,1,0,0,0,0,1,1,0,0,0,0,0,0,0,0,2,2165,175,84,589,216,97,71,1139,452,5,8,0,12,88,60,29,34,9.3,4.6,12.9,5.2,2.1,1.5,24.9,9.5,0.1,0.2,0.0,0.8,1.9,1.3,0.6,0.7
39,Ohio,OH,39153,Summit County,39153508000,Census Tract 5080; Summit County; Ohio,4.695026961038,5346,521,3199,220,3000,223,1105,401,135,96,757,231,165,113,404,231,989,156,577,224,975,266,33,62,31,78,1084,743,1296,297,0,17,25,41,51,59,5,5,20.7,7.2,3.7,2.7,25.2,7.5,4.0,2.8,7.6,4.3,18.5,3.3,10.8,3.6,18.2,4.7,1.1,2.1,0.6,1.5,20.3,13.8,40.6,8.9,0.0,1.1,0.8,1.4,1.7,1.9,0.1,0.1,0.5236,0.4429,0.5889,0.2283,0.6855,2.4692,0.4987,0.5698,0.0495,0.7204,0.0829,0.6088,2.0314,0.2873,0.5942,0.5942,0.5942,0.954,0.0,0.5117,0.1848,0.3694,2.0199,0.4257,7.1147,0.441,0,0,0,0,0,0,0,0,0,0,0,0,0,0,1,0,0,0,0,1,1,2408,179,106,503,154,43,45,211,263,0,17,0,17,274,155,53,70,6.0,3.5,9.4,2.9,0.8,0.8,3.9,4.8,0.0,0.7,0.0,0.7,5.1,2.9,1.0,1.3
39,Ohio,OH,39153,Summit County,39153508301,Census Tract 5083.01; Summit County; Ohio,0.689466974624,1955,328,940,144,854,157,1169,318,144,89,456,183,127,72,185,128,119,59,330,237,438,131,127,105,0,48,1273,348,478,100,0,12,0,16,407,140,540,35,69.3,13.2,15.4,8.4,53.4,19.0,10.5,5.9,9.5,6.7,6.1,3.1,16.9,10.0,22.4,7.1,14.9,12.0,0.0,2.7,65.1,14.1,50.9,7.2,0.0,3.7,0.0,1.9,47.7,14.4,27.6,5.0,0.9819,0.94,0.981,0.6627,0.7982,4.3638,0.9537,0.0368,0.2026,0.8804,0.899,0.0,2.0188,0.281,0.8855,0.8855,0.8855,0.9743,0.0,0.0,0.9914,0.9819,2.9476,0.8111,10.2157,0.867,1,1,1,0,0,3,0,0,0,0,0,0,0,0,1,0,0,1,1,3,6,20527,170,76,957,383,56,58,27,24,0,12,0,12,154,79,79,113,19.9,8.9,49.0,13.5,2.9,3.0,1.4,1.3,0.0,1.8,0.0,1.8,7.9,4.1,4.0,5.9
39,Ohio,OH,39153,Summit County,39153508399,Census Tract 5083.99; Summit County; Ohio,2.144420546652,4418,712,2458,309,2072,361,2153,577,230,168,1047,412,412,193,489,276,693,194,1326,441,732,235,564,313,0,48,3046,788,1083,371,0,12,30,47,411,185,1,1,48.7,10.4,10.9,7.8,50.5,17.8,14.5,6.9,11.1,6.0,15.7,4.8,30.0,7.0,16.6,5.9,27.2,14.3,0.0,1.2,68.9,14.0,44.1,14.0,0.0,1.4,1.4,2.3,19.8,9.7,0.0,0.0,0.9016,0.8619,0.9717,0.805,0.8607,4.4009,0.959,0.3814,0.9138,0.6407,0.9857,0.0,2.9216,0.7857,0.8995,0.8995,0.8995,0.961,0.0,0.6384,0.8994,0.0,2.4988,0.6362,10.7208,0.9108,1,0,1,0,0,2,0,1,0,1,0,2,0,0,1,0,0,0,0,1,5,3663,250,150,2399,722,123,175,0,12,0,12,0,12,524,271,0,12,12.1,6.9,54.3,10.7,2.8,4.1,0.0,0.8,0.0,0.8,0.0,0.8,11.9,6.0,0.0,0.8
39,Ohio,OH,39153,Summit County,39153508600,Census Tract 5086; Summit County; Ohio,0.656201970712,2617,440,1408,153,1246,195,1498,407,214,140,619,160,255,112,174,109,503,109,637,179,557,131,117,63,1,46,2097,482,323,84,0,12,24,28,316,128,19,27,57.2,12.2,19.5,9.4,49.7,10.2,14.2,6.0,6.6,3.8,19.2,4.5,24.3,4.6,21.3,5.2,9.4,4.8,0.0,1.9,80.1,12.6,23.0,5.4,0.0,2.5,1.9,2.2,25.4,8.5,0.7,1.0,0.9499,0.9721,0.9683,0.7942,0.6001,4.2846,0.9397,0.6129,0.6734,0.8448,0.754,0.0,2.8851,0.7711,0.9353,0.9353,0.9353,0.874,0.0,0.7219,0.9387,0.6243,3.1589,0.8708,11.2639,0.947,1,1,1,0,0,3,0,0,0,0,0,0,1,1,0,0,0,1,0,1,5,1717,280,140,2001,431,14,22,1,2,0,12,0,12,81,63,0,12,22.5,9.1,76.5,7.9,0.5,0.8,0.0,0.1,0.0,1.3,0.0,1.3,3.1,2.5,0.0,1.3
39,Ohio,OH,39153,Summit County,39153508800,Census Tract 5088; Summit County; Ohio,2.164685496224,4965,1048,2727,350,2524,354,2320,912,39,41,1295,394,345,175,458,239,805,214,1234,670,1020,294,611,365,0,48,4375,1093,176,137,13,22,0,16,567,275,21,3,46.7,15.5,1.9,2.0,51.3,13.9,10.7,5.4,9.2,4.4,16.2,4.8,24.9,9.3,20.5,5.8,24.2,14.1,0.0,1.1,88.1,11.8,6.5,5.0,0.5,0.8,0.0,0.6,22.5,10.2,0.4,0.1,0.8877,0.1787,0.9749,0.6741,0.7813,3.4967,0.78,0.4138,0.7061,0.821,0.9746,0.0,2.9155,0.7822,0.9543,0.9543,0.9543,0.6013,0.5717,0.0,0.9222,0.5374,2.6326,0.6937,9.9991,0.847,0,0,1,0,0,1,0,0,0,1,0,1,1,1,0,0,0,1,0,1,4,3381,495,163,3844,1055,186,260,3,12,0,12,0,12,342,260,0,12,19.6,7.1,77.4,9.5,3.7,5.2,0.1,0.2,0.0,0.7,0.0,0.7,6.9,5.2,0.0,0.7
39,Ohio,OH,39153,Summit County,39153508900,Census Tract 5089; Summit County; Ohio,0.993111100994,4017,424,1413,182,1100,192,1762,415,157,93,674,212,43,53,425,232,68,37,297,132,243,86,45,31,67,99,1639,528,742,165,8,13,39,37,276,150,1638,30,74.4,11.6,7.7,4.4,61.3,16.0,4.0,4.5,10.6,5.2,1.7,0.9,7.4,3.0,6.0,2.2,4.1,2.7,1.7,2.5,40.8,12.4,52.5,9.5,0.6,0.9,3.5,3.3,25.1,11.9,40.8,4.4,0.9902,0.7571,0.9946,0.2283,0.8423,3.8125,0.847,0.0089,0.0279,0.0444,0.3844,0.8094,1.275,0.0495,0.785,0.785,0.785,0.9756,0.5876,0.8771,0.9378,0.9883,4.3664,0.9978,10.2389,0.8698,1,0,1,0,0,2,0,0,0,0,0,0,0,0,1,0,0,1,1,3,5,21907,182,84,706,195,141,118,505,197,1,2,0,12,275,186,11,18,16.5,7.7,17.6,4.6,3.5,2.8,12.6,4.6,0.0,0.1,0.0,0.9,6.8,4.5,0.3,0.4
39,Ohio,OH,39153,Summit County,39153509000,Census Tract 5090; Summit County; Ohio,0.244443878914,1702,357,833,132,666,112,859,345,41,37,332,127,213,89,333,220,132,48,474,165,239,98,78,58,0,48,946,456,158,70,29,32,9,18,152,62,26,3,51.3,17.5,6.0,4.8,49.8,17.1,23.3,9.6,19.9,11.6,7.8,3.6,27.8,6.3,14.3,6.1,11.7,8.5,0.0,3.1,55.6,24.1,18.9,7.9,3.5,3.8,1.4,2.7,22.8,8.7,1.5,0.4,0.9162,0.6559,0.9692,0.9423,0.9778,4.4614,0.9683,0.0637,0.8472,0.5033,0.8311,0.0,2.2453,0.4013,0.8469,0.8469,0.8469,0.8295,0.7473,0.6384,0.9251,0.7146,3.8549,0.9825,11.4085,0.9549,1,0,1,1,1,4,0,0,0,0,0,0,0,0,0,0,0,1,0,1,5,1005,94,52,654,366,139,84,0,12,0,12,0,12,133,67,20,31,14.1,8.2,38.4,17.4,8.2,5.4,0.0,2.0,0.0,2.0,0.0,2.0,7.8,4.1,1.2,1.9
39,Ohio,OH,39153,Summit County,39153510100,Census Tract 5101; Summit County; Ohio,1.00451385136,2580,427,1305,163,1156,177,978,226,93,55,464,180,275,145,126,104,526,289,503,139,528,189,166,61,0,48,365,613,59,42,0,12,0,16,151,83,51,24,38.1,6.1,8.0,4.6,40.1,14.3,14.4,7.2,4.9,3.9,20.4,9.4,19.5,4.8,20.5,5.8,14.4,4.8,0.0,2.0,14.1,23.6,4.5,3.2,0.0,2.6,0.0,1.4,13.1,6.8,2.0,0.9,0.8147,0.773,0.8956,0.8006,0.4376,3.7215,0.8289,0.6855,0.3535,0.821,0.8911,0.0,2.7511,0.7073,0.4727,0.4727,0.4727,0.5397,0.0,0.0,0.8013,0.7584,2.0994,0.46,9.0447,0.7343,0,0,0,0,0,0,0,0,0,0,0,0,0,0,0,0,0,0,0,0,0,4914,254,162,130,109,0,12,10,16,13,17,0,12,212,100,0,12,22.0,11.9,5.0,4.2,0.0,1.3,0.4,0.6,0.5,0.7,0.0,1.3,8.2,4.0,0.0,1.3
39,Ohio,OH,39153,Summit County,39153510200,Census Tract 5102; Summit County; Ohio,1.120642522104,3923,525,1716,157,1451,160,1150,407,142,79,184,81,242,101,290,117,546,71,1141,274,552,172,72,58,26,61,501,765,0,16,0,12,20,33,89,61,0,12,29.5,9.6,7.7,4.0,12.7,5.4,9.5,3.9,7.4,2.9,13.9,2.3,29.1,4.2,14.1,3.7,4.9,4.0,0.7,1.7,12.8,19.4,0.0,0.9,0.0,2.0,1.4,2.3,6.1,4.2,0.0,0.3,0.7036,0.7571,0.1178,0.6068,0.6744,2.8597,0.62,0.2841,0.8906,0.4862,0.4644,0.6367,2.762,0.7137,0.4401,0.4401,0.4401,0.0,0.0,0.6384,0.5479,0.0,1.1863,0.1422,7.2481,0.4616,0,0,0,0,0,0,0,0,0,0,0,0,0,0,0,0,0,0,0,0,0,4286,164,88,297,210,117,106,6,9,0,12,0,12,71,68,10,15,11.3,5.7,7.6,5.6,3.0,2.5,0.2,0.2,0.0,0.9,0.0,0.9,1.8,1.7,0.3,0.4
39,Ohio,OH,39153,Summit County,39153510301,Census Tract 5103.01; Summit County; Ohio,2.26409440596,5369,793,2620,295,2377,281,2825,848,224,148,746,237,602,256,141,108,1073,172,1409,525,922,276,282,158,0,68,1869,1040,896,353,0,17,0,24,466,189,249,5,55.0,14.2,9.9,6.8,31.4,9.3,16.6,6.7,2.7,2.2,20.0,4.8,26.2,7.4,18.0,4.7,11.9,6.5,0.0,1.4,34.8,18.7,34.2,12.9,0.0,1.3,0.0,1.0,19.6,7.9,4.6,0.7,0.9346,0.8387,0.7575,0.8513,0.1888,3.5709,0.7965,0.663,0.779,0.7122,0.8359,0.0,2.9901,0.8159,0.7435,0.7435,0.7435,0.9352,0.0,0.0,0.8978,0.8954,2.7284,0.7317,10.0329,0.8498,1,0,0,0,0,1,0,0,0,0,0,0,0,0,1,0,0,0,0,1,2,4707,400,178,1531,649,27,45,0,17,0,17,0,17,291,306,20,32,16.8,7.6,28.5,10.3,0.5,0.8,0.0,0.6,0.0,0.6,0.0,0.6,5.4,5.6,0.4,0.6
39,Ohio,OH,39153,Summit County,39153510302,Census Tract 5103.02; Summit County; Ohio,2.506971482958,5304,494,2704,250,2634,269,752,308,67,71,489,210,324,147,302,175,1425,179,788,153,837,286,212,135,43,90,334,745,0,24,16,26,0,24,187,128,27,7,14.2,5.7,2.7,2.9,18.6,7.7,7.6,3.3,5.7,3.3,26.9,3.6,14.9,2.8,15.9,5.0,8.0,5.1,0.9,1.8,6.3,14.0,0.0,0.9,0.6,0.9,0.0,0.9,7.1,4.8,0.5,0.1,0.3374,0.2968,0.3359,0.4876,0.5176,1.9753,0.3581,0.9169,0.1259,0.5985,0.6851,0.6855,3.0119,0.8283,0.208,0.208,0.208,0.0,0.5876,0.0,0.6048,0.5742,1.7666,0.3248,6.9618,0.4178,0,0,0,0,0,0,1,0,0,0,0,1,0,0,0,0,0,0,0,0,1,3535,420,150,193,185,39,48,0,17,0,17,0,17,102,99,0,17,15.9,5.5,3.6,3.6,0.7,0.9,0.0,0.7,0.0,0.7,0.0,0.7,1.9,1.9,0.0,0.7
39,Ohio,OH,39153,Summit County,39153510400,Census Tract 5104; Summit County; Ohio,1.208448680638,3875,449,1715,164,1624,172,935,484,105,74,387,140,200,97,237,149,703,112,900,269,566,125,99,59,0,48,367,596,26,30,0,12,0,16,81,55,3,5,24.1,12.2,5.5,3.6,23.8,8.2,7.2,3.3,6.1,3.7,18.1,3.2,23.2,5.4,14.6,3.2,6.1,3.6,0.0,1.3,9.5,15.3,1.5,1.7,0.0,2.0,0.0,1.0,5.0,3.2,0.1,0.1,0.602,0.621,0.5368,0.4629,0.5547,2.7774,0.5956,0.539,0.6005,0.5236,0.5584,0.0,2.2215,0.3867,0.337,0.337,0.337,0.3717,0.0,0.0,0.4702,0.3694,1.2113,0.1502,6.5472,0.3508,0,0,0,0,0,0,0,0,0,0,0,0,0,0,0,0,0,0,0,0,0,2323,252,92,60,68,76,79,10,18,0,12,0,12,221,196,0,12,15.5,5.3,1.5,1.8,2.0,2.0,0.3,0.5,0.0,0.9,0.0,0.9,5.7,4.8,0.0,0.9
39,Ohio,OH,39153,Summit County,39153510500,Census Tract 5105; Summit County; Ohio,0.93397687698,4178,517,2057,223,1805,225,922,324,137,100,533,180,565,191,355,146,667,145,871,220,915,314,141,100,14,51,610,693,204,137,130,55,13,22,289,160,7,4,22.1,7.3,6.4,4.3,29.5,9.3,18.6,5.5,8.6,3.5,16.0,3.1,20.8,3.9,22.3,6.9,7.8,5.5,0.4,1.3,14.6,16.5,9.9,6.6,6.3,2.7,0.7,1.2,16.0,7.8,0.2,0.1,0.5611,0.6835,0.7137,0.8909,0.7521,3.6013,0.8019,0.3989,0.4369,0.88,0.6749,0.5412,2.9319,0.7924,0.4838,0.4838,0.4838,0.6883,0.8127,0.4873,0.8533,0.4356,3.2772,0.8933,10.2942,0.8765,0,0,0,0,0,0,0,0,0,0,0,0,0,0,0,0,0,0,0,0,0,1935,239,137,113,131,267,315,0,12,0,12,0,12,230,123,0,12,13.2,6.6,2.7,3.0,6.4,7.3,0.0,0.8,0.0,0.8,0.0,0.8,5.5,3.1,0.0,0.8
39,Ohio,OH,39153,Summit County,39153520103,Census Tract 5201.03; Summit County; Ohio,0.816201095104,2383,306,1180,191,1064,161,556,209,21,20,447,153,236,115,110,67,410,132,425,114,286,90,65,49,208,118,816,427,240,139,0,12,73,39,86,46,1,3,23.3,8.2,1.5,1.5,42.0,12.9,14.3,6.5,4.6,2.8,17.2,5.0,17.8,4.3,12.0,3.7,6.1,4.5,9.3,5.1,34.2,17.4,20.3,11.3,0.0,2.9,6.9,3.5,8.1,4.4,0.0,0.1,0.5877,0.1251,0.9181,0.7984,0.3996,2.8289,0.6108,0.4765,0.247,0.3523,0.5584,0.987,2.6212,0.6346,0.7387,0.7387,0.7387,0.8505,0.0,0.9695,0.6505,0.0,2.4705,0.6244,8.6593,0.6835,0,0,1,0,0,1,0,0,0,0,1,1,0,0,0,0,1,0,0,1,3,4371,151,104,450,212,10,15,347,175,0,12,0,12,9,10,0,12,14.2,8.8,18.9,8.6,0.4,0.7,14.6,6.9,0.0,1.5,0.0,1.5,0.4,0.4,0.0,1.5
39,Ohio,OH,39153,Summit County,39153520104,Census Tract 5201.04; Summit County; Ohio,0.744220485346,3777,610,2220,225,1943,240,760,353,165,118,542,195,192,115,389,380,722,360,626,260,761,316,86,63,32,64,482,868,622,157,0,12,43,54,55,45,94,2,20.6,9.0,7.6,4.9,27.9,9.4,7.2,4.3,10.6,9.6,19.1,8.3,16.6,5.3,20.8,7.9,4.4,3.2,0.9,1.8,12.8,22.9,28.0,6.5,0.0,1.6,2.2,2.8,2.8,2.4,2.5,0.4,0.5198,0.7527,0.6794,0.4629,0.8423,3.2571,0.7257,0.6062,0.1874,0.8305,0.4184,0.6855,2.728,0.6987,0.4401,0.4401,0.4401,0.9067,0.0,0.7575,0.2848,0.7949,2.7439,0.7371,9.1691,0.746,0,0,0,0,0,0,0,0,0,0,0,0,0,0,1,0,0,0,0,1,1,2175,305,116,53,50,79,82,253,238,0,12,0,12,97,78,0,12,15.7,6.0,1.4,1.3,2.1,2.3,6.7,6.1,0.0,0.9,0.0,0.9,2.6,2.1,0.0,0.9
39,Ohio,OH,39153,Summit County,39153520105,Census Tract 5201.05; Summit County; Ohio,1.008136646426,4314,441,1956,179,1846,188,765,253,98,61,335,115,296,146,212,152,730,185,783,150,951,304,39,36,92,101,920,664,474,138,8,14,86,85,115,68,11,2,17.7,5.6,4.0,2.3,18.1,6.0,9.5,4.3,4.9,3.5,16.9,3.8,18.2,2.6,22.0,6.1,2.1,1.9,2.3,2.5,21.3,15.2,24.2,6.7,0.4,0.7,4.7,4.6,6.2,3.7,0.3,0.0,0.4443,0.4756,0.3175,0.6068,0.4376,2.2818,0.4492,0.4575,0.267,0.8696,0.1673,0.8548,2.6162,0.6321,0.6081,0.6081,0.6081,0.8816,0.5625,0.9283,0.5546,0.4924,3.4194,0.9232,8.9255,0.7181,0,0,0,0,0,0,0,0,0,0,0,0,0,0,0,0,1,0,0,1,1,2378,291,137,189,266,38,33,598,317,0,12,0,12,95,83,0,12,15.8,6.9,4.4,6.1,0.9,0.8,13.9,7.2,0.0,0.8,0.0,0.8,2.2,1.9,0.0,0.8
39,Ohio,OH,39153,Summit County,39153520106,Census Tract 5201.06; Summit County; Ohio,0.608068564882,2902,460,1657,205,1474,226,697,230,138,88,373,107,87,82,269,202,342,74,408,131,425,116,62,60,83,89,594,640,597,209,0,12,10,22,64,37,6,1,24.1,7.0,6.7,4.3,25.3,6.1,3.9,3.6,9.3,6.2,11.8,2.9,14.1,4.1,14.7,4.1,4.2,4.0,3.0,3.2,20.5,21.8,36.1,11.8,0.0,2.1,0.7,1.5,4.3,2.5,0.2,0.0,0.602,0.7032,0.593,0.2191,0.7871,2.9044,0.6305,0.1877,0.1056,0.5287,0.394,0.8976,2.1136,0.3311,0.5977,0.5977,0.5977,0.9432,0.0,0.4873,0.4184,0.4356,2.2845,0.541,7.9002,0.5676,0,0,0,0,0,0,0,0,0,0,0,0,0,0,1,0,0,0,0,1,1,1290,94,44,202,198,145,131,190,203,0,12,0,12,57,40,0,12,6.4,3.1,7.0,6.7,5.0,4.6,6.5,6.9,0.0,1.2,0.0,1.2,2.0,1.4,0.0,1.2
39,Ohio,OH,39153,Summit County,39153520201,Census Tract 5202.01; Summit County; Ohio,0.817187971816,3057,632,1413,231,1359,239,610,522,17,19,298,171,7,12,135,102,465,58,610,209,255,89,51,39,9,48,179,905,32,35,0,12,0,16,25,33,0,12,20.0,16.6,0.9,1.0,21.9,12.0,0.3,0.6,4.4,3.4,15.2,3.5,20.0,4.5,8.3,3.3,3.8,2.8,0.3,1.7,5.9,29.6,2.3,2.4,0.0,2.4,0.0,1.2,1.8,2.5,0.0,0.4,0.5065,0.0654,0.4702,0.0114,0.3758,1.4293,0.207,0.3523,0.3836,0.1257,0.3502,0.4968,1.7086,0.147,0.1883,0.1883,0.1883,0.426,0.0,0.0,0.1933,0.0,0.6193,0.0505,3.9455,0.0498,0,0,0,0,0,0,0,0,0,0,0,0,0,0,0,0,0,0,0,0,0,2475,100,59,60,56,72,68,0,12,0,12,0,12,47,59,0,12,7.4,4.5,2.0,1.8,2.4,2.3,0.0,1.1,0.0,1.1,0.0,1.1,1.5,2.0,0.0,1.1
39,Ohio,OH,39153,Summit County,39153520202,Census Tract 5202.02; Summit County; Ohio,0.675772708888,4614,384,2250,150,2250,150,1195,417,56,50,747,216,291,199,601,363,893,158,763,154,734,216,135,111,187,142,693,637,432,125,0,12,0,16,237,114,19,3,26.0,8.8,2.1,1.8,33.2,9.3,8.7,5.9,13.0,7.7,19.4,3.8,16.5,2.7,15.9,4.5,6.0,4.9,4.3,3.3,15.0,13.7,19.2,5.4,0.0,1.5,0.0,0.7,10.5,5.0,0.4,0.1,0.6423,0.2086,0.7971,0.5574,0.9108,3.1162,0.6924,0.6287,0.1823,0.5985,0.5517,0.9353,2.8965,0.7752,0.4943,0.4943,0.4943,0.834,0.0,0.0,0.7343,0.5374,2.1057,0.4638,8.6127,0.6762,0,0,0,0,1,1,0,0,0,0,1,1,0,0,0,0,0,0,0,0,2,2750,303,126,48,40,228,191,58,89,0,12,0,12,330,307,29,48,13.5,5.8,1.0,0.9,4.9,4.1,1.3,1.9,0.0,0.8,0.0,0.8,7.2,6.7,0.6,1.0
39,Ohio,OH,39153,Summit County,39153520301,Census Tract 5203.01; Summit County; Ohio,1.0789427339,3143,324,1708,130,1642,124,334,127,54,49,433,117,118,61,152,100,868,113,427,106,493,131,18,25,13,51,420,440,351,81,0,12,0,16,219,92,0,12,10.7,3.9,2.9,2.6,26.4,6.8,4.8,2.4,4.8,3.1,27.6,4.0,13.6,2.7,15.7,4.1,1.1,1.5,0.4,1.7,13.4,13.9,20.5,4.5,0.0,2.0,0.0,1.0,13.3,5.3,0.0,0.4,0.2307,0.327,0.6327,0.2888,0.4243,1.9035,0.3371,0.9299,0.0904,0.5874,0.0829,0.5412,2.2318,0.3943,0.4569,0.4569,0.4569,0.8524,0.0,0.0,0.8063,0.0,1.6587,0.2775,6.2509,0.3,0,0,0,0,0,0,1,0,0,0,0,1,0,0,0,0,0,0,0,0,1,2613,340,93,120,91,33,37,44,36,0,12,0,12,223,129,0,12,20.7,5.7,3.8,2.9,1.0,1.2,1.4,1.1,0.0,1.1,0.0,1.1,7.1,3.9,0.0,1.1
39,Ohio,OH,39153,Summit County,39153520302,Census Tract 5203.02; Summit County; Ohio,0.6131442617739999,3793,502,1665,196,1611,207,197,112,76,58,241,100,122,102,353,228,513,55,628,98,408,124,0,16,152,123,748,720,0,16,0,12,49,47,75,61,0,12,5.2,2.9,3.2,2.5,15.0,5.9,4.2,3.6,9.3,5.6,13.5,2.0,16.6,2.7,10.8,3.1,0.0,1.0,4.3,3.4,19.7,18.8,0.0,1.0,0.0,2.1,3.0,2.9,4.7,3.8,0.0,0.3,0.0685,0.3711,0.1908,0.2441,0.7871,1.6616,0.2695,0.2616,0.1874,0.2691,0.0,0.9353,1.6534,0.1273,0.5866,0.5866,0.5866,0.0,0.0,0.8429,0.4479,0.0,1.2908,0.1717,5.1924,0.1597,0,0,0,0,0,0,0,0,0,0,1,1,0,0,0,0,0,0,0,0,1,2494,133,75,82,68,187,136,420,256,0,12,0,12,59,41,0,12,8.3,4.6,2.2,1.8,4.9,3.7,11.1,6.5,0.0,0.9,0.0,0.9,1.6,1.1,0.0,0.9
39,Ohio,OH,39153,Summit County,39153520400,Census Tract 5204; Summit County; Ohio,1.058824503088,4356,443,1990,139,1950,154,540,327,124,77,332,135,118,106,163,114,533,137,823,201,667,242,113,104,16,53,525,668,7,16,17,27,17,29,66,70,19,5,12.4,7.4,4.6,2.9,17.0,6.8,3.9,3.3,3.7,2.6,12.2,3.4,18.9,3.8,15.3,6.0,5.8,5.3,0.4,1.3,12.1,15.3,0.4,0.8,0.9,1.4,0.9,1.5,3.4,3.6,0.4,0.1,0.2818,0.5451,0.2714,0.2191,0.3021,1.6195,0.2594,0.2032,0.3107,0.5646,0.54,0.5412,2.1597,0.3556,0.4204,0.4204,0.4204,0.2743,0.6187,0.5384,0.3438,0.5374,2.3126,0.554,6.5122,0.3441,0,0,0,0,0,0,0,0,0,0,0,0,0,0,0,0,0,0,0,0,0,8358,140,89,2,10,208,197,0,12,0,12,0,12,315,305,0,12,7.2,4.5,0.0,0.2,4.8,4.5,0.0,0.8,0.0,0.8,0.0,0.8,7.2,7.0,0.0,0.8
39,Ohio,OH,39153,Summit County,39153520500,Census Tract 5205; Summit County; Ohio,0.641773338972,4494,675,2045,215,1979,222,530,161,197,177,308,113,168,89,380,185,611,114,877,379,325,112,73,54,66,76,550,1015,107,82,0,12,23,32,59,61,0,12,11.8,3.1,7.1,6.1,15.6,5.4,5.0,2.7,8.5,4.3,13.6,3.3,19.5,5.9,7.2,2.6,3.7,2.7,1.6,1.8,12.2,22.5,5.2,4.0,0.0,1.7,1.2,1.6,3.0,3.1,0.0,0.3,0.2656,0.7283,0.213,0.3041,0.7471,2.2581,0.4422,0.2695,0.3535,0.0774,0.34,0.7971,1.8375,0.1968,0.4226,0.4226,0.4226,0.5648,0.0,0.6038,0.3051,0.0,1.4737,0.2216,5.9919,0.2571,0,0,0,0,0,0,0,0,0,0,0,0,0,0,0,0,0,0,0,0,0,1793,158,83,104,89,60,65,317,244,0,12,0,12,50,48,19,30,8.0,4.1,2.3,2.1,1.3,1.4,7.1,5.6,0.0,0.8,0.0,0.8,1.1,1.1,0.4,0.7
39,Ohio,OH,39153,Summit County,39153520600,Census Tract 5206; Summit County; Ohio,0.8616267676079999,3694,550,1678,185,1645,189,695,368,153,118,375,130,172,135,72,74,715,92,717,198,511,155,57,57,19,57,574,789,115,80,0,12,0,16,94,116,83,3,19.8,10.2,7.5,5.2,22.8,7.5,6.1,4.6,2.0,2.1,19.4,3.2,19.4,3.6,14.1,4.2,3.5,3.4,0.5,1.6,15.5,21.2,6.9,4.7,0.0,2.1,0.0,1.0,5.7,6.7,2.2,0.3,0.5014,0.7479,0.5,0.3897,0.1209,2.2599,0.4432,0.6287,0.3453,0.4862,0.3187,0.5796,2.3585,0.4698,0.5054,0.5054,0.5054,0.6146,0.0,0.0,0.5241,0.773,1.9117,0.3803,7.0355,0.4286,0,0,0,0,0,0,0,0,0,0,0,0,0,0,0,0,0,0,0,0,0,3717,96,51,421,321,29,39,63,92,0,12,0,12,61,49,0,12,5.8,3.1,11.4,8.5,0.8,1.1,1.7,2.5,0.0,0.9,0.0,0.9,1.7,1.4,0.0,0.9
39,Ohio,OH,39153,Summit County,39153530101,Census Tract 5301.01; Summit County; Ohio,6.388978829372,7204,539,3048,304,2888,307,354,210,26,28,453,210,164,150,274,205,1220,266,1663,178,605,253,83,59,144,119,1993,861,106,76,0,17,56,72,30,31,0,17,4.9,2.9,0.6,0.7,15.7,7.1,3.1,2.9,3.8,2.9,16.9,3.7,23.1,2.6,8.4,3.6,2.9,2.0,2.1,1.8,27.7,11.8,3.5,2.5,0.0,1.1,1.9,2.5,1.0,1.1,0.0,0.2,0.0609,0.0422,0.2175,0.1579,0.3113,0.7898,0.0622,0.4575,0.5948,0.1311,0.2473,0.8427,2.2734,0.4213,0.6839,0.6839,0.6839,0.4943,0.0,0.7219,0.1067,0.0,1.3229,0.1806,5.07,0.1489,0,0,0,0,0,0,0,0,0,0,0,0,0,0,0,0,0,0,0,0,0,2670,71,51,682,222,23,32,1063,411,0,17,16,26,209,138,0,17,2.5,1.7,9.5,2.9,0.3,0.4,14.8,5.9,0.0,0.5,0.2,0.4,2.9,1.9,0.0,0.5
39,Ohio,OH,39153,Summit County,39153530103,Census Tract 5301.03; Summit County; Ohio,2.73227976065,4698,596,1891,234,1831,234,396,222,140,107,430,129,206,134,191,131,820,111,942,211,311,105,97,78,119,105,1643,729,27,23,0,12,7,16,23,17,0,12,8.5,4.6,4.8,3.5,23.5,6.4,6.2,3.7,4.1,2.7,17.5,2.4,20.1,3.2,6.6,2.2,5.3,4.2,2.7,2.3,35.0,14.9,1.4,1.2,0.0,1.8,0.4,0.9,1.3,0.9,0.0,0.3,0.1622,0.5603,0.5254,0.3966,0.3478,1.9923,0.3635,0.4959,0.3906,0.0584,0.5022,0.8827,2.3298,0.4527,0.7448,0.7448,0.7448,0.3663,0.0,0.4206,0.1349,0.0,0.9218,0.0949,5.9887,0.2562,0,0,0,0,0,0,0,0,0,0,0,0,0,0,0,0,0,0,0,0,0,7833,135,76,670,211,335,189,271,230,0,12,0,12,304,170,63,69,7.4,4.1,14.3,3.7,7.1,3.8,5.8,4.9,0.0,0.7,0.0,0.7,6.5,3.3,1.3,1.5
39,Ohio,OH,39153,Summit County,39153530104,Census Tract 5301.04; Summit County; Ohio,3.299753561252,8182,993,3374,259,3305,268,713,527,73,85,806,246,117,86,153,121,1406,210,2162,585,863,203,240,123,43,72,2317,1484,373,124,21,35,10,24,125,80,5,2,8.7,6.4,1.6,1.9,24.4,7.2,2.1,1.6,1.9,1.5,17.2,3.7,26.4,4.5,10.6,2.9,7.2,3.7,0.6,0.9,28.3,17.8,11.1,3.6,0.6,1.0,0.3,0.7,3.8,2.5,0.1,0.0,0.1695,0.1346,0.5559,0.0938,0.1104,1.0642,0.1146,0.4765,0.7882,0.2542,0.6337,0.6088,2.7614,0.713,0.6902,0.6902,0.6902,0.7108,0.5876,0.4041,0.38,0.3694,2.4519,0.6159,6.9677,0.4184,0,0,0,0,0,0,0,0,0,0,0,0,0,0,0,0,0,0,0,0,0,5611,234,142,1521,545,114,102,399,193,28,30,0,17,201,148,54,66,7.1,4.3,18.6,6.9,1.4,1.3,4.9,2.5,0.3,0.4,0.0,0.4,2.5,1.9,0.7,0.8
39,Ohio,OH,39153,Summit County,39153530105,Census Tract 5301.05; Summit County; Ohio,6.131593969724,2960,351,1207,155,1201,154,437,144,154,101,309,98,258,119,47,55,662,95,665,189,445,137,92,55,31,55,1561,417,134,53,0,12,0,16,202,78,144,4,15.5,4.7,11.4,7.0,25.7,7.5,12.3,5.3,1.7,1.9,22.4,3.6,22.5,5.1,15.8,4.8,7.7,4.5,1.1,2.0,52.7,12.6,11.1,4.2,0.0,2.9,0.0,1.3,16.8,6.6,4.9,0.6,0.3786,0.8721,0.6067,0.7308,0.092,2.6802,0.5667,0.7663,0.5526,0.5941,0.667,0.7254,3.3054,0.9105,0.837,0.837,0.837,0.7108,0.0,0.0,0.8644,0.9036,2.4788,0.6283,9.3014,0.7667,0,0,0,0,0,0,0,0,0,0,0,0,0,0,0,0,0,0,1,1,1,7253,221,78,1253,363,76,111,173,169,0,12,0,12,59,52,0,12,18.4,6.7,42.3,9.4,2.6,3.8,5.8,5.5,0.0,1.2,0.0,1.2,2.0,1.8,0.0,1.2
39,Ohio,OH,39153,Summit County,39153530108,Census Tract 5301.08; Summit County; Ohio,1.514710578568,4391,417,1942,187,1919,189,295,136,106,99,410,144,108,69,138,78,1097,203,963,174,390,118,179,101,32,55,1603,552,181,82,0,12,18,29,72,59,11,2,6.7,3.0,4.8,4.5,21.4,7.2,3.3,2.1,3.2,1.8,25.0,3.8,21.9,3.5,8.9,2.7,9.3,5.2,0.8,1.3,36.5,12.1,9.3,4.1,0.0,1.8,0.9,1.5,3.8,3.0,0.3,0.0,0.1092,0.5603,0.4521,0.176,0.2491,1.5467,0.2365,0.8678,0.5098,0.1552,0.7495,0.6636,2.9459,0.7997,0.753,0.753,0.753,0.6784,0.0,0.5384,0.38,0.4924,2.0892,0.4537,7.3348,0.4752,0,0,0,0,0,0,0,0,0,0,0,0,0,0,0,0,0,0,0,0,0,2176,114,88,797,248,165,124,480,210,0,12,0,12,95,62,66,98,5.9,4.4,18.2,4.8,3.8,2.8,10.9,4.6,0.0,0.8,0.0,0.8,2.2,1.4,1.5,2.2
39,Ohio,OH,39153,Summit County,39153530401,Census Tract 5304.01; Summit County; Ohio,1.148488198344,3496,429,1418,145,1333,152,372,157,148,88,271,121,127,77,51,42,837,279,596,129,476,223,21,24,29,63,221,615,64,54,12,21,16,22,79,52,82,4,10.9,4.4,7.2,4.0,20.3,8.8,4.8,2.8,1.5,1.2,23.9,6.9,17.0,3.8,13.9,5.4,1.6,1.8,0.9,1.9,6.3,17.6,4.5,3.8,0.8,1.5,1.2,1.6,5.9,4.0,2.3,0.3,0.2374,0.7337,0.4086,0.2888,0.072,1.7405,0.2914,0.831,0.2067,0.4754,0.1238,0.6855,2.3224,0.4454,0.208,0.208,0.208,0.5397,0.6095,0.6038,0.5349,0.7815,3.0694,0.8492,7.3403,0.4756,0,0,0,0,0,0,0,0,0,0,0,0,0,0,0,0,0,0,0,0,0,3161,152,75,36,46,6,12,160,117,0,12,0,12,19,22,0,12,11.4,5.8,1.0,1.3,0.2,0.3,4.6,3.4,0.0,1.0,0.0,1.0,0.5,0.6,0.0,1.0
39,Ohio,OH,39153,Summit County,39153530402,Census Tract 5304.02; Summit County; Ohio,0.891633456742,3430,352,1472,147,1328,150,521,260,72,61,250,92,89,58,96,62,468,87,685,146,349,128,66,56,27,53,729,508,55,45,0,12,15,26,31,34,156,4,16.0,7.8,3.6,3.0,18.8,6.6,3.9,2.6,2.9,1.9,13.6,3.0,20.0,3.4,10.7,3.9,4.9,4.2,0.9,1.7,21.3,14.6,3.7,3.0,0.0,2.3,1.1,2.0,2.3,2.6,4.5,0.5,0.391,0.4308,0.3444,0.2191,0.2142,1.5995,0.254,0.2695,0.3836,0.2615,0.4644,0.6855,2.0645,0.3038,0.6081,0.6081,0.6081,0.5048,0.0,0.587,0.2429,0.8922,2.2269,0.5137,6.499,0.3416,0,0,0,0,0,0,0,0,0,0,0,0,0,0,0,0,0,0,0,0,0,2061,48,36,316,208,48,69,190,178,0,12,0,12,175,134,0,12,3.6,2.8,9.2,6.0,1.4,2.0,5.5,5.1,0.0,1.0,0.0,1.0,5.1,3.8,0.0,1.0
39,Ohio,OH,39153,Summit County,39153530501,Census Tract 5305.01; Summit County; Ohio,1.877138348336,5975,762,2716,337,2346,274,484,252,103,100,264,109,140,86,372,240,1088,118,1291,448,771,207,157,146,6,66,917,1046,271,112,55,41,5,27,74,51,85,14,8.3,4.2,3.5,3.2,11.3,4.5,3.4,2.0,6.4,3.8,18.2,3.0,21.6,6.2,13.2,3.5,6.7,6.2,0.1,1.2,15.3,17.4,10.0,3.9,2.0,1.5,0.2,1.2,3.2,2.2,1.4,0.2,0.1542,0.4156,0.0771,0.1836,0.5849,1.4154,0.2032,0.5466,0.4918,0.4307,0.5975,0.4245,2.4911,0.5524,0.5013,0.5013,0.5013,0.6905,0.6978,0.3905,0.3248,0.7029,2.8065,0.7619,7.2143,0.454,0,0,0,0,0,0,0,0,0,0,0,0,0,0,0,0,0,0,0,0,0,4504,179,101,158,128,16,28,467,497,0,17,0,17,276,215,0,17,7.6,4.3,2.6,2.1,0.3,0.5,7.8,8.0,0.0,0.6,0.0,0.6,4.6,3.6,0.0,0.6
39,Ohio,OH,39153,Summit County,39153530502,Census Tract 5305.02; Summit County; Ohio,2.706751854716,3012,241,1382,107,1294,99,273,115,41,28,261,91,77,48,55,38,1035,198,550,87,426,98,32,35,0,48,258,345,297,83,0,12,10,18,76,31,1,2,9.1,3.7,2.9,2.0,20.2,6.9,3.4,2.1,1.8,1.2,34.4,5.3,18.3,2.5,14.1,3.4,2.5,2.7,0.0,1.6,8.6,11.4,21.4,5.8,0.0,2.5,0.8,1.4,5.9,2.5,0.0,0.1,0.1834,0.327,0.4029,0.1836,0.1022,1.1991,0.1473,0.9838,0.272,0.4862,0.2114,0.0,1.9534,0.2502,0.3047,0.3047,0.3047,0.8606,0.0,0.5117,0.5349,0.0,1.9072,0.379,5.3644,0.1752,0,0,0,0,0,0,1,0,0,0,0,1,0,0,0,0,0,0,0,0,1,3139,113,57,72,51,85,67,29,32,0,12,0,12,72,60,0,12,8.7,4.3,2.4,1.7,2.8,2.2,1.0,1.1,0.0,1.2,0.0,1.2,2.4,2.0,0.0,1.2
39,Ohio,OH,39153,Summit County,39153530603,Census Tract 5306.03; Summit County; Ohio,4.055462511608,4630,684,2284,305,2067,337,958,423,315,300,663,328,90,77,257,118,451,113,965,253,368,138,144,104,74,91,785,892,767,191,0,12,33,40,148,90,69,6,21.4,8.9,11.3,9.6,32.1,15.0,3.0,2.4,5.6,2.6,9.7,2.4,20.8,4.1,8.1,3.1,6.9,4.9,1.7,2.1,17.0,19.1,33.6,7.1,0.0,1.5,1.6,1.9,7.2,4.1,1.5,0.3,0.5401,0.8695,0.7737,0.1512,0.5075,2.842,0.6152,0.1138,0.4369,0.1162,0.613,0.8094,2.0893,0.3168,0.5349,0.5349,0.5349,0.9333,0.0,0.6794,0.6111,0.7146,2.9384,0.8083,8.4046,0.6495,0,0,0,0,0,0,0,0,0,0,0,0,0,0,1,0,0,0,0,1,1,7604,62,70,108,112,95,159,228,200,0,12,0,12,354,499,0,12,3.0,3.2,2.3,2.4,2.1,3.5,4.9,4.1,0.0,0.8,0.0,0.8,7.6,10.2,0.0,0.8
39,Ohio,OH,39153,Summit County,39153530604,Census Tract 5306.04; Summit County; Ohio,1.764925524076,3100,241,1288,107,1253,110,196,110,34,36,152,76,63,38,37,30,696,95,624,120,356,93,43,43,0,48,184,367,24,39,0,12,0,16,20,31,13,6,6.4,3.5,2.1,2.1,12.1,6.0,2.8,1.7,1.2,0.9,22.5,3.3,20.1,3.0,11.5,3.1,3.4,3.4,0.0,1.6,5.9,11.8,1.9,3.0,0.0,2.7,0.0,1.3,1.6,2.5,0.4,0.2,0.0984,0.2086,0.1006,0.1386,0.0511,0.5973,0.0327,0.7717,0.3906,0.3158,0.3089,0.0,1.787,0.1752,0.1883,0.1883,0.1883,0.3975,0.0,0.0,0.1724,0.5374,1.1073,0.126,3.6799,0.0375,0,0,0,0,0,0,0,0,0,0,0,0,0,0,0,0,0,0,0,0,0,1935,74,46,96,96,52,50,12,14,0,12,0,12,5,11,19,30,5.9,3.6,3.1,3.1,1.7,1.6,0.4,0.5,0.0,1.1,0.0,1.1,0.2,0.4,0.6,1.0
39,Ohio,OH,39153,Summit County,39153530605,Census Tract 5306.05; Summit County; Ohio,2.30298066889,5135,583,2252,230,2144,235,457,228,56,54,402,150,86,63,81,79,846,178,1174,236,366,171,82,59,0,68,477,828,232,103,0,17,0,24,0,17,25,3,8.9,4.3,1.9,1.9,18.8,6.7,2.5,1.8,1.6,1.6,16.5,3.4,22.9,3.4,7.2,3.0,3.8,2.7,0.0,1.4,9.3,16.1,10.3,4.5,0.0,1.5,0.0,1.1,0.0,1.6,0.5,0.0,0.1765,0.1787,0.3444,0.1192,0.0825,0.9013,0.0825,0.4306,0.5808,0.0774,0.3502,0.0,1.439,0.0756,0.331,0.331,0.331,0.6978,0.0,0.0,0.0,0.5742,1.272,0.1679,3.9433,0.0495,0,0,0,0,0,0,0,0,0,0,0,0,0,0,0,0,0,0,0,0,0,3498,47,37,218,137,13,22,52,62,0,17,0,17,176,133,18,29,2.2,1.7,4.2,2.7,0.3,0.4,1.0,1.2,0.0,0.7,0.0,0.7,3.4,2.6,0.4,0.6
39,Ohio,OH,39153,Summit County,39153530606,Census Tract 5306.06; Summit County; Ohio,2.34254840185,5681,545,2135,240,2092,211,383,206,57,54,328,189,55,43,101,102,843,179,1397,241,556,223,138,109,0,68,392,696,92,53,0,17,0,24,163,164,14,4,6.7,3.6,1.8,1.7,15.7,8.9,1.5,1.2,1.8,1.8,14.8,2.8,24.6,2.9,9.9,4.1,6.6,5.2,0.0,1.3,6.9,12.2,4.3,2.4,0.0,1.6,0.0,1.1,7.8,7.4,0.2,0.1,0.1092,0.1654,0.2175,0.058,0.1022,0.6523,0.0413,0.3335,0.6877,0.2104,0.5902,0.0,1.8218,0.1898,0.2318,0.2318,0.2318,0.5314,0.0,0.0,0.6394,0.4356,1.6064,0.26,4.3123,0.0803,0,0,0,0,0,0,0,0,0,0,0,0,0,0,0,0,0,0,0,0,0,4237,186,182,137,127,28,44,0,17,17,25,0,17,210,172,0,17,8.9,8.2,2.4,2.1,0.5,0.8,0.0,0.6,0.3,0.4,0.0,0.6,3.7,2.8,0.0,0.6
39,Ohio,OH,39153,Summit County,39153530700,Census Tract 5307; Summit County; Ohio,1.41816809008,2621,237,1102,86,1025,79,96,60,43,26,137,50,45,43,25,17,722,97,458,97,309,78,15,14,0,48,245,344,0,16,0,12,0,16,29,22,9,2,3.7,2.3,3.3,2.0,13.4,4.8,2.3,2.2,1.0,0.7,27.5,4.0,17.5,3.3,11.8,3.0,1.5,1.4,0.0,1.9,9.3,13.1,0.0,1.5,0.0,3.1,0.0,1.6,2.8,2.2,0.3,0.1,0.0378,0.386,0.1371,0.1068,0.0394,0.7071,0.0473,0.9271,0.2305,0.3351,0.1156,0.0,1.6083,0.1152,0.331,0.331,0.331,0.0,0.0,0.0,0.2848,0.4924,0.7772,0.0702,3.4236,0.0273,0,0,0,0,0,0,1,0,0,0,0,1,0,0,0,0,0,0,0,0,1,1331,72,31,59,73,46,53,34,41,0,12,0,12,106,73,0,12,7.0,3.1,2.3,2.8,1.8,2.1,1.3,1.6,0.0,1.3,0.0,1.3,4.0,2.8,0.0,1.3
39,Ohio,OH,39153,Summit County,39153530800,Census Tract 5308; Summit County; Ohio,5.494767755678,6714,467,2892,322,2757,313,580,297,118,80,610,264,188,117,201,110,1968,292,1300,221,1202,259,28,46,40,79,688,766,388,232,0,17,58,61,263,200,111,4,8.8,4.5,4.0,2.7,22.1,9.2,3.8,2.4,3.0,1.7,29.3,4.4,19.4,3.2,18.2,3.9,1.0,1.7,0.6,1.2,10.2,11.4,13.4,7.9,0.0,1.2,2.1,2.2,9.5,6.8,1.7,0.1,0.173,0.4756,0.4768,0.2102,0.2291,1.5647,0.2422,0.9518,0.3453,0.7204,0.0759,0.6088,2.7022,0.6819,0.363,0.363,0.363,0.7546,0.0,0.7448,0.7013,0.7381,2.9388,0.8089,7.5687,0.5121,0,0,0,0,0,0,1,0,0,0,0,1,0,0,0,0,0,0,0,0,1,4745,406,233,127,98,148,157,168,218,0,17,0,17,245,194,0,17,14.7,8.1,1.9,1.5,2.2,2.4,2.5,3.3,0.0,0.5,0.0,0.5,3.6,2.9,0.0,0.5
39,Ohio,OH,39153,Summit County,39153530901,Census Tract 5309.01; Summit County; Ohio,2.649447754182,4269,432,2072,206,1996,219,420,206,122,99,431,175,243,107,155,99,1141,245,728,164,709,253,103,79,140,157,985,587,158,83,65,66,0,16,109,83,89,9,10.2,4.9,5.6,4.5,21.6,8.4,7.4,3.3,3.7,2.3,26.7,5.1,17.1,3.2,16.9,5.5,5.2,3.9,3.4,3.8,23.1,13.6,7.6,3.9,3.1,3.2,0.0,0.8,5.5,4.0,2.1,0.3,0.2123,0.6276,0.459,0.4775,0.3021,2.0785,0.3917,0.9144,0.2096,0.6598,0.4921,0.9119,3.1878,0.8832,0.6294,0.6294,0.6294,0.6375,0.7371,0.0,0.5098,0.7644,2.6488,0.6981,8.5445,0.6679,0,0,0,0,0,0,1,0,0,0,1,2,0,0,0,0,0,0,0,0,2,5038,248,130,440,186,28,41,329,322,0,12,0,12,188,138,0,12,12.4,6.3,10.3,4.5,0.7,0.9,7.7,7.3,0.0,0.8,0.0,0.8,4.4,3.2,0.0,0.8
39,Ohio,OH,39153,Summit County,39153530902,Census Tract 5309.02; Summit County; Ohio,4.499757032844,7074,657,2904,191,2842,171,582,208,71,55,551,214,436,364,202,136,1718,315,1213,257,1021,288,6,20,200,243,1077,846,440,178,19,26,9,25,80,71,126,4,8.4,2.9,1.9,1.5,19.4,7.4,8.0,6.3,2.9,2.0,24.3,4.9,17.1,2.5,14.7,3.7,0.2,0.7,3.0,3.6,15.2,11.9,15.2,6.0,0.7,0.9,0.3,0.9,2.8,2.5,1.8,0.2,0.1568,0.1787,0.3708,0.5133,0.2142,1.4338,0.2073,0.8421,0.2096,0.5287,0.0394,0.8976,2.5174,0.5673,0.499,0.499,0.499,0.7816,0.6003,0.4041,0.2848,0.7445,2.8153,0.7648,7.2655,0.4654,0,0,0,0,0,0,0,0,0,0,0,0,0,0,0,0,0,0,0,0,0,6531,342,139,185,134,65,69,612,740,0,17,0,17,215,146,0,17,12.0,5.0,2.6,1.9,0.9,1.0,8.7,10.0,0.0,0.5,0.0,0.5,3.0,2.1,0.0,0.5
39,Ohio,OH,39153,Summit County,39153530903,Census Tract 5309.03; Summit County; Ohio,3.700159868148,5039,428,1887,154,1836,163,314,122,25,28,192,82,209,155,160,81,923,130,1101,140,394,112,35,33,0,68,83,605,0,24,0,17,20,35,17,20,21,3,6.3,2.4,0.9,1.0,10.5,4.4,5.8,4.2,3.2,1.6,18.3,2.2,21.8,2.3,7.8,2.0,1.9,1.8,0.0,1.4,1.6,12.0,0.0,1.3,0.0,1.8,1.1,1.9,0.9,1.1,0.4,0.0,0.0952,0.0654,0.059,0.3662,0.2491,0.8349,0.0705,0.5549,0.5025,0.1012,0.1517,0.0,1.3103,0.0546,0.0222,0.0222,0.0222,0.0,0.0,0.587,0.0975,0.5374,1.2219,0.1527,3.3893,0.0251,0,0,0,0,0,0,0,0,0,0,0,0,0,0,0,0,0,0,0,0,0,3784,142,75,28,34,10,11,6,12,0,17,0,17,39,35,0,17,7.7,4.0,0.6,0.7,0.2,0.2,0.1,0.2,0.0,0.7,0.0,0.7,0.8,0.7,0.0,0.7
39,Ohio,OH,39153,Summit County,39153531001,Census Tract 5310.01; Summit County; Ohio,2.736510280264,3510,202,1476,107,1467,106,430,145,58,35,208,70,123,67,107,77,593,75,744,142,479,113,71,44,0,48,213,275,38,27,10,14,0,16,41,28,10,3,12.5,4.1,2.9,1.8,14.2,4.7,5.0,2.7,3.0,2.2,16.9,2.2,21.2,3.4,13.6,2.9,4.8,3.0,0.0,1.4,6.1,7.8,2.6,1.8,0.7,1.0,0.0,1.1,2.8,1.9,0.3,0.1,0.2847,0.327,0.161,0.3041,0.2291,1.3059,0.1717,0.4575,0.4654,0.4532,0.4565,0.0,1.8326,0.1952,0.1972,0.1972,0.1972,0.446,0.6003,0.0,0.2848,0.4924,1.8235,0.3457,5.1592,0.1571,0,0,0,0,0,0,0,0,0,0,0,0,0,0,0,0,0,0,0,0,0,5268,161,63,0,12,88,74,13,19,0,12,0,12,112,83,0,12,11.0,4.2,0.0,1.0,2.5,2.1,0.4,0.5,0.0,1.0,0.0,1.0,3.2,2.3,0.0,1.0
39,Ohio,OH,39153,Summit County,39153531002,Census Tract 5310.02; Summit County; Ohio,3.062841374052,5755,535,2686,276,2543,280,1058,414,221,159,740,287,579,190,328,245,1390,291,860,286,1112,338,19,36,31,80,596,779,0,24,485,190,0,24,132,84,31,4,18.4,7.0,7.7,5.4,29.1,10.8,13.1,4.5,5.7,4.2,24.2,4.8,14.9,4.5,19.3,5.7,0.7,1.4,0.6,1.4,10.4,13.5,0.0,0.9,18.1,6.8,0.0,0.9,5.2,3.3,0.5,0.1,0.4656,0.7571,0.7054,0.7609,0.5176,3.2066,0.7137,0.8399,0.1259,0.7775,0.0546,0.6088,2.4067,0.5025,0.3694,0.3694,0.3694,0.0,0.9476,0.0,0.4844,0.5742,2.0062,0.419,7.9889,0.5841,0,0,0,0,0,0,0,0,0,0,0,0,0,0,0,1,0,0,0,1,1,4270,307,166,172,164,172,167,8,2,8,14,0,17,236,153,0,17,12.1,6.2,3.0,2.8,3.0,2.8,0.1,0.1,0.1,0.2,0.0,0.6,4.1,2.7,0.0,0.6
39,Ohio,OH,39153,Summit County,39153531101,Census Tract 5311.01; Summit County; Ohio,1.567670259398,2864,377,1430,183,1273,172,461,248,184,119,215,89,353,154,298,171,554,157,429,159,402,112,28,31,0,48,213,519,0,16,18,20,0,16,15,18,0,12,16.1,8.4,10.6,6.1,16.9,6.6,15.5,6.4,10.4,6.1,19.3,5.2,15.0,4.7,14.0,3.8,2.2,2.4,0.0,1.7,7.4,18.1,0.0,1.1,1.3,1.4,0.0,1.3,1.2,1.4,0.0,0.4,0.3929,0.8565,0.2676,0.831,0.8347,3.1827,0.7092,0.6208,0.1294,0.4811,0.1762,0.0,1.4075,0.0689,0.2521,0.2521,0.2521,0.0,0.6505,0.0,0.1276,0.0,0.7781,0.0708,5.6204,0.2025,0,0,0,0,0,0,0,0,0,0,0,0,0,0,0,0,0,0,0,0,0,1735,99,57,65,94,95,113,0,12,7,11,0,12,46,49,0,12,7.8,4.3,2.3,3.2,3.3,3.9,0.0,1.2,0.2,0.4,0.0,1.2,1.6,1.7,0.0,1.2
39,Ohio,OH,39153,Summit County,39153531102,Census Tract 5311.02; Summit County; Ohio,5.5906955697819996,4198,431,1772,144,1647,162,681,291,32,29,239,87,274,97,201,98,900,116,725,175,650,169,69,49,0,48,319,614,0,16,11,18,0,16,32,26,14,4,16.2,6.7,1.4,1.3,14.5,5.1,8.7,3.1,4.8,2.3,21.4,3.5,17.3,3.5,15.5,3.8,4.2,2.9,0.0,1.2,7.6,14.6,0.0,0.9,0.6,1.0,0.0,1.0,1.9,1.6,0.3,0.1,0.3951,0.1117,0.1721,0.5574,0.4243,1.6606,0.2692,0.7299,0.2194,0.5773,0.394,0.0,1.9206,0.2327,0.2609,0.2609,0.2609,0.0,0.5876,0.0,0.2029,0.4924,1.2829,0.1702,5.125,0.1543,0,0,0,0,0,0,0,0,0,0,0,0,0,0,0,0,0,0,0,0,0,3021,149,68,58,55,71,70,46,41,0,12,0,12,144,85,0,12,9.0,4.0,1.4,1.3,1.7,1.7,1.1,1.0,0.0,0.8,0.0,0.8,3.4,2.0,0.0,0.8
39,Ohio,OH,39153,Summit County,39153531103,Census Tract 5311.03; Summit County; Ohio,4.511560943188,3164,302,1461,157,1346,176,513,264,127,75,256,110,118,73,228,149,940,220,475,93,301,104,40,53,19,49,188,434,0,16,13,22,0,16,25,29,9,3,16.3,8.2,8.0,4.8,19.0,7.8,4.9,3.0,7.2,4.7,29.7,6.1,15.0,2.7,9.5,3.4,3.0,3.9,0.6,1.6,5.9,13.7,0.0,1.1,0.9,1.5,0.0,1.2,1.9,2.2,0.3,0.1,0.4002,0.773,0.354,0.2955,0.6557,2.4784,0.5019,0.9581,0.1294,0.1872,0.2619,0.6088,2.1454,0.3476,0.1883,0.1883,0.1883,0.0,0.6187,0.0,0.2029,0.4924,1.314,0.1781,6.1261,0.2784,0,0,0,0,0,0,1,0,0,0,0,1,0,0,0,0,0,0,0,0,1,3825,147,83,112,132,38,60,0,12,0,12,0,12,38,38,0,12,10.9,6.1,3.5,4.1,1.2,1.9,0.0,1.1,0.0,1.1,0.0,1.1,1.2,1.2,0.0,1.1
39,Ohio,OH,39153,Summit County,39153531405,Census Tract 5314.05; Summit County; Ohio,3.405925819722,4980,996,2045,222,1906,218,536,231,48,35,273,106,104,62,220,97,695,156,1452,649,462,158,179,89,9,48,249,1419,174,86,69,58,29,48,71,55,8,3,10.9,4.2,2.0,1.4,14.3,5.3,3.3,1.9,4.4,2.0,14.0,4.5,29.2,7.8,9.3,3.7,9.4,4.5,0.2,1.0,5.0,28.5,8.5,4.1,3.4,2.8,1.5,2.5,3.7,2.8,0.2,0.0,0.2374,0.194,0.1641,0.176,0.3758,1.1473,0.1349,0.2885,0.8928,0.1755,0.754,0.4556,2.5664,0.6019,0.1522,0.1522,0.1522,0.661,0.7448,0.6606,0.3727,0.4356,2.8747,0.787,6.7406,0.3848,0,0,0,0,0,0,0,0,0,0,0,0,0,0,0,0,0,0,0,0,0,2108,151,118,58,60,12,22,56,62,8,13,0,12,115,65,0,12,7.9,5.9,1.2,1.2,0.2,0.5,1.1,1.3,0.2,0.3,0.0,0.7,2.3,1.5,0.0,0.7
39,Ohio,OH,39153,Summit County,39153531406,Census Tract 5314.06; Summit County; Ohio,4.524905400512,4996,477,2225,218,2043,228,689,404,40,45,503,204,133,90,92,86,981,233,1284,295,508,187,152,123,14,51,635,660,412,128,0,12,0,16,110,73,18,4,14.0,8.1,1.6,1.8,24.6,9.6,3.8,2.5,1.8,1.7,19.6,4.4,25.7,4.3,10.2,3.7,7.4,6.0,0.3,1.1,12.7,13.2,18.5,5.5,0.0,1.6,0.0,0.8,5.4,3.5,0.4,0.1,0.3335,0.1346,0.5635,0.2102,0.1022,1.344,0.1816,0.6411,0.7511,0.2275,0.647,0.4968,2.7635,0.7159,0.4369,0.4369,0.4369,0.826,0.0,0.0,0.4994,0.5374,1.8628,0.3619,6.4072,0.3254,0,0,0,0,0,0,0,0,0,0,0,0,0,0,0,0,0,0,0,0,0,11160,132,104,218,209,139,137,176,203,0,12,0,12,87,99,15,24,6.5,4.9,4.4,4.1,2.8,2.6,3.5,4.1,0.0,0.7,0.0,0.7,1.7,1.9,0.3,0.5
39,Ohio,OH,39153,Summit County,39153531407,Census Tract 5314.07; Summit County; Ohio,7.60434645785,2777,573,1243,173,1076,169,345,306,17,27,156,84,25,27,48,43,366,128,751,294,219,104,12,23,0,48,67,807,247,111,0,12,17,28,16,26,0,12,12.4,10.7,1.1,1.8,14.5,7.5,1.4,1.5,1.7,1.5,13.2,5.4,27.0,5.8,7.9,3.7,1.1,2.1,0.0,1.8,2.4,29.1,19.8,8.5,0.0,2.8,1.6,2.6,1.5,2.4,0.0,0.4,0.2818,0.0803,0.1721,0.0536,0.092,0.6798,0.0444,0.2457,0.8158,0.106,0.0829,0.0,1.2504,0.046,0.0479,0.0479,0.0479,0.8432,0.0,0.6794,0.1597,0.0,1.6823,0.286,3.6604,0.0365,0,0,0,0,0,0,0,0,0,0,0,0,0,0,0,0,0,0,0,0,0,7863,63,51,42,51,0,12,0,12,0,12,0,12,25,28,0,12,5.9,4.7,1.5,1.8,0.0,1.3,0.0,1.3,0.0,1.3,0.0,1.3,0.9,1.0,0.0,1.3
39,Ohio,OH,39153,Summit County,39153531501,Census Tract 5315.01; Summit County; Ohio,2.7107078558079998,4354,585,1695,129,1574,160,380,275,194,140,207,100,79,48,19,29,918,153,962,313,548,260,65,68,1,46,176,866,78,67,94,90,0,16,0,12,170,18,9.1,6.4,8.6,5.4,13.2,6.2,2.7,1.6,0.5,0.7,21.1,4.2,22.1,5.4,13.1,5.5,4.1,4.3,0.0,1.1,4.0,19.9,4.6,3.9,5.5,5.3,0.0,1.0,0.0,2.2,3.9,0.7,0.1834,0.7975,0.1298,0.1325,0.0152,1.2584,0.1587,0.7191,0.5247,0.4199,0.3844,0.0,2.0481,0.2949,0.1046,0.1046,0.1046,0.5441,0.794,0.0,0.0,0.87,2.2081,0.5035,5.6192,0.2022,0,0,0,0,0,0,0,0,0,0,0,0,0,0,0,0,0,0,0,0,0,2354,79,52,31,33,16,23,122,160,7,11,0,12,0,12,0,12,5.0,3.3,0.7,0.8,0.4,0.5,2.8,3.8,0.2,0.3,0.0,0.8,0.0,0.8,0.0,0.8
39,Ohio,OH,39153,Summit County,39153531502,Census Tract 5315.02; Summit County; Ohio,7.088264763958,4260,481,1783,187,1693,191,275,160,54,41,207,101,20,26,296,195,822,239,1020,165,417,123,76,60,0,48,297,632,37,57,67,53,0,16,55,58,17,2,6.5,3.7,2.5,2.0,12.2,5.8,0.7,0.9,7.1,4.7,19.3,5.0,23.9,3.1,9.9,3.1,4.5,3.5,0.0,1.2,7.0,14.8,2.1,3.2,3.8,3.0,0.0,0.9,3.2,3.5,0.4,0.0,0.1028,0.2657,0.1032,0.0216,0.6452,1.1385,0.1324,0.6208,0.6516,0.2104,0.4286,0.0,1.9114,0.227,0.234,0.234,0.234,0.4111,0.7565,0.0,0.3248,0.5374,2.0298,0.4292,5.3137,0.1717,0,0,0,0,0,0,0,0,0,0,0,0,0,0,0,0,0,0,0,0,0,2720,125,84,17,23,53,82,13,22,0,12,0,12,214,149,0,12,7.4,5.0,0.4,0.5,1.2,1.9,0.3,0.5,0.0,0.8,0.0,0.8,5.0,3.2,0.0,0.8
39,Ohio,OH,39153,Summit County,39153531601,Census Tract 5316.01; Summit County; Ohio,3.679525418962,4258,396,1962,185,1804,189,530,268,74,73,377,124,136,76,187,148,1007,183,705,147,461,126,132,107,17,50,310,610,106,73,0,12,8,17,28,25,68,3,12.6,6.3,3.2,3.0,20.9,6.5,4.1,2.2,4.5,3.5,23.6,3.8,16.6,3.8,11.0,2.8,7.3,5.9,0.4,1.2,7.3,14.3,5.4,3.7,0.0,1.8,0.4,0.9,1.6,1.4,1.6,0.2,0.2897,0.3711,0.4314,0.2359,0.3875,1.7156,0.2829,0.8209,0.1874,0.2815,0.6416,0.5412,2.4726,0.541,0.2489,0.2489,0.2489,0.5686,0.0,0.4206,0.1724,0.727,1.8886,0.3708,6.3257,0.3102,0,0,0,0,0,0,0,0,0,0,0,0,0,0,0,0,0,0,0,0,0,2031,115,59,44,46,3,8,0,12,0,12,0,12,263,197,0,12,6.4,3.3,1.0,1.1,0.1,0.2,0.0,0.8,0.0,0.8,0.0,0.8,6.2,4.7,0.0,0.8
39,Ohio,OH,39153,Summit County,39153531602,Census Tract 5316.02; Summit County; Ohio,4.337932032094,3129,442,1257,127,1174,138,181,124,28,25,129,87,74,34,176,93,443,113,669,182,233,74,7,16,0,48,110,635,0,16,0,12,0,16,8,13,8,7,5.8,3.9,1.6,1.4,11.0,7.3,3.4,1.6,5.6,3.0,14.2,4.2,21.4,3.9,7.4,2.3,0.6,1.4,0.0,1.7,3.5,20.3,0.0,1.3,0.0,2.7,0.0,1.4,0.7,1.1,0.3,0.2,0.0797,0.1346,0.0689,0.1836,0.5075,0.9743,0.093,0.2993,0.4803,0.0847,0.0521,0.0,0.9164,0.0178,0.0847,0.0847,0.0847,0.0,0.0,0.0,0.0762,0.4924,0.5686,0.0444,2.544,0.0044,0,0,0,0,0,0,0,0,0,0,0,0,0,0,0,0,0,0,0,0,0,2700,109,47,39,49,1,3,0,12,0,12,0,12,70,65,0,12,9.3,4.0,1.2,1.7,0.0,0.1,0.0,1.1,0.0,1.1,0.0,1.1,2.2,2.1,0.0,1.1
39,Ohio,OH,39153,Summit County,39153531701,Census Tract 5317.01; Summit County; Ohio,10.304014499172,4164,536,1769,214,1742,215,179,71,98,71,128,47,124,66,170,78,923,325,671,140,583,219,124,85,83,93,146,760,0,16,0,12,0,16,25,22,0,12,4.3,1.6,4.3,2.9,7.3,2.5,3.9,2.1,4.1,2.0,22.2,6.8,16.1,3.4,14.0,4.7,7.2,4.8,2.0,2.3,3.5,18.2,0.0,0.9,0.0,2.0,0.0,0.9,1.4,1.3,0.0,0.3,0.0489,0.5117,0.0162,0.2191,0.3478,1.1437,0.133,0.7575,0.1658,0.4811,0.6337,0.8348,2.8729,0.7648,0.0847,0.0847,0.0847,0.0,0.0,0.0,0.1476,0.0,0.1476,0.0168,4.2489,0.0743,0,0,0,0,0,0,0,0,0,0,0,0,0,0,0,0,0,0,0,0,0,1814,124,65,0,12,43,45,21,32,0,12,0,12,82,79,0,12,7.1,3.8,0.0,0.8,1.0,1.1,0.5,0.8,0.0,0.8,0.0,0.8,2.0,1.9,0.0,0.8
39,Ohio,OH,39153,Summit County,39153531702,Census Tract 5317.02; Summit County; Ohio,11.06835128482,3769,337,1647,158,1524,162,471,200,187,157,165,69,111,63,107,57,801,159,659,149,401,103,62,59,0,48,309,480,0,16,159,54,0,16,43,50,5,3,12.5,5.2,8.4,6.9,10.8,4.4,3.8,2.2,2.8,1.5,21.3,3.2,17.5,3.6,10.6,2.7,4.0,3.8,0.0,1.3,8.2,12.7,0.0,1.0,9.7,3.2,0.0,1.0,2.8,3.3,0.1,0.1,0.2847,0.7876,0.0641,0.2102,0.1996,1.5462,0.2362,0.7251,0.2305,0.2542,0.3743,0.0,1.5841,0.1098,0.2892,0.2892,0.2892,0.0,0.8724,0.0,0.2848,0.3694,1.5266,0.2384,4.9461,0.1352,0,0,0,0,0,0,0,0,0,0,0,0,0,0,0,0,0,0,0,0,0,1514,99,59,2,3,51,57,9,14,0,12,0,12,138,92,109,118,6.5,3.9,0.1,0.1,1.4,1.5,0.2,0.4,0.0,0.9,0.0,0.9,3.7,2.4,2.9,3.1
39,Ohio,OH,39153,Summit County,39153531801,Census Tract 5318.01; Summit County; Ohio,3.251335212146,5099,431,2733,230,2591,247,892,386,240,184,626,269,169,115,455,254,1344,359,594,175,826,394,130,114,55,102,591,664,375,148,0,17,0,24,250,142,5,6,17.5,7.4,7.5,5.6,24.2,10.1,4.2,3.0,8.9,4.9,26.4,5.9,11.6,3.6,16.2,6.9,5.0,4.4,1.1,2.0,11.6,13.0,13.7,5.3,0.0,1.3,0.0,0.9,9.6,5.7,0.1,0.1,0.4402,0.7479,0.5486,0.2441,0.7661,2.7469,0.5857,0.909,0.0583,0.6144,0.4762,0.7254,2.7833,0.7244,0.4042,0.4042,0.4042,0.76,0.0,0.0,0.706,0.3694,1.8354,0.3498,7.7698,0.5457,0,0,0,0,0,0,1,0,0,0,0,1,0,0,0,0,0,0,0,0,1,6611,388,170,121,99,55,81,163,157,12,21,0,17,240,155,0,17,15.0,6.6,2.4,1.9,1.1,1.6,3.2,3.1,0.2,0.4,0.0,0.7,4.7,3.1,0.0,0.7
39,Ohio,OH,39153,Summit County,39153531802,Census Tract 5318.02; Summit County; Ohio,4.608076404536,4163,320,1880,159,1798,138,610,215,101,74,313,106,243,131,244,100,825,120,688,106,694,168,63,55,39,77,548,464,90,52,10,16,0,16,153,94,39,4,14.7,5.0,4.2,3.0,17.4,5.7,7.6,4.1,5.9,2.4,19.8,2.9,16.5,2.3,16.7,3.9,3.5,3.0,1.0,1.9,13.2,11.1,4.8,2.7,0.5,0.9,0.0,0.9,8.5,5.2,0.9,0.1,0.3548,0.4975,0.2854,0.4876,0.537,2.1623,0.414,0.6512,0.1823,0.6493,0.3187,0.707,2.5085,0.5625,0.4509,0.4509,0.4509,0.5511,0.5717,0.0,0.6679,0.6458,2.4365,0.6089,7.5582,0.5098,0,0,0,0,0,0,0,0,0,0,0,0,0,0,0,0,0,0,0,0,0,6504,223,96,207,108,208,131,52,59,0,12,0,12,81,55,0,12,12.4,5.1,5.0,2.6,5.0,3.1,1.2,1.4,0.0,0.8,0.0,0.8,1.9,1.3,0.0,0.8
39,Ohio,OH,39153,Summit County,39153532001,Census Tract 5320.01; Summit County; Ohio,7.73577557865,4010,375,1708,172,1668,173,833,386,146,75,365,160,349,172,185,136,912,259,827,188,510,166,66,40,0,48,347,563,0,16,16,24,3,23,17,21,1,1,20.9,9.5,7.3,3.7,21.9,9.3,12.1,5.8,4.6,3.3,22.7,6.0,20.6,3.9,12.7,3.9,3.9,2.4,0.0,1.3,8.7,14.0,0.0,0.9,0.9,1.4,0.2,1.4,1.0,1.2,0.0,0.0,0.5278,0.7387,0.4702,0.7242,0.3996,2.8605,0.6203,0.7819,0.4271,0.3951,0.3638,0.0,1.9679,0.2581,0.3085,0.3085,0.3085,0.0,0.6187,0.3905,0.1067,0.0,1.1159,0.127,6.2528,0.3006,0,0,0,0,0,0,0,0,0,0,0,0,0,0,0,0,0,0,0,0,0,2753,184,124,48,51,25,31,142,130,0,12,0,12,132,113,0,12,11.0,6.9,1.2,1.3,0.6,0.8,3.5,3.2,0.0,0.9,0.0,0.9,3.3,2.9,0.0,0.9
39,Ohio,OH,39153,Summit County,39153532003,Census Tract 5320.03; Summit County; Ohio,6.5431933736,3701,297,1686,190,1590,180,304,110,17,19,230,92,168,103,141,103,881,91,771,156,515,140,87,92,0,48,144,438,0,16,0,12,47,66,67,58,6,6,8.3,2.9,0.9,1.0,14.5,5.5,6.2,3.6,3.8,2.7,23.8,2.8,20.8,3.5,13.9,3.9,5.5,5.8,0.0,1.3,3.9,11.8,0.0,0.9,0.0,2.1,3.0,4.1,4.2,3.6,0.2,0.2,0.1542,0.0654,0.1721,0.3966,0.3113,1.0996,0.1225,0.8269,0.4369,0.4754,0.5171,0.0,2.2563,0.4083,0.1008,0.1008,0.1008,0.0,0.0,0.8429,0.4114,0.4356,1.6899,0.2898,5.1466,0.1562,0,0,0,0,0,0,0,0,0,0,0,0,0,0,0,0,0,0,0,0,0,4692,166,69,26,30,0,12,0,12,2,3,0,12,116,136,0,12,10.4,4.4,0.7,0.8,0.0,0.9,0.0,0.9,0.1,0.1,0.0,0.9,3.1,3.7,0.0,0.9
39,Ohio,OH,39153,Summit County,39153532004,Census Tract 5320.04; Summit County; Ohio,5.891496054922,3932,336,1620,178,1528,171,378,179,80,49,196,76,157,75,238,150,841,174,704,166,411,146,15,25,0,48,459,523,20,26,73,44,12,22,141,89,5,2,9.7,4.5,3.6,2.3,12.8,4.8,5.3,2.6,6.1,3.8,21.4,4.1,17.9,3.7,10.5,3.7,1.0,1.6,0.0,1.3,11.7,13.3,1.2,1.6,4.5,2.8,0.8,1.4,9.2,5.5,0.1,0.1,0.1974,0.4308,0.1197,0.3253,0.5547,1.6279,0.2625,0.7299,0.2495,0.2453,0.0759,0.0,1.3006,0.0537,0.4084,0.4084,0.4084,0.3483,0.7743,0.5117,0.6937,0.3694,2.6974,0.7187,6.0343,0.2644,0,0,0,0,0,0,0,0,0,0,0,0,0,0,0,0,0,0,0,0,0,4063,105,56,240,222,164,160,0,12,0,12,0,12,21,33,34,44,6.9,3.7,6.1,5.6,4.2,4.1,0.0,0.9,0.0,0.9,0.0,0.9,0.5,0.8,0.9,1.1
39,Ohio,OH,39153,Summit County,39153532202,Census Tract 5322.02; Summit County; Ohio,3.521992328044,6799,292,3366,316,3092,287,675,299,72,66,575,214,116,77,30,36,1535,255,1124,155,509,185,95,91,144,138,1860,678,495,181,0,17,0,24,97,91,299,9,10.4,4.6,1.7,1.6,18.6,6.7,2.2,1.5,0.5,0.6,22.6,3.6,16.5,2.1,7.8,2.8,3.1,2.9,2.2,2.1,27.4,9.9,14.7,5.2,0.0,1.0,0.0,0.8,3.1,3.0,4.4,0.2,0.2199,0.1492,0.3359,0.1021,0.0152,0.8223,0.0676,0.7771,0.1823,0.1012,0.2733,0.8491,2.183,0.3702,0.6804,0.6804,0.6804,0.7762,0.0,0.0,0.3143,0.8881,1.9786,0.4095,5.6643,0.2105,0,0,0,0,0,0,0,0,0,0,0,0,0,0,0,0,0,0,0,0,0,13385,221,127,991,460,163,188,163,167,0,17,0,17,498,376,45,54,7.1,4.0,14.6,6.8,2.4,2.8,2.4,2.4,0.0,0.5,0.0,0.5,7.3,5.6,0.7,0.8
39,Ohio,OH,39153,Summit County,39153532301,Census Tract 5323.01; Summit County; Ohio,13.256622593918,6170,517,2350,173,2161,184,612,476,192,191,256,118,15,25,51,56,1071,196,1585,298,350,135,59,79,0,68,719,814,0,24,0,17,0,24,31,51,0,17,9.9,7.7,6.0,6.1,11.8,5.4,0.4,0.6,0.8,0.9,17.4,4.1,25.7,3.9,5.7,2.3,2.7,3.6,0.0,1.2,11.7,13.2,0.0,1.0,0.0,1.5,0.0,1.1,1.4,2.3,0.0,0.3,0.2025,0.6559,0.0924,0.0149,0.0279,0.9936,0.0978,0.4908,0.7511,0.0384,0.2298,0.0,1.5101,0.093,0.4084,0.4084,0.4084,0.0,0.0,0.0,0.1476,0.0,0.1476,0.0168,3.0597,0.0124,0,0,0,0,0,0,0,0,0,0,0,0,0,0,0,0,0,0,0,0,0,7754,121,74,104,178,72,93,219,141,0,17,0,17,311,259,13,21,5.6,3.4,1.7,2.9,1.2,1.5,3.5,2.3,0.0,0.6,0.0,0.6,5.0,4.3,0.2,0.4
39,Ohio,OH,39153,Summit County,39153532302,Census Tract 5323.02; Summit County; Ohio,10.292978545706,5174,484,2197,210,2057,230,252,115,87,63,403,145,63,35,116,157,1422,165,1037,120,443,143,46,48,0,68,547,685,147,99,0,17,0,24,86,75,258,8,5.1,2.3,3.4,2.5,19.6,6.7,1.6,0.9,2.4,3.1,27.5,2.7,20.0,1.4,9.0,2.9,2.2,2.3,0.0,1.4,10.6,13.2,6.7,4.5,0.0,1.6,0.0,1.2,4.2,3.6,5.0,0.5,0.0657,0.3975,0.3781,0.0647,0.1568,1.0628,0.114,0.9271,0.3836,0.1593,0.1762,0.0,1.6462,0.1241,0.3748,0.3748,0.3748,0.6092,0.0,0.0,0.4114,0.9068,1.9274,0.3886,5.0112,0.1432,0,0,0,0,0,0,1,0,0,0,0,1,0,0,0,0,0,0,1,1,2,12374,107,72,249,158,144,132,18,25,0,17,0,17,136,163,0,17,5.2,3.4,4.8,3.0,2.8,2.5,0.3,0.5,0.0,0.7,0.0,0.7,2.6,3.2,0.0,0.7
39,Ohio,OH,39153,Summit County,39153532501,Census Tract 5325.01; Summit County; Ohio,12.439227285328,3209,296,1172,122,1134,121,111,75,53,40,95,54,74,53,158,94,775,120,554,116,225,87,20,32,11,52,373,435,0,16,28,41,17,26,16,20,175,6,3.6,2.4,3.1,2.3,8.4,4.7,3.1,2.2,5.2,3.0,24.2,3.6,17.3,2.9,7.4,2.8,1.8,2.8,0.4,1.7,11.6,13.5,0.0,1.4,2.4,3.5,1.5,2.3,1.4,1.7,5.5,0.5,0.0355,0.3537,0.026,0.1579,0.4706,1.0437,0.1089,0.8399,0.2194,0.0847,0.1419,0.5412,1.8271,0.1933,0.4042,0.4042,0.4042,0.0,0.7143,0.6606,0.1476,0.9176,2.4401,0.6105,5.7151,0.2175,0,0,0,0,0,0,0,0,0,0,0,0,0,0,0,0,0,0,1,1,1,3172,35,28,55,45,32,52,132,77,0,12,0,12,154,102,0,12,3.1,2.4,1.7,1.4,1.0,1.6,4.1,2.4,0.0,1.1,0.0,1.1,4.8,3.2,0.0,1.1
39,Ohio,OH,39153,Summit County,39153532502,Census Tract 5325.02; Summit County; Ohio,13.096661693624,3206,296,1608,198,1461,214,294,139,17,19,403,258,42,36,24,23,909,232,569,64,205,69,23,25,17,48,343,415,38,34,0,12,9,19,33,32,17,11,9.2,4.3,1.0,1.2,27.6,17.2,1.6,1.4,0.8,0.7,28.4,7.4,17.7,2.5,6.4,2.2,1.6,1.7,0.6,1.6,10.7,12.9,2.4,2.1,0.0,2.2,0.6,1.3,2.3,2.3,0.5,0.3,0.1853,0.0714,0.6689,0.0647,0.0279,1.0182,0.1032,0.9423,0.2419,0.0527,0.1238,0.6088,1.9695,0.2587,0.3786,0.3786,0.3786,0.4352,0.0,0.4632,0.2429,0.5742,1.7155,0.3022,5.0818,0.1492,0,0,0,0,0,0,1,0,0,0,0,1,0,0,0,0,0,0,0,0,1,8031,32,30,94,120,17,27,9,14,4,6,0,12,219,246,0,12,2.2,2.1,2.9,3.7,0.5,0.8,0.3,0.4,0.1,0.2,0.0,1.1,6.8,7.4,0.0,1.1
39,Ohio,OH,39153,Summit County,39153532600,Census Tract 5326; Summit County; Ohio,26.427263361252,2691,226,1189,110,1105,110,338,146,80,40,195,66,42,20,44,37,616,105,546,102,252,81,48,41,1,46,121,319,0,16,135,50,10,10,3,4,0,12,12.6,5.3,5.6,2.9,17.6,5.7,2.1,1.0,1.6,1.3,22.9,3.7,20.3,3.0,9.4,2.8,4.3,3.7,0.0,1.8,4.5,11.8,0.0,1.3,11.4,3.9,0.9,0.9,0.3,0.4,0.0,0.4,0.2897,0.6276,0.2943,0.0938,0.0825,1.3879,0.1956,0.7885,0.4065,0.1787,0.407,0.0,1.7807,0.1721,0.1297,0.1297,0.1297,0.0,0.893,0.5384,0.0438,0.0,1.4752,0.2229,4.7735,0.1206,0,0,0,0,0,0,0,0,0,0,0,0,0,0,0,0,0,0,0,0,0,3911,50,24,16,14,20,18,34,18,0,12,0,12,51,40,0,12,4.5,2.1,0.6,0.5,0.7,0.7,1.3,0.7,0.0,1.3,0.0,1.3,1.9,1.5,0.0,1.3
39,Ohio,OH,39153,Summit County,39153532701,Census Tract 5327.01; Summit County; Ohio,8.835007586548,7963,708,3420,385,3305,358,559,328,142,115,643,276,278,138,590,275,1771,401,1740,443,1033,339,177,151,161,126,2018,1074,197,104,0,17,0,24,117,67,5,2,7.0,4.1,3.5,2.9,19.5,8.1,4.8,2.5,7.5,3.5,22.2,4.8,21.9,4.7,13.1,4.2,5.4,4.5,2.1,1.7,25.3,13.3,5.8,3.0,0.0,1.0,0.0,0.7,3.5,2.0,0.1,0.0,0.1181,0.4156,0.3749,0.2888,0.6798,1.8772,0.3289,0.7575,0.5098,0.4199,0.5108,0.8427,3.0407,0.8356,0.6601,0.6601,0.6601,0.5806,0.0,0.0,0.3537,0.3694,1.3037,0.1759,6.8817,0.4102,0,0,0,0,0,0,0,0,0,0,0,0,0,0,0,0,0,0,0,0,0,20262,431,258,1025,267,109,130,721,300,16,25,0,17,147,85,0,17,13.0,7.2,12.9,3.5,1.4,1.6,9.1,3.8,0.2,0.3,0.0,0.4,1.8,1.1,0.0,0.4
39,Ohio,OH,39153,Summit County,39153532702,Census Tract 5327.02; Summit County; Ohio,1.047353026566,3546,20,1524,149,1477,135,727,332,67,47,338,127,296,155,339,237,577,148,783,157,535,129,43,36,77,82,846,323,224,90,19,29,52,44,63,47,9,3,20.6,9.4,3.4,2.3,22.9,8.3,11.3,5.8,9.6,6.7,16.3,4.1,22.1,4.4,15.1,3.6,2.9,2.4,2.3,2.5,23.9,9.1,14.7,5.7,1.2,1.9,3.5,3.0,4.3,3.1,0.3,0.1,0.5198,0.3975,0.5041,0.6969,0.8026,2.9209,0.6333,0.4195,0.5247,0.5528,0.2473,0.8548,2.5991,0.62,0.6427,0.6427,0.6427,0.7762,0.6451,0.8771,0.4184,0.4924,3.2092,0.8816,9.3719,0.7784,0,0,0,0,0,0,0,0,0,0,0,0,0,0,0,0,0,0,0,0,0,3832,181,82,429,229,66,63,160,133,34,35,0,12,157,112,0,12,12.3,5.1,12.1,6.4,1.9,1.8,4.5,3.7,1.0,1.0,0.0,1.0,4.4,3.2,0.0,1.0
39,Ohio,OH,39153,Summit County,39153532703,Census Tract 5327.03; Summit County; Ohio,5.335428865706,5599,17,2423,180,2243,143,250,128,280,277,232,106,132,99,219,270,1095,205,1065,164,380,156,214,245,0,68,654,276,0,24,0,17,0,24,17,28,12,8,4.5,2.3,8.4,8.2,10.3,4.7,3.1,2.3,3.9,4.8,19.6,3.7,19.0,2.9,6.8,2.8,9.5,10.9,0.0,1.3,11.7,4.9,0.0,1.0,0.0,1.4,0.0,1.1,0.8,1.2,0.2,0.1,0.0536,0.7876,0.0537,0.1579,0.3224,1.3752,0.1908,0.6411,0.3183,0.0666,0.76,0.0,1.786,0.1743,0.4084,0.4084,0.4084,0.0,0.0,0.0,0.0873,0.4356,0.5229,0.0384,4.0925,0.0613,0,0,0,0,0,0,0,0,0,0,0,0,0,0,0,0,0,0,0,0,0,4950,97,62,141,131,196,188,115,96,0,17,0,17,174,131,28,44,4.3,2.6,2.5,2.3,3.5,3.4,2.1,1.7,0.0,0.6,0.0,0.6,3.1,2.3,0.5,0.8
39,Ohio,OH,39153,Summit County,39153532705,Census Tract 5327.05; Summit County; Ohio,6.555321609624,7069,314,2974,252,2795,267,751,370,57,53,465,187,507,244,345,225,1700,306,1236,185,570,207,106,119,121,144,996,591,228,130,0,17,48,44,28,34,469,78,11.4,5.6,1.7,1.5,16.6,6.5,9.4,4.4,5.2,3.4,24.0,4.3,17.5,2.5,8.6,3.1,3.8,4.2,1.8,2.2,14.1,8.3,7.7,4.3,0.0,1.2,1.8,1.6,1.0,1.2,6.6,1.1,0.2542,0.1492,0.2546,0.5999,0.4706,1.7285,0.287,0.8329,0.2305,0.1415,0.3502,0.8183,2.3734,0.4806,0.4727,0.4727,0.4727,0.6406,0.0,0.7079,0.1067,0.9309,2.3861,0.5863,6.9607,0.4175,0,0,0,0,0,0,0,0,0,0,0,0,0,0,0,0,0,0,1,1,1,4379,362,312,320,153,188,171,241,223,0,17,0,17,247,192,0,17,13.0,10.4,4.5,2.2,2.7,2.4,3.4,3.1,0.0,0.5,0.0,0.5,3.5,2.8,0.0,0.5
39,Ohio,OH,39153,Summit County,39153532706,Census Tract 5327.06; Summit County; Ohio,4.680100257718,3773,316,2102,204,2049,214,299,194,137,107,312,153,14,23,65,68,1191,183,400,120,419,183,36,38,0,48,152,448,204,104,0,12,0,16,16,26,0,12,7.9,5.1,6.2,4.8,15.2,7.3,0.4,0.8,1.7,1.8,31.6,4.0,10.6,2.9,11.1,4.9,1.8,1.8,0.0,1.3,4.0,11.9,9.7,4.9,0.0,1.6,0.0,0.8,0.8,1.3,0.0,0.3,0.1457,0.6698,0.1971,0.0149,0.092,1.1195,0.1257,0.9715,0.0466,0.2882,0.1419,0.0,1.4482,0.0778,0.1046,0.1046,0.1046,0.6844,0.0,0.0,0.0873,0.0,0.7717,0.0695,3.444,0.0286,0,0,0,0,0,0,1,0,0,0,0,1,0,0,0,0,0,0,0,0,1,1736,134,75,136,122,0,12,16,25,0,12,0,12,0,12,0,12,6.5,3.6,3.6,3.2,0.0,0.9,0.4,0.7,0.0,0.9,0.0,0.9,0.0,0.9,0.0,0.9
39,Ohio,OH,39153,Summit County,39153532708,Census Tract 5327.08; Summit County; Ohio,3.21239952816,5147,648,1934,157,1794,175,429,292,76,59,348,130,251,170,116,130,950,189,1007,165,574,266,39,36,0,68,943,994,0,24,111,92,0,24,50,60,0,17,8.3,5.6,2.5,2.1,19.4,7.0,6.9,4.5,2.3,2.5,18.5,4.2,19.6,2.2,11.2,5.0,2.2,2.0,0.0,1.4,18.3,19.2,0.0,1.2,5.7,4.7,0.0,1.3,2.8,3.3,0.0,0.3,0.1542,0.2657,0.3708,0.4423,0.1492,1.3822,0.194,0.5698,0.3602,0.2964,0.1762,0.0,1.4026,0.0673,0.5631,0.5631,0.5631,0.0,0.7994,0.0,0.2848,0.0,1.0842,0.1219,4.4321,0.0914,0,0,0,0,0,0,0,0,0,0,0,0,0,0,0,0,0,0,0,0,0,3174,82,61,490,117,88,66,168,182,8,14,0,17,177,156,12,20,4.6,3.3,9.5,2.7,1.7,1.3,3.3,3.6,0.2,0.3,0.0,0.7,3.4,3.2,0.2,0.4
39,Ohio,OH,39153,Summit County,39153532901,Census Tract 5329.01; Summit County; Ohio,9.845063932118,1550,194,660,89,653,85,144,67,26,22,127,50,29,26,77,49,399,72,219,32,134,43,2,12,0,48,143,273,0,16,99,37,4,13,6,9,0,12,9.3,4.2,2.9,2.5,19.4,7.2,2.3,2.1,5.0,3.1,25.7,4.6,14.1,2.2,8.6,2.8,0.3,1.8,0.0,3.2,9.2,17.6,0.0,2.4,15.0,5.3,0.6,2.0,0.9,1.4,0.0,0.8,0.1876,0.327,0.3708,0.1068,0.4487,1.4409,0.2095,0.8884,0.1056,0.1415,0.041,0.0,1.1765,0.0381,0.3269,0.3269,0.3269,0.0,0.9283,0.4632,0.0975,0.0,1.489,0.227,4.4333,0.0917,0,0,0,0,0,0,0,0,0,0,0,0,0,0,0,1,0,0,0,1,1,1709,6,10,8,12,23,26,8,12,0,12,0,12,103,65,1,3,0.9,1.6,0.5,0.8,1.5,1.7,0.5,0.8,0.0,2.2,0.0,2.2,6.6,4.0,0.1,0.2
39,Ohio,OH,39153,Summit County,39153532902,Census Tract 5329.02; Summit County; Ohio,6.470753302462,9534,856,4421,318,4032,307,1783,538,178,117,1237,320,272,161,477,401,1838,236,2152,418,872,234,274,149,238,170,2281,1271,983,278,36,41,89,110,113,89,304,15,19.3,5.5,3.9,2.5,30.7,7.6,4.1,2.6,5.2,4.4,19.3,2.8,22.6,2.9,9.4,2.7,6.8,3.7,2.6,1.9,23.9,13.2,22.3,6.1,0.8,0.9,2.2,2.7,2.8,2.2,3.2,0.3,0.491,0.4644,0.7422,0.2359,0.4706,2.4041,0.481,0.6208,0.5609,0.1787,0.6051,0.877,2.8425,0.7498,0.6427,0.6427,0.6427,0.8689,0.6095,0.7575,0.2848,0.8405,3.3612,0.9117,9.2505,0.7575,0,0,0,0,0,0,0,0,0,0,0,0,0,0,0,0,0,0,0,0,0,13043,313,165,608,304,430,443,587,365,0,17,0,17,517,343,139,166,7.8,4.1,6.4,3.2,4.5,4.7,6.2,3.7,0.0,0.4,0.0,0.4,5.4,3.5,1.5,1.8
39,Ohio,OH,39153,Summit County,39153532999,Census Tract 5329.99; Summit County; Ohio,6.69811100957,5966,631,2554,219,2407,236,416,201,97,65,329,122,75,66,148,91,1360,428,1265,228,487,221,166,88,6,66,350,908,220,186,0,17,0,24,15,23,0,17,7.0,3.3,3.2,2.2,13.7,4.9,1.7,1.6,2.5,1.5,22.8,5.9,21.2,3.2,8.2,3.6,6.9,3.6,0.1,1.2,5.9,15.2,8.6,7.2,0.0,1.4,0.0,1.0,0.6,1.0,0.0,0.3,0.1181,0.3711,0.1457,0.0694,0.1692,0.8735,0.0771,0.7857,0.4654,0.1215,0.613,0.4245,2.4101,0.5041,0.1883,0.1883,0.1883,0.6641,0.0,0.0,0.0616,0.0,0.7257,0.0613,4.1976,0.0708,0,0,0,0,0,0,0,0,0,0,0,0,0,0,0,0,0,0,0,0,0,6689,131,90,17,26,42,46,18,30,0,17,0,17,115,72,158,153,5.4,3.7,0.3,0.4,0.7,0.8,0.3,0.5,0.0,0.6,0.0,0.6,1.9,1.2,2.6,2.6
39,Ohio,OH,39153,Summit County,39153533000,Census Tract 5330; Summit County; Ohio,1.68942984171,1691,226,797,158,754,165,241,102,49,31,160,53,184,101,62,36,391,112,306,68,230,79,24,27,8,48,80,321,0,16,18,14,0,16,38,25,8,3,14.3,5.8,5.5,3.4,21.2,5.3,14.6,7.6,3.7,2.2,23.1,6.0,18.1,3.5,13.6,4.8,3.2,3.5,0.5,2.9,4.7,19.0,0.0,2.0,2.3,1.8,0.0,2.1,5.0,3.5,0.5,0.2,0.3393,0.621,0.4451,0.8066,0.3021,2.5141,0.5137,0.7961,0.2613,0.4532,0.2841,0.5796,2.3743,0.4816,0.1395,0.1395,0.1395,0.0,0.7114,0.0,0.4702,0.5742,1.7558,0.3197,6.7837,0.3908,0,0,0,0,0,0,0,0,0,0,0,0,0,0,0,0,0,0,0,0,0,926,70,36,24,44,45,45,0,12,0,12,0,12,11,11,0,12,9.3,5.1,1.4,2.6,2.7,2.6,0.0,2.0,0.0,2.0,0.0,2.0,0.7,0.6,0.0,2.0
39,Ohio,OH,39153,Summit County,39153533101,Census Tract 5331.01; Summit County; Ohio,4.02592995573,4841,486,1553,115,1553,115,231,160,50,35,178,63,31,35,43,36,676,90,1505,231,484,210,26,22,30,64,437,708,11,21,0,12,0,16,32,37,1,1,4.8,3.3,2.0,1.4,11.5,4.0,1.0,1.2,0.9,0.7,14.0,2.4,31.1,2.8,10.0,3.8,1.7,1.4,0.7,1.4,9.0,14.6,0.7,1.4,0.0,2.2,0.0,1.0,2.1,2.4,0.0,0.0,0.059,0.194,0.0844,0.0333,0.0349,0.4056,0.0114,0.2885,0.9388,0.2174,0.1337,0.6367,2.2151,0.3848,0.3177,0.3177,0.3177,0.2994,0.0,0.0,0.2248,0.0,0.5242,0.039,3.4626,0.0292,0,0,0,0,0,0,0,1,0,0,0,1,0,0,0,0,0,0,0,0,1,4337,33,29,14,22,25,25,197,125,10,15,0,12,172,94,19,30,2.1,1.9,0.3,0.5,0.5,0.5,4.1,2.6,0.2,0.3,0.0,0.7,3.6,2.0,0.4,0.6
39,Ohio,OH,39153,Summit County,39153533102,Census Tract 5331.02; Summit County; Ohio,2.287423461004,2502,293,858,90,816,94,120,83,35,17,95,36,22,29,32,56,408,75,776,169,90,38,31,25,6,47,384,358,22,30,0,12,0,16,0,12,166,14,4.9,3.3,3.1,1.4,11.6,4.2,1.4,1.8,1.3,2.2,16.3,3.4,31.0,4.6,3.6,1.6,3.8,3.0,0.2,1.9,15.3,14.2,2.6,3.5,0.0,4.0,0.0,2.0,0.0,4.2,6.6,1.0,0.0609,0.3537,0.0863,0.0536,0.0593,0.6138,0.0362,0.4195,0.9379,0.0057,0.3502,0.4556,2.1689,0.3603,0.5013,0.5013,0.5013,0.446,0.0,0.0,0.0,0.9309,1.3769,0.1946,4.6609,0.1089,0,0,0,0,0,0,0,1,0,0,0,1,0,0,0,0,0,0,1,1,2,5306,9,13,68,50,60,37,51,38,0,12,0,12,205,233,0,12,1.1,1.6,2.7,2.0,2.4,1.5,2.0,1.5,0.0,1.4,0.0,1.4,8.2,8.5,0.0,1.4
39,Ohio,OH,39153,Summit County,39153533200,Census Tract 5332; Summit County; Ohio,6.389568407126,5856,576,2096,237,2096,237,308,154,92,59,281,110,35,26,22,35,1172,479,1578,232,481,290,124,77,12,68,424,818,20,24,0,17,0,24,76,79,1,2,5.3,2.6,2.9,1.7,13.4,5.0,0.9,0.6,0.4,0.6,20.0,6.8,26.9,3.8,8.2,4.4,5.9,3.6,0.2,1.2,7.2,14.0,0.9,1.1,0.0,1.7,0.0,1.1,3.6,3.7,0.0,0.0,0.0705,0.327,0.1371,0.0289,0.0114,0.5749,0.0298,0.663,0.8107,0.1215,0.5463,0.4556,2.5971,0.6187,0.2435,0.2435,0.2435,0.3181,0.0,0.0,0.3638,0.0,0.6819,0.0552,4.0974,0.0616,0,0,0,0,0,0,0,0,0,0,0,0,0,0,0,0,0,0,0,0,0,7761,90,71,49,75,164,99,132,87,0,17,0,17,79,88,0,17,4.3,3.3,0.8,1.3,2.8,1.6,2.3,1.5,0.0,0.6,0.0,0.6,1.3,1.5,0.0,0.6
39,Ohio,OH,39153,Summit County,39153533400,Census Tract 5334; Summit County; Ohio,8.720021777724,6034,567,2805,297,2677,314,907,439,56,44,678,338,212,120,388,213,1218,273,1054,245,745,281,15,31,91,106,1766,824,213,108,10,17,8,25,100,73,177,5,15.5,7.3,1.6,1.3,25.3,12.3,4.7,2.7,6.6,3.5,20.2,3.9,17.5,3.5,12.7,4.4,0.6,1.2,1.6,1.8,29.3,13.4,7.6,3.8,0.4,0.6,0.3,0.9,3.7,2.8,2.9,0.3,0.3786,0.1346,0.593,0.2815,0.6001,1.9878,0.3625,0.6734,0.2305,0.3951,0.0521,0.7971,2.1482,0.3492,0.6991,0.6991,0.6991,0.6375,0.5625,0.4041,0.3727,0.8224,2.7992,0.7597,7.6343,0.5219,0,0,0,0,0,0,0,0,0,0,0,0,0,0,0,0,0,0,0,0,0,5572,425,262,805,297,157,167,279,182,17,26,0,17,508,232,0,17,15.9,8.5,13.3,4.9,2.6,2.7,4.6,3.0,0.3,0.4,0.0,0.6,8.4,3.7,0.0,0.6
39,Ohio,OH,39153,Summit County,39153533501,Census Tract 5335.01; Summit County; Ohio,4.02319249255,9261,613,3726,289,3618,276,380,263,75,54,378,161,158,128,208,231,1497,211,2122,252,604,213,257,190,265,226,2440,918,604,212,17,27,0,24,233,155,219,6,4.2,2.9,1.4,1.1,10.4,4.4,2.5,2.0,2.3,2.5,16.2,2.4,22.9,2.0,6.7,2.3,7.1,5.2,3.0,2.6,26.3,9.8,16.2,5.5,0.5,0.7,0.0,0.7,6.4,4.1,2.4,0.2,0.0479,0.1117,0.0559,0.1192,0.1492,0.4839,0.0203,0.4138,0.5808,0.0622,0.626,0.8976,2.5804,0.6105,0.6696,0.6696,0.6696,0.8,0.5717,0.0,0.5641,0.7885,2.7243,0.7289,6.4582,0.3349,0,0,0,0,0,0,0,0,0,0,0,0,0,0,0,0,0,0,0,0,0,9357,159,131,639,307,212,165,912,389,0,17,0,17,677,311,0,17,4.4,3.5,6.9,3.3,2.3,1.8,9.8,4.2,0.0,0.4,0.0,0.4,7.3,3.3,0.0,0.4
39,Ohio,OH,39153,Summit County,39153533502,Census Tract 5335.02; Summit County; Ohio,8.154119798364,3731,431,1533,189,1512,188,190,127,23,25,201,70,56,37,103,79,1098,229,858,190,340,114,140,112,0,48,493,634,165,110,0,12,0,16,57,35,34,2,5.1,3.4,1.3,1.4,13.3,4.3,2.0,1.3,2.8,2.1,29.4,5.2,23.0,3.7,9.2,2.9,9.3,7.3,0.0,1.3,13.2,16.9,10.7,7.1,0.0,2.3,0.0,1.1,3.8,2.3,0.9,0.1,0.0657,0.1013,0.1337,0.0881,0.1996,0.5884,0.0321,0.9528,0.5862,0.1711,0.7495,0.0,2.4596,0.5346,0.4509,0.4509,0.4509,0.7038,0.0,0.0,0.38,0.6458,1.7296,0.3089,5.2285,0.1629,0,0,0,0,0,0,1,0,0,0,0,1,0,0,0,0,0,0,0,0,1,3026,181,75,288,231,53,63,54,70,0,12,0,12,98,77,0,12,12.0,4.7,7.7,6.2,1.4,1.6,1.4,1.9,0.0,0.9,0.0,0.9,2.6,2.1,0.0,0.9
39,Ohio,OH,39153,Summit County,39153534000,Census Tract 5340; Summit County; Ohio,9.118228847628,7147,701,2887,220,2697,228,424,303,55,50,343,160,55,49,190,247,1668,258,1749,366,515,154,128,111,30,75,929,1006,514,143,0,17,16,29,161,84,162,17,6.1,4.3,1.6,1.4,12.7,5.8,1.1,1.0,2.7,3.6,23.3,3.7,24.5,3.3,7.4,2.2,4.8,4.1,0.5,1.2,13.0,14.0,17.8,4.8,0.0,1.2,0.6,1.1,6.0,3.2,2.3,0.1,0.0882,0.1346,0.1178,0.0384,0.1888,0.5678,0.0292,0.806,0.6826,0.0847,0.4565,0.5796,2.6094,0.627,0.4448,0.4448,0.4448,0.8184,0.0,0.4632,0.5413,0.7815,2.6044,0.6784,6.2264,0.2956,0,0,0,0,0,0,0,0,0,0,0,0,0,0,0,0,0,0,0,0,0,10111,227,100,270,300,114,137,455,260,0,17,0,17,76,55,14,21,8.4,3.5,3.8,4.1,1.6,1.9,6.4,3.7,0.0,0.5,0.0,0.5,1.1,0.8,0.2,0.3
39,Ohio,OH,39153,Summit County,39153534100,Census Tract 5341; Summit County; Ohio,3.803971112888,2659,250,889,90,889,90,120,85,35,32,45,28,5,7,51,41,354,58,768,101,172,70,11,16,29,55,331,358,0,16,0,12,9,15,0,12,0,12,4.5,3.2,2.6,2.2,5.1,3.1,0.3,0.4,1.9,1.5,13.3,2.0,28.9,2.8,6.5,2.5,1.2,1.8,1.2,2.2,12.4,13.4,0.0,1.8,0.0,3.9,1.0,1.7,0.0,3.9,0.0,0.5,0.0536,0.2822,0.0044,0.0114,0.1104,0.462,0.0171,0.2505,0.884,0.0549,0.0937,0.7403,2.0234,0.2838,0.4277,0.4277,0.4277,0.0,0.0,0.5676,0.0,0.0,0.5676,0.0438,3.4807,0.0311,0,0,0,0,0,0,0,0,0,0,0,0,0,0,0,0,0,0,0,0,0,1007,20,18,11,12,61,50,151,90,0,12,0,12,57,40,51,54,2.2,2.1,0.4,0.4,2.3,1.8,5.7,3.3,0.0,1.3,0.0,1.3,2.1,1.5,1.9,2.1
39,Ohio,OH,39155,Trumbull County,39155920300,Census Tract 9203; Trumbull County; Ohio,0.719872507124,2853,427,1523,294,1356,304,931,372,22,26,243,152,314,156,270,136,667,281,597,187,285,103,133,133,3,46,442,570,0,16,0,12,1,12,39,45,2,3,32.6,12.1,1.6,2.0,17.9,10.5,15.9,7.9,9.5,5.2,23.4,8.1,20.9,5.2,10.0,3.6,9.8,9.6,0.1,1.7,15.5,19.8,0.0,1.1,0.0,2.3,0.1,0.9,2.9,3.3,0.1,0.1,0.7493,0.1346,0.3073,0.8383,0.7982,2.8277,0.6102,0.8107,0.4426,0.2174,0.7705,0.4245,2.6657,0.6616,0.5054,0.5054,0.5054,0.0,0.0,0.3819,0.2962,0.3694,1.0475,0.1133,7.0463,0.4302,0,0,0,0,0,0,0,0,0,0,0,0,0,0,0,0,0,0,0,0,0,3210,133,74,407,253,7,12,0,12,0,12,0,12,28,26,0,12,9.8,6.0,14.3,8.1,0.2,0.4,0.0,1.2,0.0,1.2,0.0,1.2,1.0,0.9,0.0,1.2
39,Ohio,OH,39155,Trumbull County,39155920400,Census Tract 9204; Trumbull County; Ohio,0.511136499476,2419,642,1001,136,848,135,1004,292,117,64,339,114,293,151,268,133,254,63,615,220,766,461,85,60,0,48,600,869,11,20,0,12,2,14,43,38,0,12,41.9,4.9,13.7,7.3,40.0,11.8,20.1,8.2,11.1,5.7,10.5,3.3,25.4,5.0,31.7,12.6,10.0,6.9,0.0,2.0,24.8,35.3,1.1,2.0,0.0,3.4,0.2,1.7,5.1,4.5,0.0,0.5,0.8531,0.9152,0.8949,0.9112,0.8607,4.4351,0.9644,0.1424,0.7327,0.9851,0.7781,0.0,2.6383,0.6463,0.6531,0.6531,0.6531,0.3378,0.0,0.3905,0.4787,0.0,1.207,0.1486,8.9335,0.7194,0,1,0,1,0,2,0,0,1,0,0,1,0,0,0,0,0,0,0,0,3,3467,71,37,279,256,156,108,0,12,12,15,0,12,119,122,34,59,8.4,4.4,11.5,10.0,6.4,4.6,0.0,1.4,0.5,0.6,0.0,1.4,4.9,5.1,1.4,2.4
39,Ohio,OH,39155,Trumbull County,39155920700,Census Tract 9207; Trumbull County; Ohio,7.169152746856,3851,451,1291,177,1017,183,1171,336,62,57,342,140,728,172,405,229,540,163,477,180,595,243,75,55,0,48,1817,544,0,16,40,40,0,16,58,43,1405,89,47.9,11.0,5.1,5.3,33.6,12.4,24.3,4.6,16.6,8.2,14.0,4.3,12.4,4.3,24.3,7.8,7.4,5.2,0.0,1.3,47.2,13.0,0.0,1.2,3.1,3.0,0.0,1.6,5.7,4.5,36.5,4.9,0.895,0.5892,0.8025,0.9496,0.9578,4.1941,0.926,0.2885,0.0682,0.9207,0.647,0.0,1.9244,0.234,0.8133,0.8133,0.8133,0.0,0.7371,0.0,0.5241,0.9867,2.2479,0.5232,9.1797,0.7473,0,0,0,1,1,2,0,0,1,0,0,1,0,0,0,0,0,0,1,1,4,6319,201,128,1191,200,263,234,48,58,26,37,0,12,239,134,50,47,19.8,11.0,30.9,5.4,6.8,5.7,1.2,1.5,0.7,1.0,0.0,0.9,6.2,3.4,1.3,1.3
39,Ohio,OH,39155,Trumbull County,39155920800,Census Tract 9208; Trumbull County; Ohio,0.616601805184,2161,433,1235,208,1060,207,1494,370,31,32,386,189,355,181,151,116,274,72,469,246,752,292,54,51,0,48,359,610,365,96,0,12,34,45,386,197,30,3,70.1,10.7,5.2,4.9,36.4,16.4,23.2,10.4,7.0,5.4,12.7,3.3,21.7,9.4,34.8,10.7,5.1,4.7,0.0,2.3,16.6,28.0,29.6,6.0,0.0,2.8,3.2,4.2,36.4,14.1,1.4,0.3,0.9838,0.5971,0.8413,0.9413,0.636,3.9995,0.8879,0.2257,0.4965,0.9933,0.4841,0.0,2.1996,0.3775,0.5254,0.5254,0.5254,0.9156,0.0,0.8571,0.9765,0.7029,3.4521,0.9295,10.1766,0.8632,1,0,0,1,0,2,0,0,1,0,0,1,0,0,1,0,0,1,0,2,5,1389,220,107,175,106,0,12,0,12,0,12,0,12,171,166,13,19,20.8,10.5,8.1,5.0,0.0,1.6,0.0,1.6,0.0,1.6,0.0,1.6,7.9,7.4,0.6,0.9
39,Ohio,OH,39155,Trumbull County,39155920900,Census Tract 9209; Trumbull County; Ohio,1.105799216816,3315,359,1528,112,1336,126,1448,378,24,26,542,144,298,121,83,53,481,81,840,249,710,166,153,81,0,48,2026,424,330,98,0,12,42,46,161,75,0,12,43.8,10.4,1.9,2.2,40.6,10.1,14.0,5.5,2.5,1.7,14.5,2.6,25.3,6.0,21.4,5.5,11.5,6.0,0.0,1.6,61.1,10.9,21.6,6.2,0.0,2.3,3.1,3.4,12.1,5.4,0.0,0.4,0.8715,0.1787,0.9029,0.7888,0.1692,2.9111,0.6317,0.3155,0.7276,0.8493,0.8248,0.0,2.7172,0.6917,0.8668,0.8668,0.8668,0.8629,0.0,0.8502,0.7806,0.0,2.4937,0.634,8.9888,0.7267,0,0,1,0,0,1,0,0,0,0,0,0,0,0,0,0,0,0,0,0,1,1450,242,85,1647,361,171,141,0,12,0,12,0,12,190,231,18,32,18.1,6.4,49.7,7.8,5.2,4.4,0.0,1.0,0.0,1.0,0.0,1.0,5.7,6.9,0.5,1.0
39,Ohio,OH,39155,Trumbull County,39155921000,Census Tract 9210; Trumbull County; Ohio,1.747375257666,5615,582,2982,371,2705,361,3011,611,337,208,1029,343,469,182,480,239,1285,190,980,189,1621,420,218,144,0,68,2212,968,167,119,0,17,0,24,282,155,14,4,53.7,9.4,15.4,9.2,38.0,11.6,11.2,4.3,8.6,4.4,22.9,3.9,17.5,3.0,28.9,6.3,8.1,5.2,0.0,1.3,39.4,16.7,5.6,3.9,0.0,1.2,0.0,0.9,10.4,5.7,0.2,0.1,0.9273,0.94,0.8689,0.694,0.7521,4.1823,0.9241,0.7885,0.2305,0.9746,0.6914,0.0,2.685,0.6711,0.7765,0.7765,0.7765,0.5762,0.0,0.0,0.7311,0.4356,1.7429,0.3137,9.3867,0.7816,1,1,0,0,0,2,0,0,1,0,0,1,0,0,0,0,0,0,0,0,3,2908,561,194,1927,559,108,87,0,17,0,17,0,17,177,142,0,17,20.7,7.8,34.3,10.0,1.9,1.6,0.0,0.6,0.0,0.6,0.0,0.6,3.2,2.5,0.0,0.6
39,Ohio,OH,39155,Trumbull County,39155921100,Census Tract 9211; Trumbull County; Ohio,1.184580627202,3942,475,2097,206,1858,227,1849,447,194,126,817,223,405,173,288,133,700,232,777,227,1170,331,203,108,23,58,1212,655,299,135,29,37,72,81,324,135,115,5,48.3,10.0,12.6,6.8,44.0,10.7,14.4,5.2,7.5,3.5,17.8,5.4,19.7,4.9,30.6,7.2,10.9,5.7,0.7,1.7,30.7,16.2,14.2,6.3,1.4,1.8,3.9,4.3,17.4,7.1,2.9,0.4,0.8991,0.8975,0.9352,0.8006,0.6798,4.2122,0.9295,0.5178,0.3653,0.9822,0.8057,0.6367,3.3077,0.9111,0.7108,0.7108,0.7108,0.7689,0.6597,0.8933,0.8721,0.8224,4.0164,0.9898,12.2471,0.9898,0,0,1,0,0,1,0,0,1,0,0,1,0,0,0,0,0,0,0,0,2,2103,491,171,658,225,62,89,0,12,0,12,0,12,492,279,0,12,26.4,8.4,16.7,5.9,1.6,2.2,0.0,0.9,0.0,0.9,0.0,0.9,12.5,6.6,0.0,0.9
39,Ohio,OH,39155,Trumbull County,39155921200,Census Tract 9212; Trumbull County; Ohio,3.02295472084,1675,245,772,82,674,95,729,282,8,9,204,89,63,30,106,87,210,70,593,168,243,77,160,87,0,48,471,323,0,16,81,54,0,16,32,33,0,12,43.5,15.6,1.2,1.4,30.3,12.5,6.6,3.2,6.3,4.9,12.5,4.3,35.4,5.7,14.5,4.2,23.8,12.5,0.0,3.2,28.1,18.8,0.0,2.1,10.5,6.9,0.0,2.4,4.7,4.7,0.0,0.7,0.8689,0.0898,0.734,0.4236,0.5763,2.6926,0.5698,0.2166,0.9807,0.5198,0.9733,0.0,2.6904,0.6733,0.6893,0.6893,0.6893,0.0,0.8813,0.0,0.4479,0.0,1.3292,0.1832,7.4015,0.4892,0,0,0,0,0,0,0,1,0,1,0,2,0,0,0,0,0,0,0,0,2,1774,107,50,373,228,81,91,0,12,0,12,0,12,17,25,0,12,15.9,7.2,22.3,12.0,4.8,5.2,0.0,2.1,0.0,2.1,0.0,2.1,1.0,1.5,0.0,2.1
39,Ohio,OH,39155,Trumbull County,39155921300,Census Tract 9213; Trumbull County; Ohio,3.166549529558,2269,329,1129,162,1036,152,868,318,24,24,341,136,234,113,174,118,702,133,430,156,455,125,27,37,50,68,662,423,121,56,35,36,0,16,95,56,194,4,41.8,13.8,2.5,2.7,32.9,12.2,14.4,6.3,8.4,5.2,30.9,6.3,19.0,5.3,21.9,6.8,2.6,3.6,2.3,3.0,29.2,18.2,10.7,4.7,3.1,3.2,0.0,1.5,9.2,5.5,8.6,1.3,0.8521,0.2657,0.7917,0.8006,0.7417,3.4518,0.7679,0.9677,0.3183,0.8673,0.2187,0.8548,3.2268,0.893,0.6975,0.6975,0.6975,0.7038,0.7371,0.0,0.6937,0.949,3.0836,0.854,10.4597,0.8905,0,0,0,0,0,0,1,0,0,0,0,1,0,0,0,0,0,0,1,1,2,7782,233,111,153,99,278,291,41,57,0,12,0,12,190,163,0,12,22.5,9.3,6.7,4.1,12.3,11.8,1.8,2.4,0.0,1.5,0.0,1.5,8.4,7.3,0.0,1.5
39,Ohio,OH,39155,Trumbull County,39155921400,Census Tract 9214; Trumbull County; Ohio,1.650587594408,3172,368,1720,210,1609,220,650,240,64,39,415,126,144,91,166,83,893,182,491,144,584,185,133,78,119,103,603,527,104,53,0,12,20,29,9,13,12,3,20.7,7.3,4.4,2.8,25.8,7.0,5.8,3.6,5.3,2.5,28.2,5.0,15.5,4.4,18.6,4.7,8.2,4.7,3.9,3.3,19.0,16.5,6.1,3.0,0.0,2.0,1.2,1.8,0.6,0.8,0.4,0.1,0.5236,0.5244,0.6092,0.3662,0.4808,2.5042,0.5121,0.9394,0.1449,0.7407,0.6946,0.9249,3.4445,0.9384,0.5761,0.5761,0.5761,0.5905,0.0,0.6038,0.0616,0.5374,1.7933,0.3327,8.3181,0.633,0,0,0,0,0,0,1,0,0,0,1,2,0,0,0,0,0,0,0,0,2,3191,184,74,270,149,173,147,109,134,0,12,0,12,51,49,0,12,11.4,4.7,8.5,4.8,5.5,4.6,3.4,4.1,0.0,1.1,0.0,1.1,1.6,1.6,0.0,1.1
39,Ohio,OH,39155,Trumbull County,39155921500,Census Tract 9215; Trumbull County; Ohio,2.449913329398,6003,628,3002,320,2739,339,1019,347,231,197,675,231,217,110,322,258,1345,285,1258,294,1028,309,145,104,28,73,998,884,232,153,43,64,0,24,151,138,3,2,17.2,5.6,9.4,7.0,24.6,7.9,4.9,2.5,5.4,4.3,22.4,4.5,21.0,4.7,17.1,5.2,5.3,3.7,0.5,1.3,16.6,14.6,7.7,5.0,1.4,2.2,0.0,0.9,5.5,4.9,0.0,0.0,0.4307,0.8286,0.5635,0.2955,0.4916,2.6099,0.54,0.7663,0.4499,0.6674,0.5022,0.5796,2.9654,0.8079,0.5254,0.5254,0.5254,0.6406,0.6597,0.0,0.5098,0.0,1.8101,0.3406,7.9108,0.5708,0,0,0,0,0,0,0,0,0,0,0,0,0,0,0,0,0,0,0,0,0,5336,405,249,460,250,280,225,129,134,0,17,0,17,129,107,0,17,14.8,8.0,7.7,4.1,4.7,3.8,2.1,2.2,0.0,0.6,0.0,0.6,2.1,1.8,0.0,0.6
39,Ohio,OH,39155,Trumbull County,39155921600,Census Tract 9216; Trumbull County; Ohio,1.551655520642,3582,480,1794,167,1542,162,1693,467,88,61,336,135,279,109,134,93,599,148,893,292,890,255,284,129,0,48,990,656,150,94,81,68,10,20,235,104,66,3,48.0,11.5,6.5,4.4,21.8,8.4,10.9,4.1,3.8,2.5,16.7,3.7,24.9,6.6,25.2,5.4,18.4,8.1,0.0,1.4,27.6,17.9,8.4,5.2,4.5,3.7,0.6,1.3,15.2,6.7,1.8,0.3,0.8965,0.6917,0.4657,0.6823,0.3113,3.0475,0.6759,0.4439,0.7061,0.9349,0.9397,0.0,3.0246,0.8327,0.6836,0.6836,0.6836,0.66,0.7743,0.4632,0.8394,0.7445,3.4814,0.9359,10.2371,0.8692,0,0,0,0,0,0,0,0,1,1,0,2,0,0,0,0,0,0,0,0,2,3301,303,107,706,269,41,61,0,12,0,12,0,12,243,199,0,12,19.6,6.5,19.7,7.7,1.1,1.7,0.0,1.0,0.0,1.0,0.0,1.0,6.8,5.2,0.0,1.0
39,Ohio,OH,39155,Trumbull County,39155930101,Census Tract 9301.01; Trumbull County; Ohio,44.666044618344,2960,410,1283,136,1209,142,797,285,18,31,248,102,242,126,151,83,910,309,534,140,676,283,100,63,0,48,191,565,0,16,90,52,27,26,36,32,43,6,27.0,8.9,1.5,2.6,20.5,8.1,10.8,5.2,5.1,3.0,30.7,8.5,18.0,4.0,22.8,7.6,8.3,5.1,0.0,1.7,6.5,19.1,0.0,1.2,7.0,4.3,2.2,2.1,3.0,2.7,1.5,0.3,0.6601,0.1251,0.4171,0.6782,0.4611,2.3416,0.4651,0.9658,0.2565,0.8902,0.7006,0.0,2.8131,0.7381,0.215,0.215,0.215,0.0,0.8276,0.7575,0.3051,0.7146,2.6048,0.6794,7.9745,0.5822,0,0,0,0,0,0,1,0,0,0,0,1,0,0,0,0,0,0,0,0,1,2482,279,134,44,56,0,12,0,12,0,12,0,12,147,104,0,12,23.1,10.0,1.5,1.8,0.0,1.2,0.0,1.2,0.0,1.2,0.0,1.2,5.0,3.4,0.0,1.2
39,Ohio,OH,39155,Trumbull County,39155930102,Census Tract 9301.02; Trumbull County; Ohio,32.327408873178,2184,374,979,166,815,108,563,354,29,32,118,58,121,75,91,58,462,108,546,192,288,109,56,43,4,45,215,560,6,15,28,26,24,39,39,41,44,2,26.3,15.9,3.5,3.5,14.5,6.9,8.2,4.6,4.3,2.2,21.2,5.8,25.0,5.5,13.5,4.1,6.9,5.2,0.2,2.2,9.8,25.6,0.6,1.5,2.9,2.6,2.9,4.8,4.8,4.9,2.0,0.4,0.6477,0.4156,0.1721,0.526,0.3659,2.1273,0.4054,0.7213,0.7131,0.4478,0.613,0.4556,2.9508,0.8006,0.3516,0.3516,0.3516,0.2886,0.7317,0.8349,0.4568,0.7584,3.0704,0.8495,8.5001,0.6632,0,0,0,0,0,0,0,0,0,0,0,0,0,0,0,0,0,0,0,0,0,1230,119,69,15,26,159,137,22,36,0,12,0,12,19,22,0,12,14.6,8.1,0.7,1.2,7.3,6.4,1.0,1.7,0.0,1.6,0.0,1.6,0.9,1.0,0.0,1.6
39,Ohio,OH,39155,Trumbull County,39155930200,Census Tract 9302; Trumbull County; Ohio,49.72589704257,2647,407,1144,119,1067,133,684,336,32,35,209,107,185,114,79,58,642,128,541,190,366,109,8,17,0,48,121,580,0,16,150,73,7,17,18,21,0,12,25.8,12.1,2.6,3.0,19.6,9.7,9.7,6.3,3.0,2.3,24.3,5.3,20.4,4.9,13.8,4.9,0.7,1.6,0.0,1.9,4.6,21.9,0.0,1.4,13.1,6.7,0.7,1.6,1.7,2.0,0.0,0.5,0.6398,0.2822,0.3781,0.6192,0.2291,2.1484,0.4092,0.8421,0.4134,0.4675,0.0546,0.0,1.7776,0.1708,0.1335,0.1335,0.1335,0.0,0.9121,0.4873,0.1848,0.0,1.5842,0.2549,5.6437,0.206,0,0,0,0,0,0,0,0,0,0,0,0,0,0,0,1,0,0,0,1,1,1533,171,122,0,12,17,27,18,30,0,12,0,12,86,85,0,12,16.0,10.6,0.0,1.3,0.6,1.0,0.7,1.2,0.0,1.3,0.0,1.3,3.2,3.3,0.0,1.3
39,Ohio,OH,39155,Trumbull County,39155930300,Census Tract 9303; Trumbull County; Ohio,44.203097509487996,2987,432,1484,166,1285,175,932,413,91,69,321,133,223,100,117,85,565,89,641,184,427,126,55,57,0,48,72,606,0,16,153,87,34,30,59,62,0,12,31.2,13.1,6.4,5.1,25.0,9.8,10.1,4.5,3.9,2.8,18.9,3.3,21.5,5.2,14.3,4.1,4.3,4.4,0.0,1.6,2.4,20.3,0.0,1.1,10.3,6.0,2.6,2.3,4.6,4.6,0.0,0.4,0.729,0.6835,0.5784,0.6443,0.3224,2.9576,0.6473,0.5973,0.4848,0.5033,0.407,0.0,1.9924,0.2689,0.0479,0.0479,0.0479,0.0,0.8784,0.8029,0.4419,0.0,2.1232,0.4733,7.1211,0.4425,0,0,0,0,0,0,0,0,0,0,0,0,0,0,0,0,0,0,0,0,0,1772,323,155,0,12,22,31,0,12,0,12,0,12,50,53,0,12,25.1,10.2,0.0,1.2,0.7,1.1,0.0,1.2,0.0,1.2,0.0,1.2,1.7,1.7,0.0,1.2
39,Ohio,OH,39155,Trumbull County,39155930400,Census Tract 9304; Trumbull County; Ohio,51.502711805532,3938,248,1612,154,1467,158,957,467,49,40,367,127,467,188,501,196,710,131,892,243,474,192,58,35,35,50,316,416,0,16,68,48,33,26,99,37,0,12,24.3,11.8,2.5,2.0,25.0,8.2,16.8,6.2,12.7,4.7,18.0,3.3,22.7,5.8,12.0,4.8,3.9,2.3,1.0,1.4,8.0,10.6,0.0,1.0,4.2,2.9,2.3,1.8,6.7,2.5,0.0,0.3,0.6096,0.2657,0.5784,0.8576,0.9038,3.2151,0.7165,0.5317,0.5669,0.3523,0.3638,0.707,2.5217,0.5705,0.2825,0.2825,0.2825,0.0,0.7673,0.7698,0.5816,0.0,2.1187,0.4698,8.138,0.6057,0,0,0,0,1,1,0,0,0,0,0,0,0,0,0,0,0,0,0,0,1,2553,252,72,56,66,10,17,0,12,9,14,0,12,241,258,0,12,17.2,4.5,1.4,1.7,0.3,0.4,0.0,0.9,0.2,0.4,0.0,0.9,6.1,6.5,0.0,0.9
39,Ohio,OH,39155,Trumbull County,39155930500,Census Tract 9305; Trumbull County; Ohio,53.879271932562,6357,31,1732,134,1630,140,2283,529,61,33,462,155,1630,269,2849,356,576,148,2499,259,495,117,27,23,158,93,115,86,1,17,23,20,157,57,805,145,26,5,35.9,8.3,2.5,1.3,28.3,9.2,52.3,6.9,44.8,5.6,9.1,2.3,39.3,4.1,7.8,1.8,1.6,1.4,2.7,1.6,1.8,1.4,0.1,1.0,1.3,1.1,9.6,3.4,49.4,6.7,0.4,0.1,0.788,0.2657,0.6857,0.9978,0.9971,3.7343,0.8314,0.0954,0.9905,0.1012,0.1238,0.8827,2.1936,0.3756,0.0282,0.0282,0.0282,0.2556,0.6505,0.9883,0.9933,0.5374,3.4251,0.9244,9.3812,0.7797,0,0,0,1,1,2,0,1,0,0,0,1,0,0,0,0,1,1,0,2,5,3493,888,146,20,29,65,62,0,17,1,4,0,17,25,24,4,6,54.5,6.3,0.3,0.5,1.0,1.0,0.0,0.5,0.0,0.1,0.0,0.5,0.4,0.4,0.1,0.1
39,Ohio,OH,39155,Trumbull County,39155930600,Census Tract 9306; Trumbull County; Ohio,26.519147143008,3724,18,1534,161,1471,140,780,319,13,19,241,120,317,164,534,214,709,159,796,198,529,206,0,16,0,48,138,99,0,16,174,90,39,44,111,76,0,12,20.9,8.6,0.7,1.1,16.4,8.0,12.1,6.6,14.3,5.7,19.0,4.3,21.4,5.3,14.2,5.6,0.0,1.1,0.0,1.4,3.7,2.7,0.0,1.0,11.3,5.5,2.7,3.0,7.5,5.1,0.0,0.3,0.5278,0.0502,0.2451,0.7242,0.9318,2.4791,0.5029,0.6018,0.4803,0.4919,0.0,0.0,1.574,0.1076,0.0932,0.0932,0.0932,0.0,0.8921,0.814,0.6238,0.0,2.3299,0.5625,6.4762,0.3381,0,0,0,0,1,1,0,0,0,0,0,0,0,0,0,0,0,0,0,0,1,2177,419,141,33,37,0,12,22,38,0,12,0,12,83,87,0,12,28.5,8.9,0.9,1.0,0.0,0.9,0.6,1.0,0.0,0.9,0.0,0.9,2.2,2.3,0.0,0.9
39,Ohio,OH,39155,Trumbull County,39155930700,Census Tract 9307; Trumbull County; Ohio,7.250207525818,4358,382,1782,198,1701,204,704,255,182,142,182,69,218,100,219,100,825,156,935,216,655,161,109,49,0,48,179,536,23,23,0,12,16,20,66,41,0,12,16.3,5.7,7.3,5.1,10.7,3.8,7.0,3.3,5.0,2.2,18.9,3.9,21.5,4.6,15.1,3.9,6.4,2.8,0.0,1.1,4.1,12.3,1.3,1.3,0.0,1.9,0.9,1.2,3.9,2.6,0.0,0.3,0.4002,0.7387,0.0619,0.4486,0.4487,2.0981,0.3968,0.5973,0.4848,0.5528,0.58,0.0,2.2149,0.3841,0.1097,0.1097,0.1097,0.359,0.0,0.5384,0.3892,0.0,1.2866,0.1708,5.7093,0.2168,0,0,0,0,0,0,0,0,0,0,0,0,0,0,0,0,0,0,0,0,0,3252,111,49,15,25,30,28,23,33,0,12,0,12,111,67,0,12,6.5,3.0,0.3,0.6,0.7,0.6,0.5,0.8,0.0,0.8,0.0,0.8,2.5,1.5,0.0,0.8
39,Ohio,OH,39155,Trumbull County,39155930800,Census Tract 9308; Trumbull County; Ohio,18.01227027167,4743,389,2127,249,1925,240,631,293,107,69,209,82,246,129,337,244,1171,252,1045,281,723,316,112,82,0,48,324,545,91,76,0,12,0,16,96,62,112,4,13.6,6.2,5.2,3.3,10.9,4.0,7.3,3.8,7.3,5.2,24.7,4.9,22.0,5.3,15.6,6.3,5.8,4.2,0.0,1.0,6.8,11.5,4.3,3.5,0.0,1.6,0.0,0.8,5.0,3.0,2.4,0.2,0.3224,0.5971,0.0657,0.4715,0.6661,2.1228,0.4044,0.8532,0.5171,0.5833,0.54,0.0,2.4936,0.5549,0.2264,0.2264,0.2264,0.5314,0.0,0.0,0.4702,0.7885,1.7901,0.3317,6.6329,0.3657,0,0,0,0,0,0,0,0,0,0,0,0,0,0,0,0,0,0,0,0,0,4613,447,244,23,22,73,58,42,40,0,12,0,12,186,153,0,12,23.2,10.4,0.5,0.5,1.5,1.2,0.9,0.8,0.0,0.7,0.0,0.7,3.9,3.2,0.0,0.7
39,Ohio,OH,39155,Trumbull County,39155930900,Census Tract 9309; Trumbull County; Ohio,4.964239669354,7090,238,3535,265,3165,214,1054,364,63,56,651,211,168,96,158,109,1962,270,1442,188,1265,351,152,105,46,81,844,605,212,136,51,40,11,25,203,144,52,1,15.0,5.1,1.9,1.7,20.6,6.5,3.2,1.8,2.2,1.5,27.7,4.1,20.3,2.7,18.0,4.9,4.8,3.3,0.7,1.2,11.9,8.5,6.0,3.8,1.4,1.1,0.3,0.8,6.4,4.4,0.7,0.0,0.3643,0.1787,0.4213,0.1671,0.1396,1.271,0.1619,0.9315,0.4065,0.7122,0.4565,0.6367,3.1434,0.8705,0.4144,0.4144,0.4144,0.5879,0.6597,0.4041,0.5641,0.6243,2.8401,0.7743,7.6689,0.5273,0,0,0,0,0,0,1,0,0,0,0,1,0,0,0,0,0,0,0,0,1,5618,280,115,166,156,160,164,0,17,23,32,145,195,350,324,0,17,8.8,3.6,2.3,2.2,2.3,2.3,0.0,0.5,0.3,0.5,2.0,2.8,4.9,4.6,0.0,0.5
39,Ohio,OH,39155,Trumbull County,39155931000,Census Tract 9310; Trumbull County; Ohio,20.189045393718,5874,232,2822,236,2628,222,751,252,48,45,541,164,500,228,75,55,1734,258,942,213,874,230,66,60,58,111,352,384,95,74,96,54,0,24,112,84,59,2,12.9,4.3,1.7,1.6,20.6,6.0,10.7,4.6,1.3,1.0,29.5,4.2,16.0,3.6,15.0,4.0,2.5,2.3,1.0,1.9,6.0,6.5,3.4,2.6,3.4,1.9,0.0,0.9,4.3,3.2,1.0,0.1,0.3005,0.1492,0.4213,0.6741,0.0593,1.6044,0.2549,0.9562,0.1623,0.5462,0.2114,0.707,2.5831,0.6117,0.1928,0.1928,0.1928,0.4895,0.7448,0.0,0.4184,0.6595,2.3122,0.5537,6.6925,0.3781,0,0,0,0,0,0,1,0,0,0,0,1,0,0,0,0,0,0,0,0,1,5150,345,142,124,106,44,41,0,17,0,17,0,17,184,128,0,17,13.1,5.1,2.1,1.8,0.7,0.7,0.0,0.6,0.0,0.6,0.0,0.6,3.1,2.2,0.0,0.6
39,Ohio,OH,39155,Trumbull County,39155931100,Census Tract 9311; Trumbull County; Ohio,25.271511425982,2576,510,1049,119,974,121,521,208,53,45,122,60,249,101,74,48,589,94,324,110,340,115,16,25,0,48,21,720,0,16,130,71,0,16,9,14,41,3,20.6,7.1,3.8,4.0,12.5,6.0,12.6,5.2,2.9,2.0,22.9,6.1,12.6,4.3,13.4,5.1,1.6,2.6,0.0,1.9,0.8,27.9,0.0,1.5,12.4,6.8,0.0,1.6,0.9,1.4,1.6,0.3,0.5198,0.4524,0.1124,0.7406,0.2142,2.0394,0.3787,0.7885,0.0717,0.4418,0.1238,0.0,1.4258,0.0733,0.006,0.006,0.006,0.0,0.9038,0.0,0.0975,0.727,1.7283,0.3079,5.1995,0.1603,0,0,0,0,0,0,0,0,0,0,0,0,0,0,0,1,0,0,0,1,1,1233,174,74,7,17,9,14,0,12,0,12,0,12,5,9,0,12,17.9,7.9,0.3,0.6,0.3,0.5,0.0,1.3,0.0,1.3,0.0,1.3,0.2,0.4,0.0,1.3
39,Ohio,OH,39155,Trumbull County,39155931200,Census Tract 9312; Trumbull County; Ohio,23.388683092472,4057,25,2004,153,1748,135,490,184,67,48,217,91,111,56,183,101,1025,156,663,140,571,142,41,39,3,46,172,113,10,20,327,100,8,16,72,55,17,4,12.1,4.5,3.2,2.2,12.4,5.1,3.6,1.8,4.5,2.5,25.3,3.8,16.3,3.5,14.1,3.5,2.3,2.2,0.1,1.2,4.2,2.8,0.5,1.0,16.3,4.8,0.5,0.9,4.1,3.2,0.4,0.1,0.2742,0.3711,0.1098,0.1966,0.3875,1.3392,0.1806,0.8773,0.1734,0.4862,0.1902,0.4245,2.1516,0.3498,0.1141,0.1141,0.1141,0.2819,0.9375,0.4413,0.4063,0.5374,2.6044,0.6784,6.2093,0.2924,0,0,0,0,0,0,0,0,0,0,0,0,0,0,0,1,0,0,0,1,1,3365,236,81,4,9,23,30,36,70,22,41,0,12,87,59,0,12,13.5,4.4,0.1,0.2,0.6,0.7,0.9,1.7,0.5,1.0,0.0,0.9,2.1,1.5,0.0,0.9
39,Ohio,OH,39155,Trumbull County,39155931300,Census Tract 9313; Trumbull County; Ohio,18.35988755482,4326,352,2104,231,1974,236,610,277,60,37,461,230,132,53,216,116,1339,330,658,159,720,235,42,40,4,47,114,522,0,16,451,115,5,14,178,203,14,2,14.2,6.3,3.1,1.9,23.4,11.3,3.8,1.6,5.0,2.7,31.0,6.8,15.2,3.3,16.6,5.3,2.1,2.0,0.1,1.1,2.6,12.1,0.0,0.8,21.4,6.0,0.3,0.7,9.0,9.6,0.3,0.0,0.3374,0.3537,0.52,0.2102,0.4487,1.87,0.3257,0.9683,0.1344,0.6407,0.1673,0.4245,2.3352,0.4549,0.0542,0.0542,0.0542,0.0,0.9657,0.4041,0.6873,0.4924,2.5495,0.6565,6.8089,0.3962,0,0,0,0,0,0,1,0,0,0,0,1,0,0,0,1,0,0,0,1,2,2501,400,231,3,6,25,26,27,41,0,12,0,12,38,42,21,33,20.3,10.3,0.1,0.1,0.6,0.6,0.6,1.0,0.0,0.8,0.0,0.8,0.9,1.0,0.5,0.8
39,Ohio,OH,39155,Trumbull County,39155931400,Census Tract 9314; Trumbull County; Ohio,6.117669973298,4110,352,2166,206,1922,183,1207,387,111,86,389,127,394,139,240,178,839,155,790,133,513,146,179,99,0,48,355,477,104,60,38,28,0,16,46,39,161,3,30.6,9.4,5.7,4.0,20.2,6.3,12.8,4.1,6.1,4.5,20.4,3.7,19.2,2.9,13.0,3.3,9.3,5.1,0.0,1.2,8.6,11.6,4.8,2.7,1.8,1.3,0.0,0.8,2.4,2.0,3.9,0.3,0.721,0.6356,0.4029,0.7498,0.5547,3.064,0.6819,0.6855,0.3313,0.4129,0.7495,0.0,2.1792,0.3679,0.3047,0.3047,0.3047,0.5511,0.686,0.0,0.2514,0.87,2.3585,0.573,7.9064,0.5686,0,0,0,0,0,0,0,0,0,0,0,0,0,0,0,0,0,0,0,0,0,3979,320,114,114,80,64,56,0,12,13,16,0,12,164,99,0,12,16.6,5.8,2.8,1.9,1.6,1.4,0.0,0.8,0.3,0.4,0.0,0.8,4.0,2.3,0.0,0.8
39,Ohio,OH,39155,Trumbull County,39155931500,Census Tract 9315; Trumbull County; Ohio,18.026576509076,4060,347,2022,223,1861,223,960,426,58,44,267,118,106,59,88,61,1238,240,796,265,467,117,100,83,23,55,395,500,0,16,129,55,24,24,95,51,0,12,23.6,10.3,3.2,2.4,14.3,6.1,3.6,2.0,2.2,1.5,30.5,5.6,19.6,5.6,11.5,3.0,5.4,4.4,0.6,1.5,9.7,12.3,0.0,0.8,6.4,3.0,1.3,1.3,5.1,2.8,0.0,0.3,0.5922,0.3711,0.1641,0.1966,0.1396,1.4636,0.2146,0.9632,0.3602,0.3158,0.5108,0.6088,2.7588,0.7124,0.3478,0.3478,0.3478,0.0,0.8159,0.6181,0.4787,0.0,1.9127,0.3806,6.4829,0.3394,0,0,0,0,0,0,1,0,0,0,0,1,0,0,0,0,0,0,0,0,1,3323,436,213,13,23,148,106,0,12,0,12,0,12,234,160,0,12,23.4,10.0,0.3,0.6,3.6,2.6,0.0,0.9,0.0,0.9,0.0,0.9,5.8,3.9,0.0,0.9
39,Ohio,OH,39155,Trumbull County,39155931601,Census Tract 9316.01; Trumbull County; Ohio,1.853300410856,4060,362,2055,229,1894,218,708,397,100,119,408,217,152,112,129,93,821,264,562,133,525,191,134,112,0,48,251,551,123,79,0,12,0,16,55,69,0,12,17.6,9.8,4.0,4.7,21.5,11.2,4.8,3.5,3.2,2.3,20.2,6.2,13.8,2.9,12.9,4.3,7.1,5.9,0.0,1.2,6.2,13.6,6.0,3.8,0.0,1.7,0.0,0.8,2.9,3.6,0.0,0.3,0.4424,0.4756,0.4568,0.2888,0.2491,1.9127,0.339,0.6734,0.0964,0.4059,0.626,0.0,1.8017,0.1825,0.201,0.201,0.201,0.5879,0.0,0.0,0.2962,0.0,0.8841,0.0883,4.7995,0.1238,0,0,0,0,0,0,0,0,0,0,0,0,0,0,0,0,0,0,0,0,0,3139,281,122,12,20,177,171,62,73,0,12,0,12,0,12,0,12,14.8,6.4,0.3,0.5,4.4,4.2,1.5,1.8,0.0,0.9,0.0,0.9,0.0,0.9,0.0,0.9
39,Ohio,OH,39155,Trumbull County,39155931602,Census Tract 9316.02; Trumbull County; Ohio,1.40236879624,2949,356,1331,142,1232,144,215,145,7,12,140,64,48,30,72,61,723,162,699,184,267,100,50,44,0,48,139,497,78,45,0,12,0,16,95,51,0,12,7.3,4.8,0.5,0.9,11.4,5.0,2.3,1.5,2.4,2.1,24.5,5.7,23.7,4.8,9.1,3.2,4.0,3.5,0.0,1.7,4.7,16.8,5.8,3.3,0.0,2.6,0.0,1.3,7.7,4.0,0.0,0.4,0.1276,0.033,0.0803,0.1068,0.1568,0.5045,0.0222,0.8481,0.6354,0.1644,0.3743,0.0,2.0222,0.2829,0.1395,0.1395,0.1395,0.5806,0.0,0.0,0.634,0.0,1.2146,0.1511,3.8808,0.0444,0,0,0,0,0,0,0,0,0,0,0,0,0,0,0,0,0,0,0,0,0,3067,121,58,32,45,32,45,0,12,0,12,0,12,75,47,0,12,9.8,4.7,1.1,1.5,1.1,1.5,0.0,1.2,0.0,1.2,0.0,1.2,2.5,1.6,0.0,1.2
39,Ohio,OH,39155,Trumbull County,39155931700,Census Tract 9317; Trumbull County; Ohio,3.040045911972,1876,263,928,141,817,140,541,169,85,104,169,110,101,72,37,36,365,71,292,70,431,119,39,27,4,46,316,340,0,16,24,14,0,16,5,7,0,12,29.0,8.1,8.9,10.0,20.7,13.0,7.2,5.1,2.0,1.9,19.5,3.8,15.6,3.3,23.0,6.0,4.8,3.2,0.2,2.5,16.8,18.0,0.0,1.7,2.6,1.5,0.0,2.0,0.6,0.9,0.0,0.6,0.6944,0.8117,0.4244,0.4629,0.1209,2.5143,0.514,0.636,0.1481,0.8959,0.4565,0.4556,2.5921,0.6162,0.5311,0.5311,0.5311,0.0,0.7197,0.0,0.0616,0.0,0.7813,0.0721,6.4188,0.3305,0,0,0,0,0,0,0,0,0,0,0,0,0,0,0,0,0,0,0,0,0,855,161,122,179,147,57,56,3,5,26,27,0,12,51,47,0,12,19.7,12.9,9.5,7.3,3.0,2.9,0.2,0.3,1.4,1.4,0.0,1.8,2.7,2.4,0.0,1.8
39,Ohio,OH,39155,Trumbull County,39155931900,Census Tract 9319; Trumbull County; Ohio,6.270916559812,5645,650,2723,259,2482,282,1654,623,147,103,780,224,267,117,368,189,1265,214,1312,404,843,279,157,116,0,68,2430,776,464,180,51,23,155,143,188,100,104,3,29.8,10.7,5.6,3.7,31.4,8.3,6.8,2.9,6.7,3.3,22.4,4.1,23.2,5.6,15.3,5.5,6.3,4.6,0.0,1.4,43.0,12.8,17.1,6.4,1.9,0.9,6.2,5.7,7.6,4.0,1.8,0.2,0.7071,0.6276,0.7575,0.4344,0.6109,3.1375,0.6978,0.7663,0.6005,0.5646,0.5714,0.0,2.5028,0.5587,0.7964,0.7964,0.7964,0.8124,0.693,0.9629,0.6279,0.7445,3.8407,0.9813,10.2774,0.8743,0,0,0,0,0,0,0,0,0,0,0,0,0,0,0,0,1,0,0,1,1,8717,543,185,1420,517,127,179,32,33,0,17,0,17,851,499,0,17,21.9,6.9,25.2,8.3,2.2,3.1,0.6,0.6,0.0,0.6,0.0,0.6,15.1,8.5,0.0,0.6
39,Ohio,OH,39155,Trumbull County,39155932000,Census Tract 9320; Trumbull County; Ohio,12.374008865998,5878,679,2354,202,2218,203,1341,915,96,93,420,204,263,155,217,164,1175,266,1468,580,562,149,149,105,20,71,623,1013,0,24,207,171,129,135,108,95,28,5,22.8,15.4,3.1,3.0,18.9,9.0,6.3,3.8,3.7,2.8,20.0,5.6,25.0,7.8,9.6,2.9,6.8,4.7,0.4,1.3,10.6,17.2,0.0,1.0,8.8,7.2,5.8,6.1,4.9,4.3,0.5,0.1,0.5779,0.3537,0.3483,0.4042,0.3021,1.9862,0.3619,0.663,0.7131,0.1933,0.6051,0.5412,2.7157,0.6898,0.3748,0.3748,0.3748,0.0,0.8581,0.9575,0.4625,0.5742,2.8523,0.779,7.929,0.5733,0,0,0,0,0,0,0,0,0,0,0,0,0,0,0,0,1,0,0,1,1,4422,183,88,249,167,140,181,51,66,0,17,0,17,183,152,0,17,8.3,3.9,4.2,2.9,2.4,3.1,0.9,1.1,0.0,0.6,0.0,0.6,3.1,2.5,0.0,0.6
39,Ohio,OH,39155,Trumbull County,39155932200,Census Tract 9322; Trumbull County; Ohio,1.000334683312,2549,426,1334,140,1105,152,833,321,155,155,295,131,140,91,282,151,384,131,487,232,405,179,81,64,0,48,482,569,155,94,0,12,0,16,21,32,15,3,32.7,11.3,12.8,12.0,26.7,11.3,8.0,5.0,11.1,5.3,15.1,6.2,19.1,7.1,15.9,6.2,7.4,5.7,0.0,2.0,18.9,22.1,11.6,6.9,0.0,2.6,0.0,1.4,1.9,2.9,0.6,0.1,0.7509,0.9025,0.6425,0.5133,0.8607,3.6699,0.8175,0.3472,0.3256,0.5985,0.647,0.0,1.9183,0.2305,0.5745,0.5745,0.5745,0.7216,0.0,0.0,0.2029,0.6059,1.5304,0.2397,7.6931,0.5327,0,1,0,0,0,1,0,0,0,0,0,0,0,0,0,0,0,0,0,0,1,2182,156,80,260,213,127,155,0,12,0,12,0,12,80,108,15,25,14.1,7.8,10.2,8.4,5.0,5.8,0.0,1.4,0.0,1.4,0.0,1.4,3.1,4.0,0.6,1.0
39,Ohio,OH,39155,Trumbull County,39155932300,Census Tract 9323; Trumbull County; Ohio,2.331095844326,5784,514,2811,204,2560,218,1621,524,96,77,575,220,222,90,254,129,1149,172,1125,281,1006,357,274,175,16,70,173,729,237,123,0,17,0,24,137,111,0,17,28.0,8.7,3.4,2.8,22.5,8.4,5.6,2.3,4.4,2.3,19.9,3.0,19.5,4.2,17.4,6.1,10.7,6.8,0.3,1.3,3.0,12.6,8.4,4.3,0.0,1.2,0.0,0.9,5.4,4.3,0.0,0.3,0.6791,0.3975,0.4902,0.3497,0.3758,2.2923,0.453,0.6569,0.3535,0.6836,0.8006,0.4968,2.9914,0.8168,0.0656,0.0656,0.0656,0.66,0.0,0.0,0.4994,0.0,1.1594,0.1362,6.5087,0.3435,0,0,0,0,0,0,0,0,0,0,0,0,0,0,0,0,0,0,0,0,0,4328,332,144,111,99,0,17,0,17,0,17,0,17,62,70,0,17,13.0,5.4,1.9,1.7,0.0,0.6,0.0,0.6,0.0,0.6,0.0,0.6,1.1,1.2,0.0,0.6
39,Ohio,OH,39155,Trumbull County,39155932500,Census Tract 9325; Trumbull County; Ohio,1.68860551394,3160,15,1428,97,1350,101,270,127,40,37,283,118,183,92,128,77,632,122,618,91,450,150,35,36,37,61,123,113,15,22,0,12,13,23,73,58,0,12,8.6,4.0,2.5,2.4,21.0,8.6,8.2,4.0,4.1,2.4,20.0,3.9,19.6,2.9,14.3,4.8,2.6,2.7,1.2,2.0,3.9,3.6,1.1,1.5,0.0,2.4,1.0,1.7,5.4,4.2,0.0,0.4,0.1666,0.2657,0.4365,0.526,0.3478,1.7426,0.2921,0.663,0.3602,0.5033,0.2187,0.7403,2.4855,0.5483,0.1008,0.1008,0.1008,0.3378,0.0,0.5676,0.4994,0.0,1.4048,0.2025,5.7337,0.2203,0,0,0,0,0,0,0,0,0,0,0,0,0,0,0,0,0,0,0,0,0,2485,180,78,0,12,0,12,0,12,0,12,0,12,123,116,0,12,13.3,5.8,0.0,1.1,0.0,1.1,0.0,1.1,0.0,1.1,0.0,1.1,3.9,3.7,0.0,1.1
39,Ohio,OH,39155,Trumbull County,39155932600,Census Tract 9326; Trumbull County; Ohio,1.49268191506,3524,425,1883,249,1696,250,795,304,129,84,410,145,250,115,209,134,838,203,483,148,680,194,121,84,0,48,378,584,221,159,0,12,0,16,129,79,88,3,23.1,8.4,6.4,4.1,24.2,7.8,9.5,4.4,6.1,4.0,23.8,5.5,13.7,3.7,19.8,5.5,7.1,4.8,0.0,1.4,10.7,16.5,11.7,8.3,0.0,1.8,0.0,0.9,7.6,4.7,2.5,0.3,0.5843,0.6835,0.5486,0.6068,0.5547,2.9779,0.653,0.8269,0.0948,0.7978,0.626,0.0,2.3455,0.4606,0.3786,0.3786,0.3786,0.7244,0.0,0.0,0.6279,0.7949,2.1472,0.4797,7.8492,0.5578,0,0,0,0,0,0,0,0,0,0,0,0,0,0,0,0,0,0,0,0,0,2524,227,109,13,13,92,120,86,77,0,12,0,12,169,157,18,27,13.4,6.5,0.4,0.4,2.6,3.5,2.4,2.2,0.0,1.0,0.0,1.0,4.8,4.3,0.5,0.8
39,Ohio,OH,39155,Trumbull County,39155932701,Census Tract 9327.01; Trumbull County; Ohio,2.296357861284,5995,589,3205,326,3064,332,1189,417,105,95,702,289,365,191,273,152,1765,312,915,244,1053,264,206,112,78,85,982,824,658,199,332,249,0,24,341,245,1,2,19.8,6.7,3.6,3.1,22.9,9.1,8.0,4.2,4.6,2.5,29.4,4.6,15.3,3.8,17.6,4.3,6.7,3.6,1.4,1.5,16.4,13.7,20.5,5.8,10.4,7.2,0.0,0.8,11.1,7.3,0.0,0.0,0.5014,0.4308,0.5041,0.5133,0.3996,2.3492,0.4679,0.9528,0.1392,0.6947,0.5975,0.7717,3.1559,0.874,0.5225,0.5225,0.5225,0.8524,0.8803,0.0,0.7552,0.0,2.4879,0.6327,8.5155,0.6644,0,0,0,0,0,0,1,0,0,0,0,1,0,0,0,0,0,0,0,0,1,5650,1038,341,493,321,160,161,49,52,18,29,0,17,262,194,0,17,33.9,8.9,8.2,5.1,2.7,2.7,0.8,0.9,0.3,0.5,0.0,0.6,4.4,3.2,0.0,0.6
39,Ohio,OH,39155,Trumbull County,39155932702,Census Tract 9327.02; Trumbull County; Ohio,0.52455431618,2424,234,1223,128,1014,119,481,180,187,81,240,116,187,105,168,129,384,105,458,72,636,205,7,16,0,48,112,328,76,49,26,46,0,16,85,48,0,12,19.8,7.2,15.1,6.6,23.7,11.1,10.6,5.6,6.9,5.3,15.8,4.5,18.9,2.4,26.2,8.5,0.7,1.6,0.0,2.1,4.6,13.5,6.2,4.0,2.1,3.8,0.0,1.6,8.4,4.7,0.0,0.5,0.5014,0.9346,0.5333,0.6671,0.6274,3.2638,0.7273,0.3865,0.3107,0.9495,0.0546,0.0,1.7013,0.1422,0.1335,0.1335,0.1335,0.5937,0.7019,0.0,0.6635,0.0,1.9591,0.4006,7.0577,0.4324,0,1,0,0,0,1,0,0,1,0,0,1,0,0,0,0,0,0,0,0,2,1419,133,72,32,47,7,12,0,12,0,12,22,32,51,74,0,12,13.1,6.9,1.3,2.0,0.3,0.5,0.0,1.4,0.0,1.4,0.9,1.3,2.1,3.0,0.0,1.4
39,Ohio,OH,39155,Trumbull County,39155932801,Census Tract 9328.01; Trumbull County; Ohio,0.848231730922,2708,372,1373,185,1253,188,549,203,72,51,344,169,103,68,193,113,567,159,434,84,414,147,42,38,0,48,295,533,264,88,0,12,0,16,54,37,1,1,20.3,7.0,5.0,3.7,27.5,12.8,5.0,3.3,7.1,4.4,20.9,5.4,16.0,3.1,15.3,5.9,3.3,3.0,0.0,1.8,10.9,19.6,19.3,5.9,0.0,2.5,0.0,1.3,4.3,3.0,0.0,0.0,0.5129,0.58,0.6663,0.3041,0.6452,2.7085,0.5749,0.7093,0.1623,0.5646,0.2943,0.0,1.7305,0.1546,0.3855,0.3855,0.3855,0.8362,0.0,0.0,0.4184,0.0,1.2546,0.1632,6.0791,0.2708,0,0,0,0,0,0,0,0,0,0,0,0,0,0,0,0,0,0,0,0,0,2566,206,151,132,91,37,36,17,29,0,12,0,12,109,119,0,12,16.4,10.3,4.9,3.3,1.4,1.3,0.6,1.0,0.0,1.3,0.0,1.3,4.0,4.4,0.0,1.3
39,Ohio,OH,39155,Trumbull County,39155932802,Census Tract 9328.02; Trumbull County; Ohio,2.304305770954,3264,435,1627,179,1335,212,1397,322,58,53,447,144,442,213,224,101,505,112,765,156,552,223,109,80,16,53,159,608,129,49,0,12,0,16,141,70,42,17,43.0,8.1,4.5,4.1,33.5,9.4,20.2,9.9,6.9,3.2,15.5,3.9,23.4,4.6,17.0,5.8,8.2,5.8,0.5,1.7,4.9,18.6,7.9,2.9,0.0,2.1,0.0,1.2,10.6,5.8,1.3,0.5,0.8629,0.534,0.801,0.9131,0.6274,3.7384,0.8327,0.371,0.6138,0.6646,0.6946,0.5796,2.9236,0.7867,0.1474,0.1474,0.1474,0.6473,0.0,0.0,0.74,0.6934,2.0807,0.4492,8.8901,0.7121,0,0,0,1,0,1,0,0,0,0,0,0,0,0,0,0,0,0,0,0,1,3920,214,82,9,15,37,40,37,59,0,12,0,12,76,72,0,12,16.0,6.4,0.3,0.5,1.1,1.2,1.1,1.7,0.0,1.1,0.0,1.1,2.3,2.2,0.0,1.1
39,Ohio,OH,39155,Trumbull County,39155932900,Census Tract 9329; Trumbull County; Ohio,4.10555577119,2544,377,1161,133,1009,128,666,303,33,30,255,105,112,66,116,88,609,120,535,188,542,155,51,46,0,48,266,558,301,107,0,12,0,16,131,61,151,5,27.8,11.9,3.2,3.1,25.3,9.9,6.1,3.6,4.8,3.5,23.9,5.4,21.0,5.5,22.6,6.0,5.1,4.5,0.0,2.0,10.5,21.9,25.9,8.7,0.0,3.0,0.0,1.6,13.0,6.0,5.9,0.9,0.6753,0.3711,0.593,0.3897,0.4243,2.4534,0.4943,0.831,0.4499,0.8851,0.4841,0.0,2.6501,0.6533,0.3732,0.3732,0.3732,0.8937,0.0,0.0,0.7981,0.9236,2.6154,0.6841,8.0921,0.599,0,0,0,0,0,0,0,0,0,0,0,0,0,0,0,0,0,0,1,1,1,7571,127,64,184,101,15,26,54,58,0,12,0,12,13,22,0,12,12.6,6.3,7.2,4.3,0.6,1.0,2.1,2.3,0.0,1.4,0.0,1.4,0.5,0.9,0.0,1.4
39,Ohio,OH,39155,Trumbull County,39155933001,Census Tract 9330.01; Trumbull County; Ohio,4.456145267536,5402,690,2157,191,2022,212,586,347,158,200,249,115,39,33,237,229,1286,179,1227,319,659,178,22,37,7,66,341,924,0,24,0,17,0,24,0,17,17,3,10.8,6.3,5.7,6.6,12.3,5.5,1.0,0.9,4.4,4.2,23.8,4.0,22.7,3.8,12.2,3.6,1.1,1.8,0.1,1.3,6.3,17.1,0.0,1.1,0.0,1.6,0.0,1.2,0.0,1.7,0.3,0.0,0.2342,0.6356,0.1063,0.0333,0.3758,1.3852,0.1946,0.8269,0.5669,0.3659,0.0829,0.4245,2.2671,0.4149,0.208,0.208,0.208,0.0,0.0,0.0,0.0,0.4924,0.4924,0.0346,4.3527,0.0835,0,0,0,0,0,0,0,0,0,0,0,0,0,0,0,0,0,0,0,0,0,4762,147,75,38,42,108,134,97,126,0,17,0,17,98,156,0,17,7.3,3.7,0.7,0.8,2.0,2.5,1.8,2.2,0.0,0.6,0.0,0.6,1.8,2.9,0.0,0.6
39,Ohio,OH,39155,Trumbull County,39155933002,Census Tract 9330.02; Trumbull County; Ohio,3.701950995326,4203,462,1979,209,1862,225,315,139,37,33,333,100,153,89,275,202,1181,297,638,123,571,186,41,36,44,63,369,658,65,37,0,12,0,16,81,46,119,5,7.7,3.3,1.7,1.5,17.9,4.9,4.6,2.6,6.8,4.7,28.1,5.8,15.2,2.8,14.1,3.8,2.2,1.9,1.1,1.6,8.8,15.6,3.3,1.8,0.0,1.8,0.0,0.9,4.4,2.5,2.8,0.3,0.1412,0.1492,0.3073,0.2724,0.6211,1.4912,0.2248,0.9379,0.1344,0.4862,0.1762,0.7254,2.4601,0.5352,0.312,0.312,0.312,0.4844,0.0,0.0,0.4289,0.8161,1.7294,0.3083,5.9927,0.2578,0,0,0,0,0,0,1,0,0,0,0,1,0,0,0,0,0,0,0,0,1,5686,143,66,161,103,28,26,58,69,0,12,0,12,67,49,55,86,7.7,3.4,3.8,2.5,0.7,0.6,1.4,1.6,0.0,0.8,0.0,0.8,1.6,1.1,1.3,2.0
39,Ohio,OH,39155,Trumbull County,39155933100,Census Tract 9331; Trumbull County; Ohio,4.722756806678,2003,310,943,116,808,107,560,257,66,55,156,80,109,53,114,59,450,121,395,166,488,160,114,73,0,48,54,439,0,16,86,65,0,16,43,32,0,12,28.0,12.1,7.9,6.4,19.3,9.6,8.2,3.8,5.7,2.9,22.5,6.0,19.7,6.5,24.4,6.7,14.1,8.8,0.0,2.6,2.7,21.9,0.0,1.7,9.1,6.7,0.0,2.0,5.3,3.9,0.0,0.6,0.6791,0.7667,0.367,0.526,0.5176,2.8564,0.6187,0.7717,0.3653,0.9229,0.8835,0.0,2.9434,0.7987,0.0558,0.0558,0.0558,0.0,0.8632,0.0,0.4917,0.0,1.3549,0.1908,7.2105,0.4517,0,0,0,0,0,0,0,0,1,0,0,1,0,0,0,0,0,0,0,0,1,1417,104,57,0,12,5,9,0,12,0,12,0,12,49,49,0,12,12.9,6.7,0.0,1.7,0.2,0.4,0.0,1.7,0.0,1.7,0.0,1.7,2.4,2.5,0.0,1.7
39,Ohio,OH,39155,Trumbull County,39155933301,Census Tract 9333.01; Trumbull County; Ohio,7.80849209882,2179,311,1244,163,1064,172,777,260,41,25,250,116,195,109,78,80,563,134,372,143,429,147,40,43,15,53,61,444,81,60,445,106,8,17,64,49,1,2,35.7,10.8,4.1,2.6,23.5,10.2,12.1,6.4,3.6,3.6,25.8,5.5,17.1,5.3,19.7,6.7,3.8,4.0,0.7,2.6,2.8,20.4,6.5,4.7,35.8,7.8,0.8,1.6,6.0,4.4,0.0,0.1,0.7861,0.4867,0.5254,0.7242,0.2945,2.8169,0.6067,0.8906,0.2096,0.794,0.3502,0.6367,2.8811,0.7683,0.0587,0.0587,0.0587,0.6013,0.9943,0.5117,0.5413,0.0,2.6486,0.6978,8.4053,0.6502,0,0,0,0,0,0,0,0,0,0,0,0,0,0,0,1,0,0,0,1,1,2926,206,86,0,12,36,51,15,27,0,12,0,12,5,10,5,9,19.4,7.7,0.0,1.6,1.7,2.4,0.7,1.2,0.0,1.6,0.0,1.6,0.2,0.5,0.2,0.4
39,Ohio,OH,39155,Trumbull County,39155933302,Census Tract 9333.02; Trumbull County; Ohio,5.704360909766,4867,413,1988,168,1864,151,890,312,40,38,299,110,238,124,241,129,1153,156,804,219,887,205,44,36,0,48,156,596,38,60,0,12,13,15,129,79,170,3,18.9,6.4,2.0,1.9,16.0,5.8,6.5,3.2,5.1,2.7,23.7,4.2,16.5,3.7,18.9,4.8,2.3,1.9,0.0,1.0,3.2,12.2,1.9,3.0,0.0,1.7,0.7,0.8,6.9,4.3,3.5,0.3,0.4805,0.194,0.2279,0.4157,0.4611,1.7792,0.3032,0.824,0.1823,0.7566,0.1902,0.0,1.9531,0.2492,0.0751,0.0751,0.0751,0.3975,0.0,0.4873,0.5924,0.8516,2.3288,0.5622,6.1362,0.2803,0,0,0,0,0,0,0,0,0,0,0,0,0,0,0,0,0,0,0,0,0,3244,345,107,16,14,0,12,0,12,0,12,0,12,140,137,0,12,18.5,5.5,0.3,0.3,0.0,0.7,0.0,0.7,0.0,0.7,0.0,0.7,2.9,2.8,0.0,0.7
39,Ohio,OH,39155,Trumbull County,39155933400,Census Tract 9334; Trumbull County; Ohio,23.192063737788,3327,17,1326,181,1259,161,584,248,40,29,85,52,278,180,143,80,906,163,624,125,473,119,39,34,9,48,177,90,0,16,250,93,3,13,31,27,0,12,17.6,7.5,3.0,2.1,6.8,4.0,11.1,7.4,4.3,2.4,27.2,4.9,18.8,3.8,14.2,3.6,3.1,2.7,0.3,1.5,5.3,2.7,0.0,1.2,18.9,6.3,0.2,1.0,2.5,2.1,0.0,0.4,0.4424,0.3403,0.0127,0.6906,0.3659,1.8519,0.3222,0.9214,0.3015,0.4919,0.2733,0.4968,2.4849,0.5479,0.1642,0.1642,0.1642,0.0,0.953,0.3905,0.2587,0.0,1.6022,0.259,6.1032,0.2746,0,0,0,0,0,0,1,0,0,0,0,1,0,0,0,1,0,0,0,1,2,3641,149,82,36,35,51,42,5,9,0,12,0,12,85,61,0,12,11.8,6.0,1.1,1.1,1.5,1.3,0.2,0.3,0.0,1.0,0.0,1.0,2.6,1.8,0.0,1.0
39,Ohio,OH,39155,Trumbull County,39155933500,Census Tract 9335; Trumbull County; Ohio,20.902422506896,3898,187,1782,161,1611,134,832,303,73,49,192,87,321,137,145,140,1027,293,859,153,667,213,36,39,0,48,149,274,0,16,143,72,0,16,59,56,0,12,21.5,7.7,4.5,3.0,11.9,5.3,11.4,4.5,3.7,3.6,26.3,7.4,22.0,3.8,17.1,5.5,2.2,2.4,0.0,1.3,3.8,7.0,0.0,0.9,8.0,3.9,0.0,1.0,3.7,3.4,0.0,0.3,0.5424,0.534,0.094,0.7004,0.3021,2.1729,0.4175,0.9055,0.5171,0.6674,0.1762,0.0,2.2662,0.4143,0.0967,0.0967,0.0967,0.0,0.846,0.0,0.3727,0.0,1.2187,0.1517,5.7545,0.2244,0,0,0,0,0,0,1,0,0,0,0,1,0,0,0,0,0,0,0,0,1,1664,282,115,10,16,52,54,0,12,0,12,0,12,87,109,0,12,17.5,6.6,0.3,0.4,1.3,1.4,0.0,0.9,0.0,0.9,0.0,0.9,2.2,2.8,0.0,0.9
39,Ohio,OH,39155,Trumbull County,39155933600,Census Tract 9336; Trumbull County; Ohio,3.02328869907,4705,186,2695,232,2240,247,1228,372,157,102,569,261,337,115,393,155,1190,251,715,172,653,188,87,81,0,48,193,301,302,128,0,12,12,22,292,159,73,4,26.5,8.0,6.6,4.5,25.4,11.3,9.3,3.2,8.5,3.3,25.3,5.3,15.2,3.7,14.1,4.1,3.9,3.6,0.0,1.1,4.1,6.4,11.2,4.7,0.0,1.3,0.5,1.0,13.0,6.9,1.6,0.1,0.6506,0.6965,0.5962,0.5951,0.7471,3.2855,0.7327,0.8773,0.1344,0.4862,0.3638,0.0,1.8617,0.2057,0.1097,0.1097,0.1097,0.7133,0.0,0.4413,0.7981,0.727,2.6797,0.7124,7.9366,0.5749,0,0,0,0,0,0,0,0,0,0,0,0,0,0,0,0,0,0,0,0,0,4133,493,244,62,72,28,46,74,123,0,12,0,12,29,43,0,12,22.0,10.2,1.3,1.5,0.6,1.0,1.6,2.6,0.0,0.7,0.0,0.7,0.6,0.9,0.0,0.7
39,Ohio,OH,39155,Trumbull County,39155933700,Census Tract 9337; Trumbull County; Ohio,23.611057381066,2470,429,1210,218,1087,210,323,117,14,18,164,74,143,75,147,69,814,368,416,143,713,215,32,34,0,48,234,594,0,16,174,100,27,29,34,29,0,12,13.3,4.3,1.4,1.7,15.1,6.2,7.5,4.1,6.0,3.0,33.0,11.4,16.8,5.3,28.9,6.7,2.9,3.1,0.0,2.0,9.5,24.0,0.0,1.3,14.4,7.9,2.5,2.6,3.1,2.7,0.0,0.5,0.3142,0.1117,0.1949,0.4829,0.5459,1.6496,0.2667,0.9803,0.1972,0.9746,0.2473,0.0,2.3994,0.4984,0.337,0.337,0.337,0.0,0.9235,0.7902,0.3143,0.0,2.028,0.4286,6.414,0.3292,0,0,0,0,0,0,1,0,1,0,0,2,0,0,0,1,0,0,0,1,3,1251,206,127,50,67,89,103,0,12,0,12,0,12,95,85,0,12,19.0,10.7,2.0,2.7,3.6,4.0,0.0,1.4,0.0,1.4,0.0,1.4,3.8,3.5,0.0,1.4
39,Ohio,OH,39155,Trumbull County,39155933800,Census Tract 9338; Trumbull County; Ohio,0.729118105616,2552,454,1294,170,1058,182,1359,437,77,73,401,167,275,91,157,122,265,73,496,264,456,127,87,68,3,46,788,619,171,123,0,12,0,16,273,135,340,15,61.9,15.2,9.1,7.7,37.9,14.4,17.3,5.7,7.0,4.8,10.4,3.2,19.4,8.1,20.5,6.7,8.2,6.3,0.1,2.0,30.9,23.6,13.2,9.3,0.0,2.7,0.0,1.5,25.8,11.6,13.3,2.4,0.9664,0.8178,0.8676,0.8665,0.636,4.1543,0.9197,0.1373,0.3453,0.821,0.6946,0.4245,2.4227,0.5114,0.7134,0.7134,0.7134,0.7514,0.0,0.0,0.9406,0.9651,2.6571,0.7003,9.9475,0.8406,1,0,0,0,0,1,0,0,0,0,0,0,0,0,0,0,0,1,1,2,3,5145,232,112,611,211,59,52,0,12,0,12,0,12,118,67,0,12,21.9,9.6,23.9,7.8,2.3,2.1,0.0,1.4,0.0,1.4,0.0,1.4,4.6,2.7,0.0,1.4
39,Ohio,OH,39155,Trumbull County,39155933900,Census Tract 9339; Trumbull County; Ohio,2.63607086429,1936,326,932,179,803,176,881,194,33,28,195,86,256,85,246,116,348,153,519,140,251,78,101,48,8,48,372,425,0,16,0,12,33,31,39,34,3,15,46.2,6.3,4.0,3.4,24.3,9.3,20.2,5.7,12.7,5.4,18.0,6.9,26.8,5.5,13.0,4.5,12.6,5.3,0.4,2.6,19.2,21.7,0.0,1.7,0.0,3.7,4.1,3.8,4.9,4.3,0.2,0.8,0.8845,0.4756,0.5524,0.9131,0.9038,3.7294,0.8305,0.5317,0.805,0.4129,0.8511,0.5412,3.1419,0.8689,0.5777,0.5777,0.5777,0.0,0.0,0.9006,0.4625,0.4356,1.7987,0.3362,9.2477,0.7568,0,0,0,1,1,2,0,0,0,0,0,0,0,0,0,0,1,0,0,1,3,2551,200,146,93,80,43,55,0,12,0,12,0,12,216,184,20,28,24.9,14.4,4.8,4.0,2.2,2.6,0.0,1.8,0.0,1.8,0.0,1.8,11.2,8.7,1.0,1.4
39,Ohio,OH,39155,Trumbull County,39155934000,Census Tract 9340; Trumbull County; Ohio,6.258647396558,4999,577,2136,221,1713,211,3392,611,88,45,416,106,761,340,187,97,499,111,1578,351,957,375,291,162,0,48,2932,760,20,20,220,100,151,106,328,173,225,18,69.7,9.5,5.7,2.9,24.3,5.4,27.5,10.1,3.8,2.1,10.0,2.5,31.6,5.4,19.6,6.8,17.0,9.2,0.0,1.1,58.7,13.6,0.9,0.9,10.3,4.8,8.8,6.1,19.1,9.7,4.5,0.6,0.9829,0.6356,0.5524,0.9721,0.3113,3.4543,0.7689,0.124,0.9448,0.7893,0.9279,0.0,2.786,0.7257,0.857,0.857,0.857,0.3181,0.8784,0.9857,0.8914,0.8922,3.9658,0.9876,11.0631,0.9343,1,0,0,1,0,2,0,1,0,1,0,2,0,0,0,0,1,0,0,1,5,2805,580,185,2584,510,121,73,0,12,0,12,0,12,227,178,0,12,33.9,9.5,51.7,8.6,2.4,1.5,0.0,0.7,0.0,0.7,0.0,0.7,4.5,3.6,0.0,0.7
39,Ohio,OH,39157,Tuscarawas County,39157020100,Census Tract 201; Tuscarawas County; Ohio,29.004057143788,5100,483,2014,219,1947,221,939,423,141,106,445,148,443,179,763,375,1031,244,1224,355,712,202,50,36,43,80,462,728,14,22,182,91,16,15,156,138,0,17,18.5,8.1,6.0,4.3,22.9,7.1,12.9,4.9,15.0,6.4,20.2,5.4,24.0,6.1,14.0,4.0,2.6,1.8,0.9,1.7,9.1,14.2,0.7,1.1,9.0,4.5,0.9,0.8,8.0,6.7,0.0,0.3,0.47,0.6559,0.5041,0.7524,0.9403,3.3227,0.7432,0.6734,0.6582,0.4811,0.2187,0.6855,2.7169,0.6905,0.3221,0.3221,0.3221,0.2994,0.8619,0.5384,0.6479,0.0,2.3476,0.5686,8.7093,0.6908,0,0,0,0,1,1,0,0,0,0,0,0,0,0,0,0,0,0,0,0,1,3867,375,173,9,20,288,274,0,17,0,17,0,17,165,133,0,17,19.3,7.8,0.2,0.4,5.6,5.4,0.0,0.7,0.0,0.7,0.0,0.7,3.2,2.6,0.0,0.7
39,Ohio,OH,39157,Tuscarawas County,39157020200,Census Tract 202; Tuscarawas County; Ohio,32.783272168639996,3861,263,1752,119,1712,122,320,145,44,28,326,113,114,51,133,73,1082,131,707,119,630,133,16,18,3,46,24,374,115,62,112,45,0,16,190,74,115,2,8.6,3.8,2.3,1.5,19.0,6.5,4.0,1.7,3.6,1.9,28.0,3.5,18.3,2.4,16.8,3.5,0.9,1.0,0.1,1.3,0.6,9.7,6.6,3.5,6.4,2.7,0.0,0.9,11.1,4.2,3.0,0.2,0.1666,0.2384,0.354,0.2283,0.2945,1.2818,0.1648,0.9366,0.272,0.656,0.0705,0.4245,2.3596,0.4705,0.0038,0.0038,0.0038,0.6063,0.8159,0.0,0.7552,0.8291,3.0065,0.8321,6.6517,0.3689,0,0,0,0,0,0,1,0,0,0,0,1,0,0,0,0,0,0,0,0,1,4174,280,85,0,12,2,6,0,12,0,12,0,12,22,20,0,12,16.4,4.7,0.0,0.9,0.1,0.2,0.0,0.9,0.0,0.9,0.0,0.9,0.6,0.5,0.0,0.9
39,Ohio,OH,39157,Tuscarawas County,39157020300,Census Tract 203; Tuscarawas County; Ohio,11.204034091354,3353,292,1494,168,1433,172,473,151,49,48,253,85,98,77,89,48,743,142,681,115,448,108,47,38,0,48,158,422,8,16,0,12,0,16,51,48,31,4,14.1,4.3,2.9,2.8,17.7,5.5,3.9,3.1,2.7,1.4,22.2,3.5,20.3,3.2,13.4,3.5,3.3,2.6,0.0,1.5,4.7,12.6,0.5,1.1,0.0,2.3,0.0,1.1,3.6,3.2,0.9,0.1,0.3354,0.327,0.3006,0.2191,0.1888,1.3709,0.1892,0.7575,0.4065,0.4418,0.2943,0.0,1.9001,0.2222,0.1395,0.1395,0.1395,0.2819,0.0,0.0,0.3638,0.6458,1.2915,0.1724,4.702,0.1137,0,0,0,0,0,0,0,0,0,0,0,0,0,0,0,0,0,0,0,0,0,2674,180,93,58,66,7,11,0,12,0,12,0,12,81,67,12,17,12.6,6.2,1.7,2.0,0.2,0.3,0.0,1.0,0.0,1.0,0.0,1.0,2.4,2.0,0.4,0.5
39,Ohio,OH,39157,Tuscarawas County,39157020400,Census Tract 204; Tuscarawas County; Ohio,63.65722361504,5485,420,2439,268,2195,234,1681,610,83,67,539,261,673,355,255,182,991,283,1215,226,1218,372,150,124,0,68,47,592,0,24,432,161,121,145,195,160,0,17,30.7,10.9,3.6,3.1,24.6,11.6,16.4,8.0,4.6,3.3,18.1,4.9,22.2,3.9,22.2,6.2,6.8,5.6,0.0,1.3,0.9,10.8,0.0,1.0,17.7,6.9,5.5,6.6,8.9,6.8,0.0,0.3,0.7233,0.4308,0.5635,0.8488,0.3996,2.966,0.6505,0.539,0.5336,0.875,0.6051,0.0,2.5527,0.5921,0.0076,0.0076,0.0076,0.0,0.9451,0.9502,0.6848,0.0,2.5801,0.6695,8.1064,0.6013,0,0,0,0,0,0,0,0,0,0,0,0,0,0,0,1,1,0,0,2,2,4142,444,199,0,17,0,17,0,17,0,17,0,17,39,43,8,14,20.2,8.0,0.0,0.6,0.0,0.6,0.0,0.6,0.0,0.6,0.0,0.6,0.7,0.8,0.1,0.3
39,Ohio,OH,39157,Tuscarawas County,39157020500,Census Tract 205; Tuscarawas County; Ohio,45.492239191514,5885,733,2195,345,2106,359,523,289,285,260,371,141,896,223,1209,462,938,248,1552,274,701,308,38,48,94,107,466,1043,0,24,251,141,41,55,297,113,0,17,8.9,4.8,9.6,7.3,17.6,6.0,22.7,4.8,20.5,7.6,15.9,3.9,26.4,4.4,11.9,5.0,1.8,2.3,1.7,1.9,7.9,17.7,0.0,1.1,11.4,6.2,1.9,2.6,14.1,6.0,0.0,0.3,0.1765,0.833,0.2943,0.9375,0.98,3.2213,0.7184,0.3922,0.7882,0.345,0.1419,0.8094,2.4767,0.5432,0.2771,0.2771,0.2771,0.0,0.893,0.7219,0.8206,0.0,2.4355,0.6083,8.4106,0.6508,0,0,0,1,1,2,0,0,0,0,0,0,0,0,0,0,0,0,0,0,2,5201,490,137,0,17,441,305,0,17,10,16,0,17,15,22,0,17,23.3,7.4,0.0,0.6,7.5,5.1,0.0,0.6,0.2,0.3,0.0,0.6,0.3,0.4,0.0,0.6
39,Ohio,OH,39157,Tuscarawas County,39157020600,Census Tract 206; Tuscarawas County; Ohio,2.93818216572,5176,452,2453,257,2207,249,753,393,39,39,416,177,163,123,126,103,1207,213,1192,221,607,162,72,76,0,68,154,630,69,64,15,24,0,24,160,131,136,3,14.9,7.7,1.5,1.5,18.8,7.7,4.6,3.4,2.5,2.1,23.3,3.7,23.0,3.9,12.0,3.3,3.3,3.4,0.0,1.3,3.0,12.2,2.8,2.6,0.6,1.0,0.0,1.1,7.2,5.8,2.6,0.2,0.3618,0.1251,0.3444,0.2724,0.1692,1.2729,0.1625,0.806,0.5862,0.3523,0.2943,0.0,2.0388,0.2917,0.0656,0.0656,0.0656,0.4622,0.5876,0.0,0.6111,0.8012,2.4621,0.6206,5.8394,0.2371,0,0,0,0,0,0,0,0,0,0,0,0,0,0,0,0,0,0,0,0,0,4776,353,175,82,81,57,70,15,22,0,17,0,17,0,17,0,17,16.0,7.4,1.6,1.6,1.1,1.3,0.3,0.4,0.0,0.7,0.0,0.7,0.0,0.7,0.0,0.7
39,Ohio,OH,39157,Tuscarawas County,39157020700,Census Tract 207; Tuscarawas County; Ohio,8.489883750114,6457,555,2482,239,2378,231,1389,401,253,127,551,193,331,130,389,177,1158,166,1699,405,669,240,61,55,0,68,870,853,155,123,53,66,8,28,83,72,113,3,22.0,6.0,7.6,3.4,23.2,7.8,7.8,3.1,6.1,2.7,17.9,3.0,26.3,5.1,10.5,3.8,2.6,2.3,0.0,1.1,13.5,13.2,6.3,4.9,2.1,2.7,0.3,1.2,3.5,2.9,1.8,0.2,0.5576,0.7527,0.5143,0.5003,0.5547,2.8796,0.6241,0.5231,0.7828,0.2453,0.2187,0.0,1.7699,0.1673,0.4591,0.4591,0.4591,0.5952,0.7019,0.4041,0.3537,0.7445,2.7994,0.76,7.908,0.5698,0,0,0,0,0,0,0,0,0,0,0,0,0,0,0,0,0,0,0,0,0,6165,282,137,17,27,531,229,0,17,0,17,0,17,322,241,0,17,11.9,5.7,0.3,0.4,8.2,3.6,0.0,0.5,0.0,0.5,0.0,0.5,5.0,3.7,0.0,0.5
39,Ohio,OH,39157,Tuscarawas County,39157020801,Census Tract 208.01; Tuscarawas County; Ohio,1.111378004614,2538,363,1611,231,1433,253,928,290,28,30,738,280,285,124,291,241,325,149,414,177,671,251,88,73,30,64,374,546,145,156,34,39,0,16,77,89,7,2,37.4,10.4,2.0,2.0,51.5,17.3,16.7,6.9,11.5,9.0,12.8,5.7,16.3,6.0,26.4,9.5,6.1,5.0,1.3,2.7,14.7,21.4,9.0,9.6,2.1,2.4,0.0,1.1,5.4,6.1,0.3,0.1,0.8045,0.194,0.9759,0.8554,0.8734,3.7032,0.8244,0.228,0.1734,0.953,0.5584,0.7565,2.6693,0.6635,0.4857,0.4857,0.4857,0.6746,0.7019,0.0,0.4994,0.4924,2.3683,0.5775,9.2265,0.7543,0,0,1,0,0,1,0,0,1,0,0,1,0,0,0,0,0,0,0,0,2,6778,353,200,22,31,184,163,30,44,0,12,0,12,138,106,0,12,24.6,12.6,0.9,1.2,7.2,6.2,1.2,1.7,0.0,1.4,0.0,1.4,5.4,4.5,0.0,1.4
39,Ohio,OH,39157,Tuscarawas County,39157020802,Census Tract 208.02; Tuscarawas County; Ohio,0.690866594374,2503,434,1311,190,1246,198,367,210,4,16,206,111,282,207,271,201,600,196,510,264,332,119,89,100,56,84,465,569,30,38,0,12,0,16,86,68,7,2,14.7,8.0,0.3,1.2,16.5,8.5,15.0,9.8,10.8,7.6,24.0,8.1,20.4,8.9,13.3,4.7,7.1,7.9,2.3,3.5,18.6,22.5,2.3,2.9,0.0,2.6,0.0,1.3,6.9,5.5,0.3,0.1,0.3548,0.0263,0.2505,0.8177,0.8502,2.2995,0.4546,0.8329,0.4134,0.4361,0.626,0.8548,3.1632,0.8765,0.5669,0.5669,0.5669,0.426,0.0,0.0,0.5924,0.4924,1.5108,0.2337,7.5404,0.506,0,0,0,0,0,0,0,0,0,0,0,0,0,0,0,0,0,0,0,0,0,1476,143,83,1,3,396,365,0,12,20,35,0,12,48,49,0,12,11.5,6.5,0.0,0.1,15.8,13.2,0.0,1.4,0.8,1.4,0.0,1.4,1.9,2.1,0.0,1.4
39,Ohio,OH,39157,Tuscarawas County,39157020900,Census Tract 209; Tuscarawas County; Ohio,3.68228373165,4469,391,2106,218,2008,235,688,246,122,73,312,114,152,81,262,153,862,106,808,189,432,152,44,42,0,48,178,551,39,60,0,12,0,16,97,56,53,4,15.5,5.4,4.5,2.6,15.5,5.4,4.4,2.4,5.9,3.4,19.3,2.4,18.1,4.0,9.7,3.3,2.2,2.1,0.0,1.1,4.0,12.3,1.9,2.8,0.0,1.6,0.0,0.8,4.8,2.7,1.2,0.1,0.3786,0.534,0.2083,0.2581,0.537,1.916,0.3397,0.6208,0.2613,0.2003,0.1762,0.0,1.2586,0.0473,0.1046,0.1046,0.1046,0.3975,0.0,0.0,0.4568,0.6814,1.5357,0.2413,4.8149,0.1254,0,0,0,0,0,0,0,0,0,0,0,0,0,0,0,0,0,0,0,0,0,4795,186,73,105,61,1,3,69,67,0,12,0,12,3,6,0,12,9.3,3.5,2.3,1.4,0.0,0.1,1.5,1.5,0.0,0.8,0.0,0.8,0.1,0.1,0.0,0.8
39,Ohio,OH,39157,Tuscarawas County,39157021000,Census Tract 210; Tuscarawas County; Ohio,8.97917459843,5153,541,2344,272,2188,241,1885,531,117,88,794,235,221,92,235,114,890,136,1156,261,835,240,150,81,275,165,901,786,25,35,497,156,71,63,85,79,152,13,37.7,9.8,5.2,3.6,36.3,10.0,6.6,2.9,4.7,2.3,17.3,3.0,22.4,4.4,16.7,4.2,6.8,3.6,5.8,3.5,17.5,15.1,1.1,1.5,21.2,6.9,3.3,2.9,3.9,3.7,2.9,0.4,0.8086,0.5971,0.8397,0.4236,0.4135,3.0825,0.6848,0.4845,0.5466,0.6493,0.6051,0.9629,3.2484,0.8994,0.5469,0.5469,0.5469,0.3378,0.9651,0.8651,0.3892,0.8224,3.3796,0.9156,10.2574,0.8717,0,0,0,0,0,0,0,0,0,0,1,1,0,0,0,1,0,0,0,1,2,6217,158,98,21,24,836,444,38,60,0,17,0,17,6,13,0,17,7.2,4.6,0.4,0.5,16.2,8.3,0.7,1.2,0.0,0.7,0.0,0.7,0.1,0.2,0.0,0.7
39,Ohio,OH,39157,Tuscarawas County,39157021100,Census Tract 211; Tuscarawas County; Ohio,1.722689054092,2700,322,1256,152,1109,148,598,265,87,73,336,114,171,91,239,185,676,125,504,120,388,164,25,31,0,48,143,457,176,72,0,12,50,67,181,82,158,3,23.7,10.0,6.7,5.3,30.3,9.5,9.3,4.9,9.4,7.1,25.0,5.2,18.7,3.6,15.2,5.9,2.3,2.8,0.0,1.8,5.3,16.9,14.1,5.5,0.0,2.7,4.5,6.0,16.3,6.8,5.9,0.7,0.5944,0.7032,0.734,0.5951,0.7928,3.4195,0.7613,0.8678,0.2964,0.5592,0.1902,0.0,1.9136,0.2283,0.1642,0.1642,0.1642,0.7663,0.0,0.9213,0.8584,0.9236,3.4696,0.9333,8.9669,0.7235,0,0,0,0,0,0,0,0,0,0,0,0,0,0,0,0,1,0,1,2,2,7132,288,110,8,12,55,57,0,12,0,12,0,12,80,73,0,12,26.0,8.6,0.3,0.4,2.0,2.0,0.0,1.3,0.0,1.3,0.0,1.3,3.0,2.7,0.0,1.3
39,Ohio,OH,39157,Tuscarawas County,39157021200,Census Tract 212; Tuscarawas County; Ohio,13.87203867986,3053,288,1183,133,1105,119,627,195,54,35,188,63,223,69,287,107,582,92,763,168,421,87,17,13,0,48,218,401,0,16,209,75,19,20,5,8,93,2,21.6,6.4,3.8,2.4,17.0,5.4,11.0,3.2,9.7,3.5,19.1,2.9,25.0,4.4,14.2,2.6,1.6,1.2,0.0,1.7,7.1,13.1,0.0,1.4,17.7,5.6,1.7,1.8,0.5,0.7,3.0,0.3,0.5452,0.4524,0.2714,0.6855,0.8067,2.7612,0.5921,0.6062,0.7131,0.4919,0.1238,0.0,1.935,0.2378,0.2397,0.2397,0.2397,0.0,0.9451,0.6917,0.0524,0.8291,2.5183,0.6416,7.4542,0.4962,0,0,0,0,0,0,0,0,0,0,0,0,0,0,0,1,0,0,0,1,1,2095,167,63,20,23,39,70,0,12,0,12,2,6,157,95,0,12,15.1,5.7,0.7,0.7,1.3,2.3,0.0,1.1,0.0,1.1,0.1,0.2,5.1,3.1,0.0,1.1
39,Ohio,OH,39157,Tuscarawas County,39157021300,Census Tract 213; Tuscarawas County; Ohio,25.08104692328,5321,383,1946,157,1779,169,809,295,75,87,320,120,908,165,1224,380,696,152,1607,223,621,168,38,30,1,65,162,541,30,25,61,30,17,16,253,73,0,17,15.2,5.4,2.8,3.2,18.0,6.5,27.5,4.9,23.0,6.6,13.1,2.8,30.2,3.4,11.7,3.0,2.1,1.7,0.0,1.4,3.0,10.2,1.6,1.3,3.1,1.5,0.9,0.9,14.2,4.3,0.0,0.3,0.3691,0.3133,0.3114,0.9721,0.9873,2.9532,0.6463,0.2413,0.9188,0.3291,0.1673,0.0,1.6565,0.1286,0.0656,0.0656,0.0656,0.3787,0.7371,0.5384,0.8232,0.0,2.4774,0.6276,7.1527,0.447,0,0,0,1,1,2,0,1,0,0,0,1,0,0,0,0,0,0,0,0,3,5835,399,97,0,17,36,42,23,34,0,17,0,17,103,38,0,17,22.4,5.1,0.0,0.7,0.7,0.8,0.4,0.6,0.0,0.7,0.0,0.7,1.9,0.7,0.0,0.7
39,Ohio,OH,39157,Tuscarawas County,39157021400,Census Tract 214; Tuscarawas County; Ohio,56.461561877068,2580,240,1031,118,899,128,431,153,59,42,138,58,232,93,252,132,483,87,747,164,334,94,14,19,22,50,145,334,0,16,94,52,6,15,65,36,0,12,16.7,5.7,5.1,3.6,15.4,6.1,14.7,6.4,9.8,4.7,18.7,3.6,29.0,4.8,12.9,3.7,1.6,2.1,0.9,2.1,5.6,12.9,0.0,1.6,9.1,5.0,0.7,1.7,7.2,4.1,0.0,0.5,0.4154,0.5892,0.2051,0.8107,0.8124,2.8328,0.613,0.5821,0.8871,0.4059,0.1238,0.6855,2.6844,0.6708,0.1776,0.1776,0.1776,0.0,0.8632,0.4873,0.6111,0.0,1.9616,0.4019,7.6564,0.526,0,0,0,0,0,0,0,0,0,0,0,0,0,0,0,0,0,0,0,0,0,1271,250,74,0,12,44,60,31,26,0,12,0,12,70,46,0,12,27.8,8.0,0.0,1.3,1.7,2.3,1.2,1.0,0.0,1.3,0.0,1.3,2.7,1.8,0.0,1.3
39,Ohio,OH,39157,Tuscarawas County,39157021501,Census Tract 215.01; Tuscarawas County; Ohio,4.966577903066,3140,346,1476,179,1439,178,360,233,1,3,384,199,173,81,207,167,1039,285,609,221,481,297,107,90,30,60,256,488,116,95,22,33,0,16,39,41,27,6,11.5,7.3,0.1,0.2,26.7,13.4,7.3,3.5,6.6,5.3,33.1,7.9,19.4,6.2,15.3,8.9,7.5,6.2,1.0,2.0,8.2,15.5,7.9,6.4,1.5,2.3,0.0,1.1,2.7,3.0,0.9,0.2,0.2561,0.0232,0.6425,0.4715,0.6001,1.9934,0.3644,0.9807,0.3453,0.5646,0.6546,0.707,3.2522,0.9003,0.2892,0.2892,0.2892,0.6473,0.6667,0.0,0.2752,0.6458,2.235,0.5178,7.7698,0.5457,0,0,0,0,0,0,1,0,0,0,0,1,0,0,0,0,0,0,0,0,1,2652,236,112,25,9,20,37,107,103,36,38,0,12,68,49,0,12,16.4,7.6,0.8,0.3,0.6,1.2,3.4,3.2,1.1,1.2,0.0,1.1,2.2,1.6,0.0,1.1
39,Ohio,OH,39157,Tuscarawas County,39157021502,Census Tract 215.02; Tuscarawas County; Ohio,27.23884358762,2100,240,975,143,975,143,357,150,0,12,101,72,85,62,38,36,791,242,299,61,247,133,0,16,0,48,17,339,0,16,70,47,0,16,35,43,0,12,17.0,6.9,0.0,3.6,10.4,7.2,4.8,3.5,1.8,1.7,37.7,8.1,14.2,3.1,11.8,6.0,0.0,1.6,0.0,2.3,0.8,16.1,0.0,1.6,7.2,4.7,0.0,1.6,3.6,4.6,0.0,0.6,0.4237,0.0,0.0559,0.2888,0.1022,0.8706,0.0762,0.9918,0.1091,0.3351,0.0,0.0,1.436,0.0749,0.006,0.006,0.006,0.0,0.8314,0.0,0.3638,0.0,1.1952,0.1454,3.5078,0.0327,0,0,0,0,0,0,1,0,0,0,0,1,0,0,0,0,0,0,0,0,1,1501,113,94,0,12,0,12,0,12,0,12,0,12,17,22,0,12,11.6,9.0,0.0,1.7,0.0,1.7,0.0,1.7,0.0,1.7,0.0,1.7,0.8,1.0,0.0,1.7
39,Ohio,OH,39157,Tuscarawas County,39157021503,Census Tract 215.03; Tuscarawas County; Ohio,13.183257422388,2305,228,1147,150,996,118,401,143,35,31,148,62,103,51,73,49,373,113,451,144,343,118,20,18,0,48,81,331,28,23,194,86,43,61,61,50,0,12,17.8,6.1,2.9,2.5,14.9,6.0,6.1,3.0,3.2,2.2,16.2,5.3,19.6,5.4,14.9,5.5,2.0,1.8,0.0,2.2,3.5,14.4,2.4,2.0,16.9,6.5,4.3,6.1,6.1,5.1,0.0,0.5,0.4468,0.327,0.1857,0.3897,0.2491,1.5983,0.253,0.4138,0.3602,0.5408,0.159,0.0,1.4738,0.0835,0.0847,0.0847,0.0847,0.4352,0.94,0.9111,0.5479,0.0,2.8342,0.7721,5.991,0.2568,0,0,0,0,0,0,0,0,0,0,0,0,0,0,0,1,1,0,0,2,2,1447,180,86,0,12,24,35,0,12,0,12,0,12,22,34,35,54,18.1,7.9,0.0,1.5,1.0,1.5,0.0,1.5,0.0,1.5,0.0,1.5,1.0,1.5,1.5,2.3
39,Ohio,OH,39157,Tuscarawas County,39157021600,Census Tract 216; Tuscarawas County; Ohio,27.042791802876,4671,382,1924,187,1799,161,1271,320,225,133,353,112,267,92,267,105,801,141,1240,229,708,152,72,52,0,48,251,552,54,28,104,53,25,30,103,40,7,2,27.6,6.6,9.2,5.2,19.6,6.0,8.5,2.7,5.7,2.3,17.1,2.9,26.5,3.9,15.2,3.2,4.0,2.9,0.0,1.1,5.4,11.8,2.8,1.4,5.4,2.7,1.3,1.7,5.7,2.1,0.1,0.0,0.6709,0.8222,0.3781,0.5482,0.5176,2.937,0.6384,0.4677,0.7945,0.5592,0.3743,0.0,2.1957,0.3765,0.1687,0.1687,0.1687,0.4622,0.7927,0.6181,0.5241,0.3694,2.7665,0.7457,8.0679,0.5959,0,0,0,0,0,0,0,0,0,0,0,0,0,0,0,0,0,0,0,0,0,3522,219,68,59,68,57,67,0,12,0,12,0,12,84,66,51,53,12.2,3.7,1.3,1.5,1.2,1.4,0.0,0.7,0.0,0.7,0.0,0.7,1.8,1.4,1.1,1.1
39,Ohio,OH,39157,Tuscarawas County,39157021700,Census Tract 217; Tuscarawas County; Ohio,36.33835266588,4977,395,2510,233,2200,215,1611,393,444,236,618,227,321,158,410,348,1139,191,889,199,1224,420,115,81,0,48,159,567,69,53,508,174,31,44,156,94,87,2,33.1,7.6,18.4,9.8,28.1,9.9,9.0,4.4,8.4,7.2,22.9,4.0,17.9,3.6,25.0,8.6,5.2,3.6,0.0,1.0,3.2,11.4,2.7,2.1,20.2,6.5,1.4,2.0,7.1,4.1,1.7,0.1,0.7575,0.9657,0.6819,0.5755,0.7417,3.7223,0.8292,0.7885,0.2495,0.9318,0.4921,0.0,2.4619,0.5362,0.0751,0.0751,0.0751,0.4533,0.959,0.6384,0.6048,0.7381,3.3936,0.9184,9.6529,0.8108,0,1,0,0,0,1,0,0,1,0,0,1,0,0,0,1,0,0,0,1,3,4737,457,148,11,24,102,122,0,12,0,12,0,12,46,42,0,12,20.8,6.4,0.2,0.5,2.0,2.4,0.0,0.7,0.0,0.7,0.0,0.7,0.9,0.9,0.0,0.7
39,Ohio,OH,39157,Tuscarawas County,39157021800,Census Tract 218; Tuscarawas County; Ohio,72.373506767098,3002,605,1288,218,1127,211,793,535,79,52,223,158,288,141,462,416,486,170,713,376,438,142,23,34,29,63,161,814,0,16,236,163,62,67,46,54,0,12,26.5,17.0,5.2,3.7,19.8,13.5,13.6,6.4,15.4,12.2,16.2,6.4,23.8,9.4,14.6,4.0,2.1,3.0,1.0,2.2,5.4,27.1,0.0,1.2,18.3,11.4,5.5,5.9,4.1,4.8,0.0,0.4,0.6506,0.5971,0.3863,0.7796,0.9454,3.359,0.7473,0.4138,0.6439,0.5236,0.1673,0.707,2.4556,0.5321,0.1687,0.1687,0.1687,0.0,0.9486,0.9502,0.4063,0.0,2.3051,0.5508,8.2884,0.6302,0,0,0,0,1,1,0,0,0,0,0,0,0,0,0,1,1,0,0,2,3,1547,147,68,30,34,11,20,3,5,0,12,0,12,117,146,0,12,13.0,6.3,1.0,1.2,0.4,0.7,0.1,0.2,0.0,1.2,0.0,1.2,3.9,4.6,0.0,1.2
39,Ohio,OH,39157,Tuscarawas County,39157021900,Census Tract 219; Tuscarawas County; Ohio,48.62696966915,2451,407,1062,120,925,129,283,147,33,32,118,62,69,39,102,90,479,92,612,220,384,121,15,28,19,55,63,577,0,16,104,66,24,20,7,10,7,2,11.5,5.7,2.8,2.7,12.8,6.5,4.0,2.3,4.2,3.7,19.5,4.3,25.0,5.6,15.7,5.7,1.6,3.0,0.8,2.4,2.6,23.5,0.0,1.5,9.8,6.0,2.6,2.1,0.8,1.1,0.3,0.1,0.2561,0.3133,0.1197,0.2283,0.3561,1.2735,0.1632,0.636,0.7131,0.5874,0.1238,0.6636,2.7239,0.6965,0.0542,0.0542,0.0542,0.0,0.8743,0.8029,0.0873,0.4924,2.2569,0.5295,6.3085,0.3067,0,0,0,0,0,0,0,0,0,0,0,0,0,0,0,0,0,0,0,0,0,1852,193,82,1,3,16,26,0,12,0,12,0,12,1,3,45,65,20.9,7.9,0.0,0.1,0.7,1.1,0.0,1.4,0.0,1.4,0.0,1.4,0.0,0.1,1.8,2.6
39,Ohio,OH,39157,Tuscarawas County,39157022001,Census Tract 220.01; Tuscarawas County; Ohio,4.911226706448,3297,334,1363,172,1244,178,1220,417,147,68,408,163,229,110,196,97,460,89,730,120,566,146,53,39,0,48,130,483,77,60,132,111,32,43,63,49,85,6,38.0,12.4,9.0,4.0,32.8,12.2,11.0,4.8,6.1,3.0,14.0,2.5,22.1,3.0,17.5,4.1,4.2,3.1,0.0,1.6,3.9,14.6,5.6,4.3,9.7,7.9,2.6,3.4,5.1,3.8,2.6,0.3,0.8131,0.8149,0.7905,0.6855,0.5547,3.6587,0.8143,0.2885,0.5247,0.6903,0.394,0.0,1.8975,0.2194,0.1008,0.1008,0.1008,0.5762,0.8724,0.8029,0.4787,0.8012,3.5314,0.9416,9.1884,0.7492,0,0,0,0,0,0,0,0,0,0,0,0,0,0,0,0,0,0,0,0,0,4044,165,73,32,26,0,12,20,28,0,12,0,12,78,66,0,12,13.3,5.5,1.0,0.8,0.0,1.1,0.6,0.9,0.0,1.1,0.0,1.1,2.4,2.0,0.0,1.1
39,Ohio,OH,39157,Tuscarawas County,39157022002,Census Tract 220.02; Tuscarawas County; Ohio,27.71367375773,3263,383,1423,132,1324,142,1308,395,110,91,255,104,485,252,91,51,539,120,926,265,463,219,154,109,0,48,139,533,82,54,189,76,36,35,202,91,0,12,40.4,11.3,7.2,5.8,19.3,7.6,24.7,11.4,2.8,1.6,16.5,3.8,28.4,5.9,14.2,6.7,11.6,8.1,0.0,1.7,4.3,16.3,5.8,3.8,13.3,5.3,2.7,2.6,15.3,6.7,0.0,0.4,0.8401,0.7337,0.367,0.9524,0.1996,3.0928,0.687,0.4306,0.8678,0.4919,0.8289,0.0,2.6192,0.6337,0.1189,0.1189,0.1189,0.5806,0.9137,0.814,0.8416,0.0,3.1499,0.8692,8.9808,0.7248,0,0,0,1,0,1,0,0,0,0,0,0,0,0,0,1,0,0,0,1,2,1973,375,112,26,33,30,45,0,12,0,12,0,12,83,85,0,12,28.3,7.9,0.8,1.0,0.9,1.4,0.0,1.1,0.0,1.1,0.0,1.1,2.5,2.5,0.0,1.1
39,Ohio,OH,39159,Union County,39159050100,Census Tract 501; Union County; Ohio,91.395230679116,3895,358,1691,182,1575,160,533,215,35,38,300,109,149,62,256,118,515,99,996,182,609,153,113,88,10,49,360,519,9,16,94,44,14,20,41,28,0,12,13.8,5.4,1.7,1.9,19.0,6.6,5.5,2.3,6.6,3.1,13.2,2.5,25.6,3.4,15.6,4.0,7.1,5.5,0.3,1.3,9.2,13.3,0.5,0.9,5.6,2.5,0.9,1.3,2.6,1.7,0.0,0.3,0.3281,0.1492,0.354,0.3405,0.6001,1.7719,0.3022,0.2457,0.7429,0.5833,0.626,0.4968,2.6947,0.6759,0.3269,0.3269,0.3269,0.2819,0.7962,0.5384,0.267,0.0,1.8835,0.3692,6.677,0.3752,0,0,0,0,0,0,0,0,0,0,0,0,0,0,0,0,0,0,0,0,0,2906,173,68,0,12,153,125,17,21,0,12,0,12,190,144,0,12,11.0,4.3,0.0,0.9,3.9,3.2,0.4,0.5,0.0,0.9,0.0,0.9,4.9,3.7,0.0,0.9
39,Ohio,OH,39159,Union County,39159050200,Census Tract 502; Union County; Ohio,71.857145149256,5220,416,1996,164,1895,153,887,413,190,97,258,90,338,180,402,173,827,166,1239,208,1006,247,72,46,13,68,123,600,6,19,57,46,0,24,90,65,0,17,17.0,7.8,6.9,3.5,13.6,4.6,10.0,5.1,7.7,3.3,15.8,2.9,23.7,3.0,19.3,4.3,3.8,2.4,0.3,1.4,2.4,11.5,0.3,1.0,2.9,2.3,0.0,1.3,4.7,3.4,0.0,0.3,0.4237,0.7143,0.1441,0.6389,0.6915,2.6125,0.5406,0.3865,0.6354,0.7775,0.3502,0.4968,2.6464,0.6498,0.0479,0.0479,0.0479,0.2683,0.7317,0.0,0.4479,0.0,1.4479,0.2149,6.7547,0.386,0,0,0,0,0,0,0,0,0,0,0,0,0,0,0,0,0,0,0,0,0,2210,255,86,14,23,25,24,6,8,0,17,0,17,78,70,0,17,13.5,4.3,0.3,0.4,0.5,0.5,0.1,0.2,0.0,0.7,0.0,0.7,1.5,1.4,0.0,0.7
39,Ohio,OH,39159,Union County,39159050301,Census Tract 503.01; Union County; Ohio,53.795795521856,3986,384,1397,135,1370,136,204,117,59,61,116,59,110,73,393,219,629,134,918,133,442,123,22,25,0,48,385,503,0,16,38,42,0,16,24,21,0,12,5.1,2.9,2.6,2.5,8.5,4.2,4.0,2.6,9.9,5.3,15.8,2.9,23.0,2.6,11.1,2.8,1.6,1.8,0.0,1.3,9.7,12.6,0.0,1.1,2.7,3.0,0.0,1.2,1.8,1.5,0.0,0.3,0.0657,0.2822,0.0267,0.2283,0.8169,1.4198,0.2038,0.3865,0.5862,0.2882,0.1238,0.0,1.3847,0.0641,0.3478,0.3478,0.3478,0.0,0.7241,0.0,0.1933,0.0,0.9174,0.0943,4.0697,0.0597,0,0,0,0,0,0,0,0,0,0,0,0,0,0,0,0,0,0,0,0,0,12761,113,68,74,105,45,50,38,45,9,16,0,12,196,113,23,25,8.2,4.9,1.9,2.6,1.1,1.2,1.0,1.1,0.2,0.4,0.0,0.9,4.9,2.6,0.6,0.6
39,Ohio,OH,39159,Union County,39159050303,Census Tract 503.03; Union County; Ohio,12.395467642954,8835,720,2927,245,2915,246,584,364,86,106,399,208,150,113,131,159,769,274,2283,195,755,283,166,127,0,68,748,1038,86,68,0,17,18,33,44,58,156,16,6.8,4.2,1.7,2.1,13.7,7.0,2.6,1.9,1.5,1.8,8.7,3.1,25.8,2.4,8.7,3.0,5.7,4.3,0.0,0.8,8.5,11.7,3.0,2.3,0.0,1.2,0.6,1.1,1.5,2.0,1.8,0.1,0.113,0.1492,0.1457,0.1243,0.072,0.6042,0.034,0.0853,0.7562,0.1476,0.5317,0.0,1.5208,0.0952,0.3009,0.3009,0.3009,0.4724,0.0,0.4632,0.1597,0.7445,1.8398,0.3527,4.2657,0.0762,0,0,0,0,0,0,0,0,0,0,0,0,0,0,0,0,0,0,0,0,0,6402,45,38,131,143,312,186,110,87,0,17,0,17,195,125,0,17,1.5,1.3,1.5,1.6,3.5,2.1,1.2,1.0,0.0,0.4,0.0,0.4,2.2,1.4,0.0,0.4
39,Ohio,OH,39159,Union County,39159050304,Census Tract 503.04; Union County; Ohio,44.584646208602,2577,291,1089,161,1008,163,358,226,46,49,311,149,96,41,102,59,497,157,565,124,310,113,19,30,0,48,112,417,23,37,143,61,10,20,76,53,0,12,13.9,8.6,3.4,3.5,30.9,13.9,5.3,2.3,4.0,2.3,19.3,5.1,21.9,3.7,12.0,4.4,1.9,3.0,0.0,2.0,4.3,16.2,2.1,3.4,13.1,5.7,1.0,2.0,7.5,5.4,0.0,0.5,0.3304,0.3975,0.7486,0.3253,0.3377,2.1395,0.4079,0.6208,0.5098,0.3523,0.1517,0.0,1.6346,0.1219,0.1189,0.1189,0.1189,0.4111,0.9121,0.5676,0.6238,0.0,2.5146,0.6397,6.4076,0.3257,0,0,0,0,0,0,0,0,0,0,0,0,0,0,0,1,0,0,0,1,1,1032,107,74,23,36,10,17,20,30,34,54,0,12,25,25,0,12,10.6,7.2,0.9,1.4,0.4,0.7,0.8,1.2,1.3,2.1,0.0,1.3,1.0,1.0,0.0,1.3
39,Ohio,OH,39159,Union County,39159050401,Census Tract 504.01; Union County; Ohio,1.64505899987,5239,485,1241,174,1241,174,82,57,15,22,115,65,572,145,93,67,811,199,384,102,211,95,0,24,12,65,911,673,21,31,0,17,0,24,32,37,2358,154,2.8,1.9,0.9,1.3,9.3,5.1,13.4,3.6,3.2,2.4,15.5,4.0,7.3,1.7,7.3,3.8,0.0,1.9,0.2,1.2,17.4,12.7,1.7,2.5,0.0,2.8,0.0,1.9,2.6,3.0,45.0,5.1,0.0219,0.0654,0.0368,0.7736,0.2491,1.1468,0.1346,0.371,0.0269,0.0812,0.0,0.4556,0.9347,0.019,0.546,0.546,0.546,0.387,0.0,0.0,0.267,0.9899,1.6439,0.273,4.2714,0.0771,0,0,0,0,0,0,0,0,0,0,0,0,0,0,0,0,0,0,1,1,1,5857,72,50,556,151,53,36,84,62,18,20,0,17,186,69,14,19,5.8,4.3,10.6,2.7,1.0,0.7,1.6,1.2,0.3,0.4,0.0,0.7,3.6,1.3,0.3,0.4
39,Ohio,OH,39159,Union County,39159050402,Census Tract 504.02; Union County; Ohio,1.634210305874,3999,562,1957,305,1893,311,650,419,150,115,327,141,74,69,345,200,249,116,936,223,185,99,97,99,1,47,284,808,35,48,0,12,0,16,11,19,14,2,16.3,10.2,6.2,4.7,17.3,6.9,2.6,2.4,8.6,4.7,6.2,3.0,23.4,4.6,4.6,2.6,5.2,5.2,0.0,1.2,7.1,20.2,1.8,2.4,0.0,1.8,0.0,0.8,0.6,1.0,0.4,0.1,0.4002,0.6698,0.2819,0.1243,0.7521,2.2283,0.4337,0.0374,0.6138,0.0203,0.4921,0.0,1.1636,0.0352,0.2397,0.2397,0.2397,0.3917,0.0,0.0,0.0616,0.5374,0.9907,0.1038,4.6223,0.1054,0,0,0,0,0,0,0,0,0,0,0,0,0,0,0,0,0,0,0,0,0,5180,30,38,55,81,137,122,28,34,0,12,0,12,64,68,0,12,1.6,2.0,1.4,2.0,3.4,3.2,0.7,0.8,0.0,0.9,0.0,0.9,1.6,1.7,0.0,0.9
39,Ohio,OH,39159,Union County,39159050501,Census Tract 505.01; Union County; Ohio,3.884550214186,4556,484,2100,236,2066,229,495,268,90,111,410,144,154,97,111,74,870,109,834,196,874,253,147,145,16,52,528,711,117,58,0,12,28,47,136,88,168,3,11.5,6.1,3.6,4.2,19.8,6.6,4.6,2.9,2.5,1.7,19.1,2.9,18.3,3.3,19.9,4.8,7.1,7.0,0.4,1.2,11.6,15.6,5.5,2.7,0.0,1.7,1.4,2.3,6.6,4.4,3.7,0.4,0.2561,0.4308,0.3863,0.2724,0.1692,1.5148,0.2292,0.6062,0.272,0.8032,0.626,0.5412,2.8486,0.7524,0.4042,0.4042,0.4042,0.5733,0.0,0.6384,0.5765,0.8599,2.6481,0.6975,7.4157,0.4921,0,0,0,0,0,0,0,0,0,0,0,0,0,0,0,0,0,0,0,0,0,3490,175,98,59,56,96,92,35,36,0,12,0,12,338,185,0,12,8.5,4.8,1.3,1.2,2.1,2.1,0.8,0.8,0.0,0.8,0.0,0.8,7.4,4.0,0.0,0.8
39,Ohio,OH,39159,Union County,39159050502,Census Tract 505.02; Union County; Ohio,4.334142827066,2208,376,882,189,863,187,598,261,52,60,151,81,201,141,276,227,377,141,554,169,260,120,40,38,21,57,475,541,5,14,172,73,12,22,50,36,0,12,27.1,10.9,4.2,4.9,17.5,8.6,13.9,10.0,12.5,10.1,17.1,5.0,25.1,7.0,11.8,5.7,4.6,4.3,1.0,2.8,21.5,24.2,0.6,1.6,19.5,8.3,1.4,2.5,5.8,4.3,0.0,0.5,0.663,0.4975,0.2905,0.7863,0.8978,3.1351,0.6971,0.4677,0.7188,0.3351,0.4381,0.707,2.6667,0.6622,0.611,0.611,0.611,0.2886,0.9549,0.6384,0.5292,0.0,2.4111,0.5962,8.8239,0.7048,0,0,0,0,0,0,0,0,0,0,0,0,0,0,0,1,0,0,0,1,1,3307,61,48,0,12,340,162,0,12,3,7,0,12,132,138,0,12,7.1,5.6,0.0,1.6,15.4,7.8,0.0,1.6,0.1,0.3,0.0,1.6,6.0,5.9,0.0,1.6
39,Ohio,OH,39159,Union County,39159050601,Census Tract 506.01; Union County; Ohio,23.47223131815,10961,544,3684,256,3529,237,135,87,130,99,234,115,16,28,248,167,939,202,3570,322,700,202,181,129,79,134,3055,809,94,93,0,19,31,52,21,32,0,19,1.2,0.8,2.3,1.8,6.6,3.2,0.2,0.4,2.3,1.5,8.6,1.7,32.6,2.4,6.4,1.8,5.1,3.6,0.8,1.3,27.9,7.2,2.5,2.5,0.0,0.9,0.9,1.5,0.6,0.9,0.0,0.2,0.0044,0.2384,0.0114,0.0092,0.1492,0.4126,0.0124,0.0812,0.9556,0.0527,0.4841,0.6636,2.2372,0.3968,0.6871,0.6871,0.6871,0.4413,0.0,0.5384,0.0616,0.0,1.0413,0.1114,4.3782,0.0857,0,0,0,0,0,0,0,1,0,0,0,1,0,0,0,0,0,0,0,0,1,11750,52,42,440,179,114,101,2351,263,0,19,0,19,130,97,20,36,1.5,1.2,4.0,1.6,1.0,0.9,21.4,2.6,0.0,0.3,0.0,0.3,1.2,0.9,0.2,0.3
39,Ohio,OH,39159,Union County,39159050602,Census Tract 506.02; Union County; Ohio,35.948646789812,4336,563,1807,201,1692,175,429,198,48,52,380,128,173,80,218,173,653,212,913,237,432,170,98,71,36,55,442,812,108,66,348,158,22,26,67,58,0,12,10.0,4.4,1.8,2.0,22.5,7.2,6.0,3.0,5.0,4.1,15.1,3.8,21.1,3.4,10.0,4.3,5.8,4.2,0.9,1.4,10.2,18.7,5.9,3.6,19.3,7.6,1.3,1.5,4.0,3.5,0.0,0.3,0.205,0.1654,0.4902,0.3811,0.4487,1.6904,0.2771,0.3472,0.4569,0.2174,0.54,0.6855,2.247,0.4025,0.363,0.363,0.363,0.5848,0.9543,0.6181,0.3981,0.0,2.5553,0.6597,6.8557,0.406,0,0,0,0,0,0,0,0,0,0,0,0,0,0,0,1,0,0,0,1,1,7465,183,109,14,23,93,67,202,133,0,12,0,12,110,86,23,35,10.8,6.6,0.3,0.5,2.1,1.6,4.7,3.2,0.0,0.8,0.0,0.8,2.5,1.9,0.5,0.8
39,Ohio,OH,39159,Union County,39159050701,Census Tract 507.01; Union County; Ohio,32.611337859224,4618,545,1532,171,1518,167,67,48,16,26,103,58,57,42,13,23,488,84,1414,298,201,97,21,32,19,48,275,768,0,16,0,12,0,16,0,12,0,12,1.5,1.0,0.7,1.1,6.8,3.7,1.9,1.4,0.3,0.5,10.6,2.3,30.6,4.1,4.4,2.1,1.4,2.1,0.4,1.1,6.0,16.6,0.0,1.0,0.0,2.3,0.0,1.1,0.0,2.3,0.0,0.3,0.0073,0.0502,0.0127,0.0808,0.0092,0.1602,0.0016,0.1462,0.9287,0.0152,0.1086,0.5412,1.7399,0.159,0.1928,0.1928,0.1928,0.0,0.0,0.0,0.0,0.0,0.0,0.0,2.0929,0.0006,0,0,0,0,0,0,0,1,0,0,0,1,0,0,0,0,0,0,0,0,1,4566,76,48,87,79,8,15,82,90,0,12,0,12,98,110,0,12,5.0,3.2,1.9,1.7,0.2,0.3,1.8,1.9,0.0,0.8,0.0,0.8,2.1,2.3,0.0,0.8
39,Ohio,OH,39159,Union County,39159050702,Census Tract 507.02; Union County; Ohio,54.152381182262,2981,343,1138,92,1079,102,243,116,70,80,101,57,92,65,196,105,589,106,737,183,352,124,19,20,35,61,383,485,13,24,22,26,29,26,73,63,0,12,8.2,3.8,4.3,4.5,9.4,5.2,4.7,3.4,6.6,3.4,19.8,3.8,24.7,4.2,11.8,4.4,1.8,1.8,1.3,2.3,12.8,16.2,1.1,2.1,1.9,2.3,2.7,2.4,6.8,5.7,0.0,0.4,0.1514,0.5117,0.0378,0.2815,0.6001,1.5825,0.247,0.6512,0.6956,0.3351,0.1419,0.7565,2.5803,0.6102,0.4401,0.4401,0.4401,0.3378,0.693,0.814,0.5879,0.0,2.4327,0.6073,7.0356,0.4289,0,0,0,0,0,0,0,0,0,0,0,0,0,0,0,0,0,0,0,0,0,2710,136,63,123,96,57,64,2,3,22,33,0,12,92,61,87,105,12.6,5.9,4.1,3.1,1.9,2.1,0.1,0.1,0.7,1.1,0.0,1.2,3.1,2.0,2.9,3.5
39,Ohio,OH,39161,Van Wert County,39161020100,Census Tract 201; Van Wert County; Ohio,121.119571142556,4250,335,1844,151,1742,160,506,181,57,53,203,75,138,62,233,106,734,139,931,130,539,172,62,41,0,48,123,466,0,16,56,42,0,16,25,34,5,4,12.0,4.2,2.5,2.4,11.7,4.2,4.5,2.0,5.5,2.4,17.3,3.2,21.9,2.4,12.7,3.8,3.6,2.3,0.0,1.2,2.9,11.0,0.0,0.9,3.0,2.3,0.0,0.9,1.4,1.9,0.1,0.1,0.2707,0.2657,0.0895,0.267,0.5005,1.3934,0.1968,0.4845,0.5098,0.3951,0.3292,0.0,1.7186,0.1514,0.0618,0.0618,0.0618,0.0,0.734,0.0,0.1476,0.3694,1.251,0.1625,4.4248,0.0898,0,0,0,0,0,0,0,0,0,0,0,0,0,0,0,0,0,0,0,0,0,4182,148,58,2,1,72,75,12,18,0,12,0,12,37,31,0,12,8.5,3.4,0.0,0.1,1.7,1.7,0.3,0.4,0.0,0.8,0.0,0.8,0.9,0.7,0.0,0.8
39,Ohio,OH,39161,Van Wert County,39161020200,Census Tract 202; Van Wert County; Ohio,100.89396034503,4520,458,1814,123,1716,130,446,166,104,61,154,54,185,73,175,105,792,99,1156,223,485,111,76,43,2,46,176,660,7,18,58,29,17,25,66,51,24,2,9.9,3.6,4.4,2.4,9.0,3.1,6.1,2.4,3.9,2.3,17.5,2.6,25.6,3.3,10.8,2.8,4.4,2.5,0.0,1.1,3.9,14.6,0.4,1.0,3.2,1.6,1.0,1.5,3.8,3.0,0.5,0.1,0.2025,0.5244,0.0324,0.3897,0.3224,1.4714,0.2171,0.4959,0.7429,0.2691,0.4184,0.0,1.9263,0.2346,0.1008,0.1008,0.1008,0.2743,0.7413,0.5676,0.38,0.5742,2.5374,0.6514,6.0359,0.2648,0,0,0,0,0,0,0,0,0,0,0,0,0,0,0,0,0,0,0,0,0,5050,319,87,0,12,156,92,6,9,0,12,0,12,14,19,0,12,18.6,5.2,0.0,0.8,3.5,2.1,0.1,0.2,0.0,0.8,0.0,0.8,0.3,0.4,0.0,0.8
39,Ohio,OH,39161,Van Wert County,39161020300,Census Tract 203; Van Wert County; Ohio,71.591552533292,2754,289,1222,141,1044,137,232,89,22,21,102,37,112,53,85,57,637,206,735,173,284,79,66,39,20,53,159,401,0,16,81,58,18,20,27,23,0,12,8.6,3.2,1.8,1.7,9.8,3.3,6.1,2.9,3.1,2.0,23.1,6.5,26.7,5.2,10.3,2.9,6.3,3.6,0.8,2.1,5.8,14.5,0.0,1.3,6.6,4.6,1.7,1.9,2.6,2.3,0.0,0.4,0.1666,0.1654,0.0448,0.3897,0.2371,1.0036,0.0994,0.7961,0.8022,0.2329,0.5714,0.6636,3.0662,0.8422,0.1855,0.1855,0.1855,0.0,0.82,0.6917,0.267,0.0,1.7787,0.3283,6.034,0.2641,0,0,0,0,0,0,0,0,0,0,0,0,0,0,0,0,0,0,0,0,0,834,165,58,20,25,86,79,4,7,0,12,0,12,44,30,5,9,15.8,5.9,0.7,0.9,3.1,2.8,0.1,0.2,0.0,1.3,0.0,1.3,1.6,1.1,0.2,0.3
39,Ohio,OH,39161,Van Wert County,39161020400,Census Tract 204; Van Wert County; Ohio,101.53005952901,3040,303,1297,132,1237,128,316,129,77,48,161,60,166,72,136,88,581,106,639,125,457,131,24,19,5,47,246,403,1,12,73,41,11,19,36,32,0,12,10.5,4.2,4.9,2.9,13.0,4.7,7.8,3.4,4.5,2.8,19.1,3.2,21.0,3.0,15.0,3.8,1.9,1.5,0.2,1.6,8.1,13.2,0.1,0.9,5.6,3.1,0.9,1.5,2.9,2.6,0.0,0.4,0.225,0.5711,0.1248,0.5003,0.3875,1.8087,0.3089,0.6062,0.4499,0.5462,0.1517,0.4556,2.2096,0.381,0.2873,0.2873,0.2873,0.2556,0.7962,0.5384,0.2962,0.0,1.8864,0.3702,6.192,0.2898,0,0,0,0,0,0,0,0,0,0,0,0,0,0,0,0,0,0,0,0,0,947,219,102,0,12,63,71,0,12,0,12,0,12,179,128,4,6,17.7,7.6,0.0,1.1,2.1,2.3,0.0,1.1,0.0,1.1,0.0,1.1,5.9,4.0,0.1,0.2
39,Ohio,OH,39161,Van Wert County,39161020500,Census Tract 205; Van Wert County; Ohio,2.362447326726,3103,201,1362,119,1321,116,491,181,60,74,221,110,225,97,16,19,608,128,626,92,444,142,43,36,31,64,221,287,0,16,144,81,0,16,20,17,27,2,16.0,5.8,3.4,4.2,16.7,8.2,9.9,4.2,0.5,0.6,19.6,4.4,20.2,2.9,14.4,4.7,3.3,2.7,1.1,2.2,7.1,9.2,0.0,1.2,10.6,5.7,0.0,1.2,1.5,1.3,0.9,0.0,0.391,0.3975,0.2581,0.6319,0.0152,1.6937,0.279,0.6411,0.397,0.5119,0.2943,0.7254,2.5697,0.6044,0.2397,0.2397,0.2397,0.0,0.8825,0.0,0.1597,0.6458,1.688,0.2879,6.1911,0.2895,0,0,0,0,0,0,0,0,0,0,0,0,0,0,0,0,0,0,0,0,0,2148,203,93,77,49,109,76,0,12,0,12,0,12,35,36,0,12,15.4,6.9,2.5,1.6,3.5,2.4,0.0,1.1,0.0,1.1,0.0,1.1,1.1,1.2,0.0,1.1
39,Ohio,OH,39161,Van Wert County,39161020600,Census Tract 206; Van Wert County; Ohio,1.776921713216,1503,267,682,99,583,106,427,149,116,99,153,56,188,96,55,43,192,51,387,100,360,120,50,30,0,48,175,385,65,37,0,12,13,17,14,21,37,4,29.1,8.7,16.6,12.2,26.2,8.3,19.5,7.3,3.8,2.9,12.8,4.2,25.7,4.4,24.6,6.3,8.6,4.9,0.0,3.4,11.6,25.5,9.5,5.2,0.0,5.0,2.2,2.9,2.4,3.6,2.5,0.5,0.6966,0.954,0.6241,0.9033,0.3113,3.4893,0.7778,0.228,0.7511,0.9248,0.7156,0.0,2.6195,0.6343,0.4042,0.4042,0.4042,0.6816,0.0,0.7575,0.2514,0.7949,2.4854,0.6321,8.9984,0.7279,0,1,0,1,0,2,0,0,1,0,0,1,0,0,0,0,0,0,0,0,3,1677,62,36,27,20,53,42,0,12,9,11,0,12,86,75,0,12,10.6,6.5,1.8,1.5,3.5,2.8,0.0,2.3,0.6,0.7,0.0,2.3,5.7,4.9,0.0,2.3
39,Ohio,OH,39161,Van Wert County,39161020700,Census Tract 207; Van Wert County; Ohio,2.349392445902,1708,261,819,100,750,105,475,195,27,21,142,71,78,63,100,54,224,75,390,110,199,57,67,53,0,48,333,360,57,44,52,32,0,16,58,46,0,12,27.8,10.6,2.8,2.2,18.9,9.1,7.3,5.3,5.9,3.1,13.1,4.3,22.8,4.3,11.7,3.6,8.9,7.0,0.0,3.0,19.5,20.9,7.0,5.3,6.3,4.0,0.0,2.1,7.7,6.0,0.0,0.7,0.6753,0.3133,0.3483,0.4715,0.537,2.3454,0.467,0.2413,0.5761,0.3291,0.7311,0.0,1.8776,0.2114,0.5834,0.5834,0.5834,0.6171,0.8127,0.0,0.634,0.0,2.0638,0.4419,6.8702,0.4086,0,0,0,0,0,0,0,0,0,0,0,0,0,0,0,0,0,0,0,0,0,3084,77,46,18,24,249,133,0,12,0,12,0,12,66,52,0,12,10.3,5.8,1.1,1.4,14.6,7.6,0.0,2.0,0.0,2.0,0.0,2.0,3.9,2.9,0.0,2.0
39,Ohio,OH,39161,Van Wert County,39161020800,Census Tract 208; Van Wert County; Ohio,3.941090991066,4257,355,1820,151,1711,136,871,226,20,24,453,119,270,109,68,72,971,96,893,168,556,147,152,92,8,48,351,495,110,54,40,36,14,16,196,75,200,5,21.5,5.2,1.0,1.2,26.5,6.6,9.0,3.4,1.7,1.8,22.8,2.5,21.0,2.8,13.7,3.1,8.9,5.3,0.2,1.2,8.2,11.6,6.0,2.9,2.2,1.9,0.8,0.9,11.5,4.2,4.7,0.4,0.5424,0.0714,0.6356,0.5755,0.092,1.9169,0.3406,0.7857,0.4499,0.4589,0.7311,0.4556,2.8812,0.7686,0.2892,0.2892,0.2892,0.5879,0.707,0.5117,0.7679,0.8976,3.4721,0.9349,8.5594,0.6702,0,0,0,0,0,0,0,0,0,0,0,0,0,0,0,0,0,0,0,0,0,5064,197,74,52,85,147,112,10,16,0,12,0,12,140,80,2,4,11.5,4.2,1.2,2.0,3.5,2.6,0.2,0.4,0.0,0.8,0.0,0.8,3.3,1.9,0.0,0.1
39,Ohio,OH,39161,Van Wert County,39161020900,Census Tract 209; Van Wert County; Ohio,3.584535060514,3698,336,1700,183,1562,158,759,343,79,90,280,102,94,57,190,119,789,148,936,228,687,214,142,79,12,51,355,490,0,16,24,38,0,16,43,36,22,3,20.5,9.1,4.5,4.8,17.9,6.3,3.7,2.2,5.1,3.2,21.3,3.7,25.3,5.0,18.6,5.3,9.1,5.0,0.3,1.4,9.6,13.2,0.0,0.9,1.4,2.3,0.0,1.0,2.8,2.3,0.6,0.1,0.5176,0.534,0.3073,0.2039,0.4611,2.0239,0.3721,0.7251,0.7276,0.7407,0.7403,0.4968,3.4305,0.9356,0.3424,0.3424,0.3424,0.0,0.6597,0.0,0.2848,0.6059,1.5504,0.247,7.3472,0.4762,0,0,0,0,0,0,0,0,0,0,0,0,0,0,0,0,0,0,0,0,0,3259,301,113,10,7,187,99,0,12,0,12,0,12,148,96,10,17,19.3,6.6,0.3,0.2,5.1,2.8,0.0,0.9,0.0,0.9,0.0,0.9,4.0,2.6,0.3,0.5
39,Ohio,OH,39163,Vinton County,39163953000,Census Tract 9530; Vinton County; Ohio,204.651336906194,5153,436,2378,194,2154,231,1611,484,42,50,249,115,974,287,526,207,1016,188,958,230,1168,337,80,80,20,73,277,599,0,24,674,182,59,76,75,58,0,17,31.4,9.0,2.3,2.7,11.6,5.2,25.6,7.2,10.2,4.0,19.7,3.3,18.6,4.0,22.7,6.3,3.7,3.7,0.4,1.5,5.4,11.6,0.0,1.0,28.3,7.2,2.7,3.5,3.5,2.7,0.0,0.3,0.7325,0.2384,0.0863,0.9597,0.8258,2.8427,0.6159,0.6468,0.2892,0.8877,0.34,0.5412,2.7049,0.6844,0.1687,0.1687,0.1687,0.0,0.9822,0.814,0.3537,0.0,2.1499,0.4813,7.8662,0.5613,0,0,0,1,0,1,0,0,0,0,0,0,0,0,0,1,0,0,0,1,2,2364,534,169,0,17,28,49,0,17,0,17,0,17,249,156,0,17,24.8,7.9,0.0,0.7,0.5,1.0,0.0,0.7,0.0,0.7,0.0,0.7,4.8,2.9,0.0,0.7
39,Ohio,OH,39163,Vinton County,39163953100,Census Tract 9531; Vinton County; Ohio,65.488438219292,4944,279,2172,185,1825,153,1410,333,66,48,338,90,439,113,345,190,808,141,1249,157,963,178,136,59,0,48,84,391,64,40,470,131,25,33,97,51,73,2,29.0,6.6,2.9,2.2,18.5,4.7,13.4,3.3,7.1,3.8,16.3,2.8,25.3,2.9,19.8,3.5,7.4,3.2,0.0,1.0,1.7,7.9,2.9,1.8,21.6,5.5,1.4,1.8,5.3,2.6,1.5,0.1,0.6944,0.327,0.3324,0.7736,0.6452,2.7726,0.5943,0.4195,0.7276,0.7978,0.647,0.0,2.5919,0.6159,0.0254,0.0254,0.0254,0.4695,0.9663,0.6384,0.4917,0.7146,3.2805,0.8943,8.6704,0.6851,0,0,0,0,0,0,0,0,0,0,0,0,0,0,0,1,0,0,0,1,1,6094,382,118,9,9,2,6,0,12,0,12,0,12,73,85,0,12,20.9,6.0,0.2,0.2,0.0,0.1,0.0,0.7,0.0,0.7,0.0,0.7,1.5,1.7,0.0,0.7
39,Ohio,OH,39163,Vinton County,39163953200,Census Tract 9532; Vinton County; Ohio,142.22031455565,2693,335,1402,163,1125,135,831,291,83,68,190,89,374,135,113,66,549,143,569,135,822,228,69,57,0,48,143,466,0,16,425,114,18,24,57,59,14,4,31.0,10.1,7.0,5.5,16.9,7.6,19.0,6.5,4.2,2.3,20.4,4.5,21.1,3.8,30.5,6.9,6.1,5.0,0.0,1.8,5.3,17.3,0.0,1.1,30.3,7.6,1.6,2.1,5.1,5.1,0.5,0.1,0.7258,0.7222,0.2676,0.897,0.3561,2.9687,0.6511,0.6855,0.4569,0.9813,0.5584,0.0,2.6821,0.6692,0.1642,0.1642,0.1642,0.0,0.9867,0.6794,0.4787,0.5742,2.719,0.7267,8.534,0.6667,0,0,0,0,0,0,0,0,1,0,0,1,0,0,0,1,0,0,0,1,2,1116,321,104,0,12,0,12,0,12,0,12,0,12,143,117,0,12,28.5,8.2,0.0,1.3,0.0,1.3,0.0,1.3,0.0,1.3,0.0,1.3,5.3,4.2,0.0,1.3
39,Ohio,OH,39165,Warren County,39165030101,Census Tract 301.01; Warren County; Ohio,4.414982547214,3711,411,1419,120,1411,119,491,241,49,42,154,74,226,134,43,32,714,99,692,130,660,211,11,20,0,48,160,581,0,16,8,13,20,29,31,28,0,12,13.2,6.3,2.3,1.9,10.9,5.2,8.7,5.0,1.2,0.9,19.2,3.2,18.6,3.1,17.8,5.3,0.8,1.4,0.0,1.3,4.3,15.6,0.0,1.1,0.6,0.9,1.4,2.1,2.2,2.1,0.0,0.3,0.3113,0.2384,0.0657,0.5574,0.0511,1.2239,0.1511,0.6129,0.2892,0.703,0.0625,0.0,1.6676,0.1314,0.1189,0.1189,0.1189,0.0,0.5876,0.6384,0.2324,0.0,1.4584,0.2171,4.4688,0.0943,0,0,0,0,0,0,0,0,0,0,0,0,0,0,0,0,0,0,0,0,0,1246,39,31,25,41,0,12,0,12,13,11,0,12,122,83,0,12,2.8,2.3,0.7,1.1,0.0,0.9,0.0,0.9,0.4,0.3,0.0,0.9,3.3,2.2,0.0,0.9
39,Ohio,OH,39165,Warren County,39165030102,Census Tract 301.02; Warren County; Ohio,2.83482845185,4963,262,2163,201,1959,161,800,349,102,62,462,195,501,187,251,185,991,160,1053,207,925,204,60,54,78,129,474,434,248,145,40,48,59,62,79,57,61,3,16.3,7.0,4.0,2.5,23.6,9.8,15.3,5.5,5.1,3.7,20.0,3.2,21.2,3.7,18.8,4.2,3.1,2.7,1.7,2.7,9.6,8.7,11.5,6.6,1.8,2.2,3.0,3.2,4.0,2.9,1.2,0.1,0.4002,0.4756,0.5295,0.8269,0.4611,2.6933,0.5702,0.663,0.4654,0.7521,0.2733,0.8094,2.9632,0.8067,0.3424,0.3424,0.3424,0.7197,0.686,0.8429,0.3981,0.6814,3.3281,0.9051,9.327,0.7711,0,0,0,0,0,0,0,0,0,0,0,0,0,0,0,0,0,0,0,0,0,3272,271,140,0,12,186,155,178,245,19,26,0,12,91,77,0,12,13.8,7.0,0.0,0.7,3.7,3.1,3.6,4.9,0.4,0.5,0.0,0.7,1.8,1.6,0.0,0.7
39,Ohio,OH,39165,Warren County,39165030200,Census Tract 302; Warren County; Ohio,1.466225819918,1195,252,575,92,536,96,239,96,94,99,165,60,95,37,237,127,165,36,221,55,301,94,6,15,0,48,46,355,73,40,0,12,7,15,24,24,0,12,20.1,6.9,14.2,11.4,30.8,9.7,11.8,4.7,19.8,8.0,13.8,4.1,18.5,5.5,25.2,6.3,1.1,2.8,0.0,4.1,3.8,29.7,12.7,6.7,0.0,5.9,1.3,2.8,4.5,4.4,0.0,1.0,0.5087,0.9229,0.7448,0.7131,0.9772,3.8667,0.8616,0.2809,0.2828,0.9349,0.0829,0.0,1.5815,0.1086,0.0967,0.0967,0.0967,0.7422,0.0,0.6181,0.4365,0.0,1.7968,0.3343,7.3417,0.4759,0,1,0,0,1,2,0,0,1,0,0,1,0,0,0,0,0,0,0,0,3,807,42,27,15,18,0,12,5,8,0,12,0,12,26,19,0,12,7.8,5.2,1.3,1.5,0.0,2.9,0.4,0.7,0.0,2.9,0.0,2.9,2.2,1.6,0.0,2.9
39,Ohio,OH,39165,Warren County,39165030501,Census Tract 305.01; Warren County; Ohio,5.637047114882,3662,485,1521,159,1456,162,963,386,44,33,353,119,271,112,252,170,649,132,840,304,939,254,149,97,0,48,280,744,274,96,0,12,11,21,225,108,97,4,26.9,10.2,2.5,1.9,24.2,7.7,12.2,4.5,7.0,4.8,17.7,3.6,22.9,6.2,26.2,6.5,10.3,6.6,0.0,1.4,7.6,20.3,18.1,6.0,0.0,2.3,0.8,1.4,15.5,6.4,2.6,0.4,0.6579,0.2657,0.5486,0.7273,0.636,2.8355,0.614,0.5117,0.5808,0.9495,0.7873,0.0,2.8293,0.7441,0.2609,0.2609,0.2609,0.8222,0.0,0.5117,0.8463,0.8012,2.9814,0.8229,8.9071,0.7146,0,0,0,0,0,0,0,0,1,0,0,1,0,0,0,0,0,0,0,0,1,9945,286,88,46,56,46,44,0,12,0,12,0,12,188,186,0,12,19.6,5.3,1.3,1.5,1.3,1.2,0.0,0.9,0.0,0.9,0.0,0.9,5.1,5.3,0.0,0.9
39,Ohio,OH,39165,Warren County,39165030503,Census Tract 305.03; Warren County; Ohio,2.82374346343,5672,603,2328,259,2228,273,395,183,149,130,214,105,137,83,246,144,1234,349,1331,232,444,148,93,73,11,70,438,863,57,49,0,17,0,24,44,32,122,3,7.2,3.2,5.2,4.7,9.6,4.6,3.4,2.1,4.5,2.6,21.8,5.2,23.5,3.4,8.1,2.7,4.2,3.2,0.2,1.3,7.7,15.2,2.4,2.1,0.0,1.5,0.0,1.1,2.0,1.4,2.2,0.2,0.125,0.5971,0.0419,0.1836,0.3875,1.3351,0.1797,0.7445,0.6224,0.1162,0.394,0.4556,2.3327,0.4543,0.2666,0.2666,0.2666,0.4352,0.0,0.0,0.2127,0.773,1.4209,0.206,5.3553,0.1746,0,0,0,0,0,0,0,0,0,0,0,0,0,0,0,0,0,0,0,0,0,4699,106,81,69,77,175,146,77,99,0,17,0,17,116,100,1,3,4.8,3.6,1.2,1.4,3.1,2.5,1.4,1.8,0.0,0.6,0.0,0.6,2.0,1.8,0.0,0.1
39,Ohio,OH,39165,Warren County,39165030504,Census Tract 305.04; Warren County; Ohio,3.155805083102,5814,700,1939,208,1894,204,182,142,40,30,185,77,79,58,131,179,837,178,1628,339,342,107,103,70,0,68,601,953,0,24,0,17,12,25,8,16,0,17,3.1,2.4,1.4,1.1,9.8,3.9,2.2,1.6,2.3,3.1,14.4,3.5,28.0,3.9,5.9,2.0,5.4,3.6,0.0,1.3,10.3,16.3,0.0,1.2,0.0,1.8,0.6,1.3,0.4,0.9,0.0,0.3,0.0248,0.1117,0.0448,0.1021,0.1492,0.4326,0.0143,0.3101,0.8535,0.0422,0.5108,0.0,1.7166,0.1505,0.3665,0.3665,0.3665,0.0,0.0,0.4632,0.0476,0.0,0.5108,0.0371,3.0265,0.0121,0,0,0,0,0,0,0,0,0,0,0,0,0,0,0,0,0,0,0,0,0,4283,53,30,42,61,67,80,190,103,5,12,0,17,297,200,0,17,2.8,1.7,0.7,1.0,1.2,1.4,3.3,1.7,0.1,0.2,0.0,0.6,5.1,3.3,0.0,0.6
39,Ohio,OH,39165,Warren County,39165030600,Census Tract 306; Warren County; Ohio,7.286112309104,3919,429,1532,161,1413,172,237,121,28,28,226,101,210,79,217,142,591,68,849,140,589,200,0,16,0,48,788,603,0,16,0,12,0,16,46,49,4,2,6.0,3.0,1.3,1.3,16.0,6.9,7.6,2.6,5.5,3.5,15.1,2.0,21.7,3.2,15.0,4.6,0.0,1.1,0.0,1.3,20.1,15.2,0.0,1.0,0.0,2.3,0.0,1.1,3.3,3.4,0.1,0.0,0.0844,0.1013,0.2279,0.4876,0.5005,1.4017,0.2,0.3472,0.4965,0.5462,0.0,0.0,1.3899,0.0648,0.5916,0.5916,0.5916,0.0,0.0,0.0,0.3346,0.3694,0.704,0.0584,4.0872,0.061,0,0,0,0,0,0,0,0,0,0,0,0,0,0,0,0,0,0,0,0,0,3449,66,36,98,96,283,207,168,176,0,12,0,12,239,162,0,12,4.7,2.5,2.5,2.5,7.2,5.0,4.3,4.3,0.0,0.9,0.0,0.9,6.1,4.1,0.0,0.9
39,Ohio,OH,39165,Warren County,39165030700,Census Tract 307; Warren County; Ohio,10.917359920088,7448,557,3073,288,2920,235,624,351,144,120,460,187,227,106,217,208,1421,291,1387,194,1266,382,64,57,0,68,505,807,547,242,48,76,0,24,86,86,154,17,8.4,4.7,3.7,2.9,15.8,6.3,4.4,2.0,2.9,2.8,19.1,3.9,18.6,2.5,17.1,4.8,2.2,1.9,0.0,1.0,6.8,10.8,17.8,7.7,1.6,2.5,0.0,0.8,2.9,2.9,2.1,0.2,0.1568,0.4429,0.2206,0.2581,0.2142,1.2926,0.1676,0.6062,0.2892,0.6674,0.1762,0.0,1.739,0.1581,0.2264,0.2264,0.2264,0.8184,0.6749,0.0,0.2962,0.7644,2.5539,0.6587,5.8119,0.2343,0,0,0,0,0,0,0,0,0,0,0,0,0,0,0,0,0,0,0,0,0,9908,283,159,26,37,119,135,40,65,0,17,0,17,305,211,15,24,9.7,5.4,0.3,0.5,1.6,1.8,0.5,0.9,0.0,0.5,0.0,0.5,4.1,2.8,0.2,0.3
39,Ohio,OH,39165,Warren County,39165030800,Census Tract 308; Warren County; Ohio,23.004687664984,7455,915,2714,302,2614,314,405,227,71,67,373,197,283,185,234,141,1635,615,1642,452,698,209,91,76,0,68,168,1299,0,24,0,17,41,49,43,50,0,17,5.4,3.0,1.8,1.7,14.3,7.3,5.4,3.4,3.1,2.0,21.9,7.3,22.0,4.7,9.4,2.9,3.5,2.9,0.0,1.0,2.3,17.4,0.0,0.9,0.0,1.3,1.6,1.9,1.6,1.9,0.0,0.2,0.073,0.1654,0.1641,0.3339,0.2371,0.9735,0.0924,0.7483,0.5171,0.1787,0.3187,0.0,1.7628,0.1651,0.0438,0.0438,0.0438,0.0,0.0,0.6794,0.1724,0.0,0.8518,0.0816,3.6319,0.0346,0,0,0,0,0,0,0,0,0,0,0,0,0,0,0,0,0,0,0,0,0,6331,165,99,18,28,14,21,16,22,0,17,0,17,102,80,18,30,6.3,3.7,0.2,0.4,0.2,0.3,0.2,0.3,0.0,0.5,0.0,0.5,1.4,1.1,0.2,0.4
39,Ohio,OH,39165,Warren County,39165030901,Census Tract 309.01; Warren County; Ohio,3.20292458508,9057,991,3046,255,2903,285,374,255,233,142,156,106,142,123,504,353,1113,324,2743,395,609,205,163,107,65,101,1505,1426,50,64,0,17,0,24,16,27,20,11,4.1,2.8,5.2,3.2,5.4,3.6,2.6,2.2,5.6,3.9,12.3,3.5,30.3,2.7,6.8,2.2,5.6,3.6,0.8,1.2,16.6,15.6,1.6,2.1,0.0,1.1,0.0,0.8,0.6,0.9,0.2,0.1,0.0463,0.5971,0.0057,0.1243,0.5075,1.2809,0.1644,0.2074,0.923,0.0666,0.5241,0.6636,2.3847,0.4873,0.5254,0.5254,0.5254,0.3787,0.0,0.0,0.0616,0.4356,0.8759,0.0851,5.0669,0.1483,0,0,0,0,0,0,0,1,0,0,0,1,0,0,0,0,0,0,0,0,1,4953,44,55,316,308,359,312,394,180,0,17,0,17,436,387,0,17,1.5,1.9,3.5,3.4,4.0,3.4,4.4,2.0,0.0,0.4,0.0,0.4,4.8,4.3,0.0,0.4
39,Ohio,OH,39165,Warren County,39165030902,Census Tract 309.02; Warren County; Ohio,11.400721013887999,7746,873,2892,252,2844,241,90,109,57,92,134,86,38,59,36,57,999,232,2176,445,313,143,205,171,68,106,931,1230,0,24,0,17,68,85,56,59,0,17,1.2,1.4,1.4,2.2,4.7,3.0,0.7,1.1,0.5,0.7,12.9,2.8,28.1,3.5,4.0,1.9,7.2,6.0,0.9,1.5,12.0,15.8,0.0,0.8,0.0,1.2,2.4,3.0,2.0,2.0,0.0,0.2,0.0044,0.1117,0.0032,0.0216,0.0152,0.1561,0.0013,0.2302,0.857,0.0092,0.6337,0.6855,2.4156,0.5067,0.4169,0.4169,0.4169,0.0,0.0,0.7787,0.2127,0.0,0.9914,0.1044,3.98,0.0521,0,0,0,0,0,0,0,0,0,0,0,0,0,0,0,0,0,0,0,0,0,3776,72,66,92,98,163,165,429,337,0,17,0,17,247,167,0,17,2.5,2.3,1.2,1.3,2.1,2.1,5.5,4.3,0.0,0.4,0.0,0.4,3.2,2.1,0.0,0.4
39,Ohio,OH,39165,Warren County,39165031001,Census Tract 310.01; Warren County; Ohio,22.707777543596,6835,350,2854,222,2669,189,872,513,175,152,832,277,314,161,109,78,1199,182,1386,236,638,155,45,39,0,68,448,561,92,82,64,86,35,43,96,64,92,3,12.9,7.6,4.8,4.0,31.2,10.1,6.5,3.1,1.6,1.1,17.5,3.1,20.3,3.6,9.4,2.4,1.7,1.5,0.0,1.0,6.6,8.2,3.2,2.9,2.2,3.0,1.3,1.6,3.6,2.4,1.3,0.1,0.3005,0.5603,0.7546,0.4157,0.0825,2.1136,0.4019,0.4959,0.4065,0.1787,0.1337,0.0,1.2148,0.0419,0.22,0.22,0.22,0.4797,0.707,0.6181,0.3638,0.6934,2.862,0.7829,6.4104,0.327,0,0,0,0,0,0,0,0,0,0,0,0,0,0,0,0,0,0,0,0,0,4267,304,124,6,11,321,266,0,17,0,17,0,17,102,69,19,28,11.4,4.3,0.1,0.2,4.7,3.9,0.0,0.5,0.0,0.5,0.0,0.5,1.5,1.0,0.3,0.4
39,Ohio,OH,39165,Warren County,39165031002,Census Tract 310.02; Warren County; Ohio,22.259949802958,1920,349,781,160,767,158,148,84,22,15,95,52,108,60,46,47,357,120,414,103,142,83,14,24,0,48,177,478,0,16,27,33,2,12,2,3,0,12,7.7,4.1,2.1,1.3,12.4,6.3,7.6,3.8,2.4,2.4,18.6,5.6,21.6,4.0,7.4,4.1,1.8,3.1,0.0,2.7,9.2,24.8,0.0,2.0,3.5,4.1,0.3,1.6,0.3,0.4,0.0,0.6,0.1412,0.2086,0.1098,0.4876,0.1568,1.104,0.1232,0.5767,0.4918,0.0847,0.1419,0.0,1.2951,0.0524,0.3269,0.3269,0.3269,0.0,0.7473,0.4041,0.0438,0.0,1.1952,0.1454,3.9212,0.0473,0,0,0,0,0,0,0,0,0,0,0,0,0,0,0,0,0,0,0,0,0,835,126,82,5,8,21,39,31,54,0,12,0,12,116,68,4,6,16.4,9.9,0.3,0.4,1.1,2.0,1.6,2.8,0.0,1.8,0.0,1.8,6.0,3.2,0.2,0.3
39,Ohio,OH,39165,Warren County,39165031100,Census Tract 311; Warren County; Ohio,52.33418400694,4093,252,1910,231,1750,175,196,102,19,23,195,110,100,60,224,125,688,155,825,165,332,129,86,50,5,47,441,435,0,16,0,12,3,13,18,20,0,12,4.8,2.5,0.8,0.9,11.1,6.2,3.4,2.0,5.5,3.0,16.8,3.8,20.2,3.8,8.1,3.1,4.9,2.8,0.1,1.2,10.8,10.6,0.0,0.8,0.0,1.8,0.2,0.7,1.0,1.1,0.0,0.3,0.059,0.0578,0.0705,0.1836,0.5005,0.8714,0.0768,0.4486,0.397,0.1162,0.4644,0.4245,1.8507,0.2022,0.3824,0.3824,0.3824,0.0,0.0,0.3905,0.1067,0.0,0.4972,0.0359,3.6017,0.0343,0,0,0,0,0,0,0,0,0,0,0,0,0,0,0,0,0,0,0,0,0,1332,176,129,11,20,251,256,0,12,0,12,0,12,179,93,0,12,10.1,7.1,0.3,0.5,6.1,6.3,0.0,0.8,0.0,0.8,0.0,0.8,4.4,2.2,0.0,0.8
39,Ohio,OH,39165,Warren County,39165031200,Census Tract 312; Warren County; Ohio,26.357672722874,7634,673,2858,204,2636,232,672,433,79,73,393,142,189,106,701,335,1030,123,2194,380,873,258,44,42,123,132,515,965,112,73,0,17,0,24,14,22,80,4,8.9,5.7,2.0,1.8,14.9,5.2,3.9,2.1,9.3,4.4,13.5,2.0,28.7,3.4,11.5,3.0,1.7,1.6,1.8,1.9,6.7,12.6,3.9,2.5,0.0,1.2,0.0,0.9,0.5,0.8,1.0,0.1,0.1765,0.194,0.1857,0.2191,0.7871,1.5624,0.2416,0.2616,0.8782,0.3158,0.1337,0.8183,2.4076,0.5032,0.2229,0.2229,0.2229,0.5133,0.0,0.0,0.0524,0.6595,1.2252,0.1543,5.4181,0.18,0,0,0,0,0,0,0,0,0,0,0,0,0,0,0,0,0,0,0,0,0,5496,76,57,89,95,207,199,181,171,0,17,0,17,38,54,0,17,2.9,2.2,1.2,1.2,2.7,2.6,2.4,2.2,0.0,0.5,0.0,0.5,0.5,0.7,0.0,0.5
39,Ohio,OH,39165,Warren County,39165031300,Census Tract 313; Warren County; Ohio,3.810613225594,5110,569,1765,208,1722,206,378,179,61,40,329,154,264,153,198,137,640,151,1537,351,385,110,105,48,2,66,479,848,201,133,17,24,0,24,73,111,278,25,7.9,3.6,2.7,1.7,19.1,8.6,8.2,4.8,4.1,2.7,12.5,2.7,30.1,4.4,8.0,2.4,6.1,2.7,0.0,1.4,9.4,16.6,11.4,7.4,1.0,1.4,0.0,1.4,4.2,6.1,5.4,0.8,0.1457,0.2968,0.359,0.526,0.3478,1.6753,0.2724,0.2166,0.9172,0.1104,0.5584,0.0,1.8026,0.1832,0.3345,0.3345,0.3345,0.7178,0.6295,0.0,0.4114,0.9157,2.6744,0.7095,6.4868,0.34,0,0,0,0,0,0,0,1,0,0,0,1,0,0,0,0,0,0,1,1,2,7626,34,32,105,69,78,97,182,229,0,17,0,17,114,79,0,17,2.0,1.8,2.1,1.4,1.5,1.9,3.6,4.5,0.0,0.7,0.0,0.7,2.2,1.5,0.0,0.7
39,Ohio,OH,39165,Warren County,39165031400,Census Tract 314; Warren County; Ohio,2.038949835516,5043,840,2181,226,1943,210,1060,379,39,37,391,159,91,55,83,61,741,114,1425,436,944,321,296,126,74,127,346,1210,100,69,0,17,0,24,70,71,80,5,21.3,6.7,1.5,1.4,20.1,7.9,2.8,1.8,1.7,1.2,14.7,3.2,28.3,5.7,19.0,5.8,15.2,6.3,1.6,2.7,6.9,24.0,4.6,3.1,0.0,1.6,0.0,1.2,3.6,3.7,1.6,0.3,0.5376,0.1251,0.3971,0.1386,0.092,1.2904,0.1667,0.3282,0.8646,0.7639,0.906,0.7971,3.6598,0.9733,0.2318,0.2318,0.2318,0.5441,0.0,0.0,0.3638,0.727,1.6349,0.2705,6.8169,0.3984,0,0,0,0,0,0,0,0,0,1,0,1,0,0,0,0,0,0,0,0,1,3857,224,128,73,75,147,221,0,17,0,17,0,17,126,145,0,17,11.5,6.7,1.4,1.5,2.9,4.3,0.0,0.7,0.0,0.7,0.0,0.7,2.5,3.0,0.0,0.7
39,Ohio,OH,39165,Warren County,39165031500,Census Tract 315; Warren County; Ohio,2.247158813934,5386,631,2626,276,2464,278,1261,600,58,76,787,343,212,147,425,243,877,263,1171,235,986,456,176,104,80,130,630,962,233,104,0,17,61,78,41,47,90,4,23.6,10.9,2.1,2.7,31.9,13.4,5.5,3.9,8.0,4.7,16.3,4.6,21.7,3.8,18.5,7.3,7.1,4.1,1.6,2.6,11.7,17.8,8.8,3.9,0.0,1.3,2.5,3.2,1.7,1.9,1.7,0.2,0.5922,0.2086,0.7705,0.3405,0.7166,2.6284,0.5489,0.4195,0.4965,0.7369,0.626,0.7971,3.076,0.8457,0.4084,0.4084,0.4084,0.6676,0.0,0.7902,0.1848,0.7381,2.3807,0.5835,8.4935,0.6619,0,0,0,0,0,0,0,0,0,0,0,0,0,0,0,0,0,0,0,0,0,5910,98,89,213,123,191,194,9,16,0,17,0,17,80,92,137,174,4.0,3.7,4.0,2.4,3.5,3.7,0.2,0.3,0.0,0.6,0.0,0.6,1.5,1.7,2.5,3.3
39,Ohio,OH,39165,Warren County,39165031601,Census Tract 316.01; Warren County; Ohio,13.13152593202,1251,215,478,104,478,104,128,166,0,12,41,58,24,19,18,30,166,109,212,100,142,81,0,16,0,48,186,324,0,16,28,40,8,18,0,12,35,6,10.5,13.5,0.0,4.2,8.6,12.0,2.4,1.9,1.5,2.4,13.3,8.0,16.9,7.7,11.7,5.9,0.0,3.3,0.0,3.9,14.9,25.8,0.0,3.3,5.9,8.1,1.7,3.7,0.0,7.1,2.8,0.7,0.225,0.0,0.027,0.1135,0.072,0.4375,0.0146,0.2505,0.2026,0.3291,0.0,0.0,0.7822,0.0127,0.4911,0.4911,0.4911,0.0,0.8051,0.6917,0.0,0.8161,2.3129,0.5546,4.0237,0.0562,0,0,0,0,0,0,0,0,0,0,0,0,0,0,0,0,0,0,0,0,0,3728,74,86,35,6,22,37,50,68,0,12,0,12,66,84,13,20,15.5,17.7,2.8,0.6,1.8,3.0,4.0,5.3,0.0,2.8,0.0,2.8,5.3,6.9,1.0,1.6
39,Ohio,OH,39165,Warren County,39165031602,Census Tract 316.02; Warren County; Ohio,9.916290870772,4708,526,2240,211,1980,229,480,297,42,46,490,175,179,156,364,279,1084,230,1160,208,794,208,95,105,22,59,642,746,204,119,0,12,0,16,130,77,63,5,10.3,6.3,1.8,2.0,24.7,8.4,5.3,4.5,7.8,5.9,23.0,4.7,24.6,3.3,17.0,4.1,4.8,5.3,0.5,1.4,13.6,15.8,9.1,5.2,0.0,1.5,0.0,0.8,6.6,3.7,1.3,0.2,0.2161,0.1654,0.567,0.3253,0.701,1.9748,0.3578,0.7945,0.6877,0.6646,0.4565,0.5796,3.1829,0.8803,0.4607,0.4607,0.4607,0.6768,0.0,0.0,0.5765,0.6934,1.9467,0.3968,7.5651,0.5114,0,0,0,0,0,0,0,0,0,0,0,0,0,0,0,0,0,0,0,0,0,3576,294,130,291,230,123,115,210,206,0,12,0,12,18,33,0,12,14.8,6.1,6.2,4.8,2.6,2.3,4.5,4.3,0.0,0.7,0.0,0.7,0.4,0.7,0.0,0.7
39,Ohio,OH,39165,Warren County,39165031603,Census Tract 316.03; Warren County; Ohio,9.64279899399,3954,721,1406,319,1338,327,243,188,57,73,136,106,28,37,70,69,1037,656,801,131,424,181,21,34,0,48,83,1021,0,16,0,12,0,16,56,79,0,12,6.2,4.7,3.6,4.4,10.2,7.5,1.0,1.4,1.8,1.8,26.2,13.7,20.3,5.1,10.7,5.3,1.6,2.5,0.0,1.3,2.1,25.8,0.0,1.1,0.0,2.5,0.0,1.2,4.2,6.1,0.0,0.3,0.092,0.4308,0.0527,0.0333,0.1022,0.711,0.0483,0.902,0.4065,0.2615,0.1238,0.0,1.6938,0.14,0.0374,0.0374,0.0374,0.0,0.0,0.0,0.4114,0.0,0.4114,0.0283,2.8536,0.0086,0,0,0,0,0,0,1,0,0,0,0,1,0,0,0,0,0,0,0,0,1,3916,12,20,0,12,37,50,22,36,0,12,0,12,24,39,0,12,0.9,1.5,0.0,0.9,0.9,1.3,0.6,0.9,0.0,0.9,0.0,0.9,0.6,1.0,0.0,0.9
39,Ohio,OH,39165,Warren County,39165031700,Census Tract 317; Warren County; Ohio,2.999272382466,5254,244,0,17,0,17,4,3,0,17,0,34,1314,157,0,17,35,31,1,2,3,3,0,24,0,68,3251,358,0,24,0,17,0,24,0,17,5254,244,100.0,0.0,-999.0,-999.0,-999.0,-999.0,28.7,3.2,0.0,100.0,0.7,0.6,0.0,0.1,75.0,73.3,-999.0,-999.0,0.0,1.3,61.9,6.2,-999.0,-999.0,-999.0,-999.0,-999.0,-999.0,-999.0,-999.0,100.0,0.0,0.9997,-999.0,-999.0,0.9765,0.0,-999.0,-999.0,0.0032,0.0,0.9997,-999.0,0.0,-999.0,-999.0,0.8706,0.8706,0.8706,-999.0,-999.0,-999.0,-999.0,0.999,-999.0,-999.0,-999.0,-999.0,1,-999,-999,1,0,-999,0,0,1,-999,0,-999,0,0,-999,-999,-999,-999,1,-999,-999,5508,0,17,2803,309,106,59,20,21,54,54,0,17,243,81,25,20,-999.0,-999.0,53.3,5.3,2.0,1.1,0.4,0.4,1.0,1.0,0.0,0.7,4.6,1.5,0.5,0.4
39,Ohio,OH,39165,Warren County,39165031904,Census Tract 319.04; Warren County; Ohio,2.703413616824,6434,633,2681,310,2581,318,431,244,29,37,445,159,215,128,87,74,1177,208,1446,223,817,230,145,87,166,137,1741,842,373,212,53,74,212,170,125,71,211,20,6.9,3.8,0.9,1.2,17.2,5.8,4.7,2.8,1.4,1.2,18.3,3.1,22.5,2.5,13.0,3.5,5.6,3.3,2.7,2.2,27.1,12.8,13.9,7.7,2.0,2.7,8.2,6.5,4.8,2.7,3.3,0.4,0.1152,0.0654,0.2784,0.2815,0.0676,0.8081,0.0651,0.5549,0.5526,0.4129,0.5241,0.8827,2.9272,0.7886,0.6785,0.6785,0.6785,0.7632,0.6978,0.9806,0.4568,0.8456,3.744,0.9705,8.1578,0.6098,0,0,0,0,0,0,0,0,0,0,0,0,0,0,0,0,1,0,0,1,1,8807,77,47,49,56,173,162,1259,453,6,10,0,17,184,130,70,99,3.0,1.9,0.8,0.9,2.7,2.5,19.6,6.2,0.1,0.2,0.0,0.5,2.9,2.0,1.1,1.5
39,Ohio,OH,39165,Warren County,39165031905,Census Tract 319.05; Warren County; Ohio,3.30606980387,6102,704,2429,220,2239,229,964,342,77,81,439,159,145,99,315,212,497,131,1650,373,572,188,227,123,172,148,2371,854,212,106,0,17,91,72,0,17,44,3,15.9,5.3,2.3,2.4,19.6,6.8,3.6,2.3,5.2,3.4,8.1,2.3,27.0,4.3,9.4,3.0,10.1,5.4,3.0,2.6,38.9,13.3,8.7,4.3,0.0,1.4,4.1,3.2,0.0,1.5,0.7,0.1,0.3884,0.2384,0.3781,0.1966,0.4706,1.6721,0.2717,0.0704,0.8158,0.1787,0.7813,0.8976,2.7438,0.7044,0.7727,0.7727,0.7727,0.666,0.0,0.9006,0.0,0.6243,2.1909,0.4978,7.3795,0.4851,0,0,0,0,0,0,0,0,0,0,0,0,0,0,0,0,1,0,0,1,1,5917,49,37,866,410,72,88,1224,385,0,17,0,17,209,149,0,17,2.2,1.6,14.2,5.8,1.2,1.4,20.1,6.1,0.0,0.6,0.0,0.6,3.4,2.3,0.0,0.6
39,Ohio,OH,39165,Warren County,39165031906,Census Tract 319.06; Warren County; Ohio,2.790429810666,4216,451,1784,214,1767,218,287,192,11,17,261,102,24,21,64,58,1197,373,820,135,619,352,45,44,0,48,982,662,0,16,0,12,11,20,26,29,0,12,6.8,4.5,0.5,0.8,14.8,5.5,0.8,0.7,1.5,1.4,28.4,7.3,19.4,2.6,14.7,7.5,2.6,2.5,0.0,1.1,23.3,15.5,0.0,0.9,0.0,1.9,0.6,1.1,1.5,1.7,0.0,0.3,0.113,0.033,0.1829,0.0241,0.072,0.425,0.0133,0.9423,0.3453,0.5287,0.2187,0.0,2.035,0.2889,0.6309,0.6309,0.6309,0.0,0.0,0.4632,0.1597,0.0,0.6229,0.0511,3.7138,0.0394,0,0,0,0,0,0,1,0,0,0,0,1,0,0,0,0,0,0,0,0,1,12815,30,33,231,199,71,98,586,146,0,12,0,12,94,86,0,12,1.7,1.8,5.5,4.8,1.7,2.3,13.9,3.3,0.0,0.8,0.0,0.8,2.2,2.1,0.0,0.8
39,Ohio,OH,39165,Warren County,39165031907,Census Tract 319.07; Warren County; Ohio,4.536695025082,13385,1483,4178,382,4101,384,1513,1533,231,176,515,343,71,72,254,243,1287,455,4621,897,570,231,241,210,73,104,3535,2156,163,101,0,19,0,26,30,48,0,19,11.3,11.4,3.6,2.8,12.6,8.3,0.9,0.9,1.9,1.8,9.6,3.4,34.5,3.7,4.3,1.8,5.9,5.1,0.6,0.8,26.4,15.8,3.9,2.4,0.0,0.8,0.0,0.6,0.7,1.2,0.0,0.1,0.2513,0.4308,0.1159,0.0289,0.1104,0.9373,0.0876,0.1103,0.9727,0.013,0.5463,0.6088,2.2511,0.4048,0.6703,0.6703,0.6703,0.5133,0.0,0.0,0.0762,0.0,0.5895,0.0473,4.4482,0.0927,0,0,0,0,0,0,0,1,0,0,0,1,0,0,0,0,0,0,0,0,1,6031,145,180,652,339,453,381,1934,376,0,19,0,19,459,466,37,60,3.5,4.3,4.9,2.5,3.4,2.9,14.4,3.2,0.0,0.3,0.0,0.3,3.4,3.5,0.3,0.4
39,Ohio,OH,39165,Warren County,39165031908,Census Tract 319.08; Warren County; Ohio,2.03798728323,5364,883,1979,265,1979,265,381,283,24,40,369,215,65,78,192,160,635,175,1170,307,629,236,126,140,144,142,1531,1310,0,24,0,17,0,24,54,62,0,17,7.1,5.1,0.8,1.3,18.6,10.6,1.8,2.2,3.6,3.0,11.8,4.0,21.8,4.1,11.7,4.6,6.4,7.0,2.7,2.7,28.5,24.0,0.0,1.2,0.0,1.8,0.0,1.2,2.7,3.1,0.0,0.3,0.1228,0.0578,0.3359,0.0758,0.2945,0.8868,0.0794,0.1877,0.5025,0.3291,0.58,0.8827,2.482,0.5467,0.6918,0.6918,0.6918,0.0,0.0,0.0,0.2752,0.0,0.2752,0.0216,4.3358,0.0816,0,0,0,0,0,0,0,0,0,0,0,0,0,0,0,0,0,0,0,0,0,7692,0,17,402,459,389,272,642,296,0,17,0,17,98,102,0,17,0.0,1.8,7.5,8.6,7.3,4.8,12.0,5.8,0.0,0.6,0.0,0.6,1.8,1.9,0.0,0.6
39,Ohio,OH,39165,Warren County,39165032003,Census Tract 320.03; Warren County; Ohio,5.1776664302,8050,865,3568,373,3461,377,324,164,47,52,704,206,136,91,250,155,1644,523,1676,365,1394,568,140,103,117,108,1195,1143,342,168,0,17,0,24,74,68,0,17,4.0,2.0,1.0,1.1,20.3,5.5,2.3,1.5,3.1,1.9,20.4,5.4,20.8,3.7,17.3,5.9,4.1,2.9,1.5,1.4,14.8,14.1,9.6,4.6,0.0,1.0,0.0,0.7,2.1,2.0,0.0,0.2,0.0444,0.0714,0.4086,0.1068,0.2371,0.8683,0.0759,0.6855,0.4369,0.6776,0.3844,0.7854,2.9698,0.8092,0.488,0.488,0.488,0.6832,0.0,0.0,0.2248,0.0,0.908,0.0914,5.2341,0.1635,0,0,0,0,0,0,0,0,0,0,0,0,0,0,0,0,0,0,0,0,0,11528,292,285,232,178,298,233,556,380,0,17,0,17,109,92,0,17,8.4,7.7,2.9,2.2,3.7,2.8,6.9,4.6,0.0,0.4,0.0,0.4,1.4,1.1,0.0,0.4
39,Ohio,OH,39165,Warren County,39165032004,Census Tract 320.04; Warren County; Ohio,2.697826720884,6187,644,2103,198,2097,199,228,197,134,73,140,65,47,47,160,184,836,205,1579,206,470,148,75,72,77,92,1717,876,14,27,27,42,0,24,41,31,0,17,3.7,3.2,3.8,2.1,6.7,3.0,1.1,1.1,2.6,2.9,13.5,2.8,25.5,2.7,7.6,2.5,3.6,3.4,1.3,1.6,27.8,13.9,0.7,1.3,1.3,2.0,0.0,1.1,2.0,1.5,0.0,0.3,0.0378,0.4524,0.0124,0.0384,0.1812,0.7222,0.0495,0.2616,0.7378,0.0952,0.3292,0.7565,2.1803,0.3686,0.6848,0.6848,0.6848,0.2994,0.6505,0.0,0.2127,0.0,1.1626,0.1371,4.7499,0.1181,0,0,0,0,0,0,0,0,0,0,0,0,0,0,0,0,0,0,0,0,0,3069,16,25,55,67,254,218,1159,377,8,12,0,17,221,127,20,35,0.8,1.2,0.9,1.1,4.1,3.4,18.7,5.3,0.1,0.2,0.0,0.6,3.6,2.2,0.3,0.6
39,Ohio,OH,39165,Warren County,39165032006,Census Tract 320.06; Warren County; Ohio,1.445068202522,4532,463,2166,241,2099,255,331,211,103,104,238,103,120,78,138,104,611,114,834,165,365,123,106,66,16,48,1110,623,545,195,0,12,24,36,125,72,4,2,7.4,4.6,3.6,3.6,11.3,4.7,3.6,2.4,3.0,2.3,13.5,2.7,18.4,3.0,8.1,2.9,5.0,3.1,0.4,1.1,24.5,13.5,25.1,8.6,0.0,1.6,1.1,1.7,6.0,3.5,0.1,0.0,0.1317,0.4308,0.0771,0.1966,0.2291,1.0653,0.1149,0.2616,0.279,0.1162,0.4762,0.5412,1.6742,0.1343,0.6493,0.6493,0.6493,0.8863,0.0,0.587,0.5413,0.3694,2.384,0.5857,5.7728,0.2276,0,0,0,0,0,0,0,0,0,0,0,0,0,0,0,0,0,0,0,0,0,6965,47,38,57,73,199,144,645,288,13,20,0,12,196,157,0,12,2.2,1.9,1.3,1.7,4.4,3.1,14.2,6.0,0.3,0.4,0.0,0.8,4.3,3.3,0.0,0.8
39,Ohio,OH,39165,Warren County,39165032008,Census Tract 320.08; Warren County; Ohio,2.951217741444,4565,767,1868,362,1858,363,485,542,101,152,275,198,152,168,0,12,348,140,995,275,368,207,0,16,0,48,1406,1029,0,16,0,12,0,16,0,12,0,12,10.6,11.7,3.9,6.2,14.8,10.3,4.6,5.1,0.0,0.8,7.6,3.2,21.8,5.6,8.1,4.4,0.0,0.9,0.0,1.1,30.8,21.9,0.0,0.9,0.0,1.9,0.0,0.9,0.0,1.9,0.0,0.3,0.2279,0.4644,0.1829,0.2724,0.0,1.1476,0.1352,0.0571,0.5025,0.1162,0.0,0.0,0.6758,0.0095,0.7115,0.7115,0.7115,0.0,0.0,0.0,0.0,0.0,0.0,0.0,2.5349,0.0035,0,0,0,0,0,0,0,0,0,0,0,0,0,0,0,0,0,0,0,0,0,13485,18,28,112,107,225,226,880,260,0,12,0,12,189,188,0,12,1.0,1.5,2.5,2.3,4.9,5.1,19.3,5.5,0.0,0.8,0.0,0.8,4.1,4.0,0.0,0.8
39,Ohio,OH,39165,Warren County,39165032009,Census Tract 320.09; Warren County; Ohio,2.65869064996,7645,956,3239,311,2901,361,236,146,30,46,375,156,111,77,206,150,850,221,1906,310,203,130,170,128,234,194,3490,1306,747,201,0,17,102,89,32,36,145,5,3.1,1.9,0.7,1.0,12.9,5.1,2.2,1.5,2.8,2.1,11.1,2.9,24.9,4.1,2.7,1.8,5.9,4.4,3.2,2.6,45.7,16.1,23.1,5.8,0.0,1.1,3.5,3.0,1.1,1.2,1.9,0.2,0.0248,0.0502,0.1222,0.1021,0.1996,0.4989,0.0216,0.1617,0.7061,0.0013,0.5463,0.9049,2.3203,0.4438,0.8085,0.8085,0.8085,0.8749,0.0,0.8771,0.1194,0.7524,2.6238,0.6883,6.2515,0.3003,0,0,0,0,0,0,0,0,0,0,1,1,0,0,0,0,0,0,0,0,1,15369,24,40,144,113,326,279,2676,596,21,25,0,17,323,278,0,17,0.8,1.4,1.9,1.5,4.3,3.7,35.0,7.3,0.3,0.3,0.0,0.5,4.2,3.6,0.0,0.5
39,Ohio,OH,39165,Warren County,39165032010,Census Tract 320.10; Warren County; Ohio,1.704351911806,3325,393,1319,120,1275,130,178,109,37,44,100,71,104,105,46,38,575,233,577,191,238,123,36,66,31,64,325,607,0,16,0,12,58,86,16,25,0,12,5.4,3.2,1.8,2.1,7.8,5.5,4.1,3.9,1.4,1.1,17.3,7.3,17.4,4.8,7.2,3.8,2.8,5.2,1.0,2.0,9.8,18.2,0.0,1.2,0.0,2.6,4.5,6.7,1.3,2.0,0.0,0.4,0.073,0.1654,0.02,0.2359,0.0676,0.5619,0.0279,0.4845,0.2248,0.0774,0.2403,0.707,1.734,0.1556,0.3516,0.3516,0.3516,0.0,0.0,0.9213,0.1349,0.0,1.0562,0.1143,3.7037,0.039,0,0,0,0,0,0,0,0,0,0,0,0,0,0,0,0,1,0,0,1,1,1106,60,47,18,30,135,112,37,58,0,12,0,12,58,53,77,82,4.7,3.7,0.5,0.9,4.1,3.5,1.1,1.8,0.0,1.0,0.0,1.0,1.7,1.6,2.3,2.5
39,Ohio,OH,39165,Warren County,39165032011,Census Tract 320.11; Warren County; Ohio,0.768785452892,2947,299,1507,140,1394,146,293,247,0,12,274,137,32,40,157,117,349,64,657,176,168,82,15,27,38,62,743,452,406,178,0,12,40,53,54,55,4,8,9.9,8.3,0.0,2.0,19.7,9.6,1.6,2.0,5.3,3.9,11.8,2.2,22.3,5.0,5.7,2.8,1.1,1.9,1.4,2.3,25.2,15.1,26.9,11.5,0.0,2.3,2.9,3.8,3.9,3.9,0.1,0.3,0.2025,0.0,0.3844,0.0647,0.4808,1.1324,0.1305,0.1877,0.539,0.0384,0.0829,0.7717,1.6197,0.1181,0.6588,0.6588,0.6588,0.9,0.0,0.8349,0.3892,0.3694,2.4935,0.6337,5.9044,0.2476,0,0,0,0,0,0,0,0,0,0,0,0,0,0,1,0,0,0,0,1,1,3194,48,48,72,64,315,249,309,152,0,12,0,12,47,92,0,12,3.4,3.6,2.4,2.2,10.7,8.1,10.5,5.1,0.0,1.2,0.0,1.2,1.6,3.1,0.0,1.2
39,Ohio,OH,39165,Warren County,39165032100,Census Tract 321; Warren County; Ohio,18.923432767572,8987,646,3401,354,3121,328,915,373,148,94,539,214,400,190,344,159,916,198,2634,346,889,254,214,127,130,124,2246,1030,281,139,194,113,0,24,113,106,22,3,10.3,4.1,3.1,2.0,17.3,6.6,7.0,3.2,3.8,1.8,10.2,2.1,29.3,3.6,9.9,2.9,6.9,4.0,1.5,1.5,25.0,11.3,8.3,4.0,5.7,3.2,0.0,0.8,3.6,3.3,0.2,0.0,0.2161,0.3537,0.2819,0.4486,0.3113,1.6116,0.2565,0.1297,0.8951,0.2104,0.613,0.7854,2.6336,0.6438,0.6563,0.6563,0.6563,0.6581,0.7994,0.0,0.3638,0.4356,2.2569,0.5295,7.1584,0.4473,0,0,0,0,0,0,0,0,0,0,0,0,0,0,0,0,0,0,0,0,0,8400,143,110,298,155,177,138,1190,306,0,17,0,17,195,173,386,417,4.6,3.4,3.3,1.7,2.0,1.5,13.2,3.2,0.0,0.4,0.0,0.4,2.2,1.9,4.3,4.7
39,Ohio,OH,39165,Warren County,39165032202,Census Tract 322.02; Warren County; Ohio,17.101522835418,6616,683,2325,222,2282,214,667,262,83,55,477,192,171,95,121,98,1153,193,1693,271,581,181,72,53,28,71,555,919,0,24,0,17,19,34,0,17,107,3,10.3,3.9,2.7,1.8,20.9,8.2,3.7,1.9,1.9,1.5,17.4,2.8,25.6,2.8,8.9,2.7,3.2,2.3,0.4,1.1,8.4,13.9,0.0,1.0,0.0,1.5,0.8,1.5,0.0,1.5,1.6,0.2,0.2161,0.2968,0.4314,0.2039,0.1104,1.2586,0.1594,0.4908,0.7429,0.1552,0.2841,0.5412,2.2142,0.3835,0.2977,0.2977,0.2977,0.0,0.0,0.5117,0.0,0.727,1.2387,0.16,5.0092,0.1425,0,0,0,0,0,0,0,0,0,0,0,0,0,0,0,0,0,0,0,0,0,2831,52,38,89,64,208,273,58,89,0,17,0,17,178,144,22,37,2.3,1.6,1.3,1.0,3.1,4.0,0.9,1.3,0.0,0.5,0.0,0.5,2.7,2.2,0.3,0.5
39,Ohio,OH,39165,Warren County,39165032203,Census Tract 322.03; Warren County; Ohio,5.074928935122,7665,725,3387,442,3089,349,134,162,82,98,497,244,160,132,39,66,1517,253,1757,221,744,265,3,17,0,68,388,1046,28,34,0,17,0,24,26,33,0,17,1.8,2.1,2.0,2.3,16.1,7.7,2.9,2.4,0.5,0.9,19.8,2.7,22.9,3.0,9.7,3.3,0.1,0.6,0.0,0.9,5.1,13.6,0.8,1.0,0.0,1.0,0.0,0.8,0.8,1.1,0.0,0.2,0.0098,0.194,0.2321,0.1433,0.0152,0.5944,0.0324,0.6512,0.5808,0.2003,0.0381,0.0,1.4704,0.0829,0.1544,0.1544,0.1544,0.3111,0.0,0.0,0.0873,0.0,0.3984,0.0279,2.6176,0.0054,0,0,0,0,0,0,0,0,0,0,0,0,0,0,0,0,0,0,0,0,0,4014,88,79,52,90,211,244,56,81,0,17,0,17,69,101,0,17,2.8,2.5,0.7,1.2,2.8,3.1,0.7,1.1,0.0,0.5,0.0,0.5,0.9,1.3,0.0,0.5
39,Ohio,OH,39165,Warren County,39165032204,Census Tract 322.04; Warren County; Ohio,2.758167127546,4691,752,1564,253,1370,226,148,204,492,359,82,70,7,16,0,12,183,172,1402,359,668,374,0,16,0,48,229,1110,40,41,399,294,0,16,0,12,0,12,3.2,4.3,17.3,11.5,6.0,5.0,0.2,0.6,0.0,0.7,3.9,4.0,29.9,5.1,14.2,7.1,0.0,1.2,0.0,1.1,4.9,23.6,2.5,2.6,25.5,16.6,0.0,1.2,0.0,2.5,0.0,0.3,0.0279,0.9581,0.0079,0.0092,0.0,1.0031,0.099,0.0193,0.9112,0.4919,0.0,0.0,1.4224,0.0721,0.1474,0.1474,0.1474,0.4413,0.9768,0.0,0.0,0.0,1.4181,0.2054,3.991,0.053,0,1,0,0,0,1,0,1,0,0,0,1,0,0,0,1,0,0,0,1,3,1910,217,265,74,118,124,173,3,7,0,12,0,12,28,50,0,12,15.8,18.3,1.6,2.5,2.6,3.8,0.1,0.2,0.0,0.7,0.0,0.7,0.6,1.1,0.0,0.7
39,Ohio,OH,39165,Warren County,39165032205,Census Tract 322.05; Warren County; Ohio,3.98340082043,9470,1113,3233,316,3217,316,156,92,228,330,484,272,139,127,395,254,1329,418,2502,426,530,298,116,106,15,67,885,1644,116,58,0,17,36,62,21,21,27,12,1.7,1.0,4.2,5.4,15.0,8.3,2.2,2.1,4.2,2.7,14.0,4.6,26.4,5.1,5.6,3.1,3.6,3.3,0.2,0.7,9.3,17.3,3.6,1.8,0.0,1.1,1.1,1.9,0.7,0.7,0.3,0.1,0.0089,0.4975,0.1908,0.1021,0.3561,1.1554,0.1365,0.2885,0.7882,0.0371,0.3292,0.4556,1.8986,0.22,0.331,0.331,0.331,0.5013,0.0,0.587,0.0762,0.4924,1.6569,0.2768,5.0419,0.1463,0,0,0,0,0,0,0,0,0,0,0,0,0,0,0,0,0,0,0,0,0,3729,124,93,151,163,452,389,241,319,0,17,0,17,9,15,32,51,3.9,3.0,1.6,1.8,4.8,4.1,2.5,3.4,0.0,0.4,0.0,0.4,0.1,0.2,0.3,0.5
39,Ohio,OH,39165,Warren County,39165032206,Census Tract 322.06; Warren County; Ohio,6.766090444302,3292,668,962,139,962,139,47,71,61,82,60,92,57,74,321,270,353,215,750,359,199,124,218,222,33,58,409,1005,30,57,0,12,0,16,26,37,0,12,1.4,2.1,3.0,4.1,6.2,9.5,2.9,3.6,9.8,7.9,10.7,7.2,22.8,7.9,6.0,4.1,22.6,22.8,1.1,1.9,12.4,30.4,3.1,5.9,0.0,3.6,0.0,1.7,2.7,3.8,0.0,0.4,0.0067,0.3403,0.0092,0.1433,0.8124,1.3119,0.1746,0.1503,0.5761,0.0444,0.9676,0.7254,2.4638,0.5368,0.4277,0.4277,0.4277,0.4765,0.0,0.0,0.2752,0.0,0.7517,0.066,4.9551,0.1356,0,0,0,0,0,0,0,0,0,1,0,1,0,0,0,0,0,0,0,0,1,2587,56,74,70,85,75,101,57,86,0,12,0,12,207,188,0,12,5.8,7.4,2.1,2.6,2.3,3.2,1.7,2.7,0.0,1.1,0.0,1.1,6.3,6.0,0.0,1.1
39,Ohio,OH,39165,Warren County,39165032300,Census Tract 323; Warren County; Ohio,22.131868186498,5237,25,2224,198,2009,144,853,209,75,46,423,114,288,106,372,157,953,178,1209,173,726,134,112,50,3,65,652,232,58,41,62,58,6,19,68,34,47,3,16.5,4.0,3.0,1.9,21.1,5.5,7.9,2.9,7.2,3.0,18.2,3.4,23.1,3.3,14.0,2.6,5.5,2.5,0.1,1.3,12.4,4.4,2.6,1.8,2.8,2.6,0.3,0.9,3.4,1.7,0.9,0.1,0.4078,0.3403,0.4403,0.5076,0.6557,2.3517,0.4689,0.5466,0.5948,0.4811,0.5171,0.4245,2.5641,0.6003,0.4277,0.4277,0.4277,0.446,0.7263,0.4041,0.3438,0.6458,2.566,0.6638,7.9095,0.5705,0,0,0,0,0,0,0,0,0,0,0,0,0,0,0,0,0,0,0,0,0,4263,268,87,188,135,308,205,7,8,0,17,0,17,149,69,0,17,13.3,4.2,3.6,2.6,5.9,3.9,0.1,0.2,0.0,0.7,0.0,0.7,2.8,1.3,0.0,0.7
39,Ohio,OH,39165,Warren County,39165032400,Census Tract 324; Warren County; Ohio,45.445619691626,4988,20,1923,229,1807,201,365,176,42,40,252,96,223,105,193,103,811,208,1304,281,484,134,57,36,0,48,181,193,0,16,1,2,0,16,35,27,0,12,7.3,3.5,1.7,1.5,13.9,5.1,6.7,3.0,3.9,2.1,16.3,4.2,26.1,5.6,9.7,2.7,3.2,2.0,0.0,1.0,3.6,3.9,0.0,0.8,0.1,0.1,0.0,0.9,1.9,1.5,0.0,0.2,0.1276,0.1492,0.1511,0.4293,0.3224,1.1796,0.1432,0.4195,0.7736,0.2003,0.2841,0.0,1.6775,0.1356,0.0885,0.0885,0.0885,0.0,0.5502,0.0,0.2029,0.0,0.7531,0.0663,3.6987,0.0387,0,0,0,0,0,0,0,0,0,0,0,0,0,0,0,0,0,0,0,0,0,2026,180,81,0,12,19,21,140,189,4,7,0,12,18,16,0,12,10.0,4.0,0.0,0.7,0.4,0.4,2.8,3.8,0.1,0.1,0.0,0.7,0.4,0.3,0.0,0.7
39,Ohio,OH,39165,Warren County,39165032501,Census Tract 325.01; Warren County; Ohio,1.456912653576,3470,353,1394,178,1331,186,781,354,70,54,238,85,297,138,245,143,505,129,668,137,538,150,70,41,0,48,480,550,58,70,0,12,80,77,132,59,17,4,22.7,10.0,3.6,2.8,17.9,5.9,13.0,6.2,7.1,4.0,14.6,4.2,19.3,3.5,15.6,4.2,5.2,3.0,0.0,1.5,13.8,15.8,4.2,5.0,0.0,2.5,6.1,5.7,9.9,4.2,0.5,0.1,0.5744,0.4308,0.3073,0.7555,0.6452,2.7132,0.5768,0.3212,0.3377,0.5833,0.4921,0.0,1.7343,0.1559,0.4673,0.4673,0.4673,0.5257,0.0,0.9616,0.7162,0.5742,2.7777,0.7514,7.6925,0.5324,0,0,0,0,0,0,0,0,0,0,0,0,0,0,0,0,1,0,0,1,1,1673,195,75,0,12,197,270,187,245,0,12,0,12,87,56,9,14,14.7,5.6,0.0,1.0,5.7,7.7,5.4,7.1,0.0,1.0,0.0,1.0,2.5,1.6,0.3,0.4
39,Ohio,OH,39165,Warren County,39165032502,Census Tract 325.02; Warren County; Ohio,1.406307422742,4191,463,1985,251,1870,251,1229,417,69,47,680,270,530,161,207,110,422,71,917,167,795,314,196,112,37,75,194,671,150,74,0,12,39,51,153,80,0,12,29.3,9.4,3.7,2.7,36.4,13.6,19.4,6.1,4.9,2.7,10.1,1.9,21.9,4.1,19.0,6.3,10.5,5.8,0.9,1.9,4.6,16.0,7.5,3.6,0.0,1.7,2.1,2.7,8.2,4.3,0.0,0.3,0.6991,0.4429,0.8413,0.9017,0.4376,3.3226,0.7425,0.1262,0.5098,0.7639,0.7933,0.6855,2.8787,0.7667,0.1335,0.1335,0.1335,0.6343,0.0,0.7448,0.6552,0.0,2.0343,0.433,8.3691,0.6429,0,0,0,1,0,1,0,0,0,0,0,0,0,0,0,0,0,0,0,0,1,2916,213,101,19,30,0,12,55,88,0,12,0,12,120,123,0,12,11.4,5.3,0.5,0.7,0.0,0.8,1.3,2.1,0.0,0.8,0.0,0.8,2.9,3.0,0.0,0.8
39,Ohio,OH,39167,Washington County,39167020101,Census Tract 201.01; Washington County; Ohio,1.439450418422,4033,314,1991,159,1954,157,1014,301,47,37,633,167,209,103,353,175,1146,236,702,147,858,205,76,49,51,75,258,458,143,91,39,34,29,45,70,46,0,12,25.3,7.2,2.5,1.9,32.4,8.1,6.8,3.4,8.8,4.3,28.4,5.7,17.4,3.4,21.3,5.0,3.9,2.5,1.3,2.0,6.4,11.3,7.2,4.5,2.0,1.7,1.5,2.3,3.6,2.3,0.0,0.3,0.6306,0.2657,0.78,0.4344,0.7623,2.873,0.6229,0.9423,0.2248,0.8448,0.3638,0.7565,3.1322,0.8641,0.2134,0.2134,0.2134,0.6241,0.6978,0.6606,0.3638,0.0,2.3463,0.5683,8.5649,0.6708,0,0,0,0,0,0,1,0,0,0,0,1,0,0,0,0,0,0,0,0,1,3313,405,143,40,39,125,115,20,31,0,12,0,12,73,51,0,12,20.7,7.2,1.0,1.0,3.1,2.8,0.5,0.8,0.0,0.9,0.0,0.9,1.8,1.3,0.0,0.9
39,Ohio,OH,39167,Washington County,39167020102,Census Tract 201.02; Washington County; Ohio,0.917388390652,2137,289,1047,124,883,112,809,229,73,61,355,123,195,82,114,75,382,102,533,131,309,101,44,34,0,48,150,415,7,16,55,42,21,24,20,24,0,12,37.9,9.4,7.4,5.9,40.2,13.0,13.8,5.6,5.3,3.5,17.9,4.1,24.9,4.6,14.5,4.6,5.0,3.8,0.0,2.3,7.0,19.4,0.7,1.5,5.3,3.9,2.4,2.7,2.3,2.6,0.0,0.6,0.8121,0.7438,0.8978,0.7834,0.4808,3.7179,0.8286,0.5231,0.7061,0.5198,0.4762,0.0,2.2252,0.3902,0.234,0.234,0.234,0.2994,0.7908,0.7787,0.2429,0.0,2.1118,0.4663,8.2889,0.6305,0,0,0,0,0,0,0,0,0,0,0,0,0,0,0,0,0,0,0,0,0,2742,103,62,17,25,56,60,0,12,4,7,0,12,73,45,0,12,11.7,7.0,0.8,1.2,2.6,2.9,0.0,1.6,0.2,0.3,0.0,1.6,3.4,2.1,0.0,1.6
39,Ohio,OH,39167,Washington County,39167020201,Census Tract 202.01; Washington County; Ohio,30.397312774522,3620,320,1641,225,1498,200,767,347,11,18,253,121,140,77,206,115,655,224,646,154,490,159,69,58,0,48,219,437,9,20,234,163,0,16,83,109,3,2,21.3,9.5,0.6,1.0,16.9,7.8,5.0,2.8,5.7,3.2,18.1,5.5,17.8,3.8,13.5,4.5,4.6,3.8,0.0,1.4,6.0,12.1,0.5,1.2,14.3,9.7,0.0,1.1,5.5,7.1,0.1,0.1,0.5376,0.0422,0.2676,0.3041,0.5176,1.6691,0.2711,0.539,0.247,0.4478,0.4381,0.0,1.6719,0.133,0.1928,0.1928,0.1928,0.2819,0.9229,0.0,0.5098,0.3694,2.084,0.4511,5.6178,0.2019,0,0,0,0,0,0,0,0,0,0,0,0,0,0,0,1,0,0,0,1,1,1609,129,71,0,12,0,12,41,44,0,12,0,12,178,133,0,12,8.6,4.4,0.0,1.0,0.0,1.0,1.1,1.2,0.0,1.0,0.0,1.0,4.9,3.6,0.0,1.0
39,Ohio,OH,39167,Washington County,39167020202,Census Tract 202.02; Washington County; Ohio,17.351065577344,3347,183,1490,181,1312,187,420,247,56,68,244,156,326,182,210,194,738,170,733,180,439,157,13,24,0,48,84,282,12,22,138,74,75,93,0,12,0,12,12.7,7.4,3.5,4.2,18.6,11.6,13.5,7.1,6.3,5.8,22.0,5.0,21.9,5.3,13.1,4.7,1.0,1.8,0.0,1.5,2.5,8.4,0.8,1.5,9.3,5.2,5.7,7.0,0.0,2.6,0.0,0.4,0.2955,0.4156,0.3359,0.7774,0.5763,2.4007,0.4803,0.7505,0.5098,0.4199,0.0759,0.0,1.7561,0.1622,0.0514,0.0514,0.0514,0.3111,0.8683,0.9549,0.0,0.0,2.1343,0.4756,6.3425,0.313,0,0,0,0,0,0,0,0,0,0,0,0,0,0,0,0,1,0,0,1,1,2082,194,120,32,48,22,26,0,12,0,12,0,12,30,39,0,12,14.8,8.2,1.0,1.4,0.7,0.8,0.0,1.0,0.0,1.0,0.0,1.0,0.9,1.2,0.0,1.0
39,Ohio,OH,39167,Washington County,39167020300,Census Tract 203; Washington County; Ohio,35.51487625079,3726,93,1482,116,1412,114,324,154,112,65,194,78,153,74,240,133,682,113,701,116,421,96,56,49,0,48,107,166,0,16,155,72,33,35,42,39,0,12,8.7,4.1,5.7,3.3,13.7,5.4,5.8,2.8,6.4,3.6,18.3,3.1,18.8,3.1,11.3,2.7,4.0,3.5,0.0,1.4,2.9,4.5,0.0,1.1,10.5,4.8,2.3,2.5,3.0,2.6,0.0,0.3,0.1695,0.6356,0.1457,0.3662,0.5849,1.9019,0.3362,0.5549,0.3015,0.3028,0.3743,0.0,1.5335,0.0971,0.0618,0.0618,0.0618,0.0,0.8813,0.7698,0.3051,0.0,1.9562,0.3997,5.4534,0.1848,0,0,0,0,0,0,0,0,0,0,0,0,0,0,0,0,0,0,0,0,0,3839,196,80,89,99,0,12,0,12,0,12,0,12,18,23,0,12,13.9,5.6,2.4,2.7,0.0,0.9,0.0,0.9,0.0,0.9,0.0,0.9,0.5,0.6,0.0,0.9
39,Ohio,OH,39167,Washington County,39167020400,Census Tract 204; Washington County; Ohio,3.577069392242,2355,319,1067,107,962,111,544,217,91,56,258,86,176,70,113,73,575,90,474,175,360,96,27,23,0,48,186,441,96,55,41,33,0,16,61,39,174,9,24.9,9.2,9.2,5.3,26.8,8.4,10.2,4.0,5.2,3.2,24.4,4.6,20.1,5.4,16.5,4.7,2.8,2.4,0.0,2.2,7.9,18.7,9.0,5.1,3.8,3.1,0.0,1.7,6.3,3.9,7.4,1.1,0.6217,0.8222,0.6463,0.65,0.4706,3.2108,0.7152,0.8446,0.3906,0.6334,0.2403,0.0,2.1089,0.327,0.2771,0.2771,0.2771,0.6746,0.7565,0.0,0.5603,0.9398,2.9312,0.8048,8.528,0.666,0,0,0,0,0,0,0,0,0,0,0,0,0,0,0,0,0,0,1,1,1,1249,178,67,52,53,26,29,78,73,0,12,0,12,30,30,0,12,18.5,6.7,2.2,2.3,1.1,1.2,3.3,3.1,0.0,1.5,0.0,1.5,1.3,1.3,0.0,1.5
39,Ohio,OH,39167,Washington County,39167020500,Census Tract 205; Washington County; Ohio,0.621669007832,2219,244,851,116,736,105,600,190,84,52,316,109,128,76,130,77,427,101,283,138,215,89,103,71,6,47,257,329,62,34,0,12,6,15,134,75,795,24,42.1,11.2,7.7,4.6,42.9,13.5,12.6,6.8,6.2,3.7,19.2,4.5,12.8,5.3,10.2,4.1,14.0,9.4,0.3,2.2,11.6,14.8,7.2,3.9,0.0,4.0,0.8,2.0,18.2,9.7,35.8,4.1,0.8543,0.7571,0.9251,0.7406,0.5659,3.843,0.854,0.6129,0.0751,0.2275,0.8819,0.4968,2.2942,0.4311,0.4042,0.4042,0.4042,0.6241,0.0,0.5117,0.8816,0.986,3.0034,0.8308,9.5448,0.799,0,0,1,0,0,1,0,0,0,0,0,0,0,0,0,0,0,0,1,1,2,6054,111,56,123,111,74,60,43,30,0,12,0,12,17,23,0,12,15.1,7.4,5.5,4.9,3.3,2.7,1.9,1.3,0.0,1.6,0.0,1.6,0.8,1.0,0.0,1.6
39,Ohio,OH,39167,Washington County,39167020800,Census Tract 208; Washington County; Ohio,0.933186912288,3507,383,2039,188,1766,191,843,315,54,56,459,153,239,158,116,88,794,175,550,145,578,196,74,71,5,47,334,567,101,90,75,60,6,16,124,70,14,25,24.1,8.6,2.9,2.8,26.0,8.2,9.7,6.2,3.3,2.5,22.6,5.3,15.7,3.5,16.5,5.4,4.2,4.0,0.1,1.4,9.5,16.1,5.0,4.4,3.7,3.0,0.3,0.9,7.0,4.1,0.4,0.7,0.602,0.327,0.6156,0.6192,0.2634,2.4272,0.487,0.7771,0.1525,0.6334,0.394,0.4245,2.3815,0.486,0.337,0.337,0.337,0.5578,0.7533,0.4041,0.5994,0.5374,2.852,0.7787,7.9977,0.5854,0,0,0,0,0,0,0,0,0,0,0,0,0,0,0,0,0,0,0,0,0,2879,340,132,41,73,73,65,118,96,6,10,0,12,57,48,39,44,19.3,7.4,1.2,2.1,2.1,1.9,3.4,2.7,0.2,0.3,0.0,1.0,1.6,1.4,1.1,1.3
39,Ohio,OH,39167,Washington County,39167020900,Census Tract 209; Washington County; Ohio,2.966549465762,2183,302,1273,122,1163,150,795,253,28,37,424,113,67,38,104,96,660,104,271,131,351,90,122,94,0,48,152,457,252,98,16,26,29,49,140,95,176,26,39.3,11.1,2.4,2.9,36.5,8.5,3.6,2.1,5.1,4.7,30.2,5.2,12.4,5.3,17.4,4.2,10.5,8.0,0.0,2.4,7.0,20.9,19.8,7.5,1.3,2.1,2.5,4.2,12.0,7.8,8.1,0.4,0.8289,0.2514,0.8432,0.1966,0.4611,2.5812,0.5333,0.9604,0.0682,0.6836,0.7933,0.0,2.5055,0.5606,0.234,0.234,0.234,0.8432,0.6505,0.7902,0.7794,0.9455,4.0088,0.9895,9.3295,0.7717,0,0,0,0,0,0,1,0,0,0,0,1,0,0,0,0,0,0,1,1,2,6257,189,83,74,90,5,11,0,12,1,2,0,12,72,90,0,12,16.3,7.7,3.4,4.1,0.2,0.5,0.0,1.6,0.0,0.1,0.0,1.6,3.3,4.1,0.0,1.6
39,Ohio,OH,39167,Washington County,39167021000,Census Tract 210; Washington County; Ohio,7.663378750936,3776,496,1944,167,1670,163,1697,373,101,70,508,158,257,104,334,177,653,112,984,241,787,236,220,127,0,48,197,683,209,89,152,90,7,17,212,85,44,8,44.9,7.9,6.0,4.1,30.4,9.0,10.1,3.9,8.8,4.3,17.3,3.7,26.1,4.3,20.8,5.9,13.2,7.5,0.0,1.3,5.2,18.1,10.8,4.5,7.8,4.6,0.4,1.0,12.7,5.2,1.2,0.1,0.8775,0.6559,0.7368,0.6443,0.7623,3.6768,0.8194,0.4845,0.7736,0.8305,0.867,0.0,2.9556,0.8035,0.1585,0.1585,0.1585,0.7057,0.8441,0.4206,0.794,0.6814,3.4458,0.927,10.2367,0.8689,0,0,0,0,0,0,0,0,0,0,0,0,0,0,0,0,0,0,0,0,0,8958,266,83,12,20,89,75,0,12,0,12,0,12,96,74,0,12,15.9,4.9,0.3,0.5,2.4,1.9,0.0,0.9,0.0,0.9,0.0,0.9,2.5,1.9,0.0,0.9
39,Ohio,OH,39167,Washington County,39167021100,Census Tract 211; Washington County; Ohio,12.424428767872,3992,166,1832,205,1574,165,985,387,132,80,415,136,213,78,386,212,941,160,783,124,1008,291,57,46,34,66,196,257,88,56,272,120,24,25,119,64,5,9,24.8,9.7,7.8,4.4,26.4,8.2,7.1,2.6,9.7,5.3,23.6,4.0,19.6,3.0,25.3,7.2,3.7,2.9,0.9,1.7,4.9,6.4,4.8,3.0,14.8,6.4,1.5,1.6,7.6,3.8,0.1,0.2,0.6198,0.7616,0.6327,0.4569,0.8067,3.2777,0.7308,0.8209,0.3602,0.9359,0.34,0.6855,3.1425,0.8702,0.1474,0.1474,0.1474,0.5511,0.9273,0.6606,0.6279,0.3694,3.1363,0.8663,9.7039,0.8171,0,0,0,0,0,0,0,0,1,0,0,1,0,0,0,1,0,0,0,1,2,3621,287,100,1,3,0,12,77,84,39,34,0,12,79,48,0,12,18.2,5.7,0.0,0.1,0.0,0.9,1.9,2.1,1.0,0.9,0.0,0.9,2.0,1.2,0.0,0.9
39,Ohio,OH,39167,Washington County,39167021201,Census Tract 212.01; Washington County; Ohio,92.436526151404,3313,472,1707,170,1316,183,856,344,110,96,214,105,303,132,195,96,588,141,768,232,560,163,67,39,0,48,129,667,41,27,201,100,22,28,88,44,0,12,25.9,9.7,8.1,6.9,16.3,7.6,13.0,5.5,5.9,2.9,17.7,4.9,23.2,6.0,16.9,4.8,5.1,2.9,0.0,1.5,3.9,20.1,2.4,1.6,11.8,5.9,1.7,2.1,6.7,3.2,0.0,0.4,0.6407,0.7778,0.2422,0.7555,0.537,2.9532,0.6463,0.5117,0.6005,0.6598,0.4841,0.0,2.2561,0.4076,0.1008,0.1008,0.1008,0.4352,0.8968,0.6917,0.5816,0.0,2.6053,0.68,7.9154,0.5721,0,0,0,0,0,0,0,0,0,0,0,0,0,0,0,0,0,0,0,0,0,2021,235,83,12,21,28,43,17,28,5,8,0,12,67,53,0,12,17.9,5.9,0.4,0.6,0.8,1.3,0.5,0.9,0.2,0.3,0.0,1.0,2.0,1.6,0.0,1.0
39,Ohio,OH,39167,Washington County,39167021202,Census Tract 212.02; Washington County; Ohio,93.136915179404,1758,347,868,141,713,138,485,365,44,35,159,93,203,125,105,99,353,244,235,148,428,210,33,42,0,48,11,492,0,16,117,75,27,35,17,18,0,12,27.6,20.0,5.0,4.0,22.3,12.3,14.4,8.3,6.0,6.4,20.1,11.8,13.4,7.1,24.3,9.7,4.6,5.8,0.0,2.8,0.6,28.0,0.0,1.8,13.5,8.1,3.8,4.9,2.4,2.5,0.0,0.7,0.6709,0.58,0.4813,0.8006,0.5459,3.0787,0.6838,0.6687,0.0853,0.9207,0.4381,0.0,2.1128,0.3298,0.0038,0.0038,0.0038,0.0,0.9159,0.8898,0.2514,0.0,2.0571,0.441,7.2524,0.4622,0,0,0,0,0,0,0,0,1,0,0,1,0,0,0,1,0,0,0,1,2,930,228,95,0,12,0,12,0,12,0,12,0,12,11,17,0,12,32.0,14.0,0.0,2.0,0.0,2.0,0.0,2.0,0.0,2.0,0.0,2.0,0.6,1.0,0.0,2.0
39,Ohio,OH,39167,Washington County,39167021300,Census Tract 213; Washington County; Ohio,84.085498580162,4999,493,2406,217,1906,192,1166,333,49,31,362,94,266,101,304,129,997,181,1250,206,809,187,143,67,3,46,177,683,2,12,304,107,19,22,71,44,55,3,23.6,6.3,2.2,1.4,19.0,4.5,7.6,2.8,6.1,2.5,19.9,3.4,25.0,3.0,16.4,3.5,7.5,3.4,0.1,1.0,3.5,13.7,0.1,0.5,12.6,4.5,1.0,1.1,3.7,2.2,1.1,0.1,0.5922,0.2238,0.354,0.4876,0.5547,2.2123,0.4311,0.6569,0.7131,0.6296,0.6546,0.4245,3.0787,0.847,0.0847,0.0847,0.0847,0.2556,0.9057,0.5676,0.3727,0.6703,2.7719,0.7483,8.1476,0.6073,0,0,0,0,0,0,0,0,0,0,0,0,0,0,0,1,0,0,0,1,1,3795,436,152,0,12,50,54,12,15,59,45,0,12,56,36,0,12,22.9,7.1,0.0,0.7,1.0,1.1,0.2,0.3,1.2,0.9,0.0,0.7,1.1,0.7,0.0,0.7
39,Ohio,OH,39167,Washington County,39167021400,Census Tract 214; Washington County; Ohio,30.935369463744,3769,272,1737,143,1517,113,335,137,80,55,169,57,106,60,140,74,905,109,554,138,542,143,8,17,0,48,291,371,0,16,208,112,0,16,0,12,164,10,9.3,3.7,4.0,2.7,11.1,3.7,3.7,2.0,3.8,2.0,24.0,3.5,14.7,3.2,14.8,3.5,0.5,1.1,0.0,1.3,7.7,9.8,0.0,0.9,12.0,6.4,0.0,1.1,0.0,2.3,4.4,0.4,0.1876,0.4756,0.0705,0.2039,0.3113,1.2489,0.1565,0.8329,0.1195,0.536,0.0473,0.0,1.5357,0.0987,0.2666,0.2666,0.2666,0.0,0.8981,0.0,0.0,0.8881,1.7862,0.3302,4.8374,0.1263,0,0,0,0,0,0,0,0,0,0,0,0,0,0,0,0,0,0,0,0,0,2899,137,62,14,15,0,12,59,58,0,12,0,12,144,112,74,103,9.0,4.1,0.4,0.4,0.0,0.9,1.6,1.5,0.0,0.9,0.0,0.9,3.8,2.9,2.0,2.7
39,Ohio,OH,39167,Washington County,39167021500,Census Tract 215; Washington County; Ohio,15.585454336116,1397,209,733,118,671,119,117,45,24,22,98,35,79,88,81,51,500,180,217,58,200,102,22,20,0,48,17,294,0,16,22,23,0,16,20,17,0,12,8.4,3.0,3.5,3.1,14.6,4.5,7.2,7.1,5.8,3.5,35.8,9.3,15.5,3.9,14.3,6.1,3.3,2.9,0.0,3.6,1.2,21.0,0.0,2.2,3.0,3.1,0.0,2.4,3.0,2.6,0.0,0.9,0.1568,0.4156,0.1762,0.4629,0.5294,1.7409,0.2917,0.9883,0.1449,0.5033,0.2943,0.0,1.9308,0.2359,0.0114,0.0114,0.0114,0.0,0.734,0.0,0.3051,0.0,1.0391,0.1108,4.7222,0.1152,0,0,0,0,0,0,1,0,0,0,0,1,0,0,0,0,0,0,0,0,1,814,137,93,7,12,7,10,0,12,3,6,0,12,0,12,0,12,20.4,11.9,0.5,0.8,0.5,0.7,0.0,2.5,0.2,0.4,0.0,2.5,0.0,2.5,0.0,2.5
39,Ohio,OH,39167,Washington County,39167021600,Census Tract 216; Washington County; Ohio,79.836923292234,3548,381,1576,181,1440,189,545,221,83,57,195,82,57,35,184,89,569,165,689,180,490,168,83,71,0,48,31,538,0,16,229,93,7,15,22,27,0,12,15.4,6.0,4.3,2.9,13.5,5.4,2.2,1.4,5.2,2.4,16.0,4.4,19.4,4.3,13.8,4.8,5.8,4.9,0.0,1.4,0.9,15.2,0.0,1.0,14.5,5.7,0.5,1.0,1.5,2.0,0.0,0.3,0.3751,0.5117,0.1397,0.1021,0.4706,1.5992,0.2537,0.3989,0.3453,0.4675,0.54,0.0,1.7517,0.161,0.0076,0.0076,0.0076,0.0,0.9244,0.4413,0.1597,0.0,1.5254,0.2375,4.8839,0.1292,0,0,0,0,0,0,0,0,0,0,0,0,0,0,0,1,0,0,0,1,1,2880,277,99,0,12,28,42,0,12,0,12,0,12,3,4,0,12,19.2,7.0,0.0,1.0,0.8,1.2,0.0,1.0,0.0,1.0,0.0,1.0,0.1,0.1,0.0,1.0
39,Ohio,OH,39167,Washington County,39167021700,Census Tract 217; Washington County; Ohio,122.15070865732599,5960,543,2313,261,2129,235,1204,439,315,201,352,149,402,223,665,378,1147,301,1377,315,886,282,55,44,0,68,642,831,26,28,415,168,22,38,56,48,0,17,21.0,7.3,12.3,7.9,16.5,6.8,10.0,5.2,11.2,5.9,19.2,5.3,23.1,5.1,14.9,4.6,2.6,2.0,0.0,1.2,10.8,13.9,1.1,1.2,17.9,6.4,1.0,1.8,2.6,2.2,0.0,0.3,0.5297,0.8905,0.2505,0.6389,0.8664,3.176,0.7073,0.6129,0.5948,0.5408,0.2187,0.0,1.9672,0.2575,0.3824,0.3824,0.3824,0.3378,0.946,0.5676,0.267,0.0,2.1184,0.4695,7.644,0.5241,0,0,0,0,0,0,0,0,0,0,0,0,0,0,0,1,0,0,0,1,1,3778,294,143,139,90,102,72,0,17,0,17,0,17,401,298,0,17,13.8,6.2,2.3,1.5,1.7,1.2,0.0,0.6,0.0,0.6,0.0,0.6,6.7,5.1,0.0,0.6
39,Ohio,OH,39169,Wayne County,39169000100,Census Tract 1; Wayne County; Ohio,0.814172129094,3702,424,1562,192,1492,191,760,215,206,106,257,94,242,112,247,187,357,88,622,170,490,128,49,39,6,47,621,612,0,16,0,12,0,16,255,96,533,97,24.1,6.0,9.3,4.5,17.2,5.9,10.0,4.7,6.7,5.1,9.6,2.5,16.8,3.7,13.2,3.7,3.2,2.6,0.2,1.3,16.8,16.4,0.0,1.0,0.0,2.2,0.0,1.1,17.1,6.0,14.4,2.0,0.602,0.8257,0.2784,0.6389,0.6109,2.9559,0.647,0.1103,0.1972,0.4307,0.2841,0.4556,1.4779,0.0848,0.5311,0.5311,0.5311,0.0,0.0,0.0,0.8686,0.9664,1.835,0.3495,6.7999,0.3946,0,0,0,0,0,0,0,0,0,0,0,0,0,0,0,0,0,0,1,1,1,3528,270,118,170,80,68,58,52,55,6,9,0,12,268,166,57,64,18.1,8.1,4.6,2.2,1.8,1.6,1.4,1.5,0.2,0.3,0.0,0.9,7.2,4.4,1.5,1.7
39,Ohio,OH,39169,Wayne County,39169000200,Census Tract 2; Wayne County; Ohio,1.4143881515,3313,498,1568,217,1499,215,426,203,29,28,297,176,89,57,39,32,857,213,790,285,276,92,21,25,10,48,251,678,7,17,0,12,0,16,42,55,17,2,12.9,5.8,1.9,1.8,19.8,11.4,3.7,2.3,1.2,0.9,25.9,6.6,23.8,5.8,8.3,3.0,1.4,1.7,0.3,1.6,7.6,20.4,0.4,1.1,0.0,2.2,0.0,1.1,2.8,3.6,0.5,0.1,0.3005,0.1787,0.3863,0.2039,0.0511,1.1205,0.1263,0.8938,0.6439,0.1257,0.1086,0.4968,2.2688,0.4165,0.2609,0.2609,0.2609,0.2743,0.0,0.0,0.2848,0.5742,1.1333,0.1321,4.7835,0.1219,0,0,0,0,0,0,0,0,0,0,0,0,0,0,0,0,0,0,0,0,0,2466,106,66,23,30,108,99,50,75,0,12,0,12,49,59,21,37,7.1,4.4,0.7,0.9,3.3,2.9,1.5,2.3,0.0,1.0,0.0,1.0,1.5,1.7,0.6,1.1
39,Ohio,OH,39169,Wayne County,39169000300,Census Tract 3; Wayne County; Ohio,0.922549416086,2404,297,1198,182,1078,193,301,94,23,28,251,89,54,40,78,66,621,171,327,94,361,179,47,42,10,49,379,404,231,164,0,12,3,13,222,164,346,19,14.6,4.0,1.9,2.3,23.3,7.1,3.3,2.5,3.3,2.7,25.8,5.7,13.6,3.4,15.1,6.7,4.3,3.8,0.4,2.2,15.8,16.7,19.3,13.4,0.0,2.9,0.3,1.2,20.6,12.6,14.4,1.9,0.3494,0.1787,0.5171,0.176,0.2634,1.4846,0.2216,0.8906,0.0904,0.5528,0.407,0.5412,2.482,0.5467,0.513,0.513,0.513,0.8362,0.0,0.4041,0.9083,0.9664,3.115,0.8616,7.5946,0.5162,0,0,0,0,0,0,0,0,0,0,0,0,0,0,0,0,0,1,1,2,2,5033,242,161,52,48,98,52,124,91,0,12,0,12,105,48,0,12,22.4,12.1,2.2,2.0,4.1,2.1,5.2,3.6,0.0,1.4,0.0,1.4,4.4,2.0,0.0,1.4
39,Ohio,OH,39169,Wayne County,39169000500,Census Tract 5; Wayne County; Ohio,10.712879142582,4419,556,1626,163,1453,200,781,361,185,95,427,158,125,77,114,92,604,222,782,140,846,324,162,93,0,48,595,739,183,99,46,44,0,16,100,71,1210,418,24.3,10.9,7.2,3.7,29.4,10.1,5.9,3.5,2.6,2.1,13.7,4.9,17.7,3.2,19.3,6.6,11.2,6.2,0.0,1.1,13.5,16.6,11.2,6.0,2.8,2.7,0.0,1.1,6.9,4.6,27.4,8.8,0.6096,0.7337,0.7105,0.3741,0.1812,2.6091,0.5397,0.2752,0.2419,0.7775,0.8162,0.0,2.1108,0.3276,0.4591,0.4591,0.4591,0.7133,0.7263,0.0,0.5924,0.9816,3.0136,0.8346,8.1926,0.6171,0,0,0,0,0,0,0,0,0,0,0,0,0,0,0,0,0,0,1,1,1,4680,199,101,168,106,294,172,12,21,0,12,0,12,121,86,0,12,13.7,6.1,3.8,2.4,6.7,3.7,0.3,0.5,0.0,0.8,0.0,0.8,2.7,1.9,0.0,0.8
39,Ohio,OH,39169,Wayne County,39169000600,Census Tract 6; Wayne County; Ohio,12.770895467062,4681,519,2294,244,2090,225,776,271,105,86,517,169,194,78,155,81,923,204,925,287,783,236,47,47,0,48,60,731,46,46,0,12,0,16,181,104,111,11,17.0,5.6,4.5,3.5,24.7,7.6,5.6,2.2,3.4,1.7,19.7,4.1,19.8,5.0,17.1,4.6,2.2,2.2,0.0,1.1,1.3,15.6,2.0,2.0,0.0,1.5,0.0,0.8,8.7,5.0,2.4,0.4,0.4237,0.534,0.567,0.3497,0.2745,2.1489,0.4095,0.6468,0.3713,0.6674,0.1762,0.0,1.8617,0.2057,0.0143,0.0143,0.0143,0.4051,0.0,0.0,0.6775,0.7885,1.8711,0.3651,5.896,0.2467,0,0,0,0,0,0,0,0,0,0,0,0,0,0,0,0,0,0,0,0,0,9347,252,128,19,15,6,13,0,12,0,12,0,12,35,41,0,12,12.1,6.1,0.4,0.3,0.1,0.3,0.0,0.7,0.0,0.7,0.0,0.7,0.7,0.9,0.0,0.7
39,Ohio,OH,39169,Wayne County,39169000700,Census Tract 7; Wayne County; Ohio,11.310877781202,7609,741,3590,247,3390,252,1109,433,153,104,960,237,269,131,248,193,1883,237,1681,420,1159,387,120,73,0,68,582,988,95,86,156,89,30,37,89,86,116,3,14.8,5.6,4.1,2.8,28.3,6.7,4.9,2.3,3.3,2.6,24.7,4.1,22.1,4.0,15.4,4.9,3.5,2.1,0.0,1.0,7.6,13.0,2.7,2.4,4.3,2.4,0.9,1.1,2.6,2.6,1.5,0.2,0.358,0.4867,0.6857,0.2955,0.2634,2.0893,0.3952,0.8532,0.5247,0.5712,0.3187,0.0,2.2678,0.4159,0.2609,0.2609,0.2609,0.4533,0.7695,0.5384,0.267,0.7146,2.7428,0.7362,7.3608,0.4784,0,0,0,0,0,0,0,0,0,0,0,0,0,0,0,0,0,0,0,0,0,9926,314,141,62,54,181,139,134,163,13,20,0,17,189,112,3,12,9.3,4.1,0.8,0.7,2.4,1.8,1.8,2.1,0.2,0.3,0.0,0.5,2.5,1.4,0.0,0.2
39,Ohio,OH,39169,Wayne County,39169000800,Census Tract 8; Wayne County; Ohio,14.642180122976,7377,756,3492,341,3333,337,1277,511,79,69,414,163,337,143,291,145,2024,404,1189,316,1045,276,108,110,0,68,871,1064,347,148,578,162,57,64,224,137,218,26,17.8,6.9,2.2,1.9,12.4,4.7,5.9,2.6,4.1,2.0,27.4,4.6,16.1,4.1,14.6,3.8,3.2,3.3,0.0,1.0,11.8,14.4,10.0,4.1,16.6,4.1,1.7,1.9,6.7,4.0,3.0,0.2,0.4468,0.2238,0.1098,0.3741,0.3478,1.5023,0.2267,0.9255,0.1658,0.5236,0.2841,0.0,1.899,0.2203,0.4119,0.4119,0.4119,0.6905,0.9387,0.6917,0.5816,0.8291,3.7316,0.9686,7.5448,0.5073,0,0,0,0,0,0,1,0,0,0,0,1,0,0,0,1,0,0,0,1,2,9273,425,228,229,142,106,94,11,20,0,17,0,17,394,240,131,108,12.8,6.4,3.1,1.9,1.4,1.3,0.1,0.3,0.0,0.5,0.0,0.5,5.3,3.2,1.8,1.5
39,Ohio,OH,39169,Wayne County,39169000900,Census Tract 9; Wayne County; Ohio,27.52182160444,4210,214,1760,142,1707,144,480,199,56,48,208,85,207,90,325,192,947,190,841,180,370,95,72,34,0,48,67,301,0,16,48,39,0,16,61,35,6,2,11.5,4.7,2.5,2.2,12.2,4.9,6.8,3.0,7.7,4.5,22.5,4.3,20.0,4.3,8.8,2.4,4.2,2.0,0.0,1.2,1.6,7.1,0.0,0.9,2.7,2.2,0.0,0.9,3.6,2.1,0.1,0.0,0.2561,0.2657,0.1032,0.4344,0.6915,1.7509,0.2962,0.7717,0.3836,0.1526,0.394,0.0,1.7019,0.1432,0.0222,0.0222,0.0222,0.0,0.7241,0.0,0.3638,0.3694,1.4573,0.2168,4.9323,0.134,0,0,0,0,0,0,0,0,0,0,0,0,0,0,0,0,0,0,0,0,0,4458,196,99,7,10,16,25,3,6,0,12,0,12,41,23,0,12,11.5,5.5,0.2,0.2,0.4,0.6,0.1,0.1,0.0,0.8,0.0,0.8,1.0,0.5,0.0,0.8
39,Ohio,OH,39169,Wayne County,39169001000,Census Tract 10; Wayne County; Ohio,3.91190052156,3255,380,1276,132,1127,112,809,297,61,70,212,102,120,82,216,76,530,132,834,176,511,183,68,58,151,126,581,620,135,69,50,29,63,43,11,17,59,2,25.3,8.8,4.0,4.5,18.8,8.9,6.2,4.3,6.7,2.5,16.3,4.8,25.6,5.4,16.0,4.9,6.0,5.1,4.9,4.0,17.8,18.9,10.6,5.3,3.9,2.3,5.6,3.8,1.0,1.5,1.8,0.2,0.6306,0.4756,0.3444,0.3966,0.6109,2.4581,0.4956,0.4195,0.7429,0.6039,0.5517,0.9493,3.2673,0.9038,0.5539,0.5539,0.5539,0.7019,0.7594,0.953,0.1067,0.7445,3.2655,0.8911,9.5448,0.799,0,0,0,0,0,0,0,0,0,0,1,1,0,0,0,0,1,0,0,1,2,3418,121,76,97,90,386,257,0,12,3,7,0,12,88,86,7,13,10.7,6.6,3.0,2.8,11.9,8.0,0.0,1.1,0.1,0.2,0.0,1.1,2.7,2.7,0.2,0.4
39,Ohio,OH,39169,Wayne County,39169001100,Census Tract 11; Wayne County; Ohio,7.708796315298,1344,177,599,82,550,78,220,126,10,13,116,50,46,26,63,51,356,94,238,67,264,98,0,16,0,48,243,236,51,34,37,20,0,16,106,48,0,12,16.4,9.1,1.6,2.0,21.1,8.6,4.9,2.9,4.7,3.8,26.5,6.2,17.7,3.8,19.6,5.6,0.0,2.9,0.0,3.7,18.1,17.4,8.5,5.6,6.2,3.6,0.0,2.9,19.3,7.8,0.0,0.9,0.4046,0.1346,0.4403,0.2955,0.4135,1.6885,0.2762,0.9109,0.2419,0.7893,0.0,0.0,1.9421,0.2422,0.5599,0.5599,0.5599,0.661,0.8111,0.0,0.8937,0.0,2.3658,0.5765,6.5563,0.3533,0,0,0,0,0,0,1,0,0,0,0,1,0,0,0,0,0,0,0,0,1,2488,90,37,14,22,140,98,16,24,0,12,0,12,67,79,6,10,16.4,6.5,1.0,1.6,10.4,7.1,1.2,1.8,0.0,2.6,0.0,2.6,5.0,5.5,0.4,0.7
39,Ohio,OH,39169,Wayne County,39169001200,Census Tract 12; Wayne County; Ohio,0.67374412898,975,192,528,83,498,86,331,163,12,11,157,78,106,50,63,71,149,65,80,54,240,130,13,18,31,65,162,253,4,14,2,4,12,19,68,48,0,12,34.2,15.4,2.4,2.2,31.5,14.7,12.7,5.2,6.5,7.6,15.3,6.2,8.2,4.9,24.8,10.5,2.6,3.6,3.2,6.7,16.6,25.7,0.8,2.6,0.4,0.7,2.4,3.8,13.7,8.7,0.0,1.2,0.7725,0.2514,0.7603,0.7454,0.5947,3.1243,0.6946,0.3576,0.0333,0.9276,0.2187,0.9049,2.4421,0.5241,0.5254,0.5254,0.5254,0.3111,0.5625,0.7787,0.814,0.0,2.4663,0.6219,8.5581,0.6695,0,0,0,0,0,0,0,0,1,0,1,2,0,0,0,0,0,0,0,0,2,6066,84,38,64,57,16,26,55,78,2,4,0,12,25,23,0,12,16.9,7.5,6.6,5.8,1.6,2.8,5.6,7.3,0.2,0.4,0.0,3.5,2.6,2.4,0.0,3.5
39,Ohio,OH,39169,Wayne County,39169001300,Census Tract 13; Wayne County; Ohio,3.932709874952,3958,358,1616,137,1578,142,877,456,28,29,261,122,276,120,347,206,642,74,959,230,472,146,47,37,0,48,516,560,44,38,123,109,7,16,31,41,49,2,22.7,11.6,1.4,1.4,16.5,7.6,10.6,4.7,8.9,5.4,16.2,1.9,24.2,4.3,12.1,3.6,3.0,2.3,0.0,1.3,13.0,14.1,2.8,2.3,7.6,6.8,0.4,1.0,2.0,2.6,1.2,0.1,0.5744,0.1117,0.2505,0.6671,0.7661,2.3698,0.474,0.4138,0.669,0.3586,0.2619,0.0,1.7033,0.1444,0.4448,0.4448,0.4448,0.4622,0.8406,0.4206,0.2127,0.6814,2.6175,0.6848,7.1354,0.4451,0,0,0,0,0,0,0,0,0,0,0,0,0,0,0,0,0,0,0,0,0,1767,158,65,246,176,20,25,168,163,0,12,0,12,82,68,0,12,10.0,3.9,6.2,4.4,0.5,0.6,4.2,4.1,0.0,0.9,0.0,0.9,2.1,1.7,0.0,0.9
39,Ohio,OH,39169,Wayne County,39169001400,Census Tract 14; Wayne County; Ohio,17.239333450074,2781,329,1166,114,1108,127,595,247,97,90,261,131,493,227,1036,361,456,81,709,170,257,105,16,21,23,51,59,470,14,25,350,111,0,16,186,119,0,12,21.5,8.5,7.1,6.5,23.6,11.5,26.6,11.7,37.3,12.2,16.4,3.5,25.5,4.4,9.2,4.0,1.5,1.9,0.9,2.0,2.1,16.9,1.2,2.1,30.0,9.2,0.0,1.4,16.8,10.5,0.0,0.4,0.5424,0.7283,0.5295,0.9664,0.9962,3.7628,0.8371,0.4255,0.7378,0.1711,0.1156,0.6855,2.1355,0.3432,0.0374,0.0374,0.0374,0.3483,0.9857,0.0,0.8644,0.0,2.1984,0.5013,8.1341,0.6051,0,0,0,1,1,2,0,0,0,0,0,0,0,0,0,1,0,0,0,1,3,2048,357,136,0,12,0,12,0,12,0,12,0,12,59,59,0,12,32.2,12.4,0.0,1.2,0.0,1.2,0.0,1.2,0.0,1.2,0.0,1.2,2.1,2.2,0.0,1.2
39,Ohio,OH,39169,Wayne County,39169001700,Census Tract 17; Wayne County; Ohio,48.237098155324,7983,27,1934,129,1811,124,1369,521,16,16,147,56,2456,266,5121,498,661,127,3088,207,405,106,27,25,180,85,162,129,0,24,55,31,155,62,1205,143,6,5,17.2,6.6,0.5,0.5,8.1,3.0,64.4,5.3,64.2,6.2,8.3,1.6,38.7,2.6,5.1,1.3,1.5,1.4,2.5,1.2,2.0,1.6,0.0,1.2,2.8,1.5,8.6,3.4,66.5,6.1,0.1,0.1,0.4307,0.033,0.0216,0.999,0.9994,2.4837,0.5044,0.0742,0.9892,0.0279,0.1156,0.8703,2.0772,0.3117,0.0333,0.0333,0.0333,0.0,0.7263,0.9844,0.999,0.3694,3.0791,0.8527,7.6733,0.5279,0,0,0,1,1,2,0,1,0,0,0,1,0,0,0,0,1,1,0,2,5,5738,1261,142,4,7,103,107,5,10,0,17,0,17,50,55,0,17,69.6,6.1,0.1,0.1,1.3,1.3,0.1,0.1,0.0,0.4,0.0,0.4,0.6,0.7,0.0,0.4
39,Ohio,OH,39169,Wayne County,39169001800,Census Tract 18; Wayne County; Ohio,35.960467302542,4221,20,1588,152,1566,153,360,212,58,62,254,151,715,214,1163,461,887,180,959,185,308,98,0,16,65,64,134,71,0,16,77,66,0,16,293,108,8,3,8.5,5.0,2.8,2.9,16.2,9.5,24.8,7.5,27.6,11.0,21.0,4.3,22.7,4.4,7.3,2.3,0.0,1.0,1.6,1.6,3.2,1.7,0.0,1.0,4.8,4.1,0.0,1.0,18.7,7.4,0.2,0.1,0.1622,0.3133,0.2371,0.9531,0.9927,2.6584,0.5578,0.7121,0.5669,0.0812,0.0,0.7971,2.1573,0.3537,0.0751,0.0751,0.0751,0.0,0.7797,0.0,0.887,0.4356,2.1023,0.4619,6.9931,0.421,0,0,0,1,1,2,0,0,0,0,0,0,0,0,0,0,0,0,0,0,2,1598,423,120,0,12,0,12,14,26,53,32,0,12,67,59,0,12,27.0,8.0,0.0,0.8,0.0,0.8,0.3,0.6,1.3,0.7,0.0,0.8,1.6,1.4,0.0,0.8
39,Ohio,OH,39169,Wayne County,39169001900,Census Tract 19; Wayne County; Ohio,27.670852729318,3163,20,1424,108,1366,97,579,193,53,44,241,68,424,116,366,148,636,145,658,120,597,157,47,28,0,48,97,64,30,17,179,101,10,20,78,50,0,12,18.4,6.1,3.5,3.1,17.6,4.8,18.4,5.1,11.6,4.7,20.1,4.6,20.8,3.8,18.9,4.9,3.4,2.0,0.0,1.6,3.1,2.0,2.1,1.2,12.6,6.8,0.7,1.5,5.7,3.6,0.0,0.4,0.4656,0.4156,0.2943,0.8868,0.8753,2.9376,0.639,0.6687,0.4369,0.7566,0.3089,0.0,2.1711,0.3635,0.0685,0.0685,0.0685,0.4111,0.9057,0.4873,0.5241,0.0,2.3282,0.5619,7.5054,0.5006,0,0,0,0,0,0,0,0,0,0,0,0,0,0,0,1,0,0,0,1,1,1877,277,121,5,8,12,19,0,12,0,12,0,12,80,54,0,12,20.3,8.3,0.2,0.2,0.4,0.6,0.0,1.1,0.0,1.1,0.0,1.1,2.5,1.7,0.0,1.1
39,Ohio,OH,39169,Wayne County,39169002000,Census Tract 20; Wayne County; Ohio,41.73753932705,3073,17,1226,82,1146,83,617,250,24,24,156,69,214,68,319,169,568,100,802,96,358,134,37,46,11,49,119,99,0,16,125,68,26,26,56,37,7,2,20.2,8.2,1.6,1.6,13.6,5.9,10.1,3.3,10.4,5.5,18.5,3.3,26.1,3.1,11.6,4.3,3.2,4.0,0.4,1.7,3.9,3.2,0.0,1.3,10.2,5.5,2.3,2.3,4.9,3.3,0.2,0.1,0.5116,0.1346,0.1441,0.6443,0.8347,2.2693,0.4463,0.5698,0.7736,0.3234,0.2841,0.5412,2.4921,0.5537,0.1008,0.1008,0.1008,0.0,0.8771,0.7698,0.4625,0.4356,2.545,0.6546,7.4072,0.4908,0,0,0,0,0,0,0,0,0,0,0,0,0,0,0,0,0,0,0,0,0,1790,170,66,1,4,18,28,27,45,0,12,0,12,73,65,0,12,14.8,5.7,0.0,0.1,0.6,0.9,0.9,1.5,0.0,1.1,0.0,1.1,2.4,2.1,0.0,1.1
39,Ohio,OH,39169,Wayne County,39169002100,Census Tract 21; Wayne County; Ohio,39.240452055292,3013,37,1154,138,1064,114,248,123,0,12,149,71,178,91,57,58,442,97,786,176,350,138,48,38,0,48,155,117,0,16,140,84,0,16,10,18,45,3,8.4,4.1,0.0,2.3,14.0,6.5,9.4,4.6,1.9,1.9,14.7,3.2,26.1,5.8,11.8,4.7,4.5,3.5,0.0,1.7,5.1,3.9,0.0,1.4,12.1,6.6,0.0,1.5,0.9,1.7,1.5,0.1,0.1568,0.0,0.154,0.5999,0.1104,1.0211,0.1041,0.3282,0.7736,0.3351,0.4286,0.0,1.8655,0.2067,0.1544,0.1544,0.1544,0.0,0.899,0.0,0.0975,0.7146,1.7111,0.2994,4.7521,0.1187,0,0,0,0,0,0,0,0,0,0,0,0,0,0,0,0,0,0,0,0,0,2810,82,54,8,17,133,104,14,25,0,12,0,12,0,12,0,12,7.7,4.7,0.3,0.6,4.4,3.5,0.5,0.8,0.0,1.2,0.0,1.2,0.0,1.2,0.0,1.2
39,Ohio,OH,39169,Wayne County,39169002200,Census Tract 22; Wayne County; Ohio,34.868263895452,4041,183,1519,134,1478,136,1001,371,69,42,210,69,235,71,525,347,748,188,1053,218,787,191,45,27,83,96,149,284,9,16,205,55,72,41,78,34,3,6,25.1,9.2,3.9,2.3,14.2,4.5,8.8,3.0,13.0,8.4,18.5,4.5,26.1,5.1,19.5,4.6,3.1,1.8,2.2,2.5,3.7,7.0,0.6,1.1,13.5,3.3,4.9,2.7,5.3,2.5,0.1,0.1,0.6268,0.4644,0.161,0.5647,0.9108,2.7277,0.581,0.5698,0.7736,0.7855,0.2733,0.8491,3.2513,0.9,0.0932,0.0932,0.0932,0.2886,0.9159,0.9356,0.4917,0.3694,3.0012,0.8302,9.0734,0.7368,0,0,0,0,1,1,0,0,0,0,0,0,0,0,0,1,1,0,0,2,3,1626,191,61,1,3,77,97,0,12,0,12,0,12,63,50,8,11,12.9,4.4,0.0,0.1,1.9,2.4,0.0,0.9,0.0,0.9,0.0,0.9,1.6,1.2,0.2,0.3
39,Ohio,OH,39169,Wayne County,39169002300,Census Tract 23; Wayne County; Ohio,35.402314390322,3110,323,1110,117,1013,105,558,262,15,16,163,74,113,60,253,229,481,70,925,164,337,90,42,29,0,48,131,471,0,16,7,9,35,31,13,21,122,7,18.6,8.5,1.0,1.1,16.1,7.1,5.9,3.1,8.4,7.8,15.5,2.7,29.7,3.7,11.2,3.2,4.2,2.8,0.0,1.7,4.2,15.1,0.0,1.4,0.6,0.8,3.5,3.0,1.3,2.1,3.9,0.5,0.4729,0.0714,0.2321,0.3741,0.7417,1.8922,0.3324,0.371,0.9055,0.2964,0.394,0.0,1.9669,0.2565,0.1141,0.1141,0.1141,0.0,0.5876,0.8771,0.1349,0.87,2.4696,0.6235,6.4428,0.3324,0,0,0,0,0,0,0,1,0,0,0,1,0,0,0,0,0,0,0,0,1,1327,178,78,18,29,0,12,0,12,0,12,0,12,99,78,14,21,17.6,7.6,0.6,1.0,0.0,1.1,0.0,1.1,0.0,1.1,0.0,1.1,3.2,2.6,0.5,0.7
39,Ohio,OH,39169,Wayne County,39169002400,Census Tract 24; Wayne County; Ohio,21.628856817509998,3486,361,1366,148,1287,151,635,229,53,38,275,100,231,105,161,63,571,98,848,167,485,133,18,17,9,48,43,510,10,16,201,90,38,35,16,14,0,12,18.4,6.3,3.3,2.3,21.4,7.4,9.4,4.1,4.6,1.7,16.4,2.8,24.3,3.4,13.9,4.0,1.4,1.3,0.3,1.5,1.2,14.6,0.7,1.2,14.7,6.1,3.0,2.7,1.2,1.1,0.0,0.3,0.4656,0.386,0.4521,0.5999,0.3996,2.3032,0.4559,0.4255,0.6734,0.4754,0.1086,0.4968,2.1797,0.3683,0.0114,0.0114,0.0114,0.2994,0.9254,0.8429,0.1276,0.0,2.1953,0.5,6.6896,0.3771,0,0,0,0,0,0,0,0,0,0,0,0,0,0,0,1,0,0,0,1,1,3554,144,60,0,12,11,17,0,12,0,12,0,12,32,34,0,12,11.2,4.3,0.0,1.0,0.3,0.5,0.0,1.0,0.0,1.0,0.0,1.0,0.9,1.0,0.0,1.0
39,Ohio,OH,39169,Wayne County,39169002500,Census Tract 25; Wayne County; Ohio,27.291902882766,2523,188,959,105,928,101,604,211,18,15,150,66,148,67,256,86,548,99,648,167,289,77,5,14,0,48,62,266,37,48,69,38,15,16,18,11,83,3,24.7,8.4,1.6,1.4,16.2,6.9,8.6,3.7,10.5,3.4,21.7,3.6,25.7,6.0,11.8,3.1,0.5,1.5,0.0,2.1,2.5,10.5,3.9,5.0,7.2,3.9,1.6,1.7,1.9,1.2,3.3,0.3,0.6169,0.1346,0.2371,0.552,0.8385,2.3791,0.4765,0.7413,0.7511,0.3351,0.0473,0.0,1.8748,0.2108,0.0514,0.0514,0.0514,0.5133,0.8314,0.6794,0.2029,0.8456,3.0726,0.8505,7.3779,0.4838,0,0,0,0,0,0,0,0,0,0,0,0,0,0,0,0,0,0,0,0,0,1443,101,38,12,25,5,8,0,12,0,12,0,12,30,26,15,21,10.9,3.9,0.5,1.0,0.2,0.3,0.0,1.4,0.0,1.4,0.0,1.4,1.2,1.0,0.6,0.8
39,Ohio,OH,39169,Wayne County,39169002901,Census Tract 29.01; Wayne County; Ohio,3.908272707168,3058,443,1428,226,1390,220,472,194,42,34,219,99,207,101,58,42,707,156,486,149,409,155,17,33,0,48,281,627,72,44,0,12,0,16,102,75,93,5,15.9,6.1,2.8,2.2,15.8,6.7,8.9,4.0,2.0,1.4,23.1,4.2,15.9,3.9,13.8,4.7,1.2,2.4,0.0,1.7,9.2,20.5,5.1,3.0,0.0,2.4,0.0,1.2,7.3,5.0,3.0,0.5,0.3884,0.3133,0.2206,0.5704,0.1209,1.6136,0.2575,0.7961,0.1588,0.4675,0.0937,0.0,1.5161,0.0943,0.3269,0.3269,0.3269,0.5613,0.0,0.0,0.6159,0.8291,2.0063,0.4194,5.4629,0.1851,0,0,0,0,0,0,0,0,0,0,0,0,0,0,0,0,0,0,0,0,0,3237,143,80,97,93,81,121,54,94,0,12,0,12,49,37,0,12,10.3,5.4,3.2,3.1,2.6,3.9,1.8,3.0,0.0,1.1,0.0,1.1,1.6,1.2,0.0,1.1
39,Ohio,OH,39169,Wayne County,39169002902,Census Tract 29.02; Wayne County; Ohio,14.359147279672,5300,520,2196,181,2151,189,456,159,55,80,395,153,423,227,348,207,1052,133,1153,303,560,172,35,44,245,207,475,848,0,24,394,133,19,35,87,98,58,6,8.6,2.9,2.2,3.0,18.4,6.9,10.8,5.9,6.6,4.1,19.8,3.6,21.8,4.5,10.6,3.5,1.6,2.0,4.9,4.1,9.0,16.0,0.0,1.1,17.9,6.1,0.9,1.6,4.0,4.6,1.1,0.0,0.1666,0.2238,0.3286,0.6782,0.6001,1.9973,0.3651,0.6512,0.5025,0.2542,0.1238,0.9493,2.481,0.546,0.3177,0.3177,0.3177,0.0,0.946,0.5384,0.3981,0.6703,2.5528,0.6584,7.3488,0.4768,0,0,0,0,0,0,0,0,0,0,1,1,0,0,0,1,0,0,0,1,2,2073,171,104,0,17,23,41,406,314,0,17,0,17,46,71,0,17,7.9,4.7,0.0,0.7,0.4,0.8,7.7,6.1,0.0,0.7,0.0,0.7,0.9,1.4,0.0,0.7
39,Ohio,OH,39169,Wayne County,39169003000,Census Tract 30; Wayne County; Ohio,19.698073843396,2461,291,904,91,902,92,215,114,50,36,117,51,111,59,88,42,436,112,587,121,363,134,16,10,0,48,87,411,0,16,67,28,9,11,7,8,0,12,8.8,4.5,3.8,2.7,13.0,5.5,6.7,3.4,3.6,1.7,17.7,3.9,23.9,3.4,14.8,4.6,1.8,1.1,0.0,2.1,3.5,16.7,0.0,1.8,7.4,3.0,1.0,1.2,0.8,0.9,0.0,0.5,0.173,0.4524,0.1248,0.4293,0.2945,1.474,0.2181,0.5117,0.6516,0.536,0.1419,0.0,1.8412,0.1994,0.0847,0.0847,0.0847,0.0,0.8375,0.5676,0.0873,0.0,1.4924,0.2286,4.8923,0.1308,0,0,0,0,0,0,0,0,0,0,0,0,0,0,0,0,0,0,0,0,0,848,146,63,5,6,12,18,6,12,0,12,0,12,64,44,0,12,16.2,6.1,0.2,0.3,0.5,0.7,0.2,0.5,0.0,1.4,0.0,1.4,2.6,1.8,0.0,1.4
39,Ohio,OH,39169,Wayne County,39169003100,Census Tract 31; Wayne County; Ohio,26.52270545904,2246,158,822,76,788,77,392,195,62,39,110,56,188,85,276,173,439,98,676,105,260,95,7,15,0,48,93,223,0,16,76,45,41,25,37,26,0,12,17.5,8.6,6.2,3.6,14.0,7.0,12.7,5.7,12.3,7.7,19.5,4.1,30.1,3.8,11.6,4.0,0.9,1.9,0.0,2.4,4.1,9.9,0.0,1.9,9.2,5.5,5.2,3.1,4.7,3.2,0.0,0.5,0.4402,0.6698,0.154,0.7454,0.8934,2.9028,0.6302,0.636,0.9172,0.3234,0.0705,0.0,1.9471,0.246,0.1097,0.1097,0.1097,0.0,0.8654,0.9444,0.4479,0.0,2.2577,0.5308,7.2173,0.4549,0,0,0,0,0,0,0,1,0,0,0,1,0,0,0,0,1,0,0,1,2,762,106,40,10,15,63,60,0,12,0,12,0,12,20,18,0,12,13.5,5.5,0.4,0.7,2.8,2.6,0.0,1.5,0.0,1.5,0.0,1.5,0.9,0.8,0.0,1.5
39,Ohio,OH,39169,Wayne County,39169003200,Census Tract 32; Wayne County; Ohio,14.938374797358,3934,281,1595,137,1494,131,662,259,11,9,354,121,240,104,390,180,777,123,1145,239,330,104,139,65,28,49,237,418,17,15,87,42,42,50,138,82,100,2,17.3,6.6,0.6,0.5,23.7,7.8,9.9,4.4,10.2,4.3,19.8,3.2,29.1,5.0,8.6,2.7,9.3,4.3,0.8,1.3,6.0,10.6,1.1,0.9,5.5,2.6,2.8,3.3,9.2,5.1,2.5,0.2,0.4338,0.0422,0.5333,0.6319,0.8258,2.467,0.4975,0.6512,0.8906,0.1415,0.7495,0.6636,3.0964,0.8546,0.1928,0.1928,0.1928,0.3378,0.794,0.826,0.6937,0.7949,3.4464,0.9273,9.2026,0.7505,0,0,0,0,0,0,0,0,0,0,0,0,0,0,0,0,0,0,0,0,0,3512,297,103,3,8,179,111,0,12,0,12,0,12,55,32,0,12,19.9,6.3,0.1,0.2,4.6,2.9,0.0,0.9,0.0,0.9,0.0,0.9,1.4,0.8,0.0,0.9
39,Ohio,OH,39169,Wayne County,39169003300,Census Tract 33; Wayne County; Ohio,22.292376193326,3220,278,1046,92,983,86,567,271,28,25,160,62,549,106,1107,289,538,133,988,139,208,96,4,13,45,54,144,400,0,16,22,19,45,25,136,47,0,12,17.6,8.3,1.9,1.6,16.3,6.1,28.1,5.7,34.4,7.9,16.7,4.2,30.7,3.7,6.5,3.0,0.4,1.3,1.6,1.9,4.5,12.4,0.0,1.5,2.1,1.9,4.6,2.5,13.8,5.1,0.0,0.4,0.4424,0.1787,0.2422,0.9753,0.9956,2.8342,0.6133,0.4439,0.9321,0.0549,0.0435,0.7971,2.2715,0.4197,0.1297,0.1297,0.1297,0.0,0.7019,0.9251,0.8168,0.0,2.4438,0.6124,7.6792,0.5295,0,0,0,1,1,2,0,1,0,0,0,1,0,0,0,0,1,0,0,1,4,3094,317,94,6,13,138,109,0,12,0,12,0,12,0,12,0,12,32.2,9.2,0.2,0.4,4.3,3.4,0.0,1.1,0.0,1.1,0.0,1.1,0.0,1.1,0.0,1.1
39,Ohio,OH,39169,Wayne County,39169003400,Census Tract 34; Wayne County; Ohio,5.906205768918,2858,315,1318,129,1178,139,352,176,189,190,315,129,196,75,299,159,344,75,610,121,435,144,60,60,0,48,115,443,57,48,18,30,18,28,88,52,72,2,12.6,6.2,11.6,11.0,26.7,10.5,10.6,3.8,10.7,5.2,12.0,2.4,21.3,3.4,15.6,4.4,5.1,5.1,0.0,1.8,4.0,15.5,4.4,3.6,1.4,2.3,1.5,2.4,7.5,4.4,2.5,0.3,0.2897,0.8775,0.6425,0.6671,0.8458,3.3226,0.7425,0.1963,0.4743,0.5833,0.4841,0.0,1.738,0.1571,0.1046,0.1046,0.1046,0.5359,0.6597,0.6606,0.6238,0.7949,3.2749,0.8924,8.4401,0.654,0,0,0,0,0,0,0,0,0,0,0,0,0,0,0,0,0,0,0,0,0,2307,123,57,66,92,12,17,0,12,12,20,0,12,25,27,0,12,10.4,4.8,2.3,3.2,0.4,0.6,0.0,1.2,0.4,0.7,0.0,1.2,0.9,1.0,0.0,1.2
39,Ohio,OH,39169,Wayne County,39169003500,Census Tract 35; Wayne County; Ohio,3.036546283444,3669,330,1417,132,1407,137,612,272,52,37,214,79,305,140,138,78,647,132,985,296,522,152,100,73,0,48,265,483,66,39,0,12,34,51,49,34,0,12,16.7,7.3,3.0,2.1,15.2,5.4,12.6,5.4,3.8,2.0,17.6,3.8,26.8,6.7,14.2,4.0,7.2,5.1,0.0,1.4,7.2,13.1,4.6,2.7,0.0,2.4,2.4,3.6,3.5,2.5,0.0,0.3,0.4154,0.3403,0.1971,0.7406,0.3113,2.0047,0.3683,0.5044,0.805,0.4919,0.6337,0.0,2.435,0.5159,0.2435,0.2435,0.2435,0.5441,0.0,0.7787,0.3537,0.0,1.6765,0.2829,6.3597,0.3165,0,0,0,0,0,0,0,0,0,0,0,0,0,0,0,0,0,0,0,0,0,2039,192,81,20,26,122,98,61,82,2,4,0,12,60,76,0,12,13.6,5.5,0.5,0.7,3.3,2.6,1.7,2.2,0.1,0.1,0.0,0.9,1.6,2.1,0.0,0.9
39,Ohio,OH,39169,Wayne County,39169003700,Census Tract 37; Wayne County; Ohio,18.257235774386,4174,326,1285,137,1272,139,759,257,38,25,189,65,882,266,2103,379,420,71,1557,207,310,83,26,18,129,82,62,461,2,13,49,36,60,40,443,146,12,3,18.2,6.0,1.9,1.3,14.9,4.8,38.9,8.8,50.4,7.0,10.1,1.9,37.3,4.1,7.4,2.1,2.1,1.4,3.4,2.1,1.5,11.0,0.2,1.0,3.8,2.8,4.7,3.1,34.8,9.3,0.3,0.1,0.4611,0.1787,0.1857,0.9943,0.9978,2.8176,0.607,0.1262,0.9851,0.0847,0.1673,0.9119,2.2752,0.4222,0.02,0.02,0.02,0.261,0.7565,0.9283,0.9737,0.4924,3.4119,0.9206,8.5247,0.6654,0,0,0,1,1,2,0,1,0,0,1,2,0,0,0,0,1,1,0,2,6,3324,366,71,0,12,53,71,5,10,0,12,0,12,4,6,0,12,28.8,6.9,0.0,0.8,1.3,1.7,0.1,0.2,0.0,0.8,0.0,0.8,0.1,0.1,0.0,0.8
39,Ohio,OH,39169,Wayne County,39169980000,Census Tract 9800; Wayne County; Ohio,0.255893733724,1119,68,83,24,79,23,43,32,32,31,6,22,0,12,21,23,20,15,45,35,84,42,4,13,15,49,237,121,0,16,0,12,0,16,0,12,964,51,27.7,19.0,5.2,4.9,7.6,27.8,0.0,26.3,1.9,2.1,1.8,1.3,4.0,3.1,7.5,3.7,5.1,16.4,1.4,4.4,21.2,10.7,0.0,19.3,0.0,32.9,0.0,20.3,0.0,34.0,86.1,6.9,0.6728,0.5971,0.0175,0.0,0.1104,1.3978,0.1984,0.0095,0.0168,0.0898,0.4841,0.7717,1.3719,0.0616,0.6059,0.6059,0.6059,0.0,0.0,0.0,0.0,0.9959,0.9959,0.106,4.3715,0.0854,0,0,0,0,0,0,0,0,0,0,0,0,0,0,0,0,0,0,1,1,1,2006,0,12,111,53,26,29,75,48,0,12,0,12,25,19,0,12,0.0,34.0,9.9,4.8,2.3,2.6,6.7,4.3,0.0,3.1,0.0,3.1,2.2,1.7,0.0,3.1
39,Ohio,OH,39171,Williams County,39171950100,Census Tract 9501; Williams County; Ohio,92.553666023286,4808,422,2153,168,1939,165,1124,315,82,70,399,117,326,107,261,109,856,194,1105,255,894,224,85,58,25,59,250,614,20,34,210,98,4,13,69,42,10,3,24.3,6.4,3.4,2.8,20.6,5.8,10.1,3.4,5.4,2.3,17.8,4.1,23.0,4.3,18.6,4.1,4.4,3.0,0.5,1.3,5.2,12.8,0.9,1.6,9.8,4.4,0.2,0.7,3.6,2.1,0.2,0.1,0.6096,0.3975,0.4213,0.6443,0.4916,2.5643,0.5279,0.5178,0.5862,0.7407,0.4184,0.5796,2.8427,0.7502,0.1585,0.1585,0.1585,0.3181,0.8743,0.3905,0.3638,0.4356,2.3823,0.5851,7.9478,0.5768,0,0,0,0,0,0,0,0,0,0,0,0,0,0,0,0,0,0,0,0,0,4496,286,87,21,29,199,134,12,13,0,12,0,12,18,21,0,12,14.7,4.4,0.4,0.6,4.1,2.8,0.2,0.3,0.0,0.7,0.0,0.7,0.4,0.4,0.0,0.7
39,Ohio,OH,39171,Williams County,39171950200,Census Tract 9502; Williams County; Ohio,104.50276500506,4166,427,1859,163,1560,170,721,238,35,34,202,77,209,109,304,130,557,83,1066,191,544,139,33,25,9,48,527,587,19,20,174,81,3,13,24,21,0,12,17.4,5.5,1.5,1.5,12.9,4.7,7.8,4.1,7.3,3.2,13.4,2.2,25.6,3.1,13.1,3.3,2.1,1.6,0.2,1.2,12.7,14.0,1.0,1.1,9.4,4.2,0.2,0.8,1.5,1.4,0.0,0.3,0.437,0.1251,0.1222,0.5003,0.6661,1.8507,0.3219,0.2568,0.7429,0.4199,0.1673,0.4556,2.0425,0.2933,0.4369,0.4369,0.4369,0.3292,0.8698,0.3905,0.1597,0.0,1.7492,0.3171,6.0793,0.2711,0,0,0,0,0,0,0,0,0,0,0,0,0,0,0,0,0,0,0,0,0,2033,142,54,27,42,296,121,24,27,2,5,0,12,81,68,97,117,9.1,3.5,0.6,1.0,7.1,2.8,0.6,0.6,0.0,0.1,0.0,0.8,1.9,1.6,2.3,2.8
39,Ohio,OH,39171,Williams County,39171950300,Census Tract 9503; Williams County; Ohio,12.293510460018,4124,94,1932,210,1863,200,1209,295,99,74,494,159,326,125,267,160,756,174,1055,206,832,211,169,99,19,54,261,183,10,20,0,12,4,14,150,111,59,2,30.1,7.3,5.7,4.2,26.5,8.0,11.8,4.3,6.6,3.9,18.3,4.2,25.6,5.0,20.5,5.2,9.1,5.2,0.5,1.4,6.3,4.4,0.5,1.0,0.0,1.8,0.2,0.8,8.1,5.7,1.4,0.0,0.7122,0.6356,0.6356,0.7131,0.6001,3.2966,0.7365,0.5549,0.7429,0.821,0.7403,0.5796,3.4387,0.9381,0.208,0.208,0.208,0.2819,0.0,0.3905,0.6505,0.7029,2.0258,0.4279,8.9691,0.7238,0,0,0,0,0,0,0,0,0,0,0,0,0,0,0,0,0,0,0,0,0,3604,305,123,27,38,196,132,25,38,11,18,0,12,2,4,0,12,16.4,5.8,0.7,0.9,4.8,3.2,0.6,0.9,0.3,0.4,0.0,0.8,0.0,0.1,0.0,0.8
39,Ohio,OH,39171,Williams County,39171950400,Census Tract 9504; Williams County; Ohio,72.874214651554,4614,332,1968,175,1864,180,724,182,96,62,311,84,181,77,306,122,771,126,1158,185,651,158,163,75,41,52,437,475,32,26,221,73,17,25,75,38,92,5,16.0,3.8,4.1,2.5,16.7,4.2,5.8,2.4,6.8,2.6,16.7,2.6,25.1,3.3,14.4,3.1,8.7,3.9,1.0,1.2,9.5,10.3,1.6,1.3,11.2,3.6,0.9,1.3,4.0,2.0,2.0,0.2,0.391,0.4867,0.2581,0.3662,0.6211,2.1231,0.4051,0.4439,0.7188,0.5119,0.7194,0.707,3.101,0.8556,0.337,0.337,0.337,0.3787,0.8908,0.5384,0.3981,0.7584,2.9644,0.8178,8.5255,0.6657,0,0,0,0,0,0,0,0,0,0,0,0,0,0,0,0,0,0,0,0,0,4970,292,122,0,12,324,134,9,15,0,12,0,12,104,52,0,12,15.7,5.9,0.0,0.8,7.0,2.9,0.2,0.3,0.0,0.8,0.0,0.8,2.3,1.1,0.0,0.8
39,Ohio,OH,39171,Williams County,39171950500,Census Tract 9505; Williams County; Ohio,60.640199034818,3927,216,1425,123,1314,123,427,151,52,36,208,61,253,61,170,107,545,93,824,121,535,103,38,32,43,62,525,325,6,13,88,45,13,22,28,26,594,39,12.8,4.5,3.0,2.1,15.8,4.4,9.0,2.2,5.1,3.1,13.9,2.3,21.0,2.7,16.1,3.1,2.9,2.4,1.1,1.6,13.4,8.2,0.4,0.9,6.2,3.1,1.0,1.7,2.1,2.0,15.1,0.5,0.297,0.3403,0.2206,0.5755,0.4611,1.8945,0.3333,0.2841,0.4499,0.6087,0.2473,0.7254,2.3154,0.4416,0.4569,0.4569,0.4569,0.2743,0.8111,0.5676,0.2248,0.9686,2.8464,0.7765,7.5132,0.5019,0,0,0,0,0,0,0,0,0,0,0,0,0,0,0,0,0,0,1,1,1,3068,142,56,179,59,283,149,9,13,5,8,0,12,49,38,0,12,10.8,4.0,4.6,1.6,7.2,3.7,0.2,0.3,0.1,0.2,0.0,0.9,1.2,1.0,0.0,0.9
39,Ohio,OH,39171,Williams County,39171950600,Census Tract 9506; Williams County; Ohio,3.521012015066,4986,506,2464,228,2464,228,1335,510,134,126,505,205,560,310,262,173,1442,320,809,261,1331,411,122,95,0,48,343,730,218,141,124,94,0,16,117,96,0,12,27.0,10.0,5.7,5.1,20.5,8.1,14.8,8.2,5.3,3.4,28.9,6.7,16.2,4.2,26.7,8.0,5.0,3.8,0.0,1.0,6.9,14.6,8.9,5.7,5.0,3.8,0.0,0.6,4.7,3.8,0.0,0.2,0.6601,0.6356,0.4171,0.8139,0.4808,3.0075,0.6635,0.9477,0.1703,0.9556,0.4762,0.0,2.5498,0.5886,0.2318,0.2318,0.2318,0.6714,0.7838,0.0,0.4479,0.0,1.9031,0.3768,7.6922,0.5321,0,0,0,0,0,0,1,0,1,0,0,2,0,0,0,0,0,0,0,0,2,5519,517,173,117,105,157,104,28,32,0,12,0,12,41,46,0,12,21.0,6.9,2.3,2.1,3.1,2.2,0.6,0.6,0.0,0.7,0.0,0.7,0.8,0.9,0.0,0.7
39,Ohio,OH,39171,Williams County,39171950700,Census Tract 9507; Williams County; Ohio,3.032433138838,4124,409,1976,205,1860,194,646,281,29,28,348,125,179,105,176,103,911,140,751,174,615,210,66,51,31,65,322,566,53,46,10,16,18,33,103,80,126,4,16.1,6.8,1.3,1.2,18.7,6.4,6.0,3.4,4.4,2.6,22.1,3.3,18.2,3.5,15.3,4.6,3.5,2.7,0.8,1.6,7.8,13.7,2.7,2.3,0.5,0.8,1.0,1.8,5.5,4.1,3.1,0.3,0.3929,0.1013,0.339,0.3811,0.3758,1.5901,0.2495,0.7546,0.267,0.5646,0.3187,0.6636,2.5685,0.6025,0.272,0.272,0.272,0.4533,0.5717,0.5676,0.5098,0.8358,2.9382,0.8079,7.3688,0.48,0,0,0,0,0,0,0,0,0,0,0,0,0,0,0,0,0,0,0,0,0,7319,196,88,24,36,169,124,40,31,22,25,0,12,67,51,0,12,10.5,4.3,0.6,0.9,4.1,2.9,1.0,0.8,0.5,0.6,0.0,0.8,1.6,1.2,0.0,0.8
39,Ohio,OH,39171,Williams County,39171950800,Census Tract 9508; Williams County; Ohio,35.861517081982,3484,243,1502,149,1376,144,388,237,10,16,181,92,110,74,188,171,743,158,877,163,567,212,0,16,17,52,187,368,13,20,182,88,34,29,21,28,10,1,11.3,6.8,0.6,0.9,13.2,6.5,4.6,3.0,5.4,4.9,21.3,4.5,25.2,4.0,16.3,6.1,0.0,1.2,0.5,1.6,5.4,10.6,0.9,1.3,12.1,5.6,2.5,2.1,1.5,2.0,0.3,0.0,0.2513,0.0422,0.1298,0.2724,0.4916,1.1873,0.1448,0.7251,0.7248,0.6223,0.0,0.5796,2.6518,0.654,0.1687,0.1687,0.1687,0.3181,0.899,0.7902,0.1597,0.4924,2.6594,0.7025,6.6672,0.3733,0,0,0,0,0,0,0,0,0,0,0,0,0,0,0,0,0,0,0,0,0,1877,149,71,0,12,121,86,43,42,0,12,10,18,13,16,0,12,10.8,5.1,0.0,1.0,3.5,2.5,1.2,1.2,0.0,1.0,0.3,0.5,0.4,0.5,0.0,1.0
39,Ohio,OH,39171,Williams County,39171950900,Census Tract 9509; Williams County; Ohio,35.38064789049,2740,160,1287,117,1141,115,561,203,106,65,372,146,163,93,20,33,525,103,604,105,347,102,52,42,5,47,317,225,0,16,116,61,0,16,100,58,82,3,21.1,7.5,7.1,4.0,32.6,12.4,8.3,4.5,0.7,1.2,19.2,3.9,22.0,3.6,13.0,3.8,4.6,3.7,0.2,1.8,11.6,8.2,0.0,1.2,9.0,4.6,0.0,1.4,8.8,4.9,3.0,0.2,0.5325,0.7283,0.786,0.5365,0.0235,2.6068,0.539,0.6129,0.5171,0.4129,0.4381,0.4556,2.4366,0.5171,0.4042,0.4042,0.4042,0.0,0.8619,0.0,0.6813,0.8291,2.3723,0.58,7.8199,0.5521,0,0,0,0,0,0,0,0,0,0,0,0,0,0,0,0,0,0,0,0,0,2749,172,68,36,39,116,103,20,30,0,12,7,13,138,70,0,12,15.1,5.6,1.3,1.4,4.2,3.6,0.7,1.1,0.0,1.3,0.3,0.5,5.0,2.5,0.0,1.3
39,Ohio,OH,39173,Wood County,39173020100,Census Tract 201; Wood County; Ohio,8.491007306934,5180,17,2441,246,2318,227,849,401,22,29,238,147,250,118,225,135,804,161,1138,256,642,272,197,137,13,70,537,235,188,122,230,121,19,33,0,17,13,4,16.4,7.8,0.7,0.9,10.3,6.3,6.6,3.2,4.4,2.6,15.5,3.1,22.0,4.9,12.4,5.3,8.5,5.9,0.3,1.4,10.4,4.5,7.7,4.9,9.4,4.8,0.8,1.4,0.0,1.5,0.3,0.1,0.4046,0.0502,0.0537,0.4236,0.3758,1.3079,0.1727,0.371,0.5171,0.3802,0.7102,0.4968,2.4753,0.5425,0.3694,0.3694,0.3694,0.6406,0.8698,0.5117,0.0,0.4924,2.5145,0.6394,6.6671,0.3727,0,0,0,0,0,0,0,0,0,0,0,0,0,0,0,0,0,0,0,0,0,10834,143,83,0,17,241,151,31,138,0,17,0,17,265,152,0,17,6.2,3.6,0.0,0.7,4.7,2.9,0.6,2.7,0.0,0.7,0.0,0.7,5.1,2.9,0.0,0.7
39,Ohio,OH,39173,Wood County,39173020200,Census Tract 202; Wood County; Ohio,1.35541300151,2879,302,1281,129,1244,132,307,127,72,70,237,86,73,61,141,110,415,88,559,96,281,97,51,38,0,48,167,433,0,16,0,12,0,16,39,30,4,2,10.7,4.3,4.4,4.0,19.1,6.6,3.5,2.9,4.9,3.7,14.4,3.1,19.4,3.2,9.8,3.5,4.1,3.0,0.0,1.7,5.8,15.0,0.0,1.2,0.0,2.7,0.0,1.3,3.1,2.4,0.1,0.1,0.2307,0.5244,0.359,0.1912,0.4376,1.7429,0.2924,0.3101,0.3453,0.2056,0.3844,0.0,1.2454,0.0454,0.1855,0.1855,0.1855,0.0,0.0,0.0,0.3143,0.3694,0.6837,0.0559,3.8575,0.0435,0,0,0,0,0,0,0,0,0,0,0,0,0,0,0,0,0,0,0,0,0,3449,84,51,0,12,109,73,43,39,2,5,0,12,13,23,0,12,6.8,4.1,0.0,1.2,3.8,2.6,1.5,1.3,0.1,0.2,0.0,1.2,0.5,0.8,0.0,1.2
39,Ohio,OH,39173,Wood County,39173020300,Census Tract 203; Wood County; Ohio,3.245292329744,4874,354,2129,154,2014,152,730,295,140,129,390,171,216,112,182,181,1022,170,725,191,417,152,56,53,0,48,627,543,187,108,0,12,0,16,96,86,12,4,15.1,6.0,4.8,4.3,19.4,8.4,6.1,3.0,3.7,3.7,21.0,3.5,14.9,3.6,8.6,3.1,2.8,2.6,0.0,1.0,12.9,11.1,8.8,5.0,0.0,1.6,0.0,0.8,4.8,4.2,0.2,0.1,0.3669,0.5603,0.3708,0.3897,0.3021,1.9898,0.3632,0.7121,0.1259,0.1415,0.2403,0.0,1.2198,0.0429,0.4439,0.4439,0.4439,0.6676,0.0,0.0,0.4568,0.4356,1.56,0.2502,5.2135,0.1616,0,0,0,0,0,0,0,0,0,0,0,0,0,0,0,0,0,0,0,0,0,2479,186,104,88,110,333,189,17,25,0,12,18,34,171,105,0,12,9.2,5.3,1.8,2.3,6.8,3.8,0.3,0.5,0.0,0.7,0.4,0.7,3.5,2.2,0.0,0.7
39,Ohio,OH,39173,Wood County,39173020401,Census Tract 204.01; Wood County; Ohio,2.3808879443479998,6208,658,2906,324,2906,324,989,440,77,56,861,314,169,102,105,91,1574,221,1321,333,942,323,106,85,67,104,818,974,789,214,14,26,0,24,161,123,268,5,16.6,7.2,2.4,1.8,29.6,10.3,3.8,2.4,1.8,1.6,25.4,4.2,21.3,4.1,15.8,5.2,3.7,2.9,1.2,1.8,13.2,15.6,27.2,6.7,0.5,0.9,0.0,0.8,5.5,4.4,4.3,0.5,0.4116,0.2514,0.7146,0.2102,0.1022,1.69,0.2765,0.8811,0.4743,0.5941,0.34,0.7403,3.0298,0.833,0.4509,0.4509,0.4509,0.9022,0.5717,0.0,0.5098,0.8849,2.8686,0.7854,8.0393,0.5902,0,0,0,0,0,0,0,0,0,0,0,0,0,0,1,0,0,0,0,1,1,4693,410,154,119,89,419,220,135,159,0,17,0,17,73,52,72,120,14.1,5.5,1.9,1.4,6.7,3.7,2.2,2.6,0.0,0.6,0.0,0.6,1.2,0.8,1.2,1.9
39,Ohio,OH,39173,Wood County,39173020402,Census Tract 204.02; Wood County; Ohio,2.769599221664,6511,594,2721,235,2709,234,522,265,84,65,385,136,182,117,256,117,1268,285,1464,246,712,241,152,86,146,113,981,838,127,95,22,34,16,31,0,17,0,17,8.0,4.0,2.6,1.9,14.2,4.9,4.0,2.6,4.0,1.8,19.5,4.0,22.5,3.2,11.0,3.5,5.6,3.1,2.4,1.8,15.1,12.8,4.7,3.5,0.8,1.2,0.6,1.1,0.0,1.3,0.0,0.3,0.1488,0.2822,0.161,0.2283,0.3377,1.158,0.1375,0.636,0.5526,0.2815,0.5241,0.8646,2.8588,0.7575,0.4965,0.4965,0.4965,0.5476,0.6095,0.4632,0.0,0.0,1.6203,0.2654,6.1336,0.2794,0,0,0,0,0,0,0,0,0,0,0,0,0,0,0,0,0,0,0,0,0,5595,97,72,32,38,315,193,438,266,11,17,0,17,185,142,0,17,3.6,2.7,0.5,0.6,4.8,3.0,6.7,4.0,0.2,0.3,0.0,0.5,2.8,2.1,0.0,0.5
39,Ohio,OH,39173,Wood County,39173020500,Census Tract 205; Wood County; Ohio,0.99773003922,2250,294,1078,156,1026,154,159,84,25,27,122,69,62,57,180,104,405,120,509,103,175,74,79,51,13,50,407,393,26,28,0,12,22,29,56,49,31,7,7.1,3.6,1.9,2.0,11.9,6.5,3.8,3.5,8.0,4.5,18.0,4.5,22.6,3.7,7.8,3.3,7.7,4.8,0.6,2.3,18.1,17.3,2.4,2.6,0.0,3.2,2.1,2.8,5.5,4.7,1.4,0.3,0.1228,0.1787,0.094,0.2102,0.7166,1.3223,0.1771,0.5317,0.5609,0.1012,0.667,0.6088,2.4696,0.5397,0.5599,0.5599,0.5599,0.4352,0.0,0.7448,0.5098,0.7029,2.3927,0.5908,6.7445,0.3851,0,0,0,0,0,0,0,0,0,0,0,0,0,0,0,0,0,0,0,0,0,2131,41,38,131,129,83,84,14,17,0,12,0,12,179,139,0,12,4.0,3.6,5.8,5.5,3.7,3.6,0.6,0.8,0.0,1.5,0.0,1.5,8.0,6.2,0.0,1.5
39,Ohio,OH,39173,Wood County,39173020601,Census Tract 206.01; Wood County; Ohio,2.287140448238,4397,596,1955,225,1736,225,253,107,27,27,380,126,80,56,67,51,694,108,1403,384,461,121,104,62,0,48,730,844,71,46,49,44,25,39,125,94,0,12,5.8,2.3,1.2,1.2,21.9,6.7,2.9,2.0,1.5,1.1,15.8,2.8,31.9,5.3,10.5,2.9,6.0,3.5,0.0,1.2,16.6,19.1,3.6,2.3,2.5,2.2,1.4,2.2,7.2,5.3,0.0,0.3,0.0797,0.0898,0.4702,0.1433,0.072,0.855,0.0727,0.3865,0.9483,0.2453,0.5517,0.0,2.1318,0.3416,0.5254,0.5254,0.5254,0.5013,0.7175,0.6384,0.6111,0.0,2.4683,0.6222,5.9805,0.2559,0,0,0,0,0,0,0,1,0,0,0,1,0,0,0,0,0,0,0,0,1,3699,154,62,46,68,385,194,190,189,0,12,0,12,90,67,19,28,8.9,3.5,1.0,1.5,8.8,4.6,4.3,4.2,0.0,0.8,0.0,0.8,2.0,1.5,0.4,0.6
39,Ohio,OH,39173,Wood County,39173020602,Census Tract 206.02; Wood County; Ohio,6.062899087986,8387,699,3269,287,3112,301,266,204,377,345,331,151,11,17,33,54,894,263,2164,250,395,187,88,80,0,68,648,1034,696,195,0,17,0,24,50,50,0,17,3.2,2.4,7.9,6.4,10.6,4.7,0.2,0.3,0.4,0.6,10.7,3.1,25.8,3.5,4.7,2.2,2.8,2.6,0.0,0.8,7.7,12.3,21.3,5.7,0.0,1.1,0.0,0.8,1.6,1.6,0.0,0.2,0.0279,0.7667,0.06,0.0092,0.0114,0.8752,0.0775,0.1503,0.7562,0.0222,0.2403,0.0,1.169,0.0365,0.2666,0.2666,0.2666,0.8597,0.0,0.0,0.1724,0.0,1.0321,0.1098,3.3429,0.0225,0,0,0,0,0,0,0,0,0,0,0,0,0,0,0,0,0,0,0,0,0,10574,77,87,122,83,199,182,178,97,6,9,26,41,117,78,0,17,2.5,2.7,1.5,1.0,2.4,2.2,2.1,1.2,0.1,0.1,0.3,0.5,1.4,1.0,0.0,0.4
39,Ohio,OH,39173,Wood County,39173020701,Census Tract 207.01; Wood County; Ohio,7.93008141015,3396,395,1918,220,1812,216,524,194,121,90,300,111,139,112,138,115,424,222,472,130,384,174,30,51,0,48,636,507,400,178,0,12,0,16,110,111,77,2,15.8,5.5,5.1,3.8,16.6,5.8,5.7,4.5,4.2,3.6,12.5,6.0,13.9,3.6,11.7,4.8,1.7,2.8,0.0,1.5,18.7,14.8,20.9,9.0,0.0,1.8,0.0,0.9,6.1,5.9,2.3,0.3,0.385,0.5892,0.2546,0.357,0.3561,1.9419,0.3463,0.2166,0.0992,0.3291,0.1337,0.0,0.7786,0.0124,0.571,0.571,0.571,0.8565,0.0,0.0,0.5479,0.7815,2.1859,0.4965,5.4774,0.1867,0,0,0,0,0,0,0,0,0,0,0,0,0,0,0,0,0,0,0,0,0,13030,60,42,36,44,140,102,257,153,20,30,0,12,147,125,36,57,3.3,2.3,1.1,1.3,4.1,2.9,7.6,4.2,0.6,0.9,0.0,1.0,4.3,3.5,1.1,1.7
39,Ohio,OH,39173,Wood County,39173020702,Census Tract 207.02; Wood County; Ohio,23.935132094766,3209,471,1614,184,1335,185,1040,401,206,207,402,168,177,92,82,78,459,135,516,161,874,294,62,71,1,46,504,701,235,125,820,150,20,33,29,30,31,9,32.9,11.7,12.3,11.5,30.1,11.9,7.6,3.8,2.6,2.3,14.3,4.4,16.1,4.2,27.5,8.3,4.6,5.3,0.0,1.5,15.7,21.7,14.6,7.6,50.8,8.6,1.5,2.5,2.2,2.3,1.0,0.2,0.7537,0.8905,0.7295,0.4876,0.1812,3.0425,0.6743,0.3047,0.1658,0.9641,0.4381,0.0,1.8727,0.2102,0.5101,0.5101,0.5101,0.7737,0.9978,0.6606,0.2324,0.6595,3.324,0.9041,8.7493,0.6946,0,0,0,0,0,0,0,0,1,0,0,1,0,0,0,1,0,0,0,1,2,6741,145,81,54,76,214,156,28,47,0,12,0,12,208,172,0,12,10.9,5.7,1.7,2.4,6.7,4.9,0.9,1.5,0.0,1.1,0.0,1.1,6.5,5.4,0.0,1.1
39,Ohio,OH,39173,Wood County,39173020800,Census Tract 208; Wood County; Ohio,8.106128864172,3902,226,1801,179,1716,174,851,333,160,104,457,125,175,59,577,293,934,167,702,154,441,117,55,41,0,48,532,365,0,16,370,119,0,16,89,55,12,3,21.9,8.5,7.3,4.8,26.6,6.8,6.3,2.0,14.8,7.4,23.9,4.5,18.0,3.8,11.3,3.1,3.2,2.4,0.0,1.3,13.6,9.3,0.0,0.9,20.5,6.5,0.0,0.9,5.2,3.1,0.3,0.1,0.556,0.7387,0.6397,0.4042,0.9375,3.2761,0.7305,0.831,0.2565,0.3028,0.2841,0.0,1.6744,0.1346,0.4607,0.4607,0.4607,0.0,0.9603,0.0,0.4844,0.4924,1.9371,0.3927,7.3483,0.4765,0,0,0,0,1,1,0,0,0,0,0,0,0,0,0,1,0,0,0,1,2,5585,234,89,0,12,460,234,4,8,0,12,0,12,68,66,0,12,13.6,5.1,0.0,0.9,11.8,5.9,0.1,0.2,0.0,0.9,0.0,0.9,1.7,1.7,0.0,0.9
39,Ohio,OH,39173,Wood County,39173020901,Census Tract 209.01; Wood County; Ohio,10.904804655252,4390,468,1834,226,1741,203,838,352,83,67,363,127,241,116,233,150,751,167,894,148,526,160,118,96,47,62,435,639,52,66,0,12,70,60,99,78,0,12,19.2,7.8,3.5,2.8,20.9,6.9,8.3,3.8,5.3,3.3,17.1,3.7,20.4,2.4,12.0,3.4,6.8,5.5,1.1,1.5,9.9,14.5,2.8,3.6,0.0,1.9,4.0,3.4,5.7,4.5,0.0,0.3,0.4875,0.4156,0.4314,0.5365,0.4808,2.3518,0.4692,0.4677,0.4134,0.3523,0.6051,0.7254,2.5639,0.5997,0.3542,0.3542,0.3542,0.4622,0.0,0.8952,0.5241,0.0,1.8815,0.3686,7.1514,0.4467,0,0,0,0,0,0,0,0,0,0,0,0,0,0,0,0,0,0,0,0,0,2156,84,41,32,38,186,157,57,90,0,12,0,12,158,112,2,4,4.8,2.3,0.7,0.9,4.2,3.4,1.3,2.0,0.0,0.8,0.0,0.8,3.6,2.5,0.0,0.1
39,Ohio,OH,39173,Wood County,39173020902,Census Tract 209.02; Wood County; Ohio,15.701660999464,2898,444,1133,220,1060,220,846,512,24,31,136,81,204,128,137,149,601,251,519,112,396,168,30,32,0,48,152,648,0,16,42,40,0,16,0,12,0,12,29.2,17.1,1.4,1.9,12.8,7.2,10.6,7.4,4.7,5.3,20.7,8.0,17.9,5.5,13.7,6.7,2.9,3.0,0.0,1.7,5.2,22.3,0.0,1.4,3.7,3.7,0.0,1.5,0.0,3.2,0.0,0.4,0.6979,0.1117,0.1197,0.6671,0.4135,2.0099,0.3692,0.7013,0.2495,0.4589,0.2473,0.0,1.657,0.1289,0.1585,0.1585,0.1585,0.0,0.7533,0.0,0.0,0.0,0.7533,0.0667,4.5787,0.1016,0,0,0,0,0,0,0,0,0,0,0,0,0,0,0,0,0,0,0,0,0,1553,7,11,0,12,71,85,65,93,0,12,0,12,16,29,0,12,0.7,1.1,0.0,1.2,2.4,3.0,2.2,3.3,0.0,1.2,0.0,1.2,0.6,1.0,0.0,1.2
39,Ohio,OH,39173,Wood County,39173021000,Census Tract 210; Wood County; Ohio,29.752872629036,4114,54,1851,147,1728,133,339,211,29,24,252,139,148,78,146,80,956,233,730,113,577,135,67,52,4,46,330,180,49,29,248,107,3,12,58,53,42,4,8.3,5.2,1.3,1.1,14.6,8.0,4.8,2.6,3.6,2.0,23.2,5.7,17.7,2.7,14.2,3.3,3.9,3.0,0.1,1.2,8.0,4.4,2.6,1.6,13.4,5.7,0.2,0.7,3.4,3.1,1.0,0.1,0.1542,0.1013,0.1762,0.2888,0.2945,1.015,0.1019,0.8031,0.2419,0.4919,0.3638,0.4245,2.3252,0.4479,0.2825,0.2825,0.2825,0.446,0.9146,0.3905,0.3438,0.6595,2.7544,0.7413,6.3771,0.32,0,0,0,0,0,0,0,0,0,0,0,0,0,0,0,1,0,0,0,1,1,4269,183,76,9,23,172,100,23,40,0,12,0,12,126,111,0,12,10.6,4.4,0.2,0.6,4.2,2.4,0.6,1.0,0.0,0.8,0.0,0.8,3.1,2.7,0.0,0.8
39,Ohio,OH,39173,Wood County,39173021100,Census Tract 211; Wood County; Ohio,58.978154635764,3906,202,1749,140,1602,115,332,143,65,48,226,81,73,42,274,87,827,166,846,126,464,177,50,41,2,47,401,338,61,63,3,6,15,20,25,26,13,3,8.5,3.6,3.3,2.3,14.1,5.0,2.6,1.5,7.0,2.2,21.2,4.3,21.7,2.9,11.9,4.5,3.1,2.5,0.1,1.3,10.3,8.6,3.5,3.6,0.2,0.3,0.9,1.2,1.6,1.6,0.3,0.1,0.1622,0.386,0.1581,0.1243,0.636,1.4666,0.2159,0.7213,0.4965,0.345,0.2733,0.4245,2.2606,0.4108,0.3665,0.3665,0.3665,0.4943,0.5527,0.5384,0.1724,0.4924,2.2502,0.5257,6.3439,0.3137,0,0,0,0,0,0,0,0,0,0,0,0,0,0,0,0,0,0,0,0,0,1465,199,78,24,28,224,100,10,16,0,12,51,59,92,83,0,12,12.4,4.7,0.6,0.7,5.7,2.6,0.3,0.4,0.0,0.9,1.3,1.5,2.4,2.1,0.0,0.9
39,Ohio,OH,39173,Wood County,39173021200,Census Tract 212; Wood County; Ohio,33.41321302572,8168,496,3334,308,3232,312,600,220,211,139,610,187,162,65,136,139,1459,289,1905,293,645,158,94,62,64,87,678,700,141,79,209,136,0,24,98,64,44,15,7.4,2.7,4.7,3.1,18.9,5.5,2.9,1.2,1.7,1.7,17.9,3.3,23.3,3.0,7.9,1.9,2.9,1.9,0.8,1.1,8.3,8.6,4.2,2.3,6.3,4.0,0.0,0.7,3.0,1.9,0.5,0.2,0.1317,0.553,0.3483,0.1433,0.092,1.2683,0.1616,0.5231,0.6068,0.106,0.2473,0.6636,2.1468,0.3486,0.2933,0.2933,0.2933,0.5257,0.8127,0.0,0.3051,0.5742,2.2177,0.5095,5.9261,0.2498,0,0,0,0,0,0,0,0,0,0,0,0,0,0,0,0,0,0,0,0,0,6628,118,85,19,23,236,127,235,148,65,22,0,17,123,90,0,17,3.7,2.6,0.2,0.3,2.9,1.5,2.9,1.8,0.8,0.3,0.0,0.4,1.5,1.1,0.0,0.4
39,Ohio,OH,39173,Wood County,39173021300,Census Tract 213; Wood County; Ohio,34.391140665564,3974,520,1564,134,1516,139,422,163,87,65,249,73,59,37,190,99,601,77,1061,326,464,181,35,26,4,46,305,755,0,16,108,73,21,20,37,32,35,5,10.7,3.9,4.3,3.2,16.4,4.6,2.3,1.4,4.8,2.6,15.1,2.9,26.7,5.4,11.7,3.4,2.3,1.7,0.1,1.2,7.7,19.0,0.0,1.0,6.9,4.5,1.4,1.3,2.4,2.1,0.9,0.0,0.2307,0.5117,0.2451,0.1068,0.4243,1.5186,0.2298,0.3472,0.8022,0.3291,0.1902,0.4245,2.0932,0.3187,0.2666,0.2666,0.2666,0.0,0.8257,0.6384,0.2514,0.6458,2.3613,0.5743,6.2397,0.2975,0,0,0,0,0,0,0,0,0,0,0,0,0,0,0,0,0,0,0,0,0,3324,103,45,13,20,226,99,16,18,4,6,0,12,46,32,0,12,6.8,3.1,0.3,0.5,5.7,2.7,0.4,0.4,0.1,0.2,0.0,0.9,1.2,0.8,0.0,0.9
39,Ohio,OH,39173,Wood County,39173021400,Census Tract 214; Wood County; Ohio,51.049110681688,3416,370,1450,118,1345,124,608,183,58,39,272,90,139,48,158,86,431,57,927,171,360,78,36,23,14,45,609,484,9,20,169,64,41,27,10,10,3,2,18.0,5.0,3.4,2.2,20.2,6.4,6.1,2.0,4.6,2.4,12.6,1.9,27.1,2.9,10.5,2.4,2.6,1.7,0.4,1.4,17.8,14.0,0.6,1.4,11.7,4.3,3.0,2.0,0.7,0.7,0.1,0.1,0.4545,0.3975,0.4029,0.3897,0.3996,2.0442,0.3806,0.2229,0.8205,0.2453,0.2187,0.5412,2.0486,0.2956,0.5539,0.5539,0.5539,0.2886,0.8959,0.8429,0.0762,0.3694,2.473,0.6257,7.1197,0.4419,0,0,0,0,0,0,0,0,0,0,0,0,0,0,0,0,0,0,0,0,0,1051,206,69,12,13,461,155,1,2,2,3,24,45,106,82,3,5,15.3,5.2,0.4,0.4,13.5,4.2,0.0,0.1,0.1,0.1,0.7,1.3,3.1,2.3,0.1,0.1
39,Ohio,OH,39173,Wood County,39173021500,Census Tract 215; Wood County; Ohio,51.063368656344,2206,281,988,108,870,121,430,199,81,44,182,70,119,56,96,84,323,60,515,125,257,64,76,78,2,46,80,397,0,16,131,88,0,16,32,34,33,5,19.5,8.7,6.5,3.4,20.9,7.5,7.7,3.5,4.4,3.8,14.6,2.8,23.3,4.1,11.7,2.6,8.8,8.9,0.1,2.2,3.6,18.0,0.0,1.6,13.3,8.1,0.0,1.8,3.7,3.8,1.5,0.1,0.4948,0.6917,0.4314,0.4933,0.3758,2.487,0.5057,0.3212,0.6068,0.3291,0.7254,0.4245,2.407,0.5029,0.0885,0.0885,0.0885,0.0,0.9137,0.0,0.3727,0.7146,2.001,0.4162,6.9835,0.4197,0,0,0,0,0,0,0,0,0,0,0,0,0,0,0,1,0,0,0,1,1,637,67,40,5,13,72,59,0,12,1,3,0,12,2,5,0,12,7.7,4.6,0.2,0.6,3.3,2.6,0.0,1.6,0.0,0.1,0.0,1.6,0.1,0.2,0.0,1.6
39,Ohio,OH,39173,Wood County,39173021601,Census Tract 216.01; Wood County; Ohio,5.145979811264,4870,439,1782,150,1782,150,387,189,138,118,194,111,67,59,172,133,915,128,1374,285,403,143,18,25,7,48,622,646,13,23,0,12,0,16,10,19,134,5,8.1,3.9,6.0,4.8,10.9,6.2,2.1,1.8,3.6,2.8,18.8,3.1,28.2,4.0,8.5,3.1,1.0,1.4,0.2,1.1,12.8,13.2,0.7,1.3,0.0,1.9,0.0,0.9,0.6,1.0,2.8,0.3,0.1495,0.6559,0.0657,0.0938,0.2945,1.2594,0.1597,0.5888,0.8608,0.1371,0.0759,0.4556,2.1182,0.3343,0.4401,0.4401,0.4401,0.2994,0.0,0.0,0.0616,0.8161,1.1771,0.1406,4.9948,0.141,0,0,0,0,0,0,0,0,0,0,0,0,0,0,0,0,0,0,0,0,0,3392,40,39,26,47,467,231,15,22,0,12,0,12,114,94,0,12,2.2,2.2,0.5,1.0,9.6,4.7,0.3,0.5,0.0,0.7,0.0,0.7,2.3,1.9,0.0,0.7
39,Ohio,OH,39173,Wood County,39173021602,Census Tract 216.02; Wood County; Ohio,6.989889063174,2519,535,1166,157,1124,167,844,460,283,224,385,162,139,92,182,142,434,135,540,214,298,124,232,137,87,85,865,613,120,85,50,38,0,16,82,77,60,5,34.3,17.1,18.3,11.8,34.3,13.5,9.5,6.2,7.4,5.9,17.2,6.5,21.4,6.3,12.1,5.8,20.7,11.8,3.7,3.5,34.3,23.2,10.3,7.2,4.3,3.2,0.0,1.4,7.3,6.7,2.4,0.5,0.7737,0.9651,0.8127,0.6068,0.6744,3.8327,0.8527,0.4765,0.4803,0.3586,0.96,0.922,3.1974,0.8851,0.74,0.74,0.74,0.6978,0.7695,0.0,0.6159,0.7885,2.8717,0.7867,10.6418,0.9054,0,1,0,0,0,1,0,0,0,1,1,2,0,0,0,0,0,0,0,0,3,4696,181,105,201,220,109,74,74,116,0,12,0,12,481,424,0,12,16.1,9.1,8.0,8.4,4.3,3.1,2.9,4.6,0.0,1.4,0.0,1.4,19.1,14.7,0.0,1.4
39,Ohio,OH,39173,Wood County,39173021701,Census Tract 217.01; Wood County; Ohio,0.486005120296,3887,549,2039,243,1910,245,2213,391,136,101,1076,262,57,65,335,231,150,33,283,108,352,153,31,40,0,48,664,715,608,172,0,12,0,16,186,94,8,3,58.2,6.4,5.0,3.5,56.3,11.7,5.3,5.5,8.6,5.4,3.9,1.0,7.3,2.7,9.1,3.7,1.6,2.1,0.0,1.3,17.1,18.2,29.9,7.6,0.0,1.7,0.0,0.8,9.7,5.0,0.2,0.1,0.9527,0.58,0.9879,0.3253,0.7521,3.598,0.801,0.0193,0.0269,0.1644,0.1238,0.0,0.3344,0.0019,0.5387,0.5387,0.5387,0.9187,0.0,0.0,0.7102,0.4356,2.0645,0.4425,6.5356,0.3476,1,0,1,0,0,2,0,0,0,0,0,0,0,0,1,0,0,0,0,1,3,3147,55,52,283,175,173,102,0,12,28,27,0,12,171,146,9,16,2.9,2.7,7.3,4.1,4.5,2.5,0.0,0.9,0.7,0.7,0.0,0.9,4.4,3.6,0.2,0.4
39,Ohio,OH,39173,Wood County,39173021702,Census Tract 217.02; Wood County; Ohio,0.608711424712,4702,518,2643,277,2643,277,1739,358,145,110,901,221,152,105,336,205,283,88,579,255,436,175,191,159,12,49,844,796,594,177,0,12,0,16,224,128,15,3,37.0,6.4,4.4,3.4,34.1,7.6,6.4,4.4,7.1,4.3,6.0,2.1,12.3,4.8,9.3,3.8,7.2,6.0,0.3,1.1,17.9,16.8,22.5,6.3,0.0,1.3,0.0,0.6,8.5,4.8,0.3,0.1,0.7997,0.5244,0.8089,0.4112,0.6452,3.1894,0.7111,0.0358,0.0659,0.1755,0.6337,0.4968,1.4077,0.0692,0.5558,0.5558,0.5558,0.8714,0.0,0.0,0.6679,0.4924,2.0317,0.4311,7.1846,0.4498,0,0,0,0,0,0,0,0,0,0,0,0,0,0,0,0,0,0,0,0,0,6329,377,157,192,139,375,197,107,126,17,22,0,12,153,104,0,12,14.3,5.9,4.1,3.0,8.0,4.3,2.3,2.7,0.4,0.5,0.0,0.7,3.3,2.3,0.0,0.7
39,Ohio,OH,39173,Wood County,39173021800,Census Tract 218; Wood County; Ohio,1.037608198188,4666,241,224,120,183,113,268,157,303,168,148,105,19,16,150,132,4,6,10,15,836,162,4,13,47,56,1067,431,135,59,0,12,0,16,5,7,4361,169,83.2,25.0,14.4,6.8,80.9,28.2,22.9,18.9,3.2,2.7,0.1,0.1,0.2,0.3,17.9,3.3,2.2,7.0,1.0,1.2,22.9,9.2,60.3,41.7,0.0,14.4,0.0,8.7,2.7,4.4,93.5,6.0,0.9971,0.9251,0.999,0.9391,0.2491,4.1094,0.9117,0.0019,0.0038,0.708,0.1762,0.707,1.5969,0.1127,0.6265,0.6265,0.6265,0.9838,0.0,0.0,0.2752,0.9962,2.2552,0.5289,8.588,0.674,1,1,1,1,0,4,0,0,0,0,0,0,0,0,1,0,0,0,1,2,6,13712,34,36,568,209,183,99,128,80,0,12,8,14,174,95,6,12,18.6,18.8,12.2,4.5,3.9,2.1,2.7,1.7,0.0,0.7,0.2,0.3,3.7,1.9,0.1,0.3
39,Ohio,OH,39173,Wood County,39173021901,Census Tract 219.01; Wood County; Ohio,3.84178439836,3151,451,1623,216,1475,221,441,233,52,38,480,210,32,38,132,64,755,115,473,88,354,101,24,25,0,48,264,637,53,41,119,49,0,16,0,12,7,5,14.0,7.1,2.8,2.0,32.5,13.4,1.4,1.6,4.2,2.0,24.0,4.5,15.0,3.0,11.2,3.4,1.6,1.7,0.0,1.6,8.4,20.2,3.3,2.5,7.3,3.1,0.0,1.1,0.0,2.3,0.2,0.2,0.3335,0.3133,0.7832,0.0536,0.3561,1.8397,0.3175,0.8329,0.1294,0.2964,0.1238,0.0,1.3825,0.0635,0.2977,0.2977,0.2977,0.4844,0.834,0.0,0.0,0.4356,1.754,0.3187,5.2739,0.166,0,0,0,0,0,0,0,0,0,0,0,0,0,0,0,0,0,0,0,0,0,3511,111,55,35,51,51,62,87,92,16,20,0,12,75,51,0,12,7.5,3.7,1.1,1.6,1.6,1.9,2.8,2.9,0.5,0.6,0.0,1.1,2.4,1.6,0.0,1.1
39,Ohio,OH,39173,Wood County,39173021902,Census Tract 219.02; Wood County; Ohio,2.319280737024,5409,736,2650,254,2541,254,3453,668,81,67,1222,318,188,140,78,66,374,68,464,240,881,361,139,101,0,68,825,1016,1305,383,0,17,56,89,335,174,83,4,64.5,8.8,2.2,1.9,48.1,11.6,9.3,6.6,1.5,1.3,6.9,1.5,8.6,4.2,16.5,6.0,5.5,3.9,0.0,1.3,15.3,18.7,49.3,13.7,0.0,1.3,2.2,3.5,13.2,7.1,1.5,0.2,0.9746,0.2238,0.9606,0.5951,0.072,2.8261,0.6089,0.0457,0.0346,0.6334,0.5171,0.0,1.2308,0.0435,0.5013,0.5013,0.5013,0.9714,0.0,0.7575,0.8035,0.7146,3.247,0.8883,7.8052,0.5508,1,0,1,0,0,2,0,0,0,0,0,0,0,0,1,0,0,0,0,1,3,4697,379,161,198,175,496,229,0,17,9,11,0,17,122,101,0,17,14.9,6.6,3.7,3.1,9.2,4.3,0.0,0.6,0.2,0.2,0.0,0.6,2.3,1.9,0.0,0.6
39,Ohio,OH,39173,Wood County,39173022100,Census Tract 221; Wood County; Ohio,36.388308087048,4179,24,1659,147,1559,148,709,177,99,62,220,55,165,64,200,86,586,102,1206,159,549,117,80,48,29,56,396,153,32,29,84,42,70,57,42,23,0,12,17.1,4.3,4.8,3.0,14.1,3.3,6.6,2.4,4.8,2.1,14.0,2.4,28.9,3.8,13.1,2.8,5.1,3.0,0.7,1.4,9.5,3.7,2.0,1.7,5.1,2.4,4.5,3.6,2.7,1.4,0.0,0.3,0.4268,0.5603,0.1581,0.4236,0.4243,1.9931,0.3641,0.2885,0.884,0.4199,0.4841,0.6367,2.7132,0.6889,0.337,0.337,0.337,0.4051,0.7851,0.9213,0.2752,0.0,2.3867,0.5867,7.43,0.493,0,0,0,0,0,0,0,0,0,0,0,0,0,0,0,0,1,0,0,1,1,1586,196,69,14,11,264,142,34,35,10,19,0,12,74,48,0,12,12.6,4.0,0.3,0.3,6.3,3.4,0.8,0.8,0.2,0.5,0.0,0.8,1.8,1.1,0.0,0.8
39,Ohio,OH,39173,Wood County,39173022200,Census Tract 222; Wood County; Ohio,35.996070154064,2283,365,1336,189,1152,203,598,224,96,77,221,85,90,76,212,152,628,177,424,110,503,187,30,36,61,69,536,590,262,143,146,77,0,16,107,72,0,12,26.2,8.9,8.7,6.3,19.2,6.6,6.0,4.6,9.3,6.0,27.5,6.4,18.6,3.4,22.0,7.5,2.6,3.1,2.8,3.2,23.5,25.6,19.6,10.3,10.9,5.7,0.0,1.4,9.3,6.2,0.0,0.5,0.6455,0.8032,0.3641,0.3811,0.7871,2.981,0.6546,0.9271,0.2892,0.8696,0.2187,0.8884,3.193,0.8838,0.6351,0.6351,0.6351,0.8397,0.8851,0.0,0.6968,0.0,2.4216,0.6029,9.2307,0.7552,0,0,0,0,0,0,1,0,0,0,0,1,0,0,0,0,0,0,0,0,1,2191,147,78,17,20,131,98,224,199,1,3,7,15,156,96,0,12,12.8,6.8,0.7,0.9,5.7,4.1,9.8,9.1,0.0,0.1,0.3,0.6,6.8,4.7,0.0,1.5
39,Ohio,OH,39173,Wood County,39173022300,Census Tract 223; Wood County; Ohio,101.959240473558,3638,221,1411,98,1333,93,747,252,91,46,266,82,236,68,187,87,547,89,979,168,492,89,35,20,7,46,500,339,1,12,91,35,22,18,52,28,10,2,20.7,6.9,4.9,2.3,20.0,6.0,9.8,2.8,5.1,2.4,15.0,2.6,26.9,3.7,13.5,2.5,2.7,1.5,0.2,1.4,13.7,9.3,0.1,0.9,6.4,2.5,1.7,1.3,3.9,2.1,0.3,0.1,0.5236,0.5711,0.3937,0.6252,0.4611,2.5747,0.5317,0.3431,0.8107,0.4478,0.2298,0.4556,2.287,0.4279,0.4642,0.4642,0.4642,0.2556,0.8159,0.6917,0.3892,0.4924,2.6448,0.6965,7.9707,0.581,0,0,0,0,0,0,0,0,0,0,0,0,0,0,0,0,0,0,0,0,0,1788,162,63,13,17,347,151,8,7,0,12,31,36,101,55,0,12,12.2,4.6,0.4,0.5,9.5,4.1,0.2,0.2,0.0,1.0,0.9,1.0,2.8,1.5,0.0,1.0
39,Ohio,OH,39173,Wood County,39173022400,Census Tract 224; Wood County; Ohio,6.064846972576,3793,141,1659,200,1544,191,898,317,59,36,345,114,283,88,141,95,741,221,982,222,747,235,90,70,0,48,305,268,100,77,203,116,51,67,87,56,64,4,24.7,8.7,3.8,2.2,22.3,6.8,11.7,3.7,3.8,2.6,19.5,5.8,25.9,5.5,20.0,6.3,5.8,4.5,0.0,1.3,8.0,7.1,6.0,4.6,12.2,6.6,3.3,4.3,5.6,3.6,1.7,0.1,0.6169,0.4524,0.4813,0.7093,0.3113,2.5712,0.5308,0.636,0.7625,0.8074,0.54,0.0,2.7459,0.7057,0.2825,0.2825,0.2825,0.5879,0.9006,0.8651,0.5175,0.7381,3.6092,0.9559,9.2088,0.7527,0,0,0,0,0,0,0,0,0,0,0,0,0,0,0,1,0,0,0,1,1,3135,382,222,135,140,159,116,0,12,0,12,0,12,11,19,0,12,24.7,12.2,3.6,3.7,4.2,3.1,0.0,0.9,0.0,0.9,0.0,0.9,0.3,0.5,0.0,0.9
39,Ohio,OH,39173,Wood County,39173022500,Census Tract 225; Wood County; Ohio,63.50828669905,4202,610,1711,181,1503,182,1194,502,144,79,290,101,162,60,247,162,608,108,955,312,314,93,82,55,8,48,813,788,146,82,440,175,35,42,70,55,328,19,30.8,12.0,6.6,3.4,19.3,6.3,6.5,2.4,6.3,3.9,14.5,3.1,22.7,5.1,8.1,2.7,5.4,3.6,0.2,1.2,19.3,18.5,8.6,4.7,25.7,8.9,2.4,2.8,4.7,3.7,7.8,1.2,0.7239,0.6965,0.367,0.4157,0.5763,2.7794,0.5971,0.3155,0.5669,0.1162,0.5108,0.4556,1.965,0.2556,0.5796,0.5796,0.5796,0.6641,0.9775,0.7787,0.4479,0.9436,3.8118,0.9787,9.1358,0.7425,0,0,0,0,0,0,0,0,0,0,0,0,0,0,0,1,0,0,1,2,2,9242,317,97,140,94,561,269,0,12,1,2,0,12,106,65,5,7,21.1,6.3,3.3,2.2,13.4,5.6,0.0,0.8,0.0,0.1,0.0,0.8,2.5,1.6,0.1,0.2
39,Ohio,OH,39175,Wyandot County,39175938000,Census Tract 9380; Wyandot County; Ohio,119.77000449753,3901,362,1781,143,1575,144,480,162,26,25,222,97,190,67,37,22,995,157,727,140,397,125,77,47,0,48,185,524,3,13,166,86,0,16,6,7,79,3,12.6,4.1,1.3,1.2,14.1,6.0,6.6,2.2,1.0,0.6,25.5,3.7,18.6,2.9,10.4,3.2,4.9,3.0,0.0,1.3,4.7,13.4,0.2,0.7,9.3,4.6,0.0,1.0,0.4,0.4,2.0,0.2,0.2897,0.1013,0.1581,0.4236,0.0394,1.0121,0.101,0.8843,0.2892,0.2396,0.4644,0.0,1.8775,0.2111,0.1395,0.1395,0.1395,0.261,0.8683,0.0,0.0476,0.7584,1.9353,0.3914,4.9644,0.1365,0,0,0,0,0,0,0,0,0,0,0,0,0,0,0,0,0,0,0,0,0,3223,226,90,0,12,106,82,0,12,0,12,0,12,79,53,0,12,14.3,5.6,0.0,0.9,2.7,2.1,0.0,0.9,0.0,0.9,0.0,0.9,2.0,1.4,0.0,0.9
39,Ohio,OH,39175,Wyandot County,39175938100,Census Tract 9381; Wyandot County; Ohio,27.157869117874,4453,242,1970,183,1761,165,713,220,96,44,315,116,210,94,217,103,673,122,1048,154,487,145,166,79,24,54,243,358,12,24,116,64,30,31,52,48,8,2,16.0,4.9,4.1,1.9,17.9,6.4,7.0,3.0,4.9,2.3,15.1,2.7,23.5,3.2,10.9,3.1,9.4,4.4,0.6,1.3,5.5,8.0,0.6,1.2,5.9,3.2,1.7,1.8,3.0,2.8,0.2,0.0,0.391,0.4867,0.3073,0.4486,0.4376,2.0712,0.3889,0.3472,0.6224,0.2752,0.754,0.6088,2.6076,0.6251,0.1737,0.1737,0.1737,0.2886,0.8051,0.6917,0.3051,0.4356,2.5261,0.646,7.3786,0.4844,0,0,0,0,0,0,0,0,0,0,0,0,0,0,0,0,0,0,0,0,0,4727,231,76,4,8,37,51,122,102,0,12,0,12,60,62,20,31,13.1,4.0,0.1,0.2,0.8,1.2,2.7,2.3,0.0,0.8,0.0,0.8,1.3,1.4,0.4,0.7
39,Ohio,OH,39175,Wyandot County,39175938200,Census Tract 9382; Wyandot County; Ohio,149.483663835242,3531,334,1432,102,1294,122,467,172,49,44,218,83,111,62,97,74,586,136,827,190,420,95,15,14,0,48,138,471,0,16,86,67,1,12,19,19,6,3,13.3,4.7,2.6,2.3,16.8,6.2,4.5,2.5,2.7,2.1,16.6,4.2,23.4,4.3,11.9,3.0,1.2,1.1,0.0,1.4,3.9,13.3,0.0,1.1,6.0,4.6,0.1,0.9,1.5,1.5,0.2,0.1,0.3142,0.2822,0.2635,0.267,0.1888,1.3157,0.1762,0.4379,0.6138,0.345,0.0937,0.0,1.4904,0.0892,0.1008,0.1008,0.1008,0.0,0.807,0.3819,0.1597,0.4356,1.7842,0.3298,4.6911,0.1117,0,0,0,0,0,0,0,0,0,0,0,0,0,0,0,0,0,0,0,0,0,982,262,88,21,32,53,59,0,12,2,4,0,12,62,32,0,12,20.2,6.6,0.6,0.9,1.5,1.7,0.0,1.0,0.1,0.1,0.0,1.0,1.8,0.9,0.0,1.0
39,Ohio,OH,39175,Wyandot County,39175938300,Census Tract 9383; Wyandot County; Ohio,6.75919427648,3478,340,1718,150,1619,155,586,287,20,35,227,99,58,41,64,42,812,152,830,245,650,166,150,89,0,48,121,501,72,57,116,91,0,16,173,93,7,3,16.9,8.1,1.3,2.3,14.0,6.0,2.4,1.7,1.8,1.2,23.3,5.1,23.9,5.6,18.7,5.1,9.2,5.4,0.0,1.5,3.5,14.4,4.2,3.3,6.8,5.1,0.0,1.0,10.7,5.7,0.2,0.1,0.4199,0.1013,0.154,0.1135,0.1022,0.8909,0.0797,0.806,0.6516,0.7477,0.7448,0.0,2.9501,0.8003,0.0847,0.0847,0.0847,0.5257,0.8232,0.0,0.7438,0.4356,2.5283,0.6467,6.454,0.3343,0,0,0,0,0,0,0,0,0,0,0,0,0,0,0,0,0,0,0,0,0,5543,245,109,0,12,69,82,0,12,0,12,0,12,52,43,0,12,15.1,6.5,0.0,1.0,2.0,2.4,0.0,1.0,0.0,1.0,0.0,1.0,1.5,1.3,0.0,1.0
39,Ohio,OH,39175,Wyandot County,39175938400,Census Tract 9384; Wyandot County; Ohio,13.260389018928,3175,332,1400,155,1299,143,385,248,90,74,145,84,183,69,236,118,397,93,758,159,358,134,120,89,49,72,446,499,124,73,54,39,24,30,127,84,178,13,12.8,8.2,4.6,3.5,11.2,6.3,8.7,3.3,7.9,3.8,12.5,3.1,23.9,3.8,11.9,4.5,9.2,6.8,1.7,2.4,14.0,15.6,8.8,5.1,3.9,2.7,1.8,2.3,9.8,6.3,5.6,0.7,0.297,0.5451,0.074,0.5574,0.709,2.1825,0.421,0.2166,0.6516,0.345,0.7448,0.8094,2.7674,0.7178,0.4699,0.4699,0.4699,0.6676,0.7594,0.7079,0.7133,0.9188,3.767,0.9733,9.1868,0.7489,0,0,0,0,0,0,0,0,0,0,0,0,0,0,0,0,0,0,1,1,1,4065,131,69,9,21,368,176,24,37,0,12,0,12,45,45,0,12,10.1,5.2,0.3,0.7,11.6,5.6,0.8,1.2,0.0,1.1,0.0,1.1,1.4,1.4,0.0,1.1
39,Ohio,OH,39175,Wyandot County,39175938500,Census Tract 9385; Wyandot County; Ohio,90.447894286834,3280,355,1550,152,1434,163,613,241,33,33,279,108,171,59,116,72,874,159,646,135,663,166,27,23,12,49,102,489,147,99,44,26,16,20,38,31,9,1,18.8,7.1,2.0,2.0,19.5,7.2,6.9,2.2,3.5,2.1,26.6,4.4,19.7,3.1,20.3,4.4,1.8,1.6,0.4,1.6,3.1,14.9,9.5,6.3,2.8,1.7,1.1,1.4,2.6,2.1,0.3,0.0,0.4776,0.194,0.3749,0.4423,0.2856,1.7744,0.3025,0.9128,0.3653,0.8156,0.1419,0.5412,2.7768,0.7216,0.0685,0.0685,0.0685,0.6816,0.7263,0.587,0.267,0.4924,2.7543,0.741,7.374,0.4822,0,0,0,0,0,0,1,0,0,0,0,1,0,0,0,0,0,0,0,0,1,801,327,105,0,12,57,52,0,12,0,12,0,12,45,53,0,12,22.8,6.6,0.0,1.1,1.7,1.6,0.0,1.1,0.0,1.1,0.0,1.1,1.4,1.6,0.0,1.1
